3 0.3015625 0.503125 0.059375 0.0984375
9 0.88515625 0.509375 0.09609375 0.16171875
3 0.246875 0.5359375 0.0609375 0.10234375
9 0.7890625 0.55859375 0.121875 0.14765625
3 0.4375 0.70546875 0.05546875 0.10625
3 0.3828125 0.765625 0.04609375 0.0765625
3 0.47421875 0.79140625 0.05 0.10234375
3 0.41640625 0.82109375 0.0578125 0.1078125
3 0.4609375 0.921875 0.05078125 0.09453125
9 0.78203125 0.1328125 0.10234375 0.14296875
9 0.8734375 0.18203125 0.03984375 0.09140625
9 0.70703125 0.253125 0.096875 0.20234375
9 0.9078125 0.34921875 0.04296875 0.1484375
9 0.73671875 0.4390625 0.07890625 0.16875
3 0.24375 0.4390625 0.065625 0.1203125
