6 0.6265625 0.465625 0.109375 0.04375
11 0.403125 0.578125 0.13125 0.0671875
8 0.775 0.575 0.0796875 0.0625
9 0.65703125 0.590625 0.215625 0.1046875
15 0.828125 0.60859375 0.1265625 0.065625
11 0.5484375 0.83125 0.1109375 0.065625
13 0.796875 0.82265625 0.1046875 0.1265625
4 0.4234375 0.85546875 0.1703125 0.103125
1 0.58671875 0.87421875 0.196875 0.1015625
14 0.7765625 0.9203125 0.1609375 0.0828125
10 0.31953125 0.16640625 0.190625 0.184375
13 0.76875 0.16328125 0.1078125 0.128125
16 0.8140625 0.17109375 0.0765625 0.1171875
5 0.64375 0.20234375 0.265625 0.0921875
3 0.46640625 0.2171875 0.159375 0.0609375
12 0.5109375 0.41484375 0.1421875 0.1390625
12 0.64453125 0.4171875 0.15625 0.1078125
0 0.39375 0.45 0.1640625 0.0609375
15 0.42109375 0.45859375 0.1453125 0.06875
6 0.74453125 0.4484375 0.1328125 0.078125
