13 0.7421875 0.5625 0.1125 0.1328125
9 0.45625 0.5875 0.1375 0.08125
12 0.3359375 0.590625 0.1328125 0.1140625
3 0.60859375 0.60859375 0.1703125 0.096875
14 0.39609375 0.890625 0.2078125 0.1015625
10 0.55078125 0.890625 0.28125 0.1484375
6 0.7671875 0.89375 0.2140625 0.1171875
13 0.58515625 0.18203125 0.1171875 0.121875
11 0.36640625 0.2078125 0.178125 0.084375
17 0.74609375 0.2015625 0.2125 0.096875
8 0.396875 0.45078125 0.075 0.0625
5 0.51640625 0.45234375 0.225 0.0734375
4 0.73203125 0.44921875 0.1640625 0.0640625
