11 0.465625 0.4703125 0.1328125 0.0421875
6 0.61796875 0.4734375 0.1125 0.0328125
12 0.44296875 0.54609375 0.14375 0.1
8 0.7640625 0.58984375 0.0875 0.0640625
17 0.44453125 0.609375 0.290625 0.103125
14 0.7140625 0.61953125 0.2375 0.053125
4 0.4046875 0.84375 0.15 0.065625
5 0.5484375 0.85390625 0.134375 0.071875
13 0.67265625 0.86484375 0.1078125 0.1375
1 0.775 0.92109375 0.1984375 0.125
14 0.53515625 0.93125 0.11875 0.078125
10 0.346875 0.153125 0.184375 0.184375
13 0.77890625 0.18125 0.096875 0.140625
16 0.83359375 0.18828125 0.0625 0.125
3 0.4921875 0.2125 0.1859375 0.065625
11 0.565625 0.43359375 0.1140625 0.071875
0 0.40546875 0.4421875 0.16875 0.065625
6 0.74453125 0.459375 0.140625 0.065625
15 0.3390625 0.46328125 0.096875 0.05625
