6 0.628125 0.47109375 0.109375 0.03125
12 0.446875 0.5515625 0.1421875 0.1
8 0.7609375 0.5875 0.09375 0.065625
17 0.440625 0.603125 0.284375 0.103125
11 0.696875 0.61640625 0.14375 0.046875
13 0.653125 0.84375 0.1 0.13125
4 0.40390625 0.84453125 0.1359375 0.078125
1 0.775 0.91640625 0.196875 0.121875
5 0.3765625 0.9203125 0.1953125 0.121875
14 0.54921875 0.925 0.140625 0.078125
10 0.3515625 0.15546875 0.1890625 0.1875
13 0.53125 0.17734375 0.11875 0.140625
15 0.80546875 0.22265625 0.0921875 0.046875
16 0.33359375 0.43515625 0.05625 0.11875
11 0.56953125 0.4359375 0.115625 0.071875
0 0.4375 0.45390625 0.15625 0.071875
6 0.7453125 0.4625 0.128125 0.071875
