6 0.62734375 0.46796875 0.109375 0.0421875
11 0.4015625 0.57578125 0.1296875 0.065625
8 0.77421875 0.5796875 0.078125 0.0609375
9 0.65546875 0.59296875 0.2140625 0.1
15 0.82578125 0.61484375 0.125 0.0640625
11 0.54296875 0.83203125 0.109375 0.0625
13 0.79140625 0.82734375 0.103125 0.125
4 0.4171875 0.85390625 0.16875 0.1
1 0.58046875 0.87578125 0.1953125 0.0984375
14 0.76875 0.925 0.159375 0.0796875
10 0.32578125 0.1640625 0.1875 0.18125
13 0.77421875 0.16796875 0.10625 0.1265625
16 0.81953125 0.1765625 0.075 0.115625
5 0.64921875 0.2046875 0.265625 0.0875
3 0.47109375 0.21640625 0.1578125 0.0578125
12 0.5125 0.41484375 0.1390625 0.1359375
12 0.64609375 0.41953125 0.1546875 0.1046875
0 0.3953125 0.4484375 0.1625 0.059375
15 0.421875 0.45703125 0.14375 0.065625
6 0.7453125 0.45234375 0.1328125 0.075
