6 0.6234375 0.47734375 0.109375 0.0390625
12 0.44609375 0.54765625 0.14375 0.115625
8 0.7609375 0.6046875 0.0796875 0.065625
17 0.43359375 0.60390625 0.2875 0.109375
11 0.690625 0.6203125 0.1453125 0.0515625
13 0.6421875 0.8453125 0.10625 0.13125
4 0.3875 0.840625 0.1609375 0.0671875
1 0.75078125 0.928125 0.184375 0.1421875
5 0.35859375 0.92109375 0.19375 0.11875
14 0.53203125 0.92890625 0.1375 0.075
10 0.36484375 0.1515625 0.19375 0.190625
13 0.79140625 0.19296875 0.09375 0.1265625
16 0.84375 0.20078125 0.071875 0.109375
3 0.503125 0.21484375 0.1671875 0.06875
11 0.5703125 0.44140625 0.1171875 0.08125
0 0.40703125 0.4421875 0.18125 0.0671875
6 0.75078125 0.4671875 0.1421875 0.0703125
15 0.33984375 0.45703125 0.0953125 0.0625
