11 0.471875 0.46796875 0.1375 0.0546875
6 0.61796875 0.46875 0.1078125 0.0390625
12 0.44140625 0.55078125 0.1453125 0.1109375
8 0.771875 0.57734375 0.0828125 0.071875
17 0.45 0.60859375 0.28125 0.1171875
14 0.71328125 0.6140625 0.2421875 0.0625
4 0.41953125 0.85390625 0.15 0.0875
5 0.5609375 0.8515625 0.1453125 0.08125
13 0.684375 0.85703125 0.11875 0.14375
1 0.78359375 0.90859375 0.2140625 0.128125
14 0.528125 0.93203125 0.1359375 0.0859375
10 0.3390625 0.1609375 0.1859375 0.1875
13 0.7671875 0.1671875 0.0984375 0.1296875
16 0.81796875 0.17890625 0.0671875 0.1125
3 0.47734375 0.215625 0.1703125 0.0671875
11 0.5671875 0.43671875 0.1328125 0.075
0 0.4046875 0.44296875 0.16875 0.0703125
6 0.74140625 0.45078125 0.1390625 0.0734375
15 0.3359375 0.46953125 0.0953125 0.0578125
