11 0.4671875 0.46875 0.134375 0.0484375
6 0.61953125 0.4796875 0.1140625 0.0390625
12 0.440625 0.54296875 0.1484375 0.1078125
8 0.759375 0.60390625 0.0921875 0.06875
17 0.4390625 0.60625 0.296875 0.1171875
14 0.7078125 0.63046875 0.240625 0.0640625
4 0.38671875 0.83828125 0.153125 0.0734375
5 0.5296875 0.85625 0.1375 0.0796875
13 0.653125 0.8734375 0.115625 0.14375
1 0.753125 0.9328125 0.20625 0.13125
14 0.5125 0.9328125 0.121875 0.084375
10 0.365625 0.1453125 0.19375 0.1953125
13 0.7953125 0.19609375 0.1046875 0.1453125
16 0.84921875 0.20625 0.0703125 0.1296875
3 0.50703125 0.2125 0.1890625 0.075
11 0.56875 0.4375 0.1171875 0.0765625
0 0.40859375 0.4375 0.171875 0.075
6 0.74609375 0.471875 0.14375 0.071875
15 0.34140625 0.4546875 0.1 0.0609375
