13 0.7375 0.57578125 0.1140625 0.134375
9 0.44609375 0.5890625 0.1515625 0.0984375
12 0.33828125 0.58515625 0.11875 0.1375
3 0.6015625 0.61171875 0.16875 0.1
14 0.36640625 0.88359375 0.1890625 0.103125
10 0.53046875 0.89375 0.271875 0.15
6 0.7375 0.90546875 0.21875 0.1171875
13 0.59921875 0.1859375 0.1171875 0.1234375
17 0.75 0.20625 0.221875 0.0890625
11 0.37734375 0.20234375 0.1640625 0.0890625
8 0.39765625 0.44375 0.075 0.0640625
4 0.7375 0.45859375 0.15625 0.06875
5 0.51875 0.45078125 0.2109375 0.0734375
