6 0.628125 0.47265625 0.1078125 0.0375
11 0.39921875 0.57265625 0.128125 0.0609375
8 0.77109375 0.5890625 0.0765625 0.059375
9 0.65234375 0.5984375 0.2125 0.09375
15 0.821875 0.62578125 0.1234375 0.059375
11 0.53125 0.83359375 0.1078125 0.059375
13 0.7796875 0.8375 0.1 0.121875
4 0.4046875 0.85078125 0.165625 0.09375
1 0.5671875 0.878125 0.1921875 0.090625
14 0.75390625 0.934375 0.15625 0.075
10 0.3375 0.1578125 0.18125 0.175
13 0.7859375 0.178125 0.1015625 0.1234375
16 0.83046875 0.18828125 0.071875 0.1125
5 0.659375 0.21015625 0.2625 0.078125
3 0.48125 0.215625 0.15625 0.053125
12 0.515625 0.415625 0.134375 0.13125
12 0.6484375 0.425 0.1515625 0.1
0 0.396875 0.44453125 0.1609375 0.053125
15 0.4234375 0.4546875 0.1421875 0.0609375
6 0.746875 0.4609375 0.1296875 0.071875
