4 0.93359375 0.584375 0.0703125 0.175
0 0.03515625 0.0390625 0.0703125 0.0359375
1 0.253125 0.0328125 0.04375 0.0421875
14 0.040625 0.2375 0.08125 0.05625
11 0.0734375 0.384375 0.0828125 0.109375
6 0.8640625 0.27890625 0.0921875 0.0625
15 0.66015625 0.765625 0.0703125 0.0609375
17 0.071875 0.79375 0.065625 0.0578125
17 0.596875 0.890625 0.040625 0.053125
8 0.36328125 0.24609375 0.06875 0.025
16 0.03515625 0.14140625 0.0609375 0.05625
7 0.27421875 0.47734375 0.0734375 0.0421875
12 0.7328125 0.33046875 0.05 0.05625
15 0.6484375 0.4625 0.0890625 0.0484375
15 0.34609375 0.81328125 0.059375 0.0375
14 0.81015625 0.0375 0.0578125 0.06875
16 0.43984375 0.1703125 0.084375 0.0640625
9 0.25 0.33984375 0.0359375 0.021875
2 0.95078125 0.2171875 0.04375 0.04375
4 0.78828125 0.375 0.03125 0.0546875
4 0.86328125 0.21875 0.05625 0.028125
10 0.121875 0.853125 0.0703125 0.040625
11 0.7890625 0.78203125 0.06875 0.0390625
13 0.46796875 0.83671875 0.053125 0.034375
5 0.334375 0.88828125 0.0359375 0.046875
3 0.3109375 0.63515625 0.0296875 0.0234375
