2 0.1703125 0.48984375 0.1109375 0.15703125
2 0.21484375 0.7109375 0.1046875 0.159375
2 0.33046875 0.77890625 0.1125 0.15703125
2 0.77734375 0.725 0.1171875 0.16328125
2 0.728125 0.109375 0.09140625 0.14296875
2 0.82421875 0.06015625 0.0984375 0.1203125
2 0.9375 0.08671875 0.1125 0.13203125
2 0.49296875 0.4 0.09921875 0.14921875
2 0.38125 0.2875 0.10625 0.1265625
2 0.5046875 0.26796875 0.10078125 0.12734375
2 0.30625 0.4125 0.103125 0.14140625
2 0.184375 0.1640625 0.0859375 0.109375
2 0.20234375 0.0625 0.071875 0.096875
2 0.71484375 0.43515625 0.11953125 0.1625
2 0.596875 0.3734375 0.09375 0.14609375
2 0.38671875 0.56796875 0.09453125 0.12734375
2 0.41484375 0.871875 0.0875 0.159375
2 0.51015625 0.8265625 0.0921875 0.13203125
2 0.80703125 0.94453125 0.1296875 0.10625
2 0.865625 0.84296875 0.1140625 0.1375
2 0.78671875 0.58203125 0.11171875 0.11953125
2 0.90625 0.32109375 0.10625 0.1421875
2 0.8609375 0.18828125 0.11015625 0.10625
2 0.78046875 0.27734375 0.10078125 0.1125
2 0.6140625 0.26484375 0.0859375 0.1
2 0.5015625 0.65234375 0.084375 0.13359375
2 0.58984375 0.696875 0.11171875 0.13984375
2 0.115625 0.6859375 0.1015625 0.15234375
2 0.06484375 0.46953125 0.0953125 0.1375
2 0.08046875 0.35390625 0.090625 0.09609375
2 0.4875 0.55078125 0.08046875 0.09609375
2 0.5671875 0.49921875 0.0890625 0.10390625
2 0.57578125 0.94140625 0.1125 0.11640625
