16 0.2951388890625 0 0.302579365625 0.050471229687499994 0.3045634921875 0.05592757968749999 0.3085317453125 0.080233134375 0.3101851859375 0.1005704359375 0.3141534390625 0.1218998015625 0.32142857187499996 0.1781994046875 0.322420634375 0.1809275796875 0.32423941875 0.1820436515625 0.32919973593749996 0.1835317453125 0.3516865078125 0.18402777812499999 0.3556547625 0.18303571406250002 0.36028439218749997 0.184771825 0.371197090625 0.18576388906250002 0.4138558203125 0.1862599203125 0.4449404765625 0.1852678578125 0.44923941875000006 0.18700396875 0.46015211562499997 0.18849206406250002 0.46511243437500005 0.18650793593749998 0.47602513281250003 0.1860119046875 0.4796626984375 0.18700396875 0.496858465625 0.18675595312499998 0.5064484125 0.1887400796875 0.51306216875 0.18849206406250002 0.5173611109375 0.18675595312499998 0.5246362437500001 0.18725198437499999 0.5388558203125 0.18501984062500001 0.5646494703125 0.18427579375 0.5699404765625 0.1822916671875 0.590773809375 0.184771825 0.6202050265625 0.1837797625 0.634424603125 0.1855158734375 0.6645171953125 0.18501984062500001 0.6676587296875 0.18315972187500001 0.672288359375 0.15711805625 0.674603175 0.1308283734375 0.6828703703125 0.079737103125 0.6855158734375 0.0546875 0.6871693125 0.05071924531250001 0.69378306875 0.008556546875 0.6939484125 0 0.2951388890625 0
16 0.6764219578125 0.1855158734375 0.690972221875 0.1860119046875 0.7022156078124999 0.184771825 0.7114748671875 0.17534722187500001 0.7164351859375 0.17261904687500002 0.721726190625 0.171875 0.752480159375 0.1706349203125 0.7696759265625001 0.17113095312499998 0.778604496875 0.17013888906250002 0.8053902109375001 0.17088293593749998 0.810019840625 0.1698908734375 0.8212632281250001 0.1703869046875 0.8265542328125 0.1696428578125 0.8318452375 0.1703869046875 0.8414351859375 0.1681547625 0.8458994703125 0.1640625 0.847222221875 0.161334325 0.8525132281250001 0.1588541671875 0.853174603125 0.15687003906250002 0.8578042328125 0.1531498015625 0.859457671875 0.14521329375 0.8640873015625001 0.1434771828125 0.88128306875 0.1161954359375 0.889880953125 0.10701884843750001 0.8974867718749999 0.0951140875 0.9080687828125 0.08494543593750001 0.912367725 0.0787450390625 0.91832010625 0.0750248015625 0.9199735453125 0.071056546875 0.927579365625 0.0611359125 0.9292328046874999 0.054935515625 0.9398148140625 0.0380704359375 0.946759259375 0.0316220234375 0.9513888890625 0.02393353125 0.9553571421875 0.020957340625 0.958664021875 0.015252976562500001 0.96858465625 0.0040922625 0.9695767203125 0.0001240078125 0.702546296875 0 0.7007275125 0.0040922625 0.6957671953125 0.038318453125 0.691137565625 0.054935515625 0.6861772484374999 0.0809771828125 0.677579365625 0.13628472187500001 0.6759259265625001 0.15538194375 0.671626984375 0.17993551562500001 0.6732804234375 0.18415178593749998 0.6764219578125 0.1855158734375
16 0.0084325390625 0 0.0105820109375 0.004836309375 0.0168650796875 0.008060515625 0.018518518749999997 0.012028770312500001 0.0228174609375 0.0157490078125 0.0234788359375 0.0197172625 0.0262896828125 0.0208333328125 0.029100529687499998 0.023685515625 0.03108465625 0.029637896875000003 0.035052909375 0.032366071875 0.041335978125 0.0435267859375 0.047288359375 0.0469990078125 0.0509259265625 0.05989583281250001 0.060185185937499996 0.070560515625 0.0615079359375 0.0747767859375 0.0648148140625 0.07725694375 0.07043650781250001 0.0874255953125 0.078373015625 0.095362103125 0.08167989375 0.10106646875 0.0892857140625 0.1067708328125 0.09953703750000001 0.119915675 0.1008597890625 0.123883928125 0.1048280421875 0.127108134375 0.115410053125 0.1444692453125 0.1207010578125 0.14893353125 0.12466931249999999 0.161086309375 0.13210978906249998 0.168898809375 0.15029761875 0.1703869046875 0.26173941875 0.17013888906250002 0.26917989375 0.172991071875 0.2731481484375 0.18067956406250002 0.277612434375 0.1822916671875 0.303406084375 0.1832837296875 0.308697090625 0.1820436515625 0.3139880953125 0.1822916671875 0.3171296296875 0.18043154687500002 0.3177910046875 0.16852678593749998 0.3138227515625 0.1499255953125 0.309523809375 0.117931546875 0.29728835937500003 0.057663690625 0.2926587296875 0.026909721874999997 0.2865410046875 0 0.0084325390625 0
16 0.0292658734375 0.3144841265625 0.036871693750000004 0.3204365078125 0.041335978125 0.3222966265625 0.043320106250000004 0.3257688484375 0.047619046875 0.32899305624999997 0.049933862499999995 0.333209325 0.057539682812500006 0.3406498015625 0.061838625 0.3493303578125 0.0701058203125 0.357266865625 0.07638888906249999 0.36669146874999997 0.089947090625 0.3788442453125 0.09920634843750001 0.3845486109375 0.10648148125000001 0.3967013890625 0.11970899531250001 0.411582340625 0.121693121875 0.4153025796875 0.141203703125 0.432167659375 0.15178571406250002 0.44456845312500004 0.1554232796875 0.44729662656249997 0.1570767203125 0.452008928125 0.1671626984375 0.46180555625 0.1770833328125 0.4637896828125 0.18535052968750002 0.4623015875 0.19923941875 0.46279761875 0.20386904687500002 0.462053571875 0.2197420640625 0.4637896828125 0.22470238125000003 0.462549603125 0.2485119046875 0.46304563437499996 0.26669973593749996 0.46527777812500004 0.27149470937500003 0.46688988125 0.2733134921875 0.47073412656249997 0.30042989375 0.47247023749999995 0.3067129625 0.47222222187499996 0.3105158734375 0.47085813437499996 0.3072089953125 0.4530009921875 0.303240740625 0.44208829375 0.29728835937500003 0.4155505953125 0.29332010625 0.4033978171875 0.29232804218749997 0.39397321406249997 0.2876984125 0.382564484375 0.2870370375 0.37686011875 0.2824074078125 0.3632192453125 0.2800925921875 0.349082340625 0.26653439218749997 0.3059275796875 0.2668650796875 0.302207340625 0.26372354531250003 0.2986111109375 0.2577711640625 0.297619046875 0.22867063437500001 0.29737103125000003 0.21213624375 0.2988591265625 0.20023148124999998 0.2988591265625 0.16385582031249998 0.296626984375 0.13376322812500002 0.29637896874999997 0.0987103171875 0.29786706406249996 0.0428240734375 0.2956349203125 0.016038359375 0.2914186515625 0.0054563484374999995 0.2827380953125 0.00049603125 0.283978175 0 0.3024553578125 0.0009920640625 0.30369543593750004 0.0206679890625 0.310019840625 0.0292658734375 0.3144841265625
16 0.31150793593750004 0.4621775796875 0.313161375 0.4686259921875 0.315310846875 0.471230159375 0.31927910000000004 0.47247023749999995 0.3450727515625 0.47197420625 0.36226851875 0.4734623015625 0.3926917984375 0.47321428593750003 0.40261243437500005 0.474950396875 0.4165013234375 0.4751984125 0.4389880953125 0.47743055625 0.44460978906250004 0.47867063437499996 0.44990079375 0.481398809375 0.46445105781249996 0.481894840625 0.48230820156250004 0.48115079375 0.5011574078125001 0.4789186515625 0.5289351859375 0.47867063437499996 0.5332341265625 0.4766865078125 0.5401785718750001 0.478174603125 0.565972221875 0.477678571875 0.5706018515625 0.47718253906249997 0.5734126984375 0.4755704359375 0.5763888890625 0.45374503906249997 0.5803571421875 0.3892609125 0.584325396875 0.3624751984375 0.587632275 0.3121279765625 0.587632275 0.3059275796875 0.5858134921875 0.3040674609375 0.565972221875 0.30133928593750003 0.5044642859375 0.30133928593750003 0.48098545000000004 0.3005952375 0.46643518593750005 0.2991071421875 0.42377645468749997 0.2988591265625 0.40955687812499997 0.30009920625 0.3943452375 0.30009920625 0.371858465625 0.2986111109375 0.32853835937500003 0.2983630953125 0.315310846875 0.299851190625 0.28786375625 0.299851190625 0.283730159375 0.301959325 0.2827380953125 0.30419146874999997 0.284391534375 0.333457340625 0.2893518515625 0.3594990078125 0.2986111109375 0.3967013890625 0.31150793593750004 0.4621775796875
16 0.5954034390625 0.475446428125 0.5985449734375 0.474082340625 0.6006944437499999 0.4704861109375 0.6083002640624999 0.46800595312500004 0.646329365625 0.46676587343750003 0.6582341265625 0.46502976250000005 0.67476851875 0.46453372968749995 0.6866732796874999 0.459821428125 0.690641534375 0.45634920625 0.6985780421875 0.45386904687499996 0.7010582015625 0.44903273749999995 0.703869046875 0.45238095312500004 0.7111441796875 0.45262896875 0.715608465625 0.4465525796875 0.7144510578125 0.4451884921875 0.7101521156249999 0.44444444375 0.708994709375 0.44332837343750003 0.7111441796875 0.4422123015625 0.7164351859375 0.4429563484375 0.7195767203125001 0.44084821406249997 0.7228835984375 0.43563988125 0.7304894187500001 0.4284474203125 0.7321428578125 0.4249751984375 0.740410053125 0.41728670625 0.746362434375 0.40835813437499996 0.7509920640625001 0.4038938484375 0.7552910046875 0.395957340625 0.7615740734374999 0.3892609125 0.762896825 0.3845486109375 0.76818783125 0.3815724203125 0.78108465625 0.3656994046875 0.7827380953125 0.360987103125 0.7870370375 0.35825892812500004 0.7896825390625 0.354042659375 0.79332010625 0.35106646874999997 0.7953042328125 0.3461061515625 0.7986111109375 0.3433779765625 0.8078703703125001 0.3294890875 0.8244047625 0.3148561515625 0.833994709375 0.3098958328125 0.83167989375 0.3029513890625 0.8291997359375 0.3020833328125 0.821924603125 0.3020833328125 0.8113425921875 0.3033234125 0.7676917984375 0.303075396875 0.7518187828125 0.3015873015625 0.705853175 0.3033234125 0.622189153125 0.3018353171875 0.6049933859375 0.30357142812500004 0.6001984125 0.310887896875 0.5929232796874999 0.332961309375 0.5892857140625 0.348586309375 0.5853174609375 0.3763640875 0.5846560843749999 0.3967013890625 0.5803571421875 0.42125496093750003 0.5790343921875001 0.43836805625 0.5770502640624999 0.4748263890625 0.5805224875 0.4766865078125 0.5887896828125 0.4766865078125 0.5954034390625 0.475446428125
16 0.146825396875 0.5685763890625 0.1699735453125 0.586681546875 0.184523809375 0.600818453125 0.1984126984375 0.6122271828125 0.2022156078125 0.6138392859375 0.20800264531249998 0.6184275796875001 0.2123015875 0.623387896875 0.2197420640625 0.627480159375 0.22503306875 0.627480159375 0.22767857187499999 0.6289682546875001 0.23495370312500002 0.6302083328125 0.24024470937500003 0.6289682546875001 0.246197090625 0.6289682546875001 0.25677910000000004 0.6304563484375 0.2607473546875 0.6287202375 0.265376984375 0.6287202375 0.27529761875 0.6302083328125 0.29249338593749996 0.6304563484375 0.2981150796875 0.6314484125 0.302579365625 0.635292659375 0.3047288359375 0.6396329359374999 0.318617725 0.6423611109375 0.32457010625 0.6423611109375 0.3260582015625 0.6412450390625 0.3267195765625 0.639012896875 0.3230820109375 0.6226438484375 0.3128306875 0.588913690625 0.31150793593750004 0.5804811515625 0.308862434375 0.576512896875 0.3075396828125 0.566840278125 0.303240740625 0.5527033734375 0.29794973593749996 0.5462549609375 0.296957671875 0.5412946421875 0.2944775125 0.5396825390625 0.26173941875 0.536954365625 0.2458664015625 0.5367063484375 0.222387565625 0.5381944437499999 0.19990079375 0.5381944437499999 0.1688161375 0.5364583328125 0.14401455000000002 0.5381944437499999 0.121858465625 0.5364583328125 0.11590608437500001 0.53720238125 0.11871693125 0.545262896875 0.1382275125 0.5589037703125 0.1448412703125 0.5651041671875 0.146825396875 0.5685763890625
16 0.3321759265625 0.643601190625 0.3516865078125 0.6470734125 0.4049272484375 0.6515376984375 0.46544312187500003 0.650545634375 0.516369046875 0.6473214281249999 0.5335648140625 0.6478174609375 0.5363756609375 0.6467013890625 0.5383597890625 0.6375248015625 0.5419973546875 0.551959325 0.541335978125 0.5437748015625 0.5395171953125 0.540674603125 0.5140542328125 0.54092261875 0.4892526453125 0.5394345234375 0.4813161375 0.5404265875 0.4770171953125 0.5394345234375 0.42509920625 0.5384424609375 0.365575396875 0.5394345234375 0.340112434375 0.53720238125 0.3196097890625 0.5367063484375 0.31299603125000003 0.537450396875 0.30919312187500003 0.5405505953125 0.308862434375 0.5457589281249999 0.3128306875 0.5688244046875 0.3293650796875 0.639012896875 0.3321759265625 0.643601190625
16 0.5669642859375 0.6383928578125 0.5735780421875 0.6364087296875 0.5914351859375 0.6364087296875 0.6053240734374999 0.63467261875 0.61226851875 0.634920634375 0.6303984703125 0.6356102484374999 0.6381028375 0.6362900453125 0.6506219265625 0.633581828125 0.654752859375 0.6266108796875 0.659060846875 0.6216517859375 0.6749338625 0.607266865625 0.7007275125 0.5807291671875 0.7096560843749999 0.5740327375 0.7228835984375 0.5586557546875001 0.7301587296875 0.5529513890625 0.735119046875 0.545262896875 0.7276785718750001 0.5446428578125 0.7167658734375 0.5416666671875 0.7084986765625 0.541170634375 0.6784060843749999 0.5419146828125 0.6294642859375 0.5396825390625 0.6112764546875 0.5401785718750001 0.606646825 0.5421626984375 0.5672949734375 0.5394345234375 0.5543981484375 0.5394345234375 0.5512566140625 0.541542659375 0.546296296875 0.554439484375 0.54431216875 0.567336309375 0.54332010625 0.5961061515625 0.5416666671875 0.607266865625 0.5403439156250001 0.6419890875 0.5421626984375 0.6473214281249999 0.5583664015625 0.6458333328125 0.5669642859375 0.6383928578125
16 1 0.54873511875 0.9988425921875 0.54737103125 0.9952050265624999 0.547123015625 0.9760251328124999 0.547123015625 0.9571759265625 0.549355159375 0.9422949734375001 0.549355159375 0.916170634375 0.546626984375 0.8890542328125 0.546626984375 0.8791335984374999 0.5453869046875 0.875 0.5430307546875001 0.8733465609375 0.53955853125 0.86937830625 0.5373263890625 0.8683862437500001 0.5323660718750001 0.8607804234374999 0.529637896875 0.8637566140624999 0.5279017859375 0.8647486765625001 0.5244295640625001 0.8630952375 0.519965278125 0.8583002640625 0.5195932546875001 0.85615079375 0.5179811515625 0.859457671875 0.5132688484375 0.859457671875 0.5100446421875 0.85615079375 0.5058283734375 0.8554894187500001 0.501612103125 0.8511904765624999 0.4973958328125 0.849867725 0.49417162656249997 0.8452380953124999 0.4904513890625 0.84391534375 0.48623511875 0.8420965609375 0.48487103125 0.8389550265624999 0.48648313437499996 0.8389550265624999 0.489707340625 0.8366402109375001 0.49417162656249997 0.8349867718749999 0.5060763890625 0.8326719578124999 0.5097966265625 0.8326719578124999 0.5145089281249999 0.8356481484374999 0.5224454359374999 0.8366402109375001 0.529637896875 0.840112434375 0.528769840625 0.84391534375 0.529637896875 0.8416005296875 0.5375744046875 0.847222221875 0.5469990078125 0.8525132281250001 0.5492311515625 0.8521825390625001 0.5529513890625 0.8574735453125 0.5598958328125 0.878472221875 0.5637400796875001 0.8946759265625 0.5644841265625 0.9115410046875001 0.5726686515625 0.9169973546874999 0.5789930562500001 0.9203042328125 0.6238839281249999 0.927910053125 0.664310515625 0.9307209000000001 0.66592261875 0.9432870375 0.6669146828125 0.9991732796875 0.6666666671875 1 0.663814484375 1 0.6521577375 1 0.576016865625 1 0.572792659375 1 0.570064484375 1 0.54873511875
