97 0.49584540937500005 0.6599999999999999 0.500289853125 0.6555555562500001 0.500289853125 0.6288888890625 0.49584540937500005 0.62 0.4714009640625 0.6 0.4447342984375 0.5866666671874999 0.400289853125 0.5866666671874999 0.360289853125 0.6044444437500001 0.3314009640625 0.642222221875 0.31806763125000004 0.6733333328125 0.31806763125000004 0.69555555625 0.33806763125 0.7288888890624999 0.3647342984375 0.7466666671875 0.37806763125 0.7466666671875 0.382512075 0.7511111109375 0.41140096406250004 0.7488888890625 0.4447342984375 0.737777778125 0.47362318593749997 0.7133333328125 0.49584540937500005 0.6733333328125 0.49584540937500005 0.6599999999999999
97 0.32 0.7 0.29111111093750003 0.6799999999999999 0.27777777812500004 0.6799999999999999 0.2733333328125 0.67555555625 0.242222221875 0.67555555625 0.23777777812499998 0.6799999999999999 0.2288888890625 0.6799999999999999 0.20888888906249997 0.69555555625 0.2 0.7133333328125 0.2 0.7666666671875 0.22000000000000003 0.8 0.242222221875 0.8088888890625 0.26888888906249997 0.8266666671875 0.29333333281249996 0.82444444375 0.31555555625 0.8111111109375001 0.337777778125 0.7711111109375001 0.337777778125 0.7311111109375 0.32 0.7
97 0.73555555625 0.27555555625 0.7133333328125 0.2666666671875 0.6911111109375 0.2666666671875 0.6599999999999999 0.28444444375 0.64444444375 0.3 0.63555555625 0.3133333328125 0.63555555625 0.322222221875 0.622222221875 0.33555555625 0.617777778125 0.34444444375 0.617777778125 0.357777778125 0.622222221875 0.36222222187500003 0.617777778125 0.36666666718749996 0.617777778125 0.397777778125 0.6333333328124999 0.41777777812499994 0.6777777781250001 0.44888888906249996 0.7244444437500001 0.44666666718750003 0.75555555625 0.42000000000000004 0.76444444375 0.397777778125 0.75555555625 0.3 0.73555555625 0.27555555625
97 0.5866666671874999 0.2733333328125 0.577777778125 0.242222221875 0.5688888890625 0.2288888890625 0.54 0.2 0.50444444375 0.18222222187499998 0.49555555625 0.18222222187499998 0.4911111109375 0.177777778125 0.4511111109375 0.177777778125 0.442222221875 0.18222222187499998 0.43555555625000003 0.1888888890625 0.4311111109375 0.21111111093749999 0.42222222187499997 0.22444444375 0.4266666671875 0.25555555625 0.44000000000000006 0.27777777812500004 0.44000000000000006 0.2866666671875 0.4688888890625 0.3111111109375 0.48666666718749996 0.32 0.49555555625 0.32 0.5 0.32444444375 0.542222221875 0.322222221875 0.5533333328125 0.32 0.577777778125 0.3 0.577777778125 0.2866666671875 0.5866666671874999 0.2733333328125
97 0.6666666671875 0.4733333328125 0.6533333328125 0.44666666718750003 0.6533333328125 0.43777777812499996 0.62 0.40888888906250004 0.602222221875 0.4 0.5666666671875 0.4 0.5488888890625 0.40888888906250004 0.5333333328125 0.42444444375 0.5333333328125 0.43333333281249997 0.5377777781249999 0.43777777812499996 0.5377777781249999 0.46444444375 0.5333333328125 0.4688888890625 0.5333333328125 0.477777778125 0.5599999999999999 0.5 0.56444444375 0.5088888890625001 0.56444444375 0.5311111109375 0.57555555625 0.542222221875 0.5933333328125 0.5511111109375 0.61555555625 0.5511111109375 0.62 0.5555555562500001 0.63555555625 0.5533333328125 0.657777778125 0.5355555562500001 0.6666666671875 0.5177777781249999 0.662222221875 0.5088888890625001 0.6666666671875 0.4733333328125
97 0.67555555625 0.637777778125 0.6711111109375001 0.6333333328124999 0.6666666671875 0.597777778125 0.657777778125 0.58 0.6333333328124999 0.5599999999999999 0.6244444437500001 0.5599999999999999 0.62 0.5555555562500001 0.597777778125 0.5555555562500001 0.58 0.56444444375 0.56444444375 0.58 0.5466666671875 0.6111111109375 0.5466666671875 0.6733333328125 0.57555555625 0.72 0.58444444375 0.7244444437500001 0.6311111109375 0.722222221875 0.6466666671875 0.71555555625 0.6666666671875 0.6911111109375 0.67555555625 0.6688888890625 0.67555555625 0.637777778125
97 0.8977777781249999 0.6066666671875 0.8977777781249999 0.557777778125 0.8888888890625 0.54 0.86 0.51555555625 0.82 0.51555555625 0.7977777781250001 0.52444444375 0.7688888890625 0.557777778125 0.7688888890625 0.5666666671875 0.76444444375 0.5711111109375 0.76444444375 0.597777778125 0.76 0.602222221875 0.76444444375 0.6244444437500001 0.7733333328125 0.642222221875 0.78444444375 0.6533333328125 0.8111111109375001 0.6666666671875 0.8400000000000001 0.66444444375 0.8511111109374999 0.662222221875 0.877777778125 0.64 0.882222221875 0.64 0.8977777781249999 0.6066666671875
97 0.862222221875 0.8422222218750001 0.837777778125 0.8177777781250001 0.82 0.8088888890625 0.7888888890625 0.8088888890625 0.7533333328125 0.8222222218749999 0.71555555625 0.8511111109374999 0.6888888890625 0.882222221875 0.67555555625 0.9088888890625 0.67555555625 0.9311111109375 0.6711111109375001 0.93555555625 0.67555555625 0.9400000000000001 0.67555555625 0.9666666671874999 0.69555555625 1 0.8133333328125 0.9977777781249999 0.8488888890625 0.9577777781249999 0.8711111109375 0.9133333328125 0.8711111109375 0.8644444437500001 0.862222221875 0.8422222218750001
97 0.737777778125 0.82444444375 0.737777778125 0.802222221875 0.7133333328125 0.76444444375 0.7 0.76444444375 0.69555555625 0.76 0.6511111109375001 0.76 0.642222221875 0.7688888890625 0.6333333328124999 0.7688888890625 0.6244444437500001 0.777777778125 0.597777778125 0.7866666671875 0.5733333328125 0.82444444375 0.5688888890625 0.837777778125 0.5688888890625 0.8733333328124999 0.6066666671875 0.9111111109375001 0.64444444375 0.9088888890625 0.6555555562500001 0.9066666671875 0.6688888890625 0.8888888890625 0.6777777781250001 0.8888888890625 0.737777778125 0.82444444375
97 0.8666666671875 0.74 0.8577777781249999 0.722222221875 0.837777778125 0.7022222218749999 0.82 0.6933333328125 0.8111111109375001 0.6933333328125 0.8066666671875 0.6888888890625 0.78 0.6888888890625 0.7755555562499999 0.6933333328125 0.757777778125 0.6977777781250001 0.737777778125 0.722222221875 0.737777778125 0.762222221875 0.7466666671875 0.78 0.7666666671875 0.8 0.7755555562499999 0.8044444437499999 0.8222222218749999 0.802222221875 0.8466666671875 0.7866666671875 0.85555555625 0.7866666671875 0.8666666671875 0.7711111109375001 0.8666666671875 0.74
97 0.5688888890625 0.8422222218750001 0.577777778125 0.8066666671875 0.5866666671874999 0.7977777781250001 0.5911111109375 0.78 0.577777778125 0.757777778125 0.5533333328125 0.737777778125 0.54444444375 0.737777778125 0.54 0.7333333328125 0.50444444375 0.737777778125 0.5 0.742222221875 0.477777778125 0.7466666671875 0.462222221875 0.7666666671875 0.462222221875 0.7755555562499999 0.4533333328125 0.7933333328125001 0.4533333328125 0.8333333328125001 0.457777778125 0.837777778125 0.457777778125 0.8511111109374999 0.477777778125 0.8711111109375 0.482222221875 0.8666666671875 0.4911111109375 0.8711111109375 0.4933333328125 0.8688888890625 0.5088888890625001 0.8666666671875 0.5133333328125 0.862222221875 0.5533333328125 0.862222221875 0.5688888890625 0.8422222218750001
97 0.5711111109375 0.8800000000000001 0.5488888890625 0.8666666671875 0.522222221875 0.862222221875 0.5177777781249999 0.8666666671875 0.5 0.8711111109375 0.48444444375 0.8866666671875001 0.4711111109375 0.9133333328125 0.47555555624999996 0.9666666671874999 0.48444444375 0.98444444375 0.5 1 0.6044444437500001 0.9977777781249999 0.6133333328125 0.9800000000000001 0.6133333328125 0.9400000000000001 0.6 0.9088888890625 0.5711111109375 0.8800000000000001
97 0.44888888906249996 0.8288888890624999 0.4533333328125 0.82444444375 0.44888888906249996 0.7977777781250001 0.44000000000000006 0.78 0.42000000000000004 0.76444444375 0.3888888890625 0.76444444375 0.38444444375 0.7688888890625 0.36666666718749996 0.7733333328125 0.35111111093749997 0.7888888890625 0.337777778125 0.81555555625 0.337777778125 0.8511111109374999 0.342222221875 0.85555555625 0.342222221875 0.8688888890625 0.3466666671875 0.877777778125 0.3711111109375 0.8977777781249999 0.4 0.89555555625 0.44000000000000006 0.8644444437500001 0.44000000000000006 0.85555555625 0.44888888906249996 0.8422222218750001 0.44888888906249996 0.8288888890624999
97 0.2152657015625 0.8111111109375001 0.20193236875 0.78444444375 0.20193236875 0.7755555562499999 0.1730434796875 0.7511111109375 0.137487925 0.7511111109375 0.097487925 0.777777778125 0.07082125781250001 0.7866666671875 0.0508212578125 0.8111111109375001 0.0463768140625 0.82444444375 0.0463768140625 0.8466666671875 0.084154590625 0.902222221875 0.097487925 0.9066666671875 0.144154590625 0.9044444437499999 0.1730434796875 0.8933333328125 0.1885990359375 0.877777778125 0.2152657015625 0.837777778125 0.2152657015625 0.8111111109375001
97 0.342222221875 0.6288888890625 0.342222221875 0.602222221875 0.3333333328125 0.58444444375 0.3133333328125 0.5688888890625 0.29555555624999996 0.5599999999999999 0.2866666671875 0.5599999999999999 0.282222221875 0.5555555562500001 0.2511111109375 0.5555555562500001 0.22444444375 0.5688888890625 0.2133333328125 0.58 0.20888888906249997 0.5888888890625 0.20888888906249997 0.602222221875 0.20444444375 0.6066666671875 0.20444444375 0.637777778125 0.20888888906249997 0.642222221875 0.2133333328125 0.6599999999999999 0.2288888890625 0.67555555625 0.2866666671875 0.67555555625 0.29111111093750003 0.6799999999999999 0.3066666671875 0.6777777781250001 0.32444444375 0.66444444375 0.32444444375 0.6555555562500001 0.3333333328125 0.637777778125 0.342222221875 0.6288888890625
97 0.3866666671875 0.5088888890625001 0.382222221875 0.50444444375 0.382222221875 0.4911111109375 0.37333333281250003 0.4733333328125 0.37333333281250003 0.45999999999999996 0.36444444374999996 0.4511111109375 0.3533333328125 0.4266666671875 0.34444444375 0.4266666671875 0.33999999999999997 0.42222222187499997 0.30444444375 0.42222222187499997 0.29555555624999996 0.4266666671875 0.2711111109375 0.4511111109375 0.2666666671875 0.45999999999999996 0.2666666671875 0.522222221875 0.2866666671875 0.5555555562500001 0.322222221875 0.5733333328125 0.342222221875 0.5711111109375 0.3533333328125 0.5688888890625 0.377777778125 0.5533333328125 0.3866666671875 0.5355555562500001 0.3866666671875 0.5088888890625001
97 0.16444444375 0.5177777781249999 0.16 0.5133333328125 0.16444444375 0.5088888890625001 0.16444444375 0.482222221875 0.14444444375 0.457777778125 0.1266666671875 0.44888888906249996 0.0866666671875 0.44888888906249996 0.082222221875 0.4533333328125 0.0733333328125 0.4533333328125 0.057777778125 0.4688888890625 0.057777778125 0.4733333328125 0.04444444375 0.4911111109375 0.04444444375 0.5177777781249999 0.0488888890625 0.522222221875 0.0488888890625 0.5311111109375 0.0533333328125 0.54 0.0733333328125 0.5599999999999999 0.09111111093749999 0.56444444375 0.09555555624999999 0.5688888890625 0.12 0.5666666671875 0.13555555625 0.5511111109375 0.16 0.54 0.16 0.522222221875 0.16444444375 0.5177777781249999
97 0.6533333328125 0.18 0.6466666671875 0.177777778125 0.6333333328124999 0.16 0.602222221875 0.142222221875 0.5488888890625 0.142222221875 0.5333333328125 0.162222221875 0.5288888890625 0.1888888890625 0.5733333328125 0.23333333281250002 0.5822222218750001 0.24666666718750002 0.5866666671874999 0.26444444375 0.5933333328125 0.2711111109375 0.61555555625 0.2711111109375 0.642222221875 0.2888888890625 0.6488888890625 0.2866666671875 0.6599999999999999 0.28444444375 0.6799999999999999 0.26444444375 0.6799999999999999 0.2288888890625 0.6533333328125 0.18
97 0.7733333328125 0.1888888890625 0.7733333328125 0.18 0.777777778125 0.17555555625000002 0.777777778125 0.162222221875 0.7733333328125 0.157777778125 0.7688888890625 0.13999999999999999 0.7488888890625 0.12444444375 0.722222221875 0.12 0.717777778125 0.11555555625 0.70444444375 0.11555555625 0.7 0.12 0.682222221875 0.12444444375 0.657777778125 0.1488888890625 0.6488888890625 0.1666666671875 0.6488888890625 0.17555555625000002 0.662222221875 0.1888888890625 0.6711111109375001 0.21111111093749999 0.6911111109375 0.23555555625000002 0.7244444437500001 0.23333333281250002 0.74 0.222222221875 0.7488888890625 0.222222221875 0.76444444375 0.2066666671875 0.7733333328125 0.1888888890625
97 0.8177777781250001 0.0866666671875 0.8222222218749999 0.0733333328125 0.8311111109375 0.06444444375 0.8311111109375 0.0466666671875 0.8266666671875 0.042222221875 0.8266666671875 0.0333333328125 0.7933333328125001 0.013333332812500001 0.7488888890625 0.013333332812500001 0.74444444375 0.017777778124999997 0.73555555625 0.017777778124999997 0.71555555625 0.0333333328125 0.7111111109375 0.0511111109375 0.7066666671874999 0.055555556250000006 0.7066666671874999 0.1 0.717777778125 0.1111111109375 0.7266666671875 0.1111111109375 0.7311111109375 0.11555555625 0.74444444375 0.11555555625 0.7488888890625 0.12 0.7688888890625 0.11777777812500001 0.78 0.11555555625 0.78444444375 0.1111111109375 0.7933333328125001 0.1111111109375 0.8177777781250001 0.0866666671875
97 0.9047342984375 0.1533333328125 0.9136231859375 0.13555555625 0.9047342984375 0.10888888906250001 0.8936231859375001 0.097777778125 0.875845409375 0.0888888890625 0.85806763125 0.0888888890625 0.8536231859375001 0.08444444375 0.8269565203125 0.0888888890625 0.8025120749999999 0.11333333281249999 0.8025120749999999 0.11777777812500001 0.7847342984375001 0.13999999999999999 0.7847342984375001 0.17555555625000002 0.795845409375 0.1866666671875 0.8314009640625001 0.1911111109375 0.8491787421874999 0.20444444375 0.8869565203124999 0.202222221875 0.8958454093749999 0.1933333328125 0.8958454093749999 0.18444444375 0.9047342984375 0.1666666671875 0.9047342984375 0.1533333328125
97 0.882222221875 0.2266666671875 0.85555555625 0.2133333328125 0.8422222218750001 0.2 0.82444444375 0.1911111109375 0.7933333328125001 0.1911111109375 0.7755555562499999 0.2 0.76 0.21555555625 0.75555555625 0.22444444375 0.75555555625 0.24666666718750002 0.76 0.2511111109375 0.76444444375 0.27777777812500004 0.7755555562499999 0.2888888890625 0.7888888890625 0.2888888890625 0.7933333328125001 0.28444444375 0.82 0.28444444375 0.82444444375 0.2888888890625 0.8533333328125 0.2866666671875 0.8666666671875 0.2733333328125 0.8711111109375 0.2511111109375 0.88444444375 0.23333333281250002 0.882222221875 0.2266666671875
97 0.85555555625 0.382222221875 0.8666666671875 0.3711111109375 0.8666666671875 0.33999999999999997 0.862222221875 0.33555555625 0.862222221875 0.317777778125 0.8422222218750001 0.297777778125 0.837777778125 0.297777778125 0.8288888890624999 0.2888888890625 0.802222221875 0.28444444375 0.7977777781250001 0.2888888890625 0.78 0.29333333281249996 0.76 0.3088888890625 0.76 0.3533333328125 0.76444444375 0.357777778125 0.76444444375 0.42444444375 0.78444444375 0.44000000000000006 0.7933333328125001 0.44000000000000006 0.7977777781250001 0.44444444375 0.8088888890625 0.442222221875 0.8133333328125 0.43777777812499996 0.8222222218749999 0.40222222187499995 0.837777778125 0.3866666671875 0.85555555625 0.382222221875
97 1 0.29111111093750003 0.9911111109374999 0.2733333328125 0.9711111109375 0.2533333328125 0.9622222218750001 0.2533333328125 0.9577777781249999 0.2488888890625 0.93555555625 0.2488888890625 0.8911111109375 0.2711111109375 0.8666666671875 0.30444444375 0.8666666671875 0.3533333328125 0.8755555562499999 0.36222222187500003 0.8755555562499999 0.36666666718749996 0.8866666671875001 0.377777778125 0.9044444437499999 0.3866666671875 0.937777778125 0.38444444375 0.9488888890625 0.382222221875 0.9711111109375 0.3688888890625 0.99555555625 0.34444444375 1 0.33555555625 1 0.29111111093750003
97 0.96 0.4688888890625 0.95555555625 0.442222221875 0.942222221875 0.42000000000000004 0.9088888890625 0.3911111109375 0.8911111109375 0.3866666671875 0.8866666671875001 0.382222221875 0.85555555625 0.382222221875 0.837777778125 0.3911111109375 0.8222222218749999 0.4066666671875 0.8222222218749999 0.41555555625 0.8177777781250001 0.42000000000000004 0.8177777781250001 0.44666666718750003 0.8222222218749999 0.45555555625000005 0.8355555562499999 0.4688888890625 0.8355555562499999 0.4733333328125 0.8733333328124999 0.5066666671875 0.8911111109375 0.51555555625 0.92444444375 0.5133333328125 0.93555555625 0.5111111109375 0.9466666671875 0.5 0.9511111109374999 0.482222221875 0.96 0.4688888890625
97 0.837777778125 0.51555555625 0.8422222218750001 0.5111111109375 0.8533333328125 0.5088888890625001 0.8533333328125 0.5 0.8444444437499999 0.4911111109375 0.8355555562499999 0.4733333328125 0.82 0.457777778125 0.7933333328125001 0.44444444375 0.762222221875 0.44444444375 0.7533333328125 0.4533333328125 0.74 0.457777778125 0.7244444437500001 0.477777778125 0.7244444437500001 0.5088888890625001 0.7666666671875 0.5511111109375 0.7733333328125 0.5488888890625 0.802222221875 0.52 0.8111111109375001 0.52 0.81555555625 0.51555555625 0.837777778125 0.51555555625
97 0.76444444375 0.58444444375 0.76444444375 0.557777778125 0.74 0.52444444375 0.722222221875 0.51555555625 0.682222221875 0.51555555625 0.662222221875 0.5311111109375 0.6488888890625 0.557777778125 0.6488888890625 0.5711111109375 0.662222221875 0.58444444375 0.6711111109375001 0.6111111109375 0.6711111109375001 0.6244444437500001 0.67555555625 0.6288888890625 0.67555555625 0.6777777781250001 0.6711111109375001 0.682222221875 0.6711111109375001 0.69555555625 0.70444444375 0.71555555625 0.7111111109375 0.7133333328125 0.73555555625 0.7066666671874999 0.76 0.682222221875 0.76 0.5888888890625 0.76444444375 0.58444444375
97 0.9911111109374999 0.69555555625 0.9911111109374999 0.6733333328125 0.9733333328124999 0.642222221875 0.9488888890625 0.622222221875 0.9400000000000001 0.617777778125 0.9 0.617777778125 0.8666666671875 0.66444444375 0.8666666671875 0.6733333328125 0.862222221875 0.6777777781250001 0.862222221875 0.69555555625 0.8666666671875 0.7 0.8711111109375 0.717777778125 0.8866666671875001 0.737777778125 0.9 0.742222221875 0.917777778125 0.75555555625 0.9311111109375 0.75555555625 0.93555555625 0.76 0.937777778125 0.757777778125 0.9577777781249999 0.75555555625 0.977777778125 0.73555555625 0.977777778125 0.722222221875 0.9911111109374999 0.69555555625
97 0.262222221875 0.522222221875 0.262222221875 0.4688888890625 0.24666666718750002 0.457777778125 0.23333333281250002 0.457777778125 0.2288888890625 0.4533333328125 0.197777778125 0.4533333328125 0.1888888890625 0.457777778125 0.1688888890625 0.477777778125 0.1688888890625 0.48666666718749996 0.16444444375 0.4911111109375 0.16444444375 0.5266666671875 0.18 0.5466666671875 0.197777778125 0.5555555562500001 0.2066666671875 0.5555555562500001 0.21111111093749999 0.5599999999999999 0.2266666671875 0.557777778125 0.24666666718750002 0.5511111109375 0.257777778125 0.5355555562500001 0.257777778125 0.5266666671875 0.262222221875 0.522222221875
97 0.20444444375 0.62 0.20888888906249997 0.5711111109375 0.1933333328125 0.5555555562500001 0.17555555625000002 0.5466666671875 0.1488888890625 0.5466666671875 0.13999999999999999 0.5511111109375 0.12 0.5711111109375 0.1111111109375 0.5888888890625 0.1111111109375 0.62 0.13555555625 0.6533333328125 0.1488888890625 0.6533333328125 0.1533333328125 0.657777778125 0.17333333281250002 0.6555555562500001 0.18222222187499998 0.6511111109375001 0.1911111109375 0.6333333328124999 0.197777778125 0.6311111109375 0.20444444375 0.62