70 0.68046875 0.7515625 0.08359375 0.096875
57 0.575 0.73515625 0.1390625 0.08359375
127 0.4640625 0.73828125 0.071875 0.09296875
1 0.2609375 0.73828125 0.1109375 0.1234375
6 0.228125 0.5765625 0.06640625 0.08671875
63 0.3390625 0.59296875 0.078125 0.0796875
3 0.2609375 0.58359375 0.078125 0.1203125
89 0.5359375 0.596875 0.08359375 0.10703125
57 0.625 0.60703125 0.121875 0.10703125
92 0.628125 0.475 0.14453125 0.11640625
1 0.50546875 0.475 0.0890625 0.08359375
14 0.353125 0.296875 0.15 0.16015625
73 0.225 0.28515625 0.1109375 0.16640625
15 0.5109375 0.33359375 0.15546875 0.13984375
106 0.578125 0.2265625 0.15546875 0.053125
89 0.48046875 0.59140625 0.10546875 0.103125
89 0.49453125 0.6296875 0.05546875 0.0734375
1 0.43046875 0.46328125 0.09453125 0.1
6 0.1859375 0.5796875 0.0390625 0.1265625
6 0.153125 0.59296875 0.05546875 0.10703125
25 0.825 0.45703125 0.14453125 0.23984375
25 0.9359375 0.38515625 0.128125 0.35703125