70 0.91953125 0.39140625 0.1609375 0.05
57 0.89140625 0.4546875 0.1390625 0.08359375
127 0.896875 0.521875 0.15546875 0.04296875
1 0.896875 0.63984375 0.20546875 0.06640625
6 0.628125 0.66328125 0.15 0.03984375
63 0.65546875 0.596875 0.13359375 0.046875
3 0.6390625 0.64296875 0.2 0.046875
89 0.6609375 0.478125 0.1890625 0.05
57 0.678125 0.425 0.171875 0.0734375
92 0.45859375 0.4234375 0.19453125 0.08671875
1 0.45859375 0.496875 0.14453125 0.06015625
14 0.1609375 0.58828125 0.25546875 0.08984375
73 0.14140625 0.66484375 0.278125 0.06640625
15 0.221875 0.49296875 0.23359375 0.09296875
106 0.0640625 0.453125 0.128125 0.09296875
8 0.06953125 0.55703125 0.1390625 0.09296875
89 0.653125 0.51171875 0.171875 0.06328125
89 0.71640625 0.503125 0.121875 0.03359375
1 0.4390625 0.54140625 0.16640625 0.053125
6 0.63359375 0.68828125 0.2109375 0.0234375
6 0.65546875 0.70859375 0.171875 0.03359375
25 0.428125 0.3046875 0.4 0.08671875
25 0.30859375 0.23828125 0.59453125 0.0765625