16 0.053125 0.6546875 0.10546875 0.1703125
25 0.48359375 0.28515625 0.11640625 0.153125
73 0.8390625 0.41796875 0.321875 0.103125
122 0.90546875 0.71796875 0.1109375 0.0734375
122 0.878125 0.65859375 0.1109375 0.06640625
122 0.88359375 0.58515625 0.0890625 0.0703125
127 0.59453125 0.3296875 0.121875 0.0734375
127 0.59453125 0.26484375 0.121875 0.05703125
4 0.5859375 0.71328125 0.121875 0.1203125
4 0.59140625 0.621875 0.1 0.09296875
25 0.85 0.275 0.278125 0.15
25 0.5390625 0.41328125 0.078125 0.10703125