42 0.6578125 0.90625 0.253125 0.1875
42 0.86328125 0.83515625 0.25078125 0.2703125
42 0.925 0.59453125 0.14921875 0.2890625
42 0.9203125 0.2203125 0.159375 0.24375
42 0.70234375 0.4375 0.19375 0.290625
42 0.50546875 0.5015625 0.23984375 0.2359375
42 0.53984375 0.30546875 0.1859375 0.24453125
42 0.71640625 0.26328125 0.178125 0.2234375
42 0.5640625 0.153125 0.178125 0.23515625
42 0.40625 0.1828125 0.18125 0.23359375
42 0.3640625 0.33515625 0.18984375 0.24921875
42 0.2421875 0.0765625 0.1984375 0.153125
73 0.209375 0.65 0.37109375 0.57578125