36 0.6796875 0.3484375 0.25 0.2171875
36 0.80546875 0.35625 0.165625 0.2359375
36 0.88203125 0.371875 0.1578125 0.24375
25 0.0875 0.41015625 0.175 0.1421875
25 0.07421875 0.50703125 0.1484375 0.1703125
25 0.303125 0.53125 0.1796875 0.140625
5 0.93828125 0.565625 0.1234375 0.165625
25 0.0640625 0.62421875 0.128125 0.1640625
5 0.875 0.6296875 0.171875 0.2171875
25 0.28515625 0.63671875 0.28515625 0.1328125
25 0.2765625 0.70703125 0.2515625 0.11328125
25 0.05625 0.72265625 0.1125 0.1234375
25 0.27265625 0.76640625 0.2671875 0.0953125
5 0.9640625 0.7765625 0.071875 0.353125
5 0.82734375 0.8140625 0.1890625 0.27734375