79 0.1803030296875 0.40681818124999997 0.16363636406249998 0.25681818125 0.1424242421875 0.2022727265625 0.1136363640625 0.2022727265625 0.078787878125 0.290909090625 0.078787878125 0.45454545468749996 0.146969696875 0.4522727265625 0.17727272656249998 0.44090909062500006 0.1803030296875 0.40681818124999997
79 0.1954545453125 0.43636363593749994 0.2227272734375 0.42045454531250004 0.25 0.384090909375 0.2515151515625 0.27272727343750003 0.246969696875 0.2363636359375 0.23181818125000003 0.2022727265625 0.18181818125 0.2022727265625 0.1696969703125 0.259090909375 0.17121212187499998 0.3454545453125 0.184848484375 0.4295454546875 0.1954545453125 0.43636363593749994
79 0.3227272734375 0.290909090625 0.3015151515625 0.21818181874999998 0.284848484375 0.19772727343750002 0.2621212125 0.2045454546875 0.246969696875 0.2636363640625 0.2393939390625 0.41590909062500003 0.24393939375 0.4295454546875 0.32121212187500003 0.4295454546875 0.3227272734375 0.290909090625
79 0.35606060624999997 0.19772727343750002 0.30606060625 0.2022727265625 0.324242425 0.425 0.38939393906249997 0.41818181875000004 0.38939393906249997 0.20681818125 0.35606060624999997 0.19772727343750002
79 0.43333333281249997 0.2795454546875 0.424242425 0.2227272734375 0.4075757578125 0.2045454546875 0.384848484375 0.21136363593750002 0.374242425 0.2272727265625 0.3772727265625 0.41818181875000004 0.43333333281249997 0.41818181875000004 0.43333333281249997 0.2795454546875
79 0.43636363593749994 0.625 0.4454545453125 0.44318181875 0.38030302968749996 0.45454545468749996 0.3727272734375 0.465909090625 0.378787878125 0.6477272734375 0.40606060624999996 0.6522727265625 0.43636363593749994 0.625
79 0.3454545453125 0.7363636359375 0.33181818125 0.53181818125 0.303030303125 0.48863636406250005 0.290909090625 0.4863636359375 0.27272727343750003 0.4954545453125 0.246969696875 0.54318181875 0.2272727265625 0.61818181875 0.2303030296875 0.6954545453125001 0.2666666671875 0.7386363640625 0.3454545453125 0.7363636359375
79 0.2166666671875 0.7477272734375 0.2303030296875 0.7204545453125 0.2227272734375 0.5522727265625 0.19696969687500002 0.525 0.15 0.515909090625 0.090909090625 0.5704545453125001 0.065151515625 0.65 0.07272727343749999 0.7636363640625 0.0803030296875 0.7863636359374999 0.1227272734375 0.790909090625 0.2166666671875 0.7477272734375
79 0 0.4795454546875 0.06818181875 0.4704545453125 0.0772727265625 0.46136363593749996 0.08181818125 0.43636363593749994 0.0803030296875 0.3636363640625 0.059090909375 0.2636363640625 0.0333333328125 0.190909090625 0.0227272734375 0.184090909375 0 0.184090909375 0 0.4795454546875
79 0.43333333281249997 0.140909090625 0.421212121875 0.075 0.35606060624999997 0.0363636359375 0.309090909375 0.025 0.22878787812499998 0.0295454546875 0.2227272734375 0.06136363593750001 0.21969697031250002 0.1386363640625 0.225757575 0.1454545453125 0.41818181875000004 0.165909090625 0.43333333281249997 0.140909090625
79 0.746969696875 0.215909090625 0.7803030296875 0.215909090625 0.8409090906250001 0.19318181875 0.8378787875 0.17727272656249998 0.809090909375 0.1545454546875 0.578787878125 0.06818181875 0.45 0.0386363640625 0.424242425 0.0477272734375 0.421212121875 0.06363636406249999 0.43787878750000003 0.165909090625 0.45454545468749996 0.18181818125 0.746969696875 0.215909090625
79 0.5454545453125 0.39318181874999997 0.5363636359374999 0.31818181874999996 0.5045454546875 0.2272727265625 0.453030303125 0.2136363640625 0.43181818125 0.25 0.43484848437499996 0.3863636359375 0.44090909062500006 0.409090909375 0.509090909375 0.40681818124999997 0.5454545453125 0.39318181874999997
79 0.471212121875 0.634090909375 0.5227272734375 0.5863636359375 0.5393939390625 0.43181818125 0.4454545453125 0.44318181875 0.43181818125 0.5568181812499999 0.43636363593749994 0.6227272734375 0.4454545453125 0.634090909375 0.471212121875 0.634090909375
79 0.48939393906250006 1 0.5303030296875 0.9613636359375001 0.5272727265625 0.8204545453125001 0.5060606062499999 0.7363636359375 0.48333333281249996 0.734090909375 0.4484848484375 0.7613636359375 0.43181818125 0.81818181875 0.4272727265625 0.8681818187499999 0.4272727265625 1 0.48939393906250006 1
79 0.6121212125 0.8454545453125 0.6121212125 0.815909090625 0.5772727265625 0.709090909375 0.5681818187500001 0.6977272734375 0.55 0.7022727265625 0.5227272734375 0.7704545453125 0.5333333328125 0.90681818125 0.5666666671875 0.90681818125 0.596969696875 0.8886363640624999 0.6121212125 0.8454545453125
79 0.7393939390625001 0.7454545453125 0.753030303125 0.6590909093749999 0.7439393937500001 0.64318181875 0.678787878125 0.6545454546875 0.621212121875 0.7 0.6136363640625 0.7272727265625 0.609090909375 0.7795454546875 0.61818181875 0.8454545453125 0.6303030296875 0.85 0.7393939390625001 0.7454545453125