47 0.4109375 0.56171875 0.15625 0.1234375
27 0.7578125 0.6015625 0.2078125 0.09375
21 0.55546875 0.6125 0.225 0.075
25 0.3609375 0.61328125 0.096875 0.0625
6 0.78828125 0.87578125 0.178125 0.13125
55 0.41015625 0.90546875 0.18125 0.078125
37 0.63203125 0.91796875 0.078125 0.078125
25 0.5890625 0.2125 0.09375 0.053125
12 0.75703125 0.22890625 0.1296875 0.025
16 0.403125 0.4203125 0.159375 0.05625
38 0.70625 0.43203125 0.0640625 0.10625
122 0.565625 0.44375 0.14375 0.075
97 0.4265625 0.46484375 0.25625 0.059375