122 0.72265625 0.59765625 0.14375 0.0859375
47 0.5765625 0.59375 0.16875 0.109375
113 0.396875 0.60390625 0.2625 0.0921875
16 0.67578125 0.83515625 0.153125 0.10625
9 0.36640625 0.8828125 0.1875 0.103125
21 0.74921875 0.9125 0.196875 0.115625
116 0.60078125 0.1859375 0.121875 0.128125
25 0.39453125 0.20390625 0.1578125 0.059375
27 0.765625 0.21796875 0.2125 0.090625
38 0.3546875 0.41640625 0.0609375 0.103125
75 0.71328125 0.4453125 0.2 0.09375
117 0.5453125 0.45078125 0.2234375 0.1
37 0.7546875 0.4703125 0.078125 0.065625
110 0.3390625 0.459375 0.1359375 0.04375