12 0.71015625 0.4609375 0.1234375 0.046875
47 0.4171875 0.5671875 0.1578125 0.1234375
27 0.76015625 0.59375 0.2046875 0.1015625
21 0.5609375 0.61015625 0.228125 0.0859375
6 0.803125 0.865625 0.1796875 0.115625
55 0.4171875 0.909375 0.184375 0.08125
37 0.6484375 0.9140625 0.1 0.090625
97 0.39921875 0.21171875 0.1671875 0.059375
25 0.57578125 0.209375 0.0828125 0.0546875
25 0.70625 0.21484375 0.1171875 0.0625
65 0.79375 0.2171875 0.1375 0.05
113 0.403125 0.41171875 0.259375 0.1796875
122 0.5671875 0.4421875 0.14375 0.084375