9 0.5734375 0.47421875 0.21875 0.059375
47 0.5734375 0.59140625 0.1671875 0.1171875
122 0.725 0.59921875 0.1453125 0.078125
113 0.39296875 0.60390625 0.2625 0.0828125
25 0.6890625 0.89453125 0.1203125 0.075
110 0.41484375 0.8875 0.128125 0.0625
116 0.34921875 0.16953125 0.1265625 0.140625
116 0.60078125 0.184375 0.11875 0.125
21 0.64140625 0.21484375 0.3 0.0765625
1 0.4625 0.2140625 0.1515625 0.065625
37 0.7875 0.22734375 0.084375 0.05625
75 0.7015625 0.44296875 0.203125 0.0875
27 0.35859375 0.4453125 0.1921875 0.09375