21 0.62890625 0.475 0.1078125 0.040625
16 0.62734375 0.55703125 0.1578125 0.05
115 0.39765625 0.57109375 0.1296875 0.0625
37 0.76953125 0.59375 0.078125 0.059375
75 0.65078125 0.60078125 0.2140625 0.096875
25 0.81953125 0.63125 0.125 0.0609375
110 0.41796875 0.62890625 0.1515625 0.0375
73 0.67890625 0.82890625 0.096875 0.1703125
12 0.52578125 0.834375 0.109375 0.0609375
116 0.7734375 0.8421875 0.1015625 0.1234375
97 0.3984375 0.84921875 0.1671875 0.096875
6 0.5609375 0.87890625 0.19375 0.0953125
65 0.35234375 0.92890625 0.140625 0.0859375
9 0.74609375 0.9390625 0.1578125 0.078125
55 0.53125 0.9484375 0.1984375 0.075
113 0.34375 0.1546875 0.184375 0.1796875
116 0.79140625 0.1828125 0.103125 0.125
81 0.671875 0.184375 0.1140625 0.0515625
38 0.8359375 0.19375 0.0734375 0.1140625
117 0.6640625 0.21328125 0.2640625 0.0828125
122 0.4859375 0.215625 0.1578125 0.0546875
47 0.5171875 0.415625 0.1375 0.134375
8 0.77890625 0.42578125 0.1734375 0.140625
47 0.65 0.42734375 0.153125 0.103125
1 0.39765625 0.44296875 0.1625 0.05625
25 0.42421875 0.453125 0.14375 0.0640625
21 0.74765625 0.465625 0.13125 0.0734375