6 0.421875 0.58828125 0.1625 0.090625
122 0.5625 0.603125 0.153125 0.096875
27 0.7515625 0.60390625 0.203125 0.090625
37 0.35078125 0.6171875 0.08125 0.0703125
113 0.79453125 0.85 0.15625 0.234375
115 0.52109375 0.875 0.134375 0.1046875
9 0.3671875 0.90078125 0.153125 0.10625
21 0.57421875 0.2125 0.084375 0.046875
25 0.7109375 0.2140625 0.1 0.059375
65 0.80234375 0.2234375 0.1296875 0.0375
55 0.378125 0.23203125 0.221875 0.025
38 0.74609375 0.4171875 0.0640625 0.0921875
16 0.39296875 0.4203125 0.1765625 0.06875
8 0.78046875 0.45 0.16875 0.0890625
117 0.39453125 0.45703125 0.259375 0.084375
21 0.61953125 0.45859375 0.196875 0.0625