21 0.62890625 0.47734375 0.109375 0.0421875
16 0.62578125 0.559375 0.159375 0.053125
115 0.396875 0.56875 0.1296875 0.065625
37 0.76796875 0.5984375 0.078125 0.0609375
75 0.6484375 0.60390625 0.2140625 0.1
25 0.8171875 0.63671875 0.125 0.0640625
110 0.415625 0.62734375 0.153125 0.0390625
73 0.67265625 0.83203125 0.1 0.171875
12 0.51953125 0.834375 0.109375 0.0625
116 0.76796875 0.846875 0.103125 0.125
97 0.3921875 0.846875 0.16875 0.1
6 0.55390625 0.88046875 0.1953125 0.0984375
65 0.3453125 0.92578125 0.1421875 0.0875
9 0.73828125 0.94296875 0.159375 0.0796875
55 0.5234375 0.9484375 0.2 0.078125
113 0.34921875 0.15234375 0.1875 0.18125
116 0.796875 0.18828125 0.10625 0.1265625
81 0.67734375 0.1875 0.115625 0.0546875
38 0.84140625 0.2 0.075 0.115625
117 0.66953125 0.215625 0.265625 0.0875
122 0.49140625 0.21484375 0.1578125 0.0578125
47 0.51875 0.41640625 0.1390625 0.1359375
8 0.7796875 0.43046875 0.1765625 0.14375
47 0.65078125 0.43046875 0.1546875 0.1046875
1 0.39921875 0.440625 0.1625 0.059375
25 0.425 0.45234375 0.14375 0.065625
21 0.7484375 0.46953125 0.1328125 0.075