115 0.38125 0.57578125 0.1234375 0.084375
27 0.75625 0.603125 0.19375 0.0953125
21 0.54765625 0.6125 0.234375 0.08125
6 0.78359375 0.87734375 0.1703125 0.13125
55 0.40078125 0.9046875 0.1875 0.08125
37 0.63828125 0.91796875 0.0875 0.078125
25 0.5859375 0.21328125 0.084375 0.0515625
97 0.40234375 0.2140625 0.19375 0.059375
25 0.71484375 0.2203125 0.1125 0.046875
65 0.8046875 0.22265625 0.125 0.0390625
16 0.39921875 0.41953125 0.178125 0.059375
38 0.7515625 0.43203125 0.065625 0.121875
122 0.565625 0.446875 0.1296875 0.075
117 0.40703125 0.46015625 0.278125 0.06875