47 0.40234375 0.56015625 0.1609375 0.128125
27 0.7515625 0.61328125 0.2078125 0.1015625
21 0.5484375 0.61328125 0.221875 0.0828125
25 0.35390625 0.6078125 0.096875 0.0640625
6 0.77265625 0.8875 0.175 0.1359375
55 0.390625 0.90234375 0.1875 0.0875
37 0.61875 0.9203125 0.0859375 0.0734375
25 0.5984375 0.215625 0.1 0.053125
12 0.765625 0.2390625 0.128125 0.0296875
38 0.6984375 0.4234375 0.06875 0.0796875
16 0.403125 0.4234375 0.1578125 0.05625
122 0.56171875 0.4484375 0.1484375 0.071875
117 0.715625 0.465625 0.2578125 0.08125
97 0.4359375 0.4625 0.25625 0.065625