116 0.74921875 0.56953125 0.1140625 0.134375
47 0.3421875 0.59296875 0.1265625 0.14375
110 0.603125 0.61640625 0.1234375 0.0484375
73 0.63671875 0.81171875 0.103125 0.146875
38 0.321875 0.8421875 0.0546875 0.1046875
9 0.590625 0.90546875 0.265625 0.084375
97 0.35703125 0.92109375 0.175 0.125
47 0.33515625 0.1765625 0.1640625 0.1640625
16 0.4984375 0.20390625 0.19375 0.0796875
1 0.625 0.21484375 0.284375 0.075
122 0.7921875 0.2234375 0.1015625 0.05625
115 0.38984375 0.44453125 0.15 0.0859375
65 0.6984375 0.459375 0.203125 0.05
21 0.54296875 0.46015625 0.196875 0.071875