26 0.128125 0.14140625 0.0859375 0.05625
41 0.346875 0.1546875 0.084375 0.059375
43 0.18828125 0.2765625 0.0953125 0.0765625
49 0.340625 0.37890625 0.09375 0.08125
51 0.18046875 0.40546875 0.0796875 0.0875
50 0.29609375 0.5703125 0.0796875 0.065625
32 0.503125 0.59375 0.1015625 0.075
84 0.66015625 0.20859375 0.1140625 0.053125
87 0.64375 0.371875 0.0703125 0.08125
86 0.66796875 0.57578125 0.1140625 0.1203125
91 0.7171875 0.05390625 0.0890625 0.028125
93 0.8703125 0.3703125 0.0796875 0.11875
97 0.93359375 0.584375 0.0703125 0.175
102 0.80234375 0.86328125 0.15 0.1015625
17 0.25625 0.7234375 0.15625 0.1078125
50 0.47890625 0.76484375 0.115625 0.071875
81 0.096875 0.6421875 0.109375 0.0984375
107 0.5140625 0.25078125 0.071875 0.084375
126 0.559375 0.08046875 0.1234375 0.1015625
127 0.2359375 0.87578125 0.1234375 0.09375
1 0.03515625 0.0390625 0.0703125 0.0359375
3 0.1765625 0.06796875 0.090625 0.0484375
4 0.3375 0.05234375 0.071875 0.0171875
6 0.253125 0.0328125 0.04375 0.0421875
9 0.040625 0.2375 0.08125 0.05625
90 0.44296875 0.06171875 0.0453125 0.0640625
12 0.0734375 0.384375 0.0828125 0.109375
14 0.4734375 0.46875 0.0828125 0.04375
15 0.446875 0.3359375 0.0859375 0.0671875
16 0.35 0.29453125 0.0703125 0.0390625
21 0.8640625 0.27890625 0.0921875 0.0625
23 0.43203125 0.896875 0.1171875 0.0734375
25 0.66015625 0.765625 0.0703125 0.0609375
27 0.071875 0.79375 0.065625 0.0578125
26 0.065625 0.9390625 0.0796875 0.0625
28 0.596875 0.890625 0.040625 0.053125
33 0.9328125 0.76328125 0.1078125 0.0515625
37 0.36328125 0.24609375 0.06875 0.025
38 0.03515625 0.14140625 0.0609375 0.05625
39 0.27421875 0.47734375 0.0734375 0.0421875
41 0.38828125 0.56328125 0.065625 0.0734375
42 0.7671875 0.4609375 0.0578125 0.0640625
43 0.8578125 0.55234375 0.0546875 0.1015625
46 0.7875 0.609375 0.053125 0.075
47 0.7328125 0.33046875 0.05 0.05625
48 0.54296875 0.38828125 0.0515625 0.040625
49 0.60546875 0.2828125 0.05625 0.034375
25 0.6484375 0.4625 0.0890625 0.0484375
51 0.54609375 0.68515625 0.0734375 0.040625
50 0.221875 0.58203125 0.05 0.034375
25 0.34609375 0.81328125 0.059375 0.0375
8 0.38125 0.4828125 0.0640625 0.034375
32 0.934375 0.05546875 0.065625 0.0515625
9 0.81015625 0.0375 0.0578125 0.06875
54 0.73671875 0.1265625 0.06875 0.04375
55 0.6578125 0.12578125 0.0421875 0.0296875
38 0.43984375 0.1703125 0.084375 0.0640625
57 0.55703125 0.46171875 0.04375 0.0515625
59 0.6859375 0.94296875 0.0546875 0.065625
60 0.76640625 0.71875 0.0921875 0.053125
61 0.64296875 0.6671875 0.065625 0.0359375
62 0.3953125 0.684375 0.0734375 0.05625
62 0.22421875 0.65 0.0609375 0.034375
63 0.05234375 0.7390625 0.0953125 0.04375
64 0.1578125 0.790625 0.053125 0.028125
65 0.33125 0.9671875 0.0578125 0.0421875
68 0.540625 0.9484375 0.059375 0.0578125
69 0.921875 0.971875 0.0921875 0.0515625
70 0.61015625 0.82109375 0.0828125 0.040625
73 0.3875 0.7671875 0.03125 0.0359375
74 0.28203125 0.26796875 0.028125 0.0453125
75 0.25 0.33984375 0.0359375 0.021875
76 0.13359375 0.20625 0.0453125 0.025
78 0.03671875 0.49609375 0.034375 0.0578125
80 0.05078125 0.29765625 0.0375 0.028125
81 0.96640625 0.14609375 0.0359375 0.0375
82 0.95078125 0.2171875 0.04375 0.04375
13 0.75625 0.23125 0.0515625 0.04375
84 0.55625 0.17265625 0.04375 0.0265625
87 0.3921875 0.01796875 0.0390625 0.03125
89 0.2703125 0.10625 0.053125 0.0484375
86 0.45703125 0.40703125 0.0421875 0.0296875
91 0.534375 0.52265625 0.0734375 0.0375
92 0.97578125 0.3 0.0484375 0.0515625
93 0.9671875 0.46640625 0.065625 0.0390625
96 0.85546875 0.46484375 0.05 0.040625
97 0.78828125 0.375 0.03125 0.0546875
97 0.86328125 0.21875 0.05625 0.028125
98 0.8796875 0.078125 0.0296875 0.0234375
102 0.10546875 0.2828125 0.0515625 0.034375
17 0.171875 0.3359375 0.040625 0.0234375
81 0.2578125 0.39375 0.040625 0.0390625
105 0.03046875 0.5703125 0.0546875 0.0296875
106 0.20625 0.96875 0.0765625 0.0453125
107 0.85625 0.6875 0.0515625 0.05
109 0.58515625 0.59296875 0.046875 0.03125
110 0.5359375 0.32109375 0.0515625 0.0234375
111 0.1953125 0.4875 0.0421875 0.04375
113 0.121875 0.853125 0.0703125 0.040625
114 0.80234375 0.9609375 0.0640625 0.046875
115 0.7890625 0.78203125 0.06875 0.0390625
116 0.46796875 0.83671875 0.053125 0.034375
117 0.334375 0.88828125 0.0359375 0.046875
118 0.41484375 0.97265625 0.071875 0.04375
122 0.3109375 0.63515625 0.0296875 0.0234375
123 0.371875 0.0921875 0.0421875 0.0171875
125 0.09921875 0.02734375 0.0328125 0.05
126 0.03984375 0.08515625 0.053125 0.028125
127 0.2015625 0.1234375 0.040625 0.0375
127 0.475 0.675 0.0359375 0.034375