71 0.75078125 0.60625 0.14765625 0.19296875
71 0.6609375 0.69609375 0.1328125 0.18828125
71 0.39296875 0.71328125 0.1546875 0.18828125
71 0.528125 0.7578125 0.15078125 0.22890625
71 0.50859375 0.29375 0.12109375 0.159375
71 0.69921875 0.3015625 0.128125 0.15390625
71 0.28515625 0.34453125 0.12421875 0.1578125
71 0.590625 0.35078125 0.146875 0.1734375
71 0.40390625 0.38125 0.12890625 0.159375
71 0.49296875 0.440625 0.1484375 0.15546875
71 0.69921875 0.45234375 0.1140625 0.19609375
71 0.29375 0.48125 0.1390625 0.1921875
71 0.40390625 0.540625 0.1515625 0.19140625
71 0.5984375 0.540625 0.1546875 0.209375