82 0.47109375 0.75859375 0.04609375 0.06640625
82 0.65078125 0.73671875 0.04609375 0.0765625
82 0.27890625 0.5078125 0.03984375 0.0671875
82 0.2484375 0.36328125 0.04453125 0.071875
82 0.14140625 0.60546875 0.05625 0.065625
82 0.4078125 0.4828125 0.02578125 0.04921875
82 0.45 0.50234375 0.02890625 0.04609375
82 0.2953125 0.6953125 0.034375 0.05859375
82 0.8703125 0.62109375 0.03359375 0.05625
82 0.92890625 0.77734375 0.03046875 0.05078125
82 0.8625 0.89921875 0.028125 0.04921875
82 0.96171875 0.4234375 0.04140625 0.0609375