122 0.23828125 0.8578125 0.0984375 0.078125
122 0.33828125 0.84765625 0.09375 0.0734375
82 0.36953125 0.78046875 0.115625 0.0765625
82 0.47421875 0.78828125 0.103125 0.0890625
82 0.678125 0.79140625 0.0859375 0.0765625
82 0.63515625 0.74296875 0.059375 0.0453125
1 0.503125 0.61171875 0.128125 0.0984375
1 0.63203125 0.61796875 0.11875 0.0796875
1 0.759375 0.60625 0.1359375 0.1
1 0.82421875 0.58125 0.090625 0.05625
6 0.65078125 0.8 0.215625 0.20625
6 0.7 0.53046875 0.1796875 0.0828125
6 0.53984375 0.2859375 0.096875 0.125
6 0.534375 0.35625 0.06875 0.05
39 0.359375 0.54765625 0.16875 0.0484375
39 0.45625 0.5640625 0.0546875 0.040625