82 0.33828125 0.41484375 0.1015625 0.153125
82 0.55234375 0.34296875 0.0609375 0.08125
82 0.56171875 0.41796875 0.0546875 0.103125
82 0.340625 0.534375 0.05625 0.071875
1 0.55 0.659375 0.075 0.10625
1 0.590625 0.73515625 0.065625 0.115625
1 0.9125 0.25 0.115625 0.15
1 0.85 0.309375 0.0875 0.121875
6 0.81953125 0.728125 0.1390625 0.1109375
6 0.86484375 0.18984375 0.1578125 0.146875
6 0.50703125 0.45625 0.1078125 0.2125
39 0.1484375 0.27109375 0.05625 0.3625
39 0.18046875 0.24453125 0.0453125 0.353125
122 0.16796875 0.80546875 0.0765625 0.103125
122 0.175 0.746875 0.05 0.065625