79 0.7125 0.222664015625 0.725 0.21073558593750003 0.7224999999999999 0.055666004687500006 0.70625 0.0298210734375 0.55625 0.0258449296875 0.40499999999999997 0.043737575 0.39375 0.06759443281250001 0.39 0.2186878734375 0.395 0.222664015625 0.65 0.22664015937499998 0.7125 0.222664015625
79 0.85125 0.08349900625 0.8425 0.0218687875 0.74125 0.0139165015625 0.7325 0.023856859375 0.7275 0.06361829062499999 0.725 0.21272365781250002 0.73 0.2246520875 0.85875 0.2246520875 0.85125 0.08349900625
79 1 0.21073558593750003 0.985 0.07554672031250001 0.9650000000000001 0.023856859375 0.8712500000000001 0.0119284296875 0.8574999999999999 0.027833001562499998 0.85375 0.07554672031250001 0.8550000000000001 0.200795228125 0.8612500000000001 0.2166998015625 0.97625 0.22067594375000002 1 0.21073558593750003
79 0.45999999999999996 0.2942345921875 0.44875 0.266401590625 0.3025 0.266401590625 0.29625 0.324055665625 0.2975 0.46918489062499996 0.44875 0.47514910468749993 0.46749999999999997 0.46719681875 0.45999999999999996 0.2942345921875
79 0.57125 0.266401590625 0.48250000000000004 0.270377734375 0.465 0.302186878125 0.45875000000000005 0.46719681875 0.5875 0.46719681875 0.5875 0.2962226640625 0.57125 0.266401590625
79 0.71875 0.43141153125000004 0.7212500000000001 0.36580516875 0.71875 0.29025845 0.70875 0.266401590625 0.68625 0.2544731609375 0.6174999999999999 0.2584493046875 0.60875 0.266401590625 0.6012500000000001 0.2962226640625 0.595 0.389662028125 0.5974999999999999 0.46719681875 0.7112499999999999 0.46520874687499997 0.71875 0.43141153125000004
79 0.9412499999999999 0.46719681875 0.92875 0.266401590625 0.74375 0.266401590625 0.7175 0.288270378125 0.69375 0.46719681875 0.76 0.47514910468749993 0.93 0.47514910468749993 0.9412499999999999 0.46719681875
79 1 0.26441351874999997 0.94625 0.266401590625 0.9349999999999999 0.2922465203125 0.9412499999999999 0.46719681875 0.9487500000000001 0.47514910468749993 1 0.473161034375 1 0.26441351874999997
79 0.3875 0.658051690625 0.38500912187499997 0.5168986078125 0.34125 0.508946321875 0.3225 0.56858846875 0.325 0.7216699796875 0.335 0.729622265625 0.38125 0.7256461234375 0.3875 0.658051690625
79 0.53625 0.7196819078125001 0.53 0.55467196875 0.49000000000000005 0.5407554671875 0.41125 0.548707753125 0.39249999999999996 0.552683896875 0.39 0.5606361828125 0.38625 0.7216699796875 0.49124999999999996 0.729622265625 0.5287499999999999 0.7276341953125 0.53625 0.7196819078125001
79 0.6 0.6600397609375 0.6028146343749999 0.5154785562499999 0.58875 0.50695825 0.5525 0.508946321875 0.54125 0.5188866796875 0.5387500000000001 0.53280318125 0.53625 0.7176938374999999 0.54375 0.7276341953125 0.595 0.7236580515625 0.6 0.6600397609375
79 0.70875 0.7216699796875 0.7125 0.632206759375 0.705 0.55467196875 0.6775 0.53280318125 0.65 0.526838965625 0.6224999999999999 0.53280318125 0.615 0.550695825 0.60375 0.6799204765625 0.6075 0.7037773359374999 0.62625 0.7216699796875 0.70875 0.7216699796875
79 0.8237500000000001 0.6441351890625 0.8237500000000001 0.5825049703125 0.805 0.5208747515625001 0.73125 0.5168986078125 0.7125 0.55467196875 0.7125 0.6878727640625 0.71875 0.7216699796875 0.8150000000000001 0.7236580515625 0.8237500000000001 0.6441351890625
79 0.9487500000000001 0.7216699796875 0.9637499999999999 0.6620278328125 0.9512499999999999 0.5944334 0.92875 0.5387673953125 0.9112500000000001 0.5288270374999999 0.86625 0.53280318125 0.8487500000000001 0.54671968125 0.8225 0.6441351890625 0.82 0.7077534796875 0.83375 0.7256461234375 0.8550000000000001 0.7316103375 0.9487500000000001 0.7216699796875
79 1 0.5248508953125001 0.9637499999999999 0.530815109375 0.9425000000000001 0.56858846875 0.94375 0.7216699796875 1 0.729622265625 1 0.5248508953125001
79 0.39375 0.9642147124999999 0.44749999999999995 0.9483101390625001 0.45875000000000005 0.9324055671875 0.46375 0.77932405625 0.4575 0.77137176875 0.2125 0.77137176875 0.18375 0.8091451296875001 0.18375 0.9324055671875 0.19125 0.96023856875 0.2525 0.9741550703125 0.39375 0.9642147124999999
79 0.6725 0.9741550703125 0.68875 0.9642147124999999 0.68875 0.8469184890625 0.6825 0.8031809140625 0.6675 0.77137176875 0.48875 0.7693836984375 0.47000000000000003 0.7753479125 0.46375 0.791252484375 0.45999999999999996 0.8091451296875001 0.47874999999999995 0.9483101390625001 0.53 0.9860834984375 0.6725 0.9741550703125
79 0.8074999999999999 0.9721669984375 0.8125 0.8946322062500001 0.8099999999999999 0.7892644140625 0.805 0.7753479125 0.69875 0.77137176875 0.6849999999999999 0.7852882703125 0.6925 0.954274353125 0.6975 0.9681908546875 0.7325 0.980119284375 0.8074999999999999 0.9721669984375
79 0.8712500000000001 0.9264413515625 0.8724999999999999 0.8449304171875 0.8612500000000001 0.7872763421875 0.83375 0.777335984375 0.81875 0.8449304171875 0.8175000000000001 0.940357853125 0.82875 0.9483101390625001 0.86625 0.942345925 0.8712500000000001 0.9264413515625
79 0.9925 0.9701789265625 0.9949999999999999 0.8330019875 0.99 0.7833001984375 0.86 0.7872763421875 0.84375 0.799204771875 0.865 0.9721669984375 0.97625 0.980119284375 0.9925 0.9701789265625
79 0.39625 0.2186878734375 0.39249999999999996 0.0795228625 0.3825 0.0119284296875 0.35875 0.015904571875000002 0.35 0.08747514843750001 0.34249999999999997 0.2186878734375 0.35875 0.22862823125 0.39125 0.22664015937499998 0.39625 0.2186878734375
79 0 0.1968190859375 0.0125 0.2186878734375 0.32125 0.2186878734375 0.3325 0.21272365781250002 0.34500000000000003 0.1749502984375 0.35 0.057654075000000006 0.34125 0.0218687875 0.025 0.019880715625 0 0.03976143125 0 0.1968190859375
79 0.2975 0.2783300203125 0.28500000000000003 0.26242544687499997 0.26749999999999996 0.26242544687499997 0.25875 0.30417495 0.25375000000000003 0.46719681875 0.29375 0.47514910468749993 0.29874999999999996 0.46123260468750005 0.2975 0.2783300203125
79 0.21749999999999997 0.46123260468750005 0.22625 0.4433399609375 0.22999999999999998 0.407554671875 0.225 0.3161033796875 0.21625 0.28230616249999996 0.20375000000000001 0.2743538765625 0.15125 0.2723658046875 0.11499999999999999 0.28628230625 0.075 0.389662028125 0.0725 0.41153081562500005 0.0775 0.4234592453125 0.10375000000000001 0.4433399609375 0.21749999999999997 0.46123260468750005
79 0.09875 0.31411530781249997 0.09 0.2982107359375 0.052500000000000005 0.2743538765625 0.00125 0.284294234375 0 0.451292246875 0.01875 0.46520874687499997 0.12625 0.4433399609375 0.09875 0.31411530781249997
79 0.20249999999999999 0.7017892640625 0.20750000000000002 0.69184890625 0.22125 0.5825049703125 0.22000000000000003 0.5566600390625001 0.20750000000000002 0.5387673953125 0.13625 0.5168986078125 0.02375 0.5208747515625001 0 0.526838965625 0.00125 0.6819085484375 0.034999999999999996 0.6998011921875 0.20249999999999999 0.7017892640625
79 0.33999999999999997 0.5168986078125 0.32375 0.5049701796875 0.24 0.512922465625 0.2325 0.5168986078125 0.22374999999999998 0.55467196875 0.21749999999999997 0.689860834375 0.22625 0.7216699796875 0.32 0.7256461234375 0.33999999999999997 0.5168986078125
79 0.12625 0.7634194828124999 0.00375 0.7693836984375 0 0.9701789265625 0.19 0.9721669984375 0.20125 0.77137176875 0.12625 0.7634194828124999