38 0.8104166671874999 0.6648148140625 0.8135416671875 0.6703703703125 0.8333333328125001 0.6425925921875 0.8333333328125001 0.6333333328124999 0.8177083328125001 0.5481481484375 0.809375 0.490740740625 0.8072916671874999 0.48703703750000005 0.803125 0.48703703750000005 0.79375 0.49629629687500004 0.790625 0.5074074078125 0.790625 0.5351851859375001 0.8 0.5851851859375 0.803125 0.6203703703125 0.8104166671874999 0.6648148140625
38 0.8354166671875 0.6388888890625 0.8385416671874999 0.6388888890625 0.8447916671875 0.6296296296875 0.8458333328125001 0.61851851875 0.8291666671875 0.527777778125 0.821875 0.47407407343749997 0.8177083328125001 0.459259259375 0.8104166671874999 0.47592592656250005 0.809375 0.490740740625 0.8135416671875 0.522222221875 0.8333333328125001 0.6333333328124999 0.8354166671875 0.6388888890625
38 0.8614583328125001 0.6203703703125 0.8708333328125001 0.6074074078125 0.8708333328125001 0.5981481484375 0.8552083328125001 0.49444444374999996 0.846875 0.42592592656250006 0.8447916671875 0.4203703703125 0.8354166671875 0.42222222187499997 0.8260416671874999 0.43148148124999997 0.821875 0.44444444375 0.8208333328125 0.4703703703125 0.8447916671875 0.6111111109375 0.8489583328125001 0.6240740734375 0.8614583328125001 0.6203703703125
38 0.86875 0.5851851859375 0.871875 0.603703703125 0.8770833328125001 0.603703703125 0.896875 0.58148148125 0.896875 0.5666666671875 0.8885416671874999 0.5129629625 0.878125 0.4611111109375 0.8729166671874999 0.4166666671875 0.8666666671875 0.38333333281250004 0.8604166671875 0.38148148125 0.8520833328125 0.3888888890625 0.846875 0.4018518515625 0.8458333328125001 0.4148148140625 0.8541666671874999 0.47407407343749997 0.8552083328125001 0.49259259218749996 0.86875 0.5851851859375
38 0.9208333328125 0.690740740625 0.9322916671874999 0.75 0.9385416671875 0.76851851875 0.9416666671874999 0.772222221875 0.9572916671874999 0.7703703703125 0.9729166671874999 0.7611111109375 0.9854166671875 0.7481481484375 0.9989583328125 0.74444444375 0.9989583328125 0.690740740625 0.996875 0.6888888890625 0.9916666671875 0.659259259375 0.9854166671875 0.6574074078125001 0.9697916671875 0.66851851875 0.9208333328125 0.6796296296875 0.9208333328125 0.690740740625
38 0.8177083328125001 0.727777778125 0.809375 0.7425925921875 0.8177083328125001 0.8111111109375001 0.8385416671874999 0.8055555562500001 0.871875 0.7833333328125 0.9322916671874999 0.7648148140625 0.9333333328125001 0.759259259375 0.9197916671874999 0.6870370375 0.9145833328125 0.6833333328125 0.9 0.690740740625 0.8479166671874999 0.7018518515625 0.8177083328125001 0.727777778125
38 0.9604166671875 0.7740740734375 0.9552083328125001 0.7851851859375001 0.9635416671874999 0.8222222218749999 0.978125 0.91851851875 0.984375 0.9388888890624999 0.9989583328125 0.9351851859375 0.9989583328125 0.7481481484375 0.9854166671875 0.7518518515625 0.9770833328125 0.759259259375 0.9739583328125001 0.7666666671875 0.9604166671875 0.7740740734375
38 0.25625 0.959259259375 0.278125 0.9518518515625001 0.2802083328125 0.9481481484375 0.2802083328125 0.9333333328125001 0.28958333281250004 0.896296296875 0.253125 0.9055555562500001 0.25 0.9111111109375001 0.2520833328125 0.9574074078124999 0.25625 0.959259259375
38 0.203125 0.9759259265625 0.24895833281250002 0.9611111109375001 0.24895833281250002 0.9129629625 0.24375 0.9074074078125 0.1875 0.9259259265625 0.1875 0.9759259265625 0.203125 0.9759259265625
38 0.9208333328125 0.5074074078125 0.9260416671874999 0.546296296875 0.93125 0.5481481484375 0.9572916671874999 0.522222221875 0.959375 0.51851851875 0.959375 0.5129629625 0.934375 0.3851851859375 0.9302083328125 0.35 0.9208333328125 0.296296296875 0.9135416671875 0.29444444375 0.9041666671874999 0.3018518515625 0.896875 0.3148148140625 0.8958333328125001 0.3203703703125 0.8947916671874999 0.33703703749999997 0.903125 0.3925925921875 0.9052083328125 0.4240740734375 0.9208333328125 0.5074074078125
38 0.4583333328125 0.922222221875 0.5041666671875 0.9111111109375001 0.53125 0.9037037031249999 0.5364583328125 0.8981481484374999 0.5291666671875 0.809259259375 0.5260416671875 0.7925925921875 0.5177083328125 0.7925925921875 0.4916666671875 0.8018518515625 0.4427083328125 0.8129629625 0.440625 0.8166666671874999 0.440625 0.8388888890624999 0.4479166671875 0.922222221875 0.4583333328125 0.922222221875
38 0.5677083328125 0.890740740625 0.5697916671875001 0.8629629624999999 0.5864583328124999 0.8166666671874999 0.59375 0.790740740625 0.5947916671875 0.7796296296875 0.5770833328125 0.7796296296875 0.5708333328124999 0.7833333328125 0.5604166671875 0.7833333328125 0.5322916671875 0.790740740625 0.53125 0.8055555562500001 0.5385416671875001 0.896296296875 0.5458333328125 0.8981481484374999 0.5677083328125 0.890740740625
38 0.3864583328125 0.872222221875 0.4125 0.9129629625 0.415625 0.93148148125 0.4291666671875 0.93148148125 0.4447916671875 0.9240740734375 0.4447916671875 0.9074074078125 0.43958333281249995 0.8481481484375 0.434375 0.8166666671874999 0.4270833328125 0.8166666671874999 0.4010416671875 0.827777778125 0.39375 0.827777778125 0.3729166671875 0.8351851859374999 0.3708333328125 0.8370370375 0.371875 0.8444444437499999 0.38229166718749996 0.8611111109375 0.3864583328125 0.872222221875
38 0.921875 0.296296296875 0.9233125 0.29651851875 0.9229166671875 0.3018518515625 0.9247395828125 0.30601851875 0.9260416671874999 0.3240740734375 0.9276041671874999 0.325 0.9270833328125001 0.3296296296875 0.9322916671874999 0.35555555625 0.9385416671875 0.40555555625000006 0.9604166671875 0.5129629625 0.9635416671874999 0.5148148140625 0.9822916671874999 0.4981481484375 0.9979166671874999 0.49259259218749996 0.9989583328125 0.490740740625 0.9989583328125 0.31851851875000003 0.996875 0.3148148140625 0.9916666671875 0.2870370375 0.9854166671875 0.2648148140625 0.9708333328125001 0.2388888890625 0.9625 0.23333333281250002 0.9489583328125001 0.2370370375 0.9354166671874999 0.246296296875 0.9260416671874999 0.259259259375 0.9229166671875 0.2703703703125 0.921875 0.2759259265625 0.9247291671875001 0.2838888890625 0.921875 0.2870370375 0.921875 0.296296296875
38 0.8895833328125 0.51851851875 0.8958333328125001 0.5629629625 0.8979166671875 0.5740740734374999 0.903125 0.5759259265625001 0.9229166671875 0.5555555562500001 0.925 0.5518518515624999 0.925 0.5425925921875 0.9208333328125 0.509259259375 0.9041666671874999 0.42222222187499997 0.9020833328125001 0.39074074062499997 0.8979166671875 0.3611111109375 0.8947916671874999 0.3481481484375 0.8916666671875 0.3425925921875 0.884375 0.3425925921875 0.8739583328125 0.3481481484375 0.8697916671874999 0.3574074078125 0.8677083328125 0.36851851875 0.8666666671875 0.38703703749999996 0.8770833328125001 0.4388888890625 0.8791666671874999 0.46481481406249997 0.8895833328125 0.51851851875
38 0.9635416671874999 0.9333333328125001 0.9760416671875 0.9259259265625 0.9760416671875 0.9129629625 0.96875 0.8666666671875 0.9572916671874999 0.8018518515625 0.9541666671875 0.79444444375 0.9479166671874999 0.790740740625 0.9333333328125001 0.790740740625 0.91875 0.7759259265625 0.90625 0.7740740734375 0.8916666671875 0.7814814812499999 0.8875 0.7925925921875 0.8708333328125001 0.803703703125 0.8635416671874999 0.8148148140625 0.8614583328125001 0.8222222218749999 0.8614583328125001 0.88148148125 0.871875 0.9518518515625001 0.9041666671874999 0.95 0.9635416671874999 0.9333333328125001