4 0.03359375 0.2484375 0.06640625 0.096875
25 0.3 0.5453125 0.1109375 0.13359375
4 0.03046875 0.26328125 0.0609375 0.08671875
69 0.24140625 0.23828125 0.21640625 0.0765625
16 0.121875 0.29140625 0.13359375 0.1703125
25 0.55859375 0.26015625 0.15 0.1203125
21 0.496875 0.63828125 0.0609375 0.2234375
122 0.7140625 0.7 0.071875 0.06015625
127 0.84453125 0.28515625 0.121875 0.06328125
127 0.0359375 0.63359375 0.071875 0.0796875
127 0.0359375 0.546875 0.071875 0.06640625
42 0.825 0.4703125 0.071875 0.046875