79 0.9983333328124999 0.3175 0.99 0.20166666718749998 0.9525 0.1508333328125 0.9349999999999999 0.1491666671875 0.8233333328124999 0.1641666671875 0.8116666671875 0.1691666671875 0.7991666671875 0.19083333281249998 0.8091666671875 0.31916666718750003 0.8241666671875001 0.3225 0.9841666671875 0.3241666671875 0.9983333328124999 0.3175
79 0.805 0.3241666671875 0.8091666671875 0.315 0.8025 0.1666666671875 0.7825 0.1275 0.775 0.12250000000000001 0.7658333328125 0.12250000000000001 0.6666666671875 0.15 0.6566666671875 0.16499999999999998 0.6366666671875 0.26916666718750004 0.6358333328125 0.3166666671875 0.65 0.3283333328125 0.7941666671875 0.3275 0.805 0.3241666671875
79 0.6425 0.3283333328125 0.6466666671875 0.31916666718750003 0.6458333328125 0.1991666671875 0.6391666671875 0.1625 0.625 0.145 0.62 0.1408333328125 0.5375 0.1316666671875 0.5058333328125 0.13333333281249998 0.4841666671875 0.1558333328125 0.4808333328125 0.1641666671875 0.48 0.3283333328125 0.5025000000000001 0.3333333328125 0.6308333328125 0.33166666718750004 0.6425 0.3283333328125
79 0.4691666671875 0.3183333328125 0.47583333281250006 0.31083333281250003 0.48166666718749995 0.2791666671875 0.48166666718749995 0.2166666671875 0.4733333328125 0.19 0.45999999999999996 0.17333333281250002 0.3366666671875 0.1525 0.2141666671875 0.1775 0.1983333328125 0.19 0.19083333281249998 0.2925 0.195 0.3066666671875 0.20249999999999999 0.31416666718749997 0.4691666671875 0.3183333328125
79 0.195 0.32166666718750003 0.1975 0.2266666671875 0.1925 0.1766666671875 0.1708333328125 0.145 0.1433333328125 0.1375 0.0358333328125 0.135 0.025 0.13916666718749998 0.01 0.1591666671875 0.0016666671875 0.185 0.0008333328124999999 0.32166666718750003 0.015 0.325 0.19 0.325 0.195 0.32166666718750003
79 0.205 0.6174999999999999 0.2125 0.4166666671875 0.1883333328125 0.39249999999999996 0.1508333328125 0.3783333328125 0.0616666671875 0.3808333328125 0.0283333328125 0.3858333328125 0.0008333328124999999 0.40833333281249995 0 0.6308333328125 0.0475 0.6358333328125 0.1991666671875 0.635 0.205 0.6174999999999999
79 0.2491666671875 0.64 0.3158333328125 0.6375 0.32083333281250004 0.6258333328125001 0.32083333281250004 0.5783333328125 0.3175 0.465 0.3116666671875 0.4408333328125 0.2783333328125 0.3916666671875 0.2666666671875 0.385 0.24333333281249997 0.3866666671875 0.23583333281250002 0.3908333328125 0.2116666671875 0.4291666671875 0.2 0.48 0.20249999999999999 0.6308333328125 0.215 0.6375 0.2491666671875 0.64
79 0.36583333281249997 0.6174999999999999 0.4033333328125 0.6116666671875 0.41 0.6 0.41500000000000004 0.4158333328125 0.4066666671875 0.4025 0.3858333328125 0.3908333328125 0.3633333328125 0.3875 0.3525 0.3891666671875 0.3225 0.42083333281249996 0.3183333328125 0.4291666671875 0.32 0.525 0.3283333328125 0.61 0.36583333281249997 0.6174999999999999
79 0.48 0.5616666671874999 0.4966666671875 0.5633333328125001 0.5091666671875 0.5416666671875 0.5125 0.5016666671875 0.51 0.4325 0.49416666718749996 0.4016666671875 0.48166666718749995 0.39 0.44666666718750003 0.3908333328125 0.425 0.4158333328125 0.42083333281249996 0.42833333281249997 0.4175 0.5108333328125 0.4216666671875 0.525 0.42833333281249997 0.5325 0.48 0.5616666671874999
79 0.5966666671875 0.6158333328125 0.6058333328125001 0.6066666671875 0.6091666671875 0.5616666671874999 0.6066666671875 0.4291666671875 0.5816666671874999 0.3933333328125 0.5691666671875 0.385 0.5433333328125001 0.3875 0.515 0.4141666671875 0.5125 0.4225 0.5158333328125 0.5191666671874999 0.5525 0.6058333328125001 0.5675 0.6141666671875 0.5966666671875 0.6158333328125
79 0.6958333328124999 0.6116666671875 0.7016666671875 0.5941666671875 0.7075 0.4058333328125 0.6708333328125 0.3875 0.6383333328125 0.3875 0.6116666671875 0.4216666671875 0.6058333328125001 0.4583333328125 0.6141666671875 0.5966666671875 0.6183333328125 0.6083333328125 0.6583333328125 0.6158333328125 0.6958333328124999 0.6116666671875
79 0.7608333328125 0.61 0.7866666671875 0.6016666671875 0.795 0.5900000000000001 0.7991666671875 0.5349999999999999 0.7975 0.45416666718750004 0.7916666671875 0.42083333281249996 0.7658333328125 0.3883333328125 0.7358333328125 0.3866666671875 0.725 0.39416666718750004 0.7008333328125 0.43833333281250003 0.7116666671874999 0.585 0.7241666671875 0.6 0.745 0.6091666671875 0.7608333328125 0.61
79 0.8966666671875 0.61 0.9008333328125 0.5958333328125 0.8958333328125001 0.42000000000000004 0.865 0.39249999999999996 0.8341666671875 0.3891666671875 0.8166666671874999 0.4016666671875 0.7958333328125 0.43916666718749997 0.8058333328125 0.6083333328125 0.8158333328125 0.6133333328125 0.8875 0.6183333328125 0.8966666671875 0.61
79 1 0.5875 0.9891666671875001 0.4291666671875 0.9708333328125001 0.3908333328125 0.9625 0.3808333328125 0.9349999999999999 0.38166666718750003 0.9233333328125 0.3908333328125 0.9025000000000001 0.42083333281249996 0.8966666671875 0.44000000000000006 0.8975 0.61 0.9058333328125 0.6316666671875 0.9116666671875 0.6383333328125 0.9316666671875 0.6441666671874999 0.9666666671874999 0.6475 0.9916666671875 0.645 1 0.6141666671875 1 0.5875
79 0 0.9741666671875 0.14250000000000002 0.9766666671875001 0.1741666671875 0.9658333328125 0.1866666671875 0.95 0.1925 0.9158333328125 0.20166666718749998 0.7608333328125 0.2008333328125 0.74 0.1941666671875 0.7166666671875 0.1875 0.7116666671874999 0.14666666718750002 0.7066666671874999 0.0991666671875 0.7066666671874999 0.013333332812500001 0.7241666671875 0.005 0.73 0 0.7358333328125 0 0.9741666671875
79 0.3716666671875 0.9625 0.3775 0.9516666671875 0.38166666718750003 0.7525000000000001 0.3758333328125 0.7208333328125 0.355 0.7150000000000001 0.3158333328125 0.72 0.2983333328125 0.7316666671875 0.29 0.7583333328124999 0.2883333328125 0.8433333328125 0.2866666671875 0.9508333328124999 0.2908333328125 0.9625 0.3066666671875 0.9658333328125 0.3716666671875 0.9625
79 0.45416666718750004 0.9358333328124999 0.4583333328125 0.9258333328124999 0.4725 0.7641666671875 0.46749999999999997 0.7383333328125 0.43333333281249997 0.7208333328125 0.4058333328125 0.7224999999999999 0.3891666671875 0.7466666671875 0.38333333281250004 0.7925 0.3825 0.85 0.41333333281250006 0.925 0.42000000000000004 0.9316666671875 0.45416666718750004 0.9358333328124999
79 0.5041666671875 0.9625 0.5308333328125 0.9625 0.5541666671875001 0.9541666671875 0.5641666671875 0.9400000000000001 0.5666666671875 0.9283333328125 0.5816666671874999 0.7733333328125 0.5716666671875 0.71 0.5575 0.7008333328125 0.5025000000000001 0.7083333328125 0.4733333328125 0.745 0.46666666718750005 0.7958333328125 0.465 0.9241666671875001 0.47083333281249995 0.945 0.4808333328125 0.9558333328125 0.5041666671875 0.9625
79 0.5908333328125 0.9625 0.6091666671875 0.9650000000000001 0.6508333328125 0.9625 0.6691666671875 0.9541666671875 0.6733333328125 0.9491666671875001 0.6733333328125 0.925 0.6683333328125001 0.8391666671875001 0.6508333328125 0.745 0.6341666671875 0.72 0.6183333328125 0.7158333328125 0.5958333328125 0.7208333328125 0.5908333328125 0.7275 0.575 0.8233333328124999 0.5758333328125 0.9241666671875001 0.5775 0.9400000000000001 0.5841666671875 0.9550000000000001 0.5908333328125 0.9625
79 0.6975 0.9658333328125 0.7166666671875 0.97 0.75 0.9691666671875 0.7625 0.9625 0.7666666671875 0.9508333328124999 0.7658333328125 0.8658333328125 0.75 0.7466666671875 0.7375 0.7083333328125 0.725 0.7008333328125 0.6950000000000001 0.7 0.6599999999999999 0.7208333328125 0.655 0.7791666671875 0.6725 0.9366666671875 0.6825 0.9550000000000001 0.6975 0.9658333328125
79 0.8574999999999999 0.975 0.8724999999999999 0.9633333328125 0.8691666671875 0.8566666671875 0.8466666671875 0.7458333328125 0.8225 0.7066666671874999 0.8116666671875 0.7008333328125 0.8 0.7008333328125 0.7833333328125 0.7091666671875 0.7575000000000001 0.7566666671875 0.7666666671875 0.9308333328125 0.7725 0.9550000000000001 0.7925 0.975 0.8574999999999999 0.975
79 1 0.8583333328125 0.95 0.7416666671875001 0.9316666671875 0.7233333328125 0.9199999999999999 0.7216666671875 0.9125 0.7266666671875 0.865 0.8141666671875001 0.8675 0.9516666671875 0.8766666671875001 0.9716666671875 0.8841666671875 0.9766666671875001 0.9033333328125 0.9791666671874999 1 0.9791666671874999 1 0.8583333328125