79 0.9 0.3621013140625 0.905 0.345215759375 0.8699999999999999 0.1894934328125 0.85 0.13696060000000002 0.6825 0.1275797375 0.66875 0.1407129453125 0.645 0.1876172609375 0.63875 0.26829268281249996 0.6375 0.3489681046875 0.64625 0.384615384375 0.85875 0.38086303906249996 0.9 0.3621013140625
79 0.9475 0.3039399625 0.9475 0.1819887421875 0.9275 0.1332082546875 0.885 0.1388367734375 0.8787499999999999 0.2120075046875 0.87625 0.29455909999999996 0.88125 0.3095684796875 0.925 0.3170731703125 0.9475 0.3039399625
79 0.75125 0.712945590625 0.7837500000000001 0.703564728125 0.795 0.6904315203125 0.82 0.4821763609375 0.79875 0.43902439062500004 0.75 0.42776735468749993 0.6425 0.42776735468749993 0.6125 0.4427767359375 0.615 0.6810506562499999 0.6224999999999999 0.7016885546875 0.64125 0.71106941875 0.75125 0.712945590625
79 0.8975 0.53470919375 0.89 0.4821763609375 0.8724999999999999 0.4409005625 0.8412499999999999 0.43902439062500004 0.8125 0.5065666046875 0.8025 0.64165103125 0.8012499999999999 0.6960600375 0.8087500000000001 0.7091932453124999 0.9 0.7091932453124999 0.8975 0.53470919375
79 1 0.4352720453125 0.9487500000000001 0.4409005625 0.9087500000000001 0.5196998125000001 0.9075 0.6998123828125 0.9337500000000001 0.72045028125 1 0.7166979359375001 1 0.4352720453125
79 0.6025 0.302063790625 0.61 0.1407129453125 0.60875 0.11257035625 0.6 0.0919324578125 0.575 0.0675422140625 0.5375 0.0750469046875 0.50875 0.1257035640625 0.48 0.26829268281249996 0.46875 0.37898686718749997 0.54125 0.390243903125 0.5912499999999999 0.3827392125 0.6025 0.302063790625
79 0.48125 0.2908067546875 0.48 0.183864915625 0.45499999999999996 0.0844277671875 0.44125 0.0750469046875 0.4175 0.0750469046875 0.4 0.110694184375 0.385 0.17448405312499998 0.37124999999999997 0.302063790625 0.37 0.36772983125 0.375 0.37898686718749997 0.46624999999999994 0.37898686718749997 0.48125 0.2908067546875
79 0.34375 0.3827392125 0.35750000000000004 0.36772983125 0.36124999999999996 0.27204502812500003 0.35625 0.10881801093750001 0.34750000000000003 0.09005628593750001 0.31375000000000003 0.0750469046875 0.28875 0.080675421875 0.25625 0.2363977484375 0.25125000000000003 0.3076923078125 0.26875 0.3714821765625 0.29125 0.3827392125 0.34375 0.3827392125
79 0.24500000000000002 0.3733583484375 0.25125000000000003 0.3433395875 0.24874999999999997 0.1951219515625 0.22875 0.08630394062499999 0.205 0.07317073125 0.1775 0.0750469046875 0.14875 0.1707317078125 0.135 0.27954971875 0.13374999999999998 0.369606003125 0.13874999999999998 0.37898686718749997 0.22125 0.3827392125 0.24500000000000002 0.3733583484375
79 0.20750000000000002 0.697936209375 0.21125 0.6810506562499999 0.19875 0.502814259375 0.19 0.470919325 0.16999999999999998 0.44840525312499996 0.145 0.454033771875 0.12 0.50469043125 0.11625 0.53470919375 0.11625 0.6003752343750001 0.13 0.6960600375 0.15375 0.703564728125 0.20750000000000002 0.697936209375
79 0.29500000000000004 0.6772983109374999 0.2725 0.4409005625 0.20375000000000001 0.4427767359375 0.19375 0.48968105 0.19 0.694183865625 0.225 0.7054408999999999 0.29125 0.6960600375 0.29500000000000004 0.6772983109374999
79 0.37 0.6604127578125001 0.3825 0.463414634375 0.36 0.4409005625 0.34249999999999997 0.43714821718749997 0.29 0.43902439062500004 0.28125 0.4521575984375 0.28375 0.6604127578125001 0.28875 0.694183865625 0.35375 0.697936209375 0.37 0.6604127578125001
79 0.45 0.6998123828125 0.45625 0.6697936203125 0.4625 0.48968105 0.4575 0.457786115625 0.39375 0.457786115625 0.36625 0.5365853656249999 0.36375 0.5628517828125 0.3625 0.694183865625 0.38125 0.7054408999999999 0.42750000000000005 0.7073170734375 0.45 0.6998123828125
79 0.52 0.697936209375 0.53125 0.66228893125 0.54375 0.45966228906250006 0.48 0.4409005625 0.46125 0.4446529078125 0.45 0.51031895 0.44625000000000004 0.5778611625 0.44375 0.66228893125 0.44875 0.694183865625 0.47874999999999995 0.7054408999999999 0.52 0.697936209375
79 0.5974999999999999 0.44652908125 0.55125 0.45966228906250006 0.5349999999999999 0.5309568484375 0.53125 0.6041275796875001 0.5337500000000001 0.7091932453124999 0.6125 0.7091932453124999 0.62 0.4915572234375 0.5974999999999999 0.44652908125
79 0.36 1 0.37875000000000003 0.98499061875 0.38375 0.9756097562500001 0.38375 0.9230769234375 0.37625000000000003 0.7973733578125 0.3675 0.7861163234374999 0.3275 0.7879924953125 0.3 0.8574108812500001 0.3 0.943714821875 0.30874999999999997 0.9868667921875 0.31875 1 0.36 1
79 0.44125 0.9906191375000001 0.44749999999999995 0.977485928125 0.4525 0.92682926875 0.4575 0.782363978125 0.445 0.7654784234374999 0.43375 0.7654784234374999 0.40499999999999997 0.7711069421875 0.39 0.7861163234374999 0.35750000000000004 0.9118198874999999 0.37 0.977485928125 0.39125 0.9906191375000001 0.44125 0.9906191375000001
79 0.5175 0.9418386484375001 0.525 0.8030018765625 0.52125 0.7711069421875 0.50625 0.7579737328125 0.46125 0.7579737328125 0.45 0.84803001875 0.44749999999999995 0.9643527203125 0.4525 0.9868667921875 0.5075000000000001 0.9887429640625 0.5175 0.9418386484375001
79 0.58375 0.9756097562500001 0.5912499999999999 0.8667917453125 0.5875 0.7617260781249999 0.5325 0.7579737328125 0.5225 0.7711069421875 0.51375 0.983114446875 0.54 0.9962476546874999 0.5725 0.9943714828125 0.58375 0.9756097562500001
79 0.11625 0.6885553468750001 0.12125 0.679174484375 0.12125 0.64727955 0.11125 0.5178236390625 0.10500000000000001 0.49530956875000004 0.065 0.42776735468749993 0.03 0.433395871875 0.01875 0.47842401562500003 0.00375 0.6829268296875 0.0475 0.6998123828125 0.09375 0.6998123828125 0.11625 0.6885553468750001
79 0.10500000000000001 0.9756097562500001 0.11374999999999999 0.9080675421875 0.1125 0.816135084375 0.09875 0.7485928703125 0.0375 0.7485928703125 0.01875 0.816135084375 0.02375 0.8968105062499999 0.0375 0.9718574109375 0.0675 0.9887429640625 0.10500000000000001 0.9756097562500001
79 0.215 1 0.22875 0.9512195125 0.23125 0.8986866796875 0.22125 0.8292682921875001 0.20125 0.7804878046875 0.18875 0.7617260781249999 0.15 0.7729831140625001 0.13874999999999998 0.7936210125 0.125 0.8536585359375 0.12375 0.9474671671875001 0.1325 1 0.215 1
79 0.6837500000000001 1 0.6912499999999999 0.983114446875 0.6950000000000001 0.904315196875 0.67625 0.782363978125 0.66625 0.776735459375 0.62625 0.7898686671874999 0.61125 0.8348968109375001 0.61 0.9756097562500001 0.615 1 0.6837500000000001 1
79 0.7875 0.846153846875 0.76875 0.7936210125 0.7474999999999999 0.776735459375 0.71875 0.76923076875 0.70875 0.7748592875 0.6975 0.8011257031250001 0.70875 0.998123828125 0.7887500000000001 1 0.79375 0.88742964375 0.7875 0.846153846875
79 0.9237500000000001 0.9812382734374999 0.9324999999999999 0.9737335828125 0.94375 0.8855534703125001 0.9400000000000001 0.767354596875 0.9075 0.7560975609375 0.8087500000000001 0.7560975609375 0.7975 0.75984990625 0.7875 0.7861163234374999 0.7849999999999999 0.8405253281249999 0.79375 0.98499061875 0.84375 0.9887429640625 0.9237500000000001 0.9812382734374999
79 1 0.7617260781249999 0.9637499999999999 0.76923076875 0.9412499999999999 0.8273921203124999 0.9525 0.9756097562500001 0.96125 0.9887429640625 1 0.9906191375000001 1 0.7617260781249999