21 0.75 0.47109375 0.2703125 0.0640625
6 0.43046875 0.58828125 0.1484375 0.103125
27 0.75390625 0.609375 0.1953125 0.0984375
122 0.55859375 0.60625 0.15625 0.084375
37 0.34375 0.6140625 0.0828125 0.071875
81 0.73984375 0.8640625 0.134375 0.115625
97 0.47421875 0.86796875 0.1515625 0.0640625
16 0.3515625 0.89609375 0.1890625 0.121875
55 0.59375 0.9453125 0.2265625 0.0953125
113 0.37421875 0.184375 0.2609375 0.125
25 0.69296875 0.21796875 0.0984375 0.059375
65 0.79375 0.2296875 0.1453125 0.05
110 0.57421875 0.23203125 0.146875 0.0421875
38 0.35390625 0.4046875 0.059375 0.08125
116 0.55390625 0.41484375 0.115625 0.134375
25 0.39453125 0.453125 0.1265625 0.0578125