6 0.4328125 0.590625 0.175 0.0984375
27 0.75703125 0.60078125 0.203125 0.0984375
122 0.559375 0.6046875 0.1578125 0.090625
37 0.35 0.628125 0.09375 0.08125
81 0.7765625 0.8515625 0.1265625 0.1125
115 0.5203125 0.87421875 0.1296875 0.096875
97 0.6546875 0.8734375 0.13125 0.1
9 0.3828125 0.8953125 0.1296875 0.0703125
25 0.57109375 0.2109375 0.08125 0.0484375
25 0.70390625 0.2125 0.1140625 0.0484375
65 0.7984375 0.21796875 0.115625 0.0359375
16 0.3921875 0.41171875 0.1921875 0.046875
38 0.74375 0.4125 0.059375 0.0859375
8 0.7890625 0.45078125 0.1703125 0.103125
21 0.61953125 0.4546875 0.1921875 0.0640625
117 0.39921875 0.46171875 0.2640625 0.0828125