12 0.621875 0.4703125 0.146875 0.046875
47 0.4125 0.565625 0.15 0.1359375
27 0.753125 0.603125 0.203125 0.090625
75 0.3609375 0.609375 0.1375 0.1
21 0.55546875 0.6140625 0.221875 0.075
6 0.784375 0.87578125 0.16875 0.121875
55 0.41953125 0.90703125 0.1859375 0.090625
37 0.63515625 0.9140625 0.090625 0.075
115 0.359375 0.2046875 0.15625 0.0875
25 0.5890625 0.21328125 0.1 0.05
110 0.78125 0.22578125 0.11875 0.0296875
25 0.6703125 0.440625 0.096875 0.0359375
122 0.56015625 0.44375 0.15625 0.075
16 0.38359375 0.44453125 0.153125 0.09375
65 0.7375 0.45625 0.196875 0.040625