8 0.63984375 0.55625 0.2421875 0.0828125
75 0.31171875 0.58828125 0.15625 0.096875
113 0.63046875 0.59453125 0.23125 0.09375
55 0.4578125 0.60078125 0.15 0.0859375
81 0.2828125 0.865625 0.1296875 0.1015625
12 0.4484375 0.8703125 0.1375 0.0671875
9 0.66875 0.88046875 0.21875 0.0984375
38 0.446875 0.19375 0.0609375 0.1046875
115 0.29609375 0.20078125 0.15 0.0796875
122 0.55078125 0.21171875 0.165625 0.075
6 0.68203125 0.2171875 0.1375 0.0640625
27 0.32421875 0.415625 0.221875 0.0859375
16 0.69765625 0.453125 0.190625 0.0953125
110 0.48984375 0.4578125 0.140625 0.0421875