65 0.34609375 0.475 0.159375 0.0578125
116 0.7515625 0.54921875 0.1171875 0.1421875
47 0.3421875 0.59375 0.1359375 0.1140625
25 0.565625 0.590625 0.1171875 0.075
73 0.6578125 0.80625 0.1 0.1578125
38 0.34453125 0.8515625 0.059375 0.103125
9 0.61640625 0.896875 0.2671875 0.090625
97 0.38671875 0.9265625 0.1765625 0.1296875
12 0.78203125 0.93828125 0.1765625 0.0875
47 0.31796875 0.18359375 0.184375 0.153125
115 0.47265625 0.209375 0.1671875 0.08125
122 0.71640625 0.20234375 0.1921875 0.078125
16 0.73125 0.43359375 0.178125 0.0953125
110 0.56875 0.46171875 0.125 0.0390625