9 0.57265625 0.471875 0.2171875 0.0515625
47 0.5765625 0.5890625 0.1625 0.1125
122 0.728125 0.59140625 0.1421875 0.0734375
113 0.396875 0.6078125 0.259375 0.0734375
25 0.70234375 0.8875 0.11875 0.071875
110 0.428125 0.890625 0.1265625 0.059375
116 0.3375 0.175 0.121875 0.1359375
116 0.58984375 0.18125 0.115625 0.121875
21 0.63125 0.21015625 0.296875 0.065625
1 0.45234375 0.215625 0.15 0.0609375
37 0.778125 0.2171875 0.08125 0.053125
75 0.69921875 0.4359375 0.2 0.08125
27 0.35703125 0.45 0.190625 0.0875