86 0.45234375 0.57265625 0.88828125 0.6515625
86 0.621875 0.19921875 0.04765625 0.03828125
86 0.64609375 0.1546875 0.03828125 0.02734375
86 0.76953125 0.153125 0.04375 0.02265625
86 0.721875 0.21875 0.04375 0.02421875
86 0.5046875 0.55859375 0.23828125 0.159375
86 0.303125 0.5328125 0.215625 0.13515625
86 0.22421875 0.40546875 0.06953125 0.0515625
86 0.10546875 0.58984375 0.1109375 0.05625
86 0.33203125 0.81796875 0.0890625 0.06328125
86 0.8203125 0.69453125 0.0765625 0.06328125
86 0.6328125 0.37734375 0.0890625 0.05390625