86 0.11640625 0.725 0.14296875 0.2
86 0.3734375 0.85 0.153125 0.1953125
86 0.56015625 0.7828125 0.1203125 0.13515625
86 0.921875 0.61484375 0.13359375 0.175
86 0.7 0.8171875 0.1265625 0.1796875
86 0.46640625 0.6453125 0.1265625 0.1796875
86 0.69140625 0.5078125 0.1203125 0.13515625
86 0.2203125 0.5171875 0.103125 0.16015625
86 0.88515625 0.4328125 0.11328125 0.13984375
86 0.5515625 0.3953125 0.1203125 0.13984375
86 0.3203125 0.37265625 0.103125 0.1453125
86 0.1984375 0.3375 0.10703125 0.125
86 0.76328125 0.3453125 0.09296875 0.1296875
86 0.31484375 0.73984375 0.1203125 0.1703125
86 0.34296875 0.6203125 0.11640625 0.125