62 0.7265625 0.41984953750000004 0.7003038187499999 0.43692129687500003 0.6814236109375 0.4464699078125 0.663628471875 0.45891203750000004 0.6174045140625 0.4811921296875 0.609375 0.48640046249999996 0.5857204859375 0.498553240625 0.5303819437499999 0.5251736109375 0.5212673609375 0.5286458328125 0.5041232640625 0.5379050921874999 0.4811197921875 0.547453703125 0.46180555625 0.5587384265625001 0.45421006875 0.5613425921874999 0.44835069375 0.5651041671875 0.4353298609375 0.570891203125 0.4064670140625 0.5804398140625 0.3854166671875 0.5856481484375 0.35633680624999997 0.5899884265625001 0.30772569375000003 0.6006944437499999 0.2556423609375 0.6102430562500001 0.23806423593749998 0.6148726859375 0.22135416718749998 0.617766203125 0.204644096875 0.623553240625 0.201171875 0.6267361109375 0.19943576406250002 0.632233796875 0.200737846875 0.6383101859375 0.201171875 0.6545138890625 0.20377604218749998 0.6736111109375 0.20399305625 0.6857638890625 0.212890625 0.6993634265625001 0.22960069375 0.7097800921874999 0.237847221875 0.7120949078125001 0.2502170140625 0.711516203125 0.2536892359375 0.712384259375 0.2552083328125 0.7141203703125 0.2556423609375 0.71585648125 0.24696180625 0.72945601875 0.24392361093749998 0.7482638890625 0.24587673593749998 0.7546296296875 0.24913194375 0.7595486109375 0.2578125 0.7630208328125 0.27191840312500004 0.7589699078125001 0.3166232640625 0.7424768515625 0.38671875 0.7097800921874999 0.404296875 0.69820601875 0.41753472187499996 0.6915509265625001 0.42860243125 0.6817129625 0.4450954859375 0.664641203125 0.4513888890625 0.659722221875 0.4650607640625 0.6452546296875 0.4787326390625 0.63570601875 0.5017361109375 0.6238425921874999 0.529730903125 0.6125578703125 0.5592447921875 0.5969328703125 0.5837673609375 0.5859375 0.601996528125 0.5763888890625 0.6106770828125 0.57320601875 0.627387153125 0.5633680562500001 0.687934028125 0.5329861109375 0.720703125 0.5130208328125 0.7697482640625 0.4797453703125 0.786675346875 0.47106481406249995 0.7921006937499999 0.4670138890625 0.799262153125 0.46440972187499996 0.8213975687499999 0.44965277812500004 0.8270399312500001 0.44328703750000004 0.828125 0.44039351875 0.823784721875 0.43344907343749994 0.8064236109375 0.3888888890625 0.801215278125 0.3828125 0.7975260421875 0.3807870375 0.794921875 0.3807870375 0.7825520828125 0.3854166671875 0.754340278125 0.40422453750000004 0.7265625 0.41984953750000004
4 0.692925346875 0.5280671296875 0.6892361109375 0.53125 0.6875 0.5350115734374999 0.687065971875 0.545428240625 0.696831596875 0.568865740625 0.6998697921875 0.5925925921874999 0.703125 0.6027199078125001 0.7118055562500001 0.6183449078125001 0.7176649312500001 0.63570601875 0.730034721875 0.6574074078125001 0.743706596875 0.6727430562500001 0.752387153125 0.6788194437499999 0.7586805562500001 0.6814236109375 0.7701822921875 0.6837384265625001 0.7842881937499999 0.6822916671875 0.8025173609375 0.6750578703125 0.8083767359375 0.6707175921874999 0.815972221875 0.662615740625 0.8235677078125001 0.6467013890625 0.826605903125 0.6325231484375 0.8279079859375 0.6125578703125 0.8268229171874999 0.58101851875 0.8250868062500001 0.5720486109375 0.8205295140625 0.5607638890625 0.8161892359375 0.5538194437499999 0.809027778125 0.5460069437499999 0.8046875 0.5379050921874999 0.798394096875 0.5289351859375 0.787543403125 0.515046296875 0.7760416671875 0.5026041671875 0.763237846875 0.493634259375 0.7588975687499999 0.4924768515625 0.746527778125 0.49710648125 0.7337239578125 0.5037615734374999 0.692925346875 0.5280671296875
4 0.6017795140625 0.5850694437499999 0.5965711812500001 0.595196759375 0.5930989578125 0.5983796296875 0.58984375 0.6035879625 0.5842013890625 0.6218171296875 0.5826822921875 0.6319444437499999 0.5826822921875 0.641203703125 0.5850694437499999 0.6582754625 0.5974392359375 0.6799768515625 0.6024305562500001 0.6915509265625001 0.611328125 0.7054398140625 0.6174045140625 0.7118055562500001 0.622612846875 0.715277778125 0.6338975687499999 0.7207754625 0.642144096875 0.7274305562500001 0.6536458328125 0.7335069437499999 0.6638454859375 0.7369791671875 0.6866319437499999 0.7413194437499999 0.6963975687499999 0.7424768515625 0.7122395828125 0.7421875 0.730902778125 0.7398726859375 0.741753471875 0.734375 0.747612846875 0.7297453703125 0.751953125 0.7245370375 0.7547743062500001 0.7178819437499999 0.7569444437499999 0.7092013890625 0.7571614578125 0.6950231484375 0.7552083328125 0.6822916671875 0.7467447921875 0.6707175921874999 0.735894096875 0.659722221875 0.7259114578125 0.6446759265625001 0.7068142359375 0.6102430562500001 0.6998697921875 0.5995370375 0.693359375 0.5850694437499999 0.6872829859375 0.581597221875 0.664496528125 0.5763888890625 0.646918403125 0.5740740734374999 0.6338975687499999 0.573784721875 0.618706596875 0.576678240625 0.605902778125 0.5818865734374999 0.6017795140625 0.5850694437499999
61 0.739800346875 0.17100694375 0.734375 0.17795138906250002 0.7235243062500001 0.1872106484375 0.7204861109375 0.1912615734375 0.71875 0.1956018515625 0.7174479171875 0.203125 0.7159288187499999 0.22743055625 0.7122395828125 0.2560763890625 0.7118055562500001 0.27633101875 0.7135416671875 0.290509259375 0.728081596875 0.3084490734375 0.7454427078125 0.321759259375 0.7565104171875 0.3260995375 0.7723524312500001 0.329571759375 0.784722221875 0.3301504625 0.7979600687499999 0.32725694375000003 0.821831596875 0.3191550921875 0.8342013890625 0.3125 0.8478732640625 0.3072916671875 0.8537326390625 0.3009259265625 0.8595920140625 0.2873263890625 0.8624131937499999 0.2771990734375 0.8665364578125001 0.2540509265625 0.8674045140625 0.24131944375 0.8752170140625 0.228009259375 0.8747829859375 0.21846064843750002 0.873480903125 0.2141203703125 0.8524305562500001 0.18663194375 0.84375 0.17881944375 0.825737846875 0.1585648140625 0.8220486109375 0.156828703125 0.812934028125 0.15538194375 0.7986111109375 0.1550925921875 0.7630208328125 0.1585648140625 0.75390625 0.1614583328125 0.739800346875 0.17100694375
61 0.5939670140625 0.1741898140625 0.5833333328125 0.17100694375 0.5729166671875 0.1637731484375 0.5661892359375 0.1637731484375 0.5638020828125 0.16695601875 0.5700954859375 0.1773726859375 0.5809461812500001 0.181134259375 0.583984375 0.1843171296875 0.5852864578125 0.1877893515625 0.5846354171875 0.20138888906250002 0.5809461812500001 0.2297453703125 0.5809461812500001 0.2554976859375 0.582465278125 0.2679398140625 0.5889756937499999 0.2922453703125 0.5930989578125 0.30121527812500004 0.596137153125 0.304108796875 0.6184895828125 0.3078703703125 0.6349826390625 0.3078703703125 0.6571180562500001 0.305266203125 0.6701388890625 0.3023726859375 0.6864149312500001 0.296296296875 0.692925346875 0.2922453703125 0.7024739578125 0.28414351875 0.7076822921875 0.2751736109375 0.710503471875 0.2633101859375 0.7154947921875 0.2277199078125 0.716362846875 0.214409721875 0.7139756937499999 0.2008101859375 0.7063802078125 0.1843171296875 0.69921875 0.17476851875 0.6924913187499999 0.1692708328125 0.6844618062500001 0.164641203125 0.669487846875 0.1600115734375 0.6599392359375 0.1585648140625 0.6462673609375 0.1585648140625 0.6171875 0.16319444375 0.6004774312500001 0.1692708328125 0.5939670140625 0.1741898140625
61 0.49327256875 0.1898148140625 0.48589409687499996 0.2063078703125 0.48285590312500004 0.21788194375 0.48046875 0.24739583281250002 0.4826388890625 0.28993055624999997 0.4845920140625 0.304108796875 0.490234375 0.32320601875 0.49457465312500004 0.33304398125 0.5021701390625 0.3434606484375 0.511284721875 0.3504050921875 0.5203993062500001 0.3538773140625 0.556206596875 0.3512731484375 0.572265625 0.353009259375 0.5772569437499999 0.350115740625 0.5813802078125 0.3440393515625 0.587890625 0.31741898125 0.5928819437499999 0.304108796875 0.5926649312500001 0.2907986109375 0.5842013890625 0.2676504625 0.58203125 0.25434027812500004 0.5813802078125 0.2311921296875 0.5833333328125 0.20399305625 0.5826822921875 0.19097222187500001 0.5807291671875 0.1872106484375 0.574652778125 0.18055555625 0.559027778125 0.1686921296875 0.5447048609375 0.1629050921875 0.530815971875 0.16116898125 0.5184461812500001 0.164641203125 0.5049913187499999 0.1756365734375 0.49327256875 0.1898148140625
61 0.6623263890625 0.304108796875 0.6525607640625 0.30902777812500004 0.627387153125 0.327546296875 0.621527778125 0.33506944375000003 0.6161024312500001 0.3492476859375 0.611762153125 0.3651620375 0.6111111109375 0.375 0.6115451390625 0.3987268515625 0.613715278125 0.41782407343749994 0.6169704859375 0.4279513890625 0.6202256937499999 0.43171296249999996 0.6321614578125 0.44097222187499996 0.6345486109375 0.44473379687500003 0.63671875 0.4542824078125 0.63671875 0.4592013890625 0.6356336812500001 0.46296296249999996 0.6338975687499999 0.46527777812500004 0.6334635421875 0.4684606484375 0.6467013890625 0.46817129687500003 0.6506076390625 0.46498842656250006 0.6647135421875 0.4592013890625 0.7081163187499999 0.43518518593750005 0.7185329859375 0.42679398125 0.7528211812500001 0.404803240625 0.7654079859375 0.39496527812500004 0.76953125 0.39149305624999997 0.7751736109375 0.381365740625 0.7762586812500001 0.3773148140625 0.7740885421875 0.3645833328125 0.7743055562500001 0.33101851875 0.7673611109375 0.327546296875 0.7567274312500001 0.32523148125 0.746527778125 0.3200231484375 0.7293836812500001 0.3058449078125 0.7118055562500001 0.28472222187499996 0.7081163187499999 0.282696759375 0.6966145828125 0.287615740625 0.6853298609375 0.295428240625 0.6623263890625 0.304108796875
1 0.2907986109375 0.4152199078125 0.283203125 0.42766203750000004 0.2747395828125 0.4542824078125 0.2654079859375 0.4768518515625 0.26280381875000003 0.4855324078125 0.26171875 0.4933449078125 0.26215277812500004 0.5046296296875 0.26519097187499996 0.5245949078125001 0.26953125 0.539641203125 0.275390625 0.5523726859375 0.28276909687499996 0.5625 0.2892795140625 0.5685763890625 0.29405381875000003 0.5749421296875 0.2981770828125 0.5778356484375 0.3049045140625 0.5801504625 0.3283420140625 0.582465278125 0.3537326390625 0.5827546296875 0.3708767359375 0.5792824078125001 0.3815104171875 0.573784721875 0.39539930624999997 0.5607638890625 0.4010416671875 0.55179398125 0.41167534687499996 0.5257523140625 0.41710069375 0.5081018515625 0.4186197921875 0.49565972187499996 0.41883680625 0.4762731484375 0.41644965312500004 0.45543981406249995 0.4114583328125 0.44184027812500004 0.4040798609375 0.4293981484375 0.3904079859375 0.4094328703125 0.38237847187499996 0.4010416671875 0.37261284687499996 0.39554398125 0.3650173609375 0.3929398140625 0.32703993124999997 0.392071759375 0.31597222187499996 0.39351851875 0.30620659687499996 0.3995949078125 0.2907986109375 0.4152199078125
1 0.3029513890625 0.186921296875 0.28797743124999997 0.1993634265625 0.27821180624999997 0.21064814843750002 0.27452256875000003 0.21354166718749998 0.2697482640625 0.22164351875000002 0.2584635421875 0.2520254625 0.25542534687499996 0.2659143515625 0.251953125 0.2907986109375 0.2517361109375 0.30555555624999997 0.25303819375000003 0.3156828703125 0.2575954859375 0.3356481484375 0.26171875 0.3460648140625 0.26866319375000003 0.3541666671875 0.27256944375000003 0.3611111109375 0.27821180624999997 0.3645833328125 0.28559027812500004 0.3747106484375 0.2923177078125 0.37789351875 0.2975260421875 0.3839699078125 0.30078125 0.38628472187499996 0.31206597187499996 0.3932291671875 0.3181423609375 0.3952546296875 0.3411458328125 0.3964120375 0.3606770828125 0.3938078703125 0.3747829859375 0.38715277812500004 0.3873697921875 0.37586805624999997 0.4006076390625 0.359953703125 0.41102430625 0.3411458328125 0.41449652812500004 0.328125 0.41905381875 0.2913773140625 0.41753472187499996 0.2708333328125 0.4142795140625 0.2520254625 0.40863715312500004 0.23350694375 0.4016927078125 0.2210648140625 0.38433159687499996 0.1993634265625 0.3732638890625 0.188946759375 0.365234375 0.1843171296875 0.35503472187499996 0.180266203125 0.3400607640625 0.17795138906250002 0.32769097187499996 0.179108796875 0.31293402812500004 0.1828703703125 0.3029513890625 0.186921296875
53 0.13585069375 0.16753472187500001 0.12738715312499999 0.178240740625 0.1232638890625 0.1820023140625 0.1158854171875 0.1941550921875 0.1087239578125 0.20225694375 0.10460069375 0.21006944375 0.103081596875 0.2149884265625 0.10264756875 0.2410300921875 0.10655381875 0.2673611109375 0.109809028125 0.2795138890625 0.121527778125 0.3101851859375 0.12543402812499999 0.3177083328125 0.12999131875 0.33304398125 0.1328125 0.336516203125 0.13563368125 0.3379629625 0.150390625 0.3420138890625 0.200737846875 0.3420138890625 0.21484375 0.343171296875 0.230902778125 0.3414351859375 0.23936631875 0.3382523140625 0.24631076406250002 0.3339120375 0.249565971875 0.3307291671875 0.2517361109375 0.3249421296875 0.25347222187499996 0.29195601875 0.2610677078125 0.24131944375 0.2615017359375 0.2265625 0.2595486109375 0.21701388906250002 0.25737847187499996 0.21151620312500002 0.251953125 0.2019675921875 0.246527778125 0.194733796875 0.22743055625 0.1750578703125 0.21571180625 0.1660879625 0.202690971875 0.1617476859375 0.18836805625 0.1588541671875 0.16167534687500001 0.1574074078125 0.1529947921875 0.1582754625 0.14605034687500001 0.1603009265625 0.13585069375 0.16753472187500001
4 0.08615451406249999 0.35503472187499996 0.081597221875 0.365740740625 0.07986111093750001 0.3773148140625 0.080078125 0.381365740625 0.08289930625 0.391203703125 0.0859375 0.3967013890625 0.101128471875 0.41782407343749994 0.12673611093749998 0.4453125 0.14409722187500001 0.46151620312499997 0.15256076406250002 0.46788194375 0.1555989578125 0.47222222187499996 0.15907118125 0.475115740625 0.17534722187500001 0.48234953750000004 0.19118923593749998 0.485821759375 0.22547743125 0.48813657343749994 0.25347222187499996 0.48640046249999996 0.26128472187499996 0.48379629687500003 0.2658420140625 0.48090277812500004 0.2736545140625 0.4690393515625 0.2786458328125 0.45688657343749994 0.283203125 0.44097222187499996 0.2849392359375 0.4285300921875 0.2845052078125 0.41753472187499996 0.28125 0.404803240625 0.27430555624999997 0.3885995375 0.267578125 0.3781828703125 0.25477430624999997 0.3634259265625 0.244140625 0.3547453703125 0.23567708281250002 0.3460648140625 0.22634548593749998 0.3417245375 0.20377604218749998 0.33940972187499996 0.15863715312499999 0.33940972187499996 0.13888888906250002 0.3376736109375 0.1032986109375 0.34461805624999997 0.089409721875 0.3518518515625 0.08615451406249999 0.35503472187499996
1 0.14800347187500001 0.49652777812500004 0.1399739578125 0.5271990734374999 0.13758680625 0.5477430562500001 0.13780381875 0.5700231484375 0.1412760421875 0.5960648140625 0.14539930625 0.608796296875 0.14756944375 0.612847221875 0.15342881875 0.6218171296875 0.15928819375 0.62789351875 0.16297743125 0.6304976859375 0.1744791671875 0.6348379625 0.17881944375 0.6351273140625 0.1907552078125 0.6331018515625 0.210503471875 0.6252893515625 0.22721354218749998 0.62008101875 0.2771267359375 0.608796296875 0.2892795140625 0.603009259375 0.29796006875000003 0.5957754625 0.2994791671875 0.593171296875 0.3014322921875 0.5859375 0.3014322921875 0.5818865734374999 0.2962239578125 0.5720486109375 0.28472222187499996 0.5598958328125 0.2779947921875 0.5500578703125 0.2701822921875 0.531828703125 0.26605902812500004 0.5095486109375 0.26519097187499996 0.4895833328125 0.26323784687499996 0.4817708328125 0.2575954859375 0.4797453703125 0.251953125 0.4797453703125 0.23415798593749998 0.48350694375 0.21657986093749998 0.48350694375 0.18901909687500001 0.48090277812500004 0.16254340312499999 0.475115740625 0.15798611093749998 0.47743055625 0.15473090312499999 0.4811921296875 0.14800347187500001 0.49652777812500004