71 0.23828125 0.47578125 0.1921875 0.1171875
71 0.6921875 0.48125 0.21015625 0.12421875
71 0.04921875 0.48203125 0.0984375 0.1125
71 0.453125 0.4859375 0.17890625 0.11171875
71 0.6703125 0.61015625 0.18671875 0.1171875
71 0.23515625 0.6140625 0.18984375 0.10546875
71 0.4625 0.62265625 0.17734375 0.1234375
71 0.053125 0.6234375 0.10625 0.1375
71 0.234375 0.75390625 0.20859375 0.1140625
71 0.6859375 0.7578125 0.1921875 0.125
71 0.05 0.76171875 0.09921875 0.13359375
71 0.46328125 0.76484375 0.184375 0.11953125
71 0.2515625 0.08359375 0.18828125 0.10546875
71 0.05625 0.090625 0.1125 0.103125
71 0.475 0.09296875 0.18828125 0.1171875
71 0.68125 0.09296875 0.16875 0.125
71 0.246875 0.2171875 0.184375 0.12890625
71 0.05546875 0.21796875 0.1109375 0.12265625
71 0.4671875 0.22109375 0.17734375 0.11328125
71 0.69765625 0.22890625 0.2265625 0.125
71 0.24765625 0.3359375 0.1859375 0.10859375
71 0.66796875 0.35390625 0.18671875 0.1109375
71 0.45625 0.35546875 0.18046875 0.1140625
71 0.06328125 0.35625 0.1265625 0.115625