122 0.409375 0.6921875 0.096875 0.059375
122 0.26796875 0.70234375 0.109375 0.0703125
122 0.29921875 0.66015625 0.096875 0.0578125
122 0.18203125 0.68125 0.096875 0.0875
82 0.60703125 0.66484375 0.128125 0.0765625
82 0.52109375 0.6265625 0.115625 0.08125
82 0.70859375 0.6421875 0.1125 0.075
82 0.65234375 0.5953125 0.059375 0.04375
1 0.43046875 0.59921875 0.09375 0.0796875
1 0.61328125 0.61015625 0.103125 0.0515625
1 0.48515625 0.40703125 0.078125 0.0671875
39 0.62265625 0.178125 0.184375 0.046875
39 0.65625 0.20859375 0.178125 0.0359375
39 0.5625 0.2171875 0.065625 0.04375
6 0.446875 0.7671875 0.128125 0.18125
6 0.48125 0.91640625 0.3125 0.1078125