38 0.2931547625 0.5899470906250001 0.30381944375000003 0.5922619046875 0.312748015625 0.596560846875 0.3206845234375 0.5975529093749999 0.325644840625 0.597222221875 0.3301091265625 0.5958994703125 0.3333333328125 0.59424603125 0.3395337296875 0.5892857140625 0.3420138890625 0.5859788359375 0.3420138890625 0.5849867718749999 0.3415178578125 0.584325396875 0.3382936515625 0.5826719578125 0.3201884921875 0.5826719578125 0.29340277812500004 0.58167989375 0.29092261875 0.5823412703125 0.2896825390625 0.583664021875 0.2891865078125 0.5849867718749999 0.2894345234375 0.5866402109375 0.29092261875 0.5886243390625 0.2931547625 0.5899470906250001
38 0.7363591265625 0.6630290999999999 0.7435515875 0.6650132281250001 0.7480158734375 0.6650132281250001 0.7537202375 0.6636904765625 0.7569444437499999 0.6613756609375 0.759424603125 0.6580687828125 0.7604166671875 0.6574074078125001 0.7668650796875001 0.6547619046875 0.769097221875 0.6544312171875 0.77157738125 0.653108465625 0.7735615078125 0.6498015875 0.7733134921875 0.6488095234375 0.7678571421875 0.6478174609375 0.731894840625 0.6474867718749999 0.7274305562500001 0.646494709375 0.724454365625 0.646494709375 0.721726190625 0.6481481484375 0.721478175 0.6494709000000001 0.7232142859375 0.6524470906250001 0.728670634375 0.6580687828125 0.7363591265625 0.6630290999999999
38 0.6507936515625 0.6583994703125 0.6582341265625 0.6617063484375 0.6629464281249999 0.662367725 0.6741071421875 0.6617063484375 0.6820436515625 0.6580687828125 0.6855158734375 0.6570767203125001 0.6884920640625001 0.6547619046875 0.6919642859375 0.6504629625 0.69345238125 0.6494709000000001 0.6939484125 0.6481481484375 0.693700396875 0.6474867718749999 0.6924603171875 0.646825396875 0.6862599203124999 0.6458333328125 0.6646825390625 0.6455026453125 0.6607142859375 0.6451719578125 0.6572420640625001 0.64417989375 0.6520337296875 0.64417989375 0.65029761875 0.6448412703125 0.6490575390625 0.646494709375 0.6485615078125 0.6478174609375 0.6488095234375 0.653108465625 0.6493055562500001 0.6554232796874999 0.6507936515625 0.6583994703125
38 0.381200396875 0.6474867718749999 0.384424603125 0.6491402109375 0.3888888890625 0.650132275 0.3926091265625 0.653108465625 0.3955853171875 0.6547619046875 0.40302579375 0.65641534375 0.4079861109375 0.65608465625 0.41195436562500004 0.6550925921874999 0.419394840625 0.6517857140625 0.4228670640625 0.6491402109375 0.4268353171875 0.6451719578125 0.428571428125 0.6421957671875 0.4298115078125 0.6388888890625 0.4298115078125 0.6352513234375 0.4293154765625 0.6339285718750001 0.428571428125 0.6332671953125 0.41790674531249994 0.6316137562499999 0.3983134921875 0.63128306875 0.3821924609375 0.6319444437499999 0.375744046875 0.6329365078125 0.375248015625 0.6332671953125 0.37549603125000003 0.637896825 0.3789682546875 0.6445105812499999 0.381200396875 0.6474867718749999
38 0.6706349203124999 0.42625661406250004 0.6708829359374999 0.43419312187500003 0.67137896875 0.43683862500000004 0.6731150796875001 0.4424603171875 0.674603175 0.4457671953125 0.68154761875 0.45568783125 0.68700396875 0.46031746093750003 0.6966765875 0.46494709062500006 0.703373015625 0.466269840625 0.7123015875 0.465939153125 0.7172619046875 0.46428571406249997 0.7237103171875 0.459325396875 0.7299107140625 0.4517195765625 0.734126984375 0.4424603171875 0.7358630953125 0.43981481406249995 0.7418154765625 0.43518518593750005 0.7447916671875 0.43353174531249994 0.749255953125 0.4295634921875 0.752480159375 0.42592592656250006 0.75595238125 0.41931216875 0.7584325390625 0.41038359843750005 0.7586805562500001 0.397156084375 0.7579365078125 0.38624338593749996 0.7566964281249999 0.38062169375 0.7542162703125 0.375 0.7487599203124999 0.36607142812500004 0.7452876984375 0.3624338625 0.740079365625 0.35582010625 0.73487103125 0.3508597890625 0.7291666671875 0.3425925921875 0.724950396875 0.3396164015625 0.713045634375 0.337632275 0.709325396875 0.337632275 0.7013888890625 0.34027777812500004 0.6989087296875 0.3425925921875 0.697420634375 0.34325396874999997 0.69072420625 0.3492063484375 0.687251984375 0.35350529062499997 0.6835317453124999 0.35648148125 0.6800595234375 0.36044973593749996 0.6758432546875001 0.36871693125 0.6733630953125 0.377976190625 0.6731150796875001 0.3802910046875 0.6728670640625001 0.390542328125 0.6741071421875 0.4044312171875 0.6728670640625001 0.4140211640625 0.6706349203124999 0.42625661406250004
73 0.9149305562500001 0.2946428578125 0.9179067453125 0.30588624375 0.918898809375 0.31349206406249996 0.918898809375 0.3164682546875 0.9179067453125 0.321759259375 0.9141865078125001 0.33267195781250003 0.9084821421875 0.34358465625 0.906994046875 0.3455687828125 0.9025297625 0.3492063484375 0.9015376984374999 0.35052910000000004 0.9015376984374999 0.3511904765625 0.9025297625 0.352843915625 0.9040178578125 0.353835978125 0.9109623015625001 0.3611111109375 0.9238591265625 0.372023809375 0.9270833328125001 0.3763227515625 0.9298115078125001 0.3773148140625 0.931299603125 0.3773148140625 0.9322916671874999 0.3766534390625 0.934771825 0.3736772484375 0.939980159375 0.365410053125 0.9454365078125001 0.35548941875 0.962549603125 0.3293650796875 0.9677579359375 0.322089946875 0.9779265875 0.3045634921875 0.9804067453125 0.3015873015625 0.9833829359375 0.296957671875 0.9898313484375001 0.285052909375 0.9923115078125001 0.2791005296875 0.9918154765624999 0.27678571406249997 0.990575396875 0.2757936515625 0.9821428578125 0.2748015875 0.9424603171875001 0.2734788359375 0.9079861109375 0.2734788359375 0.906498015625 0.2738095234375 0.906001984375 0.275132275 0.906001984375 0.278769840625 0.906498015625 0.2800925921875 0.9112103171875001 0.28571428593750003 0.9149305562500001 0.2946428578125
38 0.2730654765625 0.30820105781249996 0.2770337296875 0.3148148140625 0.281498015625 0.31878306875 0.2864583328125 0.3257275125 0.2894345234375 0.32705026406250004 0.3033234125 0.3267195765625 0.3125 0.32771164062499997 0.31944444375000003 0.3296957671875 0.325148809375 0.33201058125 0.32713293593750004 0.333664021875 0.3301091265625 0.3382936515625 0.3353174609375 0.34358465625 0.338045634375 0.3495370375 0.33928571406249997 0.3501984125 0.3417658734375 0.3501984125 0.346726190625 0.3419312171875 0.34722222187499996 0.3356481484375 0.346230159375 0.31911375625 0.3474702375 0.309854496875 0.3477182546875 0.3009259265625 0.346478175 0.290343915625 0.34697420625 0.2728174609375 0.3459821421875 0.27149470937500003 0.3422619046875 0.2698412703125 0.33506944375000003 0.26951058125 0.3177083328125 0.26951058125 0.3144841265625 0.27017195781250003 0.31150793593750004 0.26917989375 0.278521825 0.26917989375 0.2735615078125 0.2705026453125 0.27157738125 0.271825396875 0.2695932546875 0.27777777812500004 0.268601190625 0.2827380953125 0.268353175 0.290343915625 0.26909722187499996 0.2956349203125 0.2698412703125 0.2992724875 0.2730654765625 0.30820105781249996
38 0.3529265875 0.31944444375000003 0.3551587296875 0.321759259375 0.3581349203125 0.3260582015625 0.359375 0.32705026406250004 0.3616071421875 0.3303571421875 0.36383928593750003 0.33134920625 0.36631944375000003 0.33134920625 0.375 0.328373015625 0.3772321421875 0.328042328125 0.389880953125 0.328373015625 0.40054563437499996 0.33167989375 0.40302579375 0.33167989375 0.4052579359375 0.3323412703125 0.406498015625 0.3333333328125 0.40848214218749995 0.3366402109375 0.41071428593750003 0.3382936515625 0.4154265875 0.34325396874999997 0.4166666671875 0.34391534375 0.41865079375 0.34358465625 0.419394840625 0.3429232796875 0.41989087343750003 0.340939153125 0.4201388890625 0.33399470937500003 0.4201388890625 0.3250661375 0.419394840625 0.3148148140625 0.419394840625 0.308862434375 0.4236111109375 0.2867063484375 0.4236111109375 0.277447090625 0.4231150796875 0.2741402109375 0.42237103125 0.2731481484375 0.41989087343750003 0.271825396875 0.4169146828125 0.27149470937500003 0.4114583328125 0.272156084375 0.40029761875 0.2708333328125 0.3529265875 0.2708333328125 0.3509424609375 0.272156084375 0.349950396875 0.2734788359375 0.3487103171875 0.277447090625 0.3477182546875 0.2833994703125 0.3474702375 0.2916666671875 0.3489583328125 0.30654761875 0.34970238125 0.3101851859375 0.3529265875 0.31944444375000003
38 0.346726190625 0.403439153125 0.3474702375 0.4050925921875 0.349950396875 0.40839947031249996 0.353670634375 0.412367725 0.3551587296875 0.41468253906249997 0.356894840625 0.42129629687500003 0.359126984375 0.4269179890625 0.361855159375 0.4358465609375 0.368799603125 0.44345238125 0.3727678578125 0.44609788437500003 0.3769841265625 0.4477513234375 0.3826884921875 0.4484126984375 0.38963293593750004 0.4480820109375 0.3958333328125 0.44609788437500003 0.39955357187499996 0.44411375625 0.403521825 0.44080687812499997 0.406498015625 0.4371693125 0.4109623015625 0.434854496875 0.4126984125 0.434523809375 0.4144345234375 0.4325396828125 0.415674603125 0.4292328046875 0.41741071406249997 0.41468253906249997 0.41741071406249997 0.3984788359375 0.418898809375 0.3928571421875 0.41989087343750003 0.3829365078125 0.4203869046875 0.3730158734375 0.4203869046875 0.35681216875 0.41741071406249997 0.3485449734375 0.41344246093750003 0.3429232796875 0.40848214218749995 0.337632275 0.4012896828125 0.33267195781250003 0.39732142812500004 0.33068783125 0.3883928578125 0.3296957671875 0.3864087296875 0.32903439218749997 0.377480159375 0.32903439218749997 0.37053571406249997 0.33068783125 0.36532738125 0.3330026453125 0.3616071421875 0.3330026453125 0.359375 0.3353174609375 0.35267857187499996 0.339947090625 0.3477182546875 0.3452380953125 0.346230159375 0.34821428593750003 0.34424603125000003 0.3508597890625 0.3420138890625 0.35548941875 0.341269840625 0.35747354531250003 0.340773809375 0.3617724875 0.3400297625 0.3875661375 0.341269840625 0.39384920625 0.343998015625 0.400132275 0.346726190625 0.403439153125
38 0.26116071406249997 0.40608465625 0.263144840625 0.408730159375 0.268105159375 0.41038359843750005 0.2733134921875 0.4143518515625 0.27430555624999997 0.415674603125 0.2757936515625 0.41964285781250005 0.2772817453125 0.421626984375 0.278769840625 0.42526454999999996 0.28447420625 0.43518518593750005 0.2859623015625 0.4371693125 0.29017857187499996 0.44080687812499997 0.2953869046875 0.44411375625 0.3018353171875 0.44609788437500003 0.3110119046875 0.44609788437500003 0.3164682546875 0.44477513281250003 0.3199404765625 0.4421296296875 0.325396825 0.43948412656249997 0.33159722187499996 0.43419312187500003 0.333829365625 0.43121693125 0.3358134921875 0.4269179890625 0.33779761875 0.42394179843749996 0.3397817453125 0.4136904765625 0.3395337296875 0.4080687828125 0.337549603125 0.39417989375 0.337549603125 0.3859126984375 0.3395337296875 0.36937830625 0.3390376984375 0.35648148125 0.33779761875 0.3511904765625 0.3358134921875 0.346560846875 0.3303571421875 0.33928571406249997 0.327380953125 0.33697089999999996 0.3244047625 0.3333333328125 0.321924603125 0.33167989375 0.3174603171875 0.3296957671875 0.3142361109375 0.3293650796875 0.3107638890625 0.328042328125 0.299603175 0.327380953125 0.28720238125 0.328373015625 0.2797619046875 0.33167989375 0.275049603125 0.3359788359375 0.26909722187499996 0.34027777812500004 0.26463293593750004 0.346230159375 0.2604166671875 0.353835978125 0.2576884921875 0.3607804234375 0.2564484125 0.365410053125 0.2554563484375 0.372354496875 0.2552083328125 0.37929894218750004 0.256200396875 0.387896825 0.2579365078125 0.3958333328125 0.26116071406249997 0.40608465625
38 0.6654265875 0.34027777812500004 0.6654265875 0.346891534375 0.6664186515625 0.35052910000000004 0.6703869046875 0.36044973593749996 0.6738591265625 0.365740740625 0.67509920625 0.365740740625 0.6773313484375 0.3647486765625 0.6795634921875 0.3607804234375 0.684027778125 0.35482804218749997 0.687251984375 0.35251322812499997 0.6917162703125 0.34722222187499996 0.7018849203124999 0.33928571406249997 0.7075892859375 0.3373015875 0.7150297625 0.33697089999999996 0.7239583328125 0.3386243390625 0.7276785718750001 0.34027777812500004 0.7291666671875 0.34027777812500004 0.7304067453124999 0.3396164015625 0.737351190625 0.334656084375 0.7413194437499999 0.33068783125 0.7445436515625 0.325396825 0.7462797625 0.3204365078125 0.747023809375 0.3144841265625 0.747023809375 0.30919312187500003 0.7462797625 0.296626984375 0.7450396828125 0.2886904765625 0.740575396875 0.2794312171875 0.7366071421875 0.2741402109375 0.734126984375 0.2728174609375 0.72842261875 0.2728174609375 0.7261904765625 0.272156084375 0.71552579375 0.272156084375 0.7132936515625 0.2728174609375 0.7078373015625 0.272156084375 0.69717261875 0.2728174609375 0.6941964281249999 0.272156084375 0.6862599203124999 0.271825396875 0.6820436515625 0.27248677187500003 0.6758432546875001 0.27248677187500003 0.672123015625 0.2741402109375 0.6703869046875 0.278108465625 0.6681547625 0.2886904765625 0.6681547625 0.3052248671875 0.66865079375 0.31580687812499997 0.6664186515625 0.3303571421875 0.6654265875 0.34027777812500004
38 0.3189484125 0.6448412703125 0.32465277812500004 0.6521164015625 0.3266369046875 0.65641534375 0.33159722187499996 0.6620370375 0.338045634375 0.666005290625 0.34474206406249996 0.6669973546875 0.349454365625 0.6666666671875 0.3556547625 0.6646825390625 0.35838293593750004 0.6630290999999999 0.3613591265625 0.658730159375 0.36383928593750003 0.6524470906250001 0.3648313484375 0.6488095234375 0.365079365625 0.6425264546875 0.36607142812500004 0.6385582015625 0.365575396875 0.634259259375 0.3648313484375 0.6332671953125 0.3102678578125 0.63128306875 0.3060515875 0.6322751328125 0.3048115078125 0.6332671953125 0.30580357187499996 0.6385582015625 0.30902777812500004 0.640873015625 0.314980159375 0.6421957671875 0.3189484125 0.6448412703125
38 0.46800595312500004 0.6018518515625 0.475446428125 0.6018518515625 0.4831349203125 0.599867725 0.487103175 0.596891534375 0.4918154765625 0.5919312171875 0.49429563437499996 0.5866402109375 0.4935515875 0.5849867718749999 0.471230159375 0.5833333328125 0.4675099203125 0.583994709375 0.4521329359375 0.583994709375 0.44915674531249994 0.5849867718749999 0.44866071406249997 0.5859788359375 0.450644840625 0.591269840625 0.45510912656249997 0.596230159375 0.462549603125 0.6005290999999999 0.46800595312500004 0.6018518515625
38 0.53720238125 0.5988756609375 0.5448908734375 0.6005290999999999 0.5523313484375 0.6001984125 0.5570436515625 0.5985449734375 0.5639880953125 0.5929232796874999 0.5674603171875 0.5866402109375 0.5669642859375 0.5849867718749999 0.5644841265625 0.583664021875 0.5550595234375 0.5830026453125 0.531498015625 0.5830026453125 0.525545634375 0.583664021875 0.5238095234375 0.5849867718749999 0.5238095234375 0.5866402109375 0.5275297625 0.5922619046875 0.5327380953125 0.596560846875 0.53720238125 0.5988756609375
38 0.4357638890625 0.4298941796875 0.4384920640625 0.4371693125 0.440476190625 0.43981481406249995 0.443700396875 0.44179894218750004 0.4479166671875 0.44609788437500003 0.4513888890625 0.4484126984375 0.4578373015625 0.4507275125 0.46527777812500004 0.4517195765625 0.4699900796875 0.4513888890625 0.4739583328125 0.4500661375 0.481894840625 0.44609788437500003 0.48660714218749995 0.44146825468750006 0.4920634921875 0.43419312187500003 0.4935515875 0.43121693125 0.49553571406249997 0.42559523749999995 0.49652777812500004 0.41964285781250005 0.49677579375 0.40244709062500006 0.5 0.39384920625 0.5014880953125 0.3875661375 0.5022321421875 0.38326719531250003 0.502480159375 0.375661375 0.50049603125 0.3617724875 0.4982638890625 0.35482804218749997 0.4923115078125 0.3449074078125 0.487351190625 0.34027777812500004 0.4826388890625 0.3373015875 0.47569444375 0.334325396875 0.46676587343750003 0.3333333328125 0.4632936515625 0.3323412703125 0.45114087343750003 0.3330026453125 0.444196428125 0.3356481484375 0.44146825468750006 0.337632275 0.4360119046875 0.34027777812500004 0.43179563437499996 0.34424603125000003 0.428075396875 0.3488756609375 0.42633928593750003 0.3511904765625 0.42385912656249997 0.35615079375 0.4228670640625 0.36044973593749996 0.421875 0.372023809375 0.4208829359375 0.3769841265625 0.42071676562500004 0.3802910046875 0.42113095312500004 0.39318783125 0.42509920625 0.403108465625 0.43179563437499996 0.41468253906249997 0.4357638890625 0.4298941796875
38 0.74404761875 0.346230159375 0.7435515875 0.35052910000000004 0.743799603125 0.35648148125 0.7460317453124999 0.3607804234375 0.7477678578125 0.3630952375 0.75 0.365079365625 0.755704365625 0.3736772484375 0.7591765875 0.377645503125 0.7601686515625 0.3773148140625 0.76240079375 0.37400793593750004 0.768601190625 0.3581349203125 0.7703373015625 0.3544973546875 0.77157738125 0.353174603125 0.775049603125 0.3518518515625 0.783730159375 0.3521825390625 0.8018353171875001 0.3508597890625 0.8087797625 0.3508597890625 0.8137400796875 0.3501984125 0.815476190625 0.3488756609375 0.818204365625 0.3455687828125 0.8196924609374999 0.3445767203125 0.825396825 0.3363095234375 0.82762896875 0.33134920625 0.8293650796875 0.3257275125 0.8301091265625 0.3144841265625 0.8291170640625 0.3005952375 0.828125 0.29497354531250003 0.824652778125 0.287367725 0.82217261875 0.284060846875 0.8139880953124999 0.2754629625 0.8102678578125 0.2731481484375 0.8072916671874999 0.27248677187500003 0.7904265875 0.2728174609375 0.7879464281249999 0.272156084375 0.7797619046875 0.271825396875 0.765376984375 0.272156084375 0.7604166671875 0.2731481484375 0.7586805562500001 0.2738095234375 0.7571924609375 0.275132275 0.7517361109375 0.2827380953125 0.749255953125 0.28802910000000004 0.7477678578125 0.29332010625 0.7477678578125 0.30125661406250004 0.7482638890625 0.3072089953125 0.7480158734375 0.32705026406250004 0.74404761875 0.346230159375
38 0.8487103171875001 0.4639550265625 0.8529265875 0.4675925921875 0.8551587296875001 0.46858465625 0.8581349203125 0.47089947031249996 0.8606150796875 0.471560846875 0.8645833328125001 0.47453703750000004 0.869295634375 0.4755291 0.877728175 0.4751984125 0.8816964281249999 0.4738756609375 0.88467261875 0.4735449734375 0.887648809375 0.47222222187499996 0.8985615078125001 0.4619709 0.90029761875 0.4583333328125 0.9017857140625001 0.45634920625 0.90625 0.453373015625 0.9136904765624999 0.45105820156250004 0.9208829359375 0.4477513234375 0.9231150796875 0.4457671953125 0.9320436515624999 0.43386243437500005 0.9335317453125 0.43088624375 0.935019840625 0.42592592656250006 0.9362599203125 0.4203042328125 0.9365079359375 0.41732804218749997 0.9365079359375 0.4077380953125 0.9360119046875001 0.403439153125 0.934027778125 0.39384920625 0.931795634375 0.3875661375 0.9283234125 0.3802910046875 0.922619046875 0.372354496875 0.9079861109375 0.359457671875 0.906498015625 0.358796296875 0.903273809375 0.3551587296875 0.9007936515624999 0.35350529062499997 0.8923611109375 0.3521825390625 0.8891369046875001 0.353174603125 0.8856646828124999 0.35350529062499997 0.8665674609374999 0.35350529062499997 0.8645833328125001 0.3541666671875 0.861855159375 0.35681216875 0.8576388890625 0.3630952375 0.8524305562500001 0.36904761875 0.8504464281249999 0.372354496875 0.8474702375 0.37929894218750004 0.8457341265625 0.38723545000000004 0.847222221875 0.4110449734375 0.847222221875 0.41997354531250003 0.846726190625 0.4242724875 0.843998015625 0.43055555625 0.8395337296875001 0.43683862500000004 0.838045634375 0.440476190625 0.83779761875 0.4421296296875 0.83779761875 0.446428571875 0.8395337296875001 0.4517195765625 0.841021825 0.4546957671875 0.8487103171875001 0.4639550265625
38 0.834325396875 0.36673280468749997 0.8385416671874999 0.37169312187500003 0.8422619046875001 0.3773148140625 0.8447420640625 0.3796296296875 0.8454861109375 0.3796296296875 0.8526785718750001 0.3673941796875 0.856894840625 0.3624338625 0.8583829359375 0.359126984375 0.8603670640625 0.35648148125 0.8640873015625001 0.352843915625 0.8680555562500001 0.3518518515625 0.8826884921874999 0.3518518515625 0.887896825 0.3508597890625 0.8975694437499999 0.3508597890625 0.9007936515624999 0.3495370375 0.90674603125 0.3445767203125 0.908978175 0.3416005296875 0.9141865078125001 0.33167989375 0.9176587296875001 0.3201058203125 0.9181547625 0.3141534390625 0.9164186515624999 0.3019179890625 0.9131944437499999 0.29232804218749997 0.9102182546875 0.2870370375 0.9082341265625 0.284391534375 0.90302579375 0.2797619046875 0.900545634375 0.2764550265625 0.896825396875 0.2741402109375 0.8834325390625001 0.2728174609375 0.8705357140625001 0.2728174609375 0.860119046875 0.272156084375 0.8449900796875 0.272156084375 0.8415178578125 0.2731481484375 0.8382936515624999 0.2771164015625 0.8333333328125001 0.2863756609375 0.831101190625 0.29431216875 0.830605159375 0.30026454999999996 0.83134920625 0.321759259375 0.8291170640625 0.33101851875 0.824652778125 0.34027777812500004 0.8229166671874999 0.3495370375 0.8226686515624999 0.3521825390625 0.8231646828124999 0.35648148125 0.8263888890625 0.36044973593749996 0.834325396875 0.36673280468749997
38 0.47098214218749995 0.659391534375 0.481894840625 0.6580687828125 0.48660714218749995 0.65575396875 0.49156746093750003 0.6511243390625 0.4950396828125 0.646825396875 0.497271825 0.6418650796875001 0.49801587343750003 0.6385582015625 0.497519840625 0.6359126984375 0.49553571406249997 0.634589946875 0.4769345234375 0.6332671953125 0.4516369046875 0.6332671953125 0.4476686515625 0.634259259375 0.446924603125 0.6365740734374999 0.44742063437499996 0.6388888890625 0.45758928593750003 0.653108465625 0.4632936515625 0.6570767203125001 0.47098214218749995 0.659391534375
16 0.24156746093749998 0.559689153125 0.2398313484375 0.5537367718749999 0.2358630953125 0.5484457671875 0.234126984375 0.544146825 0.21676587343749998 0.5196759265625001 0.21279761874999997 0.5117394187500001 0.2156498015625 0.5076058203125 0.24045138906250002 0.502645503125 0.2445436515625 0.49983465625 0.250248015625 0.4670965609375 0.2498759921875 0.4540343921875 0.22904265937499999 0.4543650796875 0.22606646874999997 0.45502645468749997 0.223586309375 0.45734127031250005 0.20250496093749998 0.45701058124999994 0.17919146875 0.45866402187500005 0.1687748015625 0.4636243390625 0.1639384921875 0.46941137499999996 0.1602182546875 0.48065476250000005 0.1550099203125 0.51207010625 0.15302579375 0.52529761875 0.15277777812499999 0.53720238125 0.1705109125 0.5605158734375 0.17274305625 0.5621693125 0.1810515875 0.56233465625 0.23177083281250002 0.5611772484374999 0.23524305625 0.5601851859375 0.23945932499999997 0.5611772484374999 0.24156746093749998 0.559689153125
38 0.527777778125 0.6650132281250001 0.544394840625 0.6630290999999999 0.5553075390625 0.65641534375 0.5580357140625 0.653769840625 0.562748015625 0.6448412703125 0.5679563484375 0.63723545 0.5672123015625 0.634589946875 0.5662202375 0.6339285718750001 0.561755953125 0.6332671953125 0.53125 0.6335978843750001 0.516369046875 0.6329365078125 0.5146329359374999 0.6339285718750001 0.5141369046875 0.6365740734374999 0.5166170640625001 0.6488095234375 0.518601190625 0.6550925921874999 0.5238095234375 0.6626984125 0.527777778125 0.6650132281250001
16 0.071428571875 0.2860449734375 0.0830853171875 0.30026454999999996 0.0865575390625 0.30125661406250004 0.131200396875 0.299603175 0.13343253906250002 0.29728835937500003 0.1341765875 0.2953042328125 0.1364087296875 0.28472222187499996 0.137648809375 0.2824074078125 0.13963293593749998 0.27447089999999996 0.14037698437499999 0.26851851875 0.1383928578125 0.2671957671875 0.063244046875 0.26653439218749997 0.056795634375 0.2668650796875 0.0550595234375 0.26818783125 0.056299603125 0.2741402109375 0.060019840625 0.2797619046875 0.0644841265625 0.2830687828125 0.071428571875 0.2860449734375
16 0.07936507968749999 0.3005952375 0.07762896875 0.30125661406250004 0.0766369046875 0.302579365625 0.07638888906249999 0.3052248671875 0.07762896875 0.31150793593750004 0.0796130953125 0.3138227515625 0.1207837296875 0.3125 0.127728175 0.313161375 0.1304563484375 0.3121693125 0.131696428125 0.308862434375 0.1326884921875 0.303240740625 0.13219246093749998 0.30125661406250004 0.131200396875 0.30026454999999996 0.0957341265625 0.30125661406250004 0.07936507968749999 0.3005952375
38 0.7549603171875 0.45866402187500005 0.7566964281249999 0.459656084375 0.7643849203124999 0.4619709 0.7698412703125 0.46660052968750004 0.7757936515625 0.4705687828125 0.784226190625 0.4738756609375 0.7884424609375 0.474867725 0.794146825 0.4751984125 0.7983630953125 0.47453703750000004 0.8018353171875001 0.47321428593750003 0.8038194437499999 0.471891534375 0.8080357140625001 0.4675925921875 0.8139880953124999 0.4606481484375 0.81845238125 0.4546957671875 0.8201884921874999 0.4507275125 0.8211805562500001 0.44940476250000005 0.8350694437499999 0.440145503125 0.8385416671874999 0.43683862500000004 0.843501984375 0.4295634921875 0.8454861109375 0.424603175 0.846478175 0.41964285781250005 0.8459821421875 0.40211640156249995 0.84375 0.3859126984375 0.8425099203125 0.3826058203125 0.8387896828124999 0.375661375 0.8353174609374999 0.3710317453125 0.830605159375 0.36607142812500004 0.825396825 0.3617724875 0.8229166671874999 0.359126984375 0.8139880953124999 0.3541666671875 0.8072916671874999 0.352843915625 0.797619046875 0.35251322812499997 0.7914186515625 0.353174603125 0.7757936515625 0.353174603125 0.771825396875 0.3544973546875 0.7700892859375 0.35648148125 0.769097221875 0.35846560781250003 0.7616567453124999 0.378637565625 0.7601686515625 0.38723545000000004 0.7601686515625 0.412367725 0.759424603125 0.415343915625 0.7552083328125 0.424603175 0.7537202375 0.4298941796875 0.752976190625 0.440145503125 0.752976190625 0.45238095312500004 0.753472221875 0.45634920625 0.7549603171875 0.45866402187500005
100 0.4987599203125 0.075396825 0.5091765875 0.077711640625 0.521825396875 0.078703703125 0.525049603125 0.0796957671875 0.5379464281249999 0.07936507968749999 0.54365079375 0.0800264546875 0.5488591265625 0.078703703125 0.5558035718750001 0.07936507968749999 0.5689484125 0.0790343921875 0.5758928578125 0.0803571421875 0.5850694437499999 0.0853174609375 0.5887896828125 0.08630952343750001 0.5927579359374999 0.08630952343750001 0.5947420640625001 0.084656084375 0.5959821421875 0.077711640625 0.597222221875 0.07605820156250001 0.6001984125 0.07473545000000001 0.6009424609375 0.0707671953125 0.590773809375 0.07043650781250001 0.577876984375 0.06812169375 0.5575396828125 0.065806878125 0.5091765875 0.0615079359375 0.4947916671875 0.059523809375 0.49280753906249997 0.060185185937499996 0.493799603125 0.06646825468749999 0.49627976250000005 0.0707671953125 0.497519840625 0.0744047625 0.4987599203125 0.075396825
16 0.15600198437499999 0.42394179843749996 0.15873015937499999 0.42757936562500004 0.1614583328125 0.4295634921875 0.162946428125 0.43022486718749997 0.1639384921875 0.43022486718749997 0.165178571875 0.43088624375 0.1666666671875 0.43088624375 0.1669146828125 0.43121693125 0.168898809375 0.43154761875 0.17013888906250002 0.43320105781249996 0.1706349203125 0.43518518593750005 0.17137896875 0.4361772484375 0.17261904687500002 0.43683862500000004 0.17361111093749998 0.43683862500000004 0.17509920625 0.4375 0.1810515875 0.4424603171875 0.1825396828125 0.4427910046875 0.1827876984375 0.44312169375000005 0.18402777812499999 0.44312169375000005 0.18427579375 0.44345238125 0.18824404687500002 0.44345238125 0.18849206406250002 0.44312169375000005 0.1924603171875 0.4427910046875 0.1927083328125 0.4424603171875 0.1956845234375 0.4421296296875 0.19593253906250002 0.44179894218750004 0.1976686515625 0.44179894218750004 0.1979166671875 0.44146825468750006 0.2172619046875 0.4421296296875 0.2175099203125 0.44179894218750004 0.21924603125000003 0.44179894218750004 0.21949404687500002 0.44146825468750006 0.22073412656250002 0.44146825468750006 0.2209821421875 0.44113756562499995 0.222222221875 0.44113756562499995 0.2224702375 0.44146825468750006 0.234126984375 0.44146825468750006 0.234375 0.44179894218750004 0.24007936562499999 0.44179894218750004 0.24032738125000003 0.44146825468750006 0.250744046875 0.44113756562499995 0.2512400796875 0.44080687812499997 0.25322420625 0.4378306875 0.25322420625 0.4371693125 0.2539682546875 0.43518518593750005 0.2542162703125 0.43022486718749997 0.2552083328125 0.42757936562500004 0.2554563484375 0.42592592656250006 0.256200396875 0.4242724875 0.25669642812500004 0.4209656078125 0.2571924609375 0.41997354531250003 0.2571924609375 0.4169973546875 0.25669642812500004 0.415343915625 0.256200396875 0.41468253906249997 0.250248015625 0.415013228125 0.25 0.41468253906249997 0.2485119046875 0.41468253906249997 0.24826388906250002 0.4143518515625 0.24156746093749998 0.4143518515625 0.24131944375 0.4140211640625 0.23710317500000003 0.4140211640625 0.23685515937499999 0.4143518515625 0.2197420640625 0.4143518515625 0.21949404687500002 0.41468253906249997 0.2177579359375 0.41468253906249997 0.2175099203125 0.415013228125 0.215277778125 0.415013228125 0.2150297625 0.41468253906249997 0.209325396875 0.41468253906249997 0.20907738125000003 0.415013228125 0.206101190625 0.415013228125 0.20585317500000003 0.415343915625 0.19097222187500001 0.415674603125 0.19072420625 0.41600529062499997 0.18849206406250002 0.41600529062499997 0.18824404687500002 0.41633597812499995 0.18725198437499999 0.41633597812499995 0.18576388906250002 0.4169973546875 0.18402777812499999 0.4169973546875 0.1837797625 0.41732804218749997 0.17782738125 0.41732804218749997 0.1765873015625 0.41798941875000006 0.1738591265625 0.41832010625000005 0.17361111093749998 0.41865079375 0.1654265875 0.41865079375 0.162450396875 0.41732804218749997 0.1612103171875 0.41633597812499995 0.15674603125 0.41468253906249997 0.15575396875 0.4140211640625 0.1547619046875 0.4126984125 0.1540178578125 0.4126984125 0.15376984062500001 0.4130291 0.15376984062500001 0.41865079375 0.1547619046875 0.421626984375 0.15575396875 0.4229497359375 0.15600198437499999 0.42394179843749996
16 0.18154761875 0.45767195781250003 0.1929563484375 0.45634920625 0.2142857140625 0.45568783125 0.228174603125 0.45370370312499997 0.2485119046875 0.453042328125 0.2514880953125 0.4517195765625 0.252480159375 0.447089946875 0.252480159375 0.44345238125 0.2514880953125 0.44146825468750006 0.23164682499999997 0.4421296296875 0.2229662703125 0.44113756562499995 0.206597221875 0.44179894218750004 0.1994047625 0.440476190625 0.193204365625 0.4421296296875 0.18427579375 0.44312169375000005 0.1795634921875 0.44080687812499997 0.1765873015625 0.43683862500000004 0.174851190625 0.4358465609375 0.17137896875 0.4365079359375 0.17013888906250002 0.43948412656249997 0.17088293593749998 0.4451058203125 0.1733630953125 0.45238095312500004 0.1770833328125 0.45634920625 0.18154761875 0.45767195781250003
16 0.0570436515625 0.396164021875 0.060267857812500006 0.4007936515625 0.065228175 0.403439153125 0.07638888906249999 0.40575396875 0.07862103125 0.4074074078125 0.080853175 0.41071428593750003 0.0828373015625 0.41203703750000004 0.0853174609375 0.41468253906249997 0.08829365156249999 0.41633597812499995 0.09201388906249999 0.4169973546875 0.097222221875 0.4169973546875 0.10193452343750001 0.41600529062499997 0.10714285781249999 0.41600529062499997 0.10887896875 0.415013228125 0.11061507968749999 0.41203703750000004 0.112103175 0.403108465625 0.1145833328125 0.39649470937500003 0.116071428125 0.3885582015625 0.1197916671875 0.3730158734375 0.12202380937499999 0.3581349203125 0.12375992031250001 0.3488756609375 0.12673611093749998 0.3366402109375 0.12847222187500001 0.3260582015625 0.1292162703125 0.32076719531250003 0.1289682546875 0.3148148140625 0.127728175 0.3138227515625 0.125 0.3138227515625 0.11855158750000001 0.315476190625 0.11061507968749999 0.315476190625 0.10887896875 0.3148148140625 0.1016865078125 0.315145503125 0.09920634843750001 0.3144841265625 0.080605159375 0.3148148140625 0.0761408734375 0.31679894218750004 0.072420634375 0.31944444375000003 0.0674603171875 0.3257275125 0.06572420625 0.3303571421875 0.0560515875 0.365740740625 0.05456349218749999 0.3730158734375 0.053819443749999994 0.377976190625 0.053819443749999994 0.384259259375 0.0543154765625 0.3882275125 0.0570436515625 0.396164021875
16 0.268353175 0.5873015875 0.256200396875 0.5882936515625 0.22371031718749998 0.5889550265625 0.2140376984375 0.5899470906250001 0.1832837296875 0.590277778125 0.1696428578125 0.5922619046875 0.1681547625 0.5945767203125001 0.1681547625 0.596891534375 0.1696428578125 0.6015211640625 0.1706349203125 0.6028439156250001 0.1825396828125 0.603835978125 0.1889880953125 0.609457671875 0.193204365625 0.6084656078124999 0.20634920625 0.6078042328125 0.21130952343749998 0.6084656078124999 0.22594246093749998 0.6081349203124999 0.2299107140625 0.608796296875 0.23511904687500002 0.6081349203124999 0.25669642812500004 0.6084656078124999 0.2604166671875 0.609457671875 0.2693452375 0.6078042328125 0.2775297625 0.603835978125 0.28125 0.6005290999999999 0.2824900796875 0.5985449734375 0.2834821421875 0.590277778125 0.2827380953125 0.5882936515625 0.28025793593750004 0.5873015875 0.2757936515625 0.5879629625 0.268353175 0.5873015875
100 0 0.0671296296875 0.0233134921875 0.0677910046875 0.044146825 0.0674603171875 0.047619046875 0.06878306875 0.07043650781250001 0.06911375625 0.07713293593750001 0.06812169375 0.0801091265625 0.065806878125 0.0801091265625 0.0641534390625 0.078125 0.058862434374999995 0.0736607140625 0.0509259265625 0.06944444375 0.049603175 0.063244046875 0.049933862499999995 0.05729166718749999 0.0489417984375 0.0560515875 0.046957671875 0.0550595234375 0.0423280421875 0.053075396875 0.040343915625 0.0327380953125 0.040343915625 0.028521825 0.0396825390625 0 0.0390211640625 0 0.0671296296875
100 0.0744047625 0.0505952375 0.077380953125 0.0548941796875 0.08134920625 0.065476190625 0.088045634375 0.06911375625 0.1170634921875 0.0707671953125 0.14905753906250002 0.0707671953125 0.165178571875 0.072420634375 0.17633928593749998 0.071759259375 0.178571428125 0.0707671953125 0.17906746093749998 0.06944444375 0.1783234125 0.0641534390625 0.1741071421875 0.059523809375 0.17013888906250002 0.045965607812499996 0.169146825 0.0446428578125 0.1666666671875 0.043320106250000004 0.1498015875 0.043320106250000004 0.14756944375 0.0423280421875 0.11507936562500001 0.0419973546875 0.1113591265625 0.041335978125 0.09895833281250001 0.0416666671875 0.0952380953125 0.041005290625 0.08333333281250001 0.0416666671875 0.07291666718749999 0.040343915625 0.059771825 0.040674603125 0.0577876984375 0.0419973546875 0.0570436515625 0.043320106250000004 0.05729166718749999 0.0456349203125 0.060019840625 0.0492724875 0.07266865156249999 0.049603175 0.0744047625 0.0505952375
38 0.430803571875 0.3174603171875 0.4325396828125 0.31944444375000003 0.435019840625 0.32473545000000004 0.43526785781250005 0.3330026453125 0.43551587343750003 0.3356481484375 0.4360119046875 0.3363095234375 0.4389880953125 0.3363095234375 0.4424603171875 0.333664021875 0.450396825 0.3323412703125 0.45634920625 0.33167989375 0.466269840625 0.33201058125 0.4766865078125 0.333664021875 0.4796626984375 0.334656084375 0.48214285781250005 0.3359788359375 0.49007936562500004 0.3419312171875 0.49280753906249997 0.3425925921875 0.493799603125 0.3422619046875 0.4950396828125 0.3356481484375 0.49603174531249994 0.31150793593750004 0.49776785781250005 0.3048941796875 0.49950396875 0.30026454999999996 0.50049603125 0.29497354531250003 0.500248015625 0.287367725 0.4985119046875 0.278439153125 0.4990079359375 0.2748015875 0.4985119046875 0.2734788359375 0.49627976250000005 0.27248677187500003 0.48883928593750003 0.271825396875 0.4608134921875 0.271825396875 0.439980159375 0.2705026453125 0.42881944375 0.27149470937500003 0.4265873015625 0.27248677187500003 0.42584325468750006 0.2738095234375 0.42385912656249997 0.2896825390625 0.4236111109375 0.2992724875 0.42509920625 0.30621693125 0.4273313484375 0.311838625 0.430803571875 0.3174603171875
16 0.16472222187500002 0.41948412656249995 0.256681546875 0.41483134843749997 0.2587748015625 0.40389880937499995 0.257728175 0.3950562171875 0.25458829375 0.3841203703125 0.2547619046875 0.3778406078125 0.2549379953125 0.368998015625 0.2556349203125 0.365509259375 0.25703125 0.36131944374999997 0.2584275796875 0.35736441874999997 0.2620907734375 0.3503869046875 0.26622519843750003 0.34331349218749996 0.266803075 0.33875330625 0.270119046875 0.315019840625 0.2716096234375 0.3036838625 0.268162203125 0.2985152109375 0.2528422625 0.29803571406249996 0.16193204375 0.3024570109375 0.156173115625 0.3038525125 0.150064484375 0.3057142859375 0.1467509921875 0.3099041 0.14325892812500002 0.315019840625 0.1409920640625 0.3203736765625 0.1339484125 0.35036375625 0.1307862109375 0.3631514546875 0.12980654687499998 0.3695469578125 0.1291517859375 0.3763756609375 0.1293700390625 0.3843683859375 0.130349703125 0.3890178578125 0.133075396875 0.3939583328125 0.13436011875 0.3962202375 0.14081845312500002 0.40064153437499994 0.149367559375 0.40203703749999997 0.1614087296875 0.4176256609375 0.16472222187500002 0.41948412656249995
16 0.161981646875 0.30181547656249996 0.2689161703125 0.2979398140625 0.267733134375 0.2898974875 0.267946428125 0.2835813484375 0.2682713296875 0.2774074078125 0.2716096234375 0.2719510578125 0.27548611093750003 0.2697982796875 0.277209821875 0.2689351859375 0.15055059531249998 0.268075396875 0.1483953375 0.277549603125 0.151840278125 0.2933465609375 0.1563640875 0.29894510625000004 0.161981646875 0.30181547656249996
16 0.0248015875 0.5138888890625 0.0270337296875 0.51917989375 0.0290178578125 0.521825396875 0.03125 0.5234788359375 0.037450396875 0.5261243390625 0.049603175 0.5264550265625 0.0560515875 0.5291005296875 0.0605158734375 0.528769840625 0.06125992031250001 0.5291005296875 0.062251984375 0.5333994703125 0.06374007968749999 0.534060846875 0.06795634843750001 0.534391534375 0.0709325390625 0.533730159375 0.0845734125 0.5333994703125 0.08680555625 0.5297619046875 0.090277778125 0.5208333328125 0.09250992031250001 0.5112433859375 0.09375 0.502645503125 0.096230159375 0.491071428125 0.10119047656249999 0.4606481484375 0.1046626984375 0.44609788437500003 0.10615079375 0.44146825468750006 0.1078869046875 0.4328703703125 0.10813492031250001 0.427910053125 0.1076388890625 0.42625661406250004 0.10689484062500001 0.42526454999999996 0.068204365625 0.42526454999999996 0.0662202375 0.42592592656250006 0.0570436515625 0.42592592656250006 0.051835317187499994 0.4269179890625 0.0481150796875 0.428571428125 0.0458829359375 0.43022486718749997 0.03993055625 0.43551587343750003 0.036954365625 0.44080687812499997 0.0354662703125 0.44477513281250003 0.031994046875 0.459325396875 0.0248015875 0.4857804234375 0.0233134921875 0.49305555625 0.0228174609375 0.49636243437500005 0.0228174609375 0.5046296296875 0.0233134921875 0.5089285718750001 0.0248015875 0.5138888890625
38 0.5694444437499999 0.3361441796875 0.572420634375 0.3139880953125 0.5798611109375 0.2984457671875 0.581101190625 0.29017857187499996 0.580605159375 0.280588625 0.578125 0.271990740625 0.5767609125 0.27017195781250003 0.5690724203124999 0.26917989375 0.5460069437499999 0.2705026453125 0.517733134375 0.26917989375 0.5132688484375 0.2698412703125 0.5100446421875 0.271825396875 0.5058283734375 0.27149470937500003 0.503472221875 0.2772817453125 0.5022321421875 0.2931547625 0.5037202375 0.3010912703125 0.509920634375 0.3139880953125 0.5138888890625 0.33945105781249996 0.52021329375 0.35052910000000004 0.529637896875 0.3571428578125 0.538814484375 0.35978835937500003 0.5458829359374999 0.359623015625 0.5534474203124999 0.35648148125 0.5626240078125 0.3485449734375 0.565476190625 0.3450727515625 0.5694444437499999 0.3361441796875
38 0.8020833328125001 0.6653439156250001 0.8050595234375001 0.6673280421875 0.8102678578125 0.66898148125 0.8147321421875 0.66898148125 0.8179563484375001 0.6679894187500001 0.82217261875 0.6650132281250001 0.82490079375 0.6636904765625 0.82762896875 0.6610449734375 0.831597221875 0.658730159375 0.8373015875 0.6580687828125 0.849454365625 0.6580687828125 0.8516865078125001 0.65674603125 0.853174603125 0.653769840625 0.8526785718750001 0.6507936515625 0.8519345234375001 0.6498015875 0.8501984125 0.6491402109375 0.825644840625 0.6491402109375 0.8209325390625001 0.6484788359375 0.814980159375 0.6484788359375 0.8050595234375001 0.6494709000000001 0.80009920625 0.6488095234375 0.794394840625 0.6488095234375 0.7931547625 0.6494709000000001 0.7924107140625 0.6511243390625 0.7921626984375 0.653108465625 0.7926587296875 0.6547619046875 0.7978670640625001 0.6613756609375 0.8020833328125001 0.6653439156250001
38 0.6540178578125 0.333829365625 0.6641865078125 0.3179563484375 0.6666666671875 0.30274470937500003 0.666170634375 0.2888558203125 0.6649305562500001 0.2835648140625 0.6588541671875 0.2734788359375 0.6548859125 0.271164021875 0.598586309375 0.2698412703125 0.5941220234375 0.27149470937500003 0.591269840625 0.27430555624999997 0.5882936515625 0.2799272484375 0.5860615078125 0.290509259375 0.5873015875 0.308697090625 0.59052579375 0.3189484125 0.590277778125 0.33680555624999997 0.5915178578125 0.346395503125 0.5957341265625 0.3563161375 0.599082340625 0.3611111109375 0.60478670625 0.36607142812500004 0.61669146875 0.37169312187500003 0.6272321421875 0.371858465625 0.6350446421875 0.36904761875 0.64384920625 0.3616071421875 0.6493055562500001 0.35003306875 0.6540178578125 0.333829365625