16 0.415625 1 0.4234375 0.996296296875 0.428125 0.9416666671874999 0.42760416718750005 0.9333333328125001 0.42395833281249995 0.9305555562500001 0.378125 0.9305555562500001 0.3390625 0.9333333328125001 0.2927083328125 0.9333333328125001 0.2890625 0.934259259375 0.2875 0.9370370375 0.2854166671875 0.9574074078124999 0.2802083328125 0.9731481484375 0.2744791671875 0.9953703703125001 0.2744791671875 0.9981481484374999 0.2755208328125 0.9990740734375001 0.30520833281250004 1 0.3109375 0.9981481484374999 0.3619791671875 0.9981481484374999 0.3729166671875 1 0.415625 1
16 0.190625 1 0.1921875 0.9981481484374999 0.1953125 1 0.2671875 0.9990740734375001 0.2697916671875 0.9981481484374999 0.2723958328125 0.99444444375 0.2786458328125 0.975 0.2838541671875 0.953703703125 0.284375 0.9398148140625 0.2822916671875 0.9351851859375 0.2802083328125 0.934259259375 0.25052083281250004 0.934259259375 0.2296875 0.9361111109375001 0.1734375 0.9351851859375 0.146875 0.9370370375 0.14114583281249998 0.9481481484375 0.13229166718750002 0.975 0.125 0.9916666671875 0.12395833281249999 0.997222221875 0.1260416671875 1 0.190625 1
38 0.959375 0.134259259375 0.9609375 0.140740740625 0.9588541671874999 0.1518518515625 0.9578125 0.20370370312500002 0.9609375 0.209259259375 0.9723958328125001 0.21203703749999997 0.9760416671875 0.21944444375 0.9729166671874999 0.2611111109375 0.9692708328125 0.28148148125 0.96875 0.302777778125 0.9635416671874999 0.3379629625 0.9661458328125001 0.34444444375 0.9864583328125001 0.35648148125 0.9994791671875 0.35925925937500003 0.9994791671875 0.0703703703125 0.9666666671874999 0.071296296875 0.9541666671875 0.078703703125 0.9578125 0.0870370375 0.9572916671874999 0.1111111109375 0.959375 0.134259259375
38 0.884375 0.0629629625 0.8729166671874999 0.0666666671875 0.8682291671875 0.072222221875 0.8666666671875 0.0759259265625 0.8640625 0.09351851875 0.8645833328125001 0.102777778125 0.8677083328125 0.1111111109375 0.8671875 0.15 0.8640625 0.222222221875 0.8640625 0.25555555625 0.8625 0.26574074062499997 0.8598958328125 0.2731481484375 0.8604166671875 0.2768518515625 0.8640625 0.275 0.8661458328125 0.2601851859375 0.8703125 0.252777778125 0.8833333328125 0.246296296875 0.8942708328125001 0.2370370375 0.9046875 0.23333333281250002 0.9119791671874999 0.22777777812500002 0.9307291671875 0.221296296875 0.9411458328125001 0.2138888890625 0.9552083328125001 0.20833333281250002 0.9572916671874999 0.1990740734375 0.9583333328125001 0.12870370312499999 0.9546875 0.1148148140625 0.95625 0.10370370312499999 0.9557291671874999 0.0861111109375 0.9520833328125 0.078703703125 0.9552083328125001 0.0731481484375 0.9640625 0.071296296875 0.9708333328125001 0.0666666671875 0.9994791671875 0.0675925921875 0.9994791671875 0.0574074078125 0.9515625 0.055555556250000006 0.9479166671874999 0.0574074078125 0.9161458328125001 0.058333332812500006 0.884375 0.0629629625
38 0.471875 0.0916666671875 0.47864583281249995 0.0953703703125 0.48072916718750003 0.10092592656249999 0.47760416718750004 0.1074074078125 0.4765625 0.1129629625 0.471875 0.2453703703125 0.47083333281249995 0.2518518515625 0.47239583281249997 0.2546296296875 0.478125 0.2546296296875 0.48020833281249997 0.2518518515625 0.4838541671875 0.1898148140625 0.4869791671875 0.1574074078125 0.48854166718750003 0.12129629687500001 0.48802083281249997 0.10092592656249999 0.4890625 0.0953703703125 0.4947916671875 0.0888888890625 0.4953125 0.08425925937499999 0.49427083281249995 0.078703703125 0.4895833328125 0.0759259265625 0.4109375 0.078703703125 0.3947916671875 0.08055555625000001 0.3776041671875 0.08796296249999999 0.3770833328125 0.0916666671875 0.3796875 0.09444444375 0.4234375 0.0953703703125 0.471875 0.0916666671875
38 0.46458333281249997 0.134259259375 0.46510416718750003 0.1481481484375 0.4614583328125 0.1601851859375 0.45416666718750004 0.3009259265625 0.4536458328125 0.3324074078125 0.4546875 0.33703703749999997 0.4609375 0.33703703749999997 0.4635416671875 0.33148148125 0.4671875 0.2796296296875 0.4671875 0.2648148140625 0.47083333281249995 0.25 0.4765625 0.10648148125000001 0.47083333281249995 0.109259259375 0.46770833281249996 0.1148148140625 0.4671875 0.127777778125 0.46458333281249997 0.134259259375
38 0.6660885421875 0.08632407343750001 0.6640625 0.08796296249999999 0.6661458328125 0.09629629687499999 0.6672083328125 0.09623148125 0.6666666671875 0.0990740734375 0.6693072921875001 0.1048333328125 0.66875 0.10555555624999999 0.6703541671875 0.1091296296875 0.6705729171875 0.11435185156250001 0.672171875 0.111953703125 0.6731874999999999 0.116222221875 0.6708333328125 0.11944444375 0.6734375 0.1351851859375 0.6796875 0.28148148125 0.6817708328125 0.29907407343750003 0.6822916671875 0.3203703703125 0.6838541671875 0.3333333328125 0.6895833328125 0.33888888906250003 0.7 0.3416666671875 0.73125 0.35555555625 0.7317708328125 0.35648148125 0.7309791671875 0.359703703125 0.7374791671875001 0.3843240734375 0.738078125 0.3896018515625 0.739578125 0.39292592656249997 0.7390885421875 0.3938796296875 0.740625 0.397222221875 0.7369791671875 0.403703703125 0.7369791671875 0.40833333281249995 0.7390625 0.4138888890625 0.7427083328124999 0.415740740625 0.7473958328125 0.42129629687500003 0.7567708328125 0.4268518515625 0.7854166671875 0.427777778125 0.7911458328125 0.42592592656250006 0.79375 0.42129629687500003 0.7953125 0.41018518593750003 0.8151041671874999 0.284259259375 0.8213541671875 0.253703703125 0.8239583328125001 0.22777777812500002 0.8302083328125001 0.1925925921875 0.8364583328125 0.14351851875 0.8401041671874999 0.134259259375 0.8427083328125 0.12407407343750002 0.84375 0.1129629625 0.85 0.102777778125 0.8541666671874999 0.0925925921875 0.8557291671874999 0.0824074078125 0.8546875 0.06944444375 0.85 0.0629629625 0.8427083328125 0.060185185937499996 0.8291666671875 0.0509259265625 0.8213541671875 0.047222221875 0.8026041671874999 0.0333333328125 0.74375 0.0333333328125 0.7098958328125 0.0388888890625 0.6927083328125 0.045370370312500005 0.6885416671875 0.0490740734375 0.6854166671875 0.05 0.68125 0.0546296296875 0.6770833328125 0.055555556250000006 0.671875 0.060185185937499996 0.6671875 0.0675925921875 0.6645833328124999 0.075 0.6640625 0.077777778125 0.665078125 0.08204629687500001 0.6640625 0.08333333281250001 0.6660885421875 0.08632407343750001
38 0.49583333281249997 0.1129629625 0.49678645781249997 0.1175648140625 0.49609375 0.11851851875 0.4972604171875 0.12217592656250001 0.49635416718750003 0.12407407343750002 0.4985416671875 0.1276851859375 0.496875 0.1296296296875 0.4982135421875 0.1313981484375 0.4973958328125 0.13333333281249998 0.49791666718750005 0.1361111109375 0.4994427078125 0.1369166671875 0.4984375 0.13888888906250002 0.4998958328125 0.141527778125 0.49895833281249996 0.146296296875 0.500796875 0.150759259375 0.4994791671875 0.15277777812499999 0.50125 0.1553703703125 0.5010677078125 0.1590833328125 0.5 0.1611111109375 0.5015468750000001 0.16369444375 0.5005208328124999 0.165740740625 0.5026041671875 0.1692129625 0.5010416671875 0.1703703703125 0.5030572921875 0.1738240734375 0.5015625 0.1759259265625 0.5035052078125 0.17844444375 0.5020833328125 0.18055555625 0.5026041671875 0.1824074078125 0.5039583328125 0.18305555625 0.503921875 0.18676851875 0.503125 0.1870370375 0.5044010421875 0.1913796296875 0.5036458328125 0.1925925921875 0.5053124999999999 0.1968981484375 0.5041666671875 0.1981481484375 0.505765625 0.201509259375 0.5044270828124999 0.203240740625 0.5062135421875 0.2061296296875 0.5046875 0.20833333281250002 0.5066666671875 0.210740740625 0.5052083328125 0.2138888890625 0.5057291671875 0.21851851875 0.5075677078124999 0.21997222187499998 0.50625 0.22407407343750002 0.5080208328125 0.22458333281249998 0.5082083328125 0.22828703749999998 0.5078125 0.2518518515625 0.5104166671875 0.2898148140625 0.5130208328125 0.3083333328125 0.5140625 0.33148148125 0.5145833328125 0.3361111109375 0.5166666671875 0.38703703749999996 0.5161458328124999 0.4 0.51875 0.41111111093749997 0.5208333328125 0.4138888890625 0.534375 0.4175925921875 0.5588541671875 0.42129629687500003 0.6171875 0.42222222187499997 0.63125 0.41944444374999995 0.6322916671875001 0.415740740625 0.6338541671875 0.3953703703125 0.6390625 0.3296296296875 0.640625 0.3231481484375 0.6427083328125 0.28611111093749997 0.6473958328125 0.234259259375 0.6541666671875 0.13981481406250001 0.6567708328124999 0.1231481484375 0.6567708328124999 0.11388888906250001 0.6609375 0.109259259375 0.6630208328125 0.10370370312499999 0.6630208328125 0.097222221875 0.6619791671875 0.0916666671875 0.65625 0.0888888890625 0.6416666671875 0.0870370375 0.6307291671875 0.08333333281250001 0.6192708328125 0.0824074078125 0.6140625 0.07962962968750001 0.6026041671875 0.077777778125 0.5989583328125 0.08055555625000001 0.59375 0.078703703125 0.5864583328124999 0.078703703125 0.58125 0.08148148125 0.5703125 0.08055555625000001 0.5640625 0.08425925937499999 0.55625 0.08425925937499999 0.5546875 0.0861111109375 0.5458333328125 0.08796296249999999 0.50625 0.0898148140625 0.5015625 0.0916666671875 0.4973958328125 0.09629629687499999 0.49583333281249997 0.1 0.49583333281249997 0.10833333281249999 0.49673437500000006 0.10923148125 0.49583333281249997 0.1129629625
38 0 0.13703703750000001 0.0078125 0.1425925921875 0.008854167187500001 0.1611111109375 0.01875 0.20833333281250002 0.029166667187500002 0.275 0.03125 0.2796296296875 0.0765625 0.29907407343750003 0.0828125 0.30648148124999997 0.1067708328125 0.409259259375 0.1197916671875 0.4583333328125 0.121875 0.4601851859375 0.18125 0.45370370312499997 0.1859375 0.4481481484375 0.1833333328125 0.44166666718750003 0.1833333328125 0.4361111109375 0.1864583328125 0.42870370312499995 0.21354166718749998 0.4166666671875 0.2234375 0.40648148125 0.225 0.3898148140625 0.22395833281250002 0.21574074062499998 0.22552083281250002 0.146296296875 0.22291666718749997 0.12870370312499999 0.2260416671875 0.12222222187500001 0.2401041671875 0.1148148140625 0.2401041671875 0.1120370375 0.2364583328125 0.109259259375 0.21979166718749998 0.1101851859375 0.21614583281250002 0.1148148140625 0.14895833281249998 0.1148148140625 0.12395833281249999 0.12222222187500001 0.055208332812500004 0.12592592656249998 0.008854167187500001 0.13055555624999998 0 0.13333333281249998 0 0.13703703750000001
38 0.2401041671875 0.10648148125000001 0.23802083281250003 0.10833333281249999 0.2359375 0.1166666671875 0.2322916671875 0.1148148140625 0.23177083281250002 0.11851851875 0.2270833328125 0.12407407343750002 0.2260416671875 0.1296296296875 0.2270833328125 0.15925925937500002 0.2260416671875 0.1648148140625 0.225 0.2166666671875 0.2260416671875 0.3425925921875 0.2270833328125 0.3453703703125 0.23020833281250003 0.34629629687499996 0.2625 0.3398148140625 0.2776041671875 0.3324074078125 0.278125 0.32777777812500003 0.2723958328125 0.2796296296875 0.2703125 0.272222221875 0.2666666671875 0.246296296875 0.2666666671875 0.2379629625 0.2604166671875 0.1824074078125 0.2546875 0.1546296296875 0.2526041671875 0.12407407343750002 0.2546875 0.1203703703125 0.2692708328125 0.1148148140625 0.2755208328125 0.1101851859375 0.3 0.10833333281249999 0.3015625 0.10555555624999999 0.2921875 0.102777778125 0.2640625 0.10092592656249999 0.2536458328125 0.10555555624999999 0.2401041671875 0.10648148125000001
38 0.84375 0.125 0.8369791671875 0.14444444375 0.8354166671875 0.1629629625 0.825 0.225 0.8229166671874999 0.2518518515625 0.8208333328125 0.2601851859375 0.825 0.2666666671875 0.8510416671875 0.2796296296875 0.85625 0.27777777812500004 0.8578125 0.2611111109375 0.8614583328125001 0.25 0.8625 0.2416666671875 0.8651041671874999 0.184259259375 0.8666666671875 0.1111111109375 0.8609375 0.0990740734375 0.8645833328125001 0.08055555625000001 0.8619791671874999 0.0740740734375 0.8578125 0.0759259265625 0.853125 0.0990740734375 0.8453125 0.1111111109375 0.84375 0.125
38 0 0.2768518515625 0.00625 0.2759259265625 0.0270833328125 0.2796296296875 0.028125 0.2740740734375 0.025520832812499998 0.2638888890625 0.01875 0.21574074062499998 0.0151041671875 0.20277777812500003 0.013020832812499999 0.1879629625 0.0098958328125 0.18148148125000002 0.0078125 0.1629629625 0.0057291671875 0.15555555625 0.0057291671875 0.1490740734375 0.0036458328125000003 0.14444444375 0 0.14351851875 0 0.2768518515625
16 0.7833333328125 0.9990740734375001 0.8640625 0.9981481484374999 0.8666666671875 0.9953703703125001 0.8671875 0.9898148140625 0.8625 0.9731481484375 0.8369791671875 0.9111111109375001 0.7635416671875 0.9148148140625001 0.7609375 0.9175925921875001 0.7609375 0.922222221875 0.765625 0.9453703703125 0.7807291671875001 0.9953703703125001 0.7833333328125 0.9990740734375001
16 0 0.9990740734375001 0.05 0.9990740734375001 0.052604167187499995 0.996296296875 0.056770832812500005 0.996296296875 0.0609375 0.9916666671875 0.06875 0.975 0.06770833281250001 0.9731481484375 0.05729166718749999 0.9703703703125001 0 0.9694444437499999 0 0.9990740734375001
16 0.7567708328125 1 0.7572916671875001 0.9981481484374999 0.7572916671875001 0.99444444375 0.7385416671875 0.9259259265625 0.7364583328125 0.91944444375 0.734375 0.9166666671874999 0.7302083328125 0.915740740625 0.7166666671875 0.9175925921875001 0.6869791671875001 0.9175925921875001 0.6713541671875001 0.91944444375 0.6395833328125 0.9203703703125001 0.6041666671875 0.925 0.5989583328125 0.9240740734375 0.5958333328125 0.9259259265625 0.5947916671875 0.9277777781250001 0.5947916671875 0.9305555562500001 0.596875 0.9740740734375001 0.5989583328125 0.996296296875 0.6010416671875001 1 0.6442708328125 1 0.6463541671875 0.9981481484374999 0.6536458328125 0.997222221875 0.6651041671875 1 0.6932291671875 1 0.6958333328124999 0.9981481484374999 0.7177083328125 0.9981481484374999 0.7213541671875 1 0.7567708328125 1
38 0.2578125 0.16388888906250001 0.2598958328125 0.171296296875 0.2619791671875 0.190740740625 0.2635416671875 0.197222221875 0.26875 0.24722222187499998 0.2734375 0.2759259265625 0.2791666671875 0.32685185156249996 0.28125 0.33703703749999997 0.2833333328125 0.35925925937500003 0.2875 0.3888888890625 0.2880208328125 0.3990740734375 0.2901041671875 0.4129629625 0.2916666671875 0.4166666671875 0.29635416718749996 0.42129629687500003 0.303125 0.425 0.3223958328125 0.42870370312499995 0.38333333281250004 0.42870370312499995 0.3942708328125 0.42592592656250006 0.4015625 0.42592592656250006 0.4348958328125 0.4166666671875 0.4458333328125 0.41203703750000004 0.44895833281249997 0.4074074078125 0.45208333281249996 0.3638888890625 0.4546875 0.2796296296875 0.4578125 0.22777777812500002 0.45989583281249996 0.2101851859375 0.46197916718750004 0.1703703703125 0.46458333281249997 0.15555555625 0.465625 0.13703703750000001 0.46666666718750005 0.1351851859375 0.4692708328125 0.13703703750000001 0.471875 0.1361111109375 0.47239583281249997 0.1268518515625 0.4739583328125 0.1231481484375 0.4734375 0.1175925921875 0.4713541671875 0.11574074062499999 0.471875 0.10648148125000001 0.4703125 0.10185185156250001 0.4640625 0.0990740734375 0.45625 0.0981481484375 0.4515625 0.1 0.43645833281249996 0.10092592656249999 0.41770833281249997 0.10092592656249999 0.4088541671875 0.0990740734375 0.3890625 0.1 0.3765625 0.0981481484375 0.3614583328125 0.10092592656249999 0.3489583328125 0.10092592656249999 0.3359375 0.10370370312499999 0.3192708328125 0.1046296296875 0.3151041671875 0.10648148125000001 0.3104166671875 0.10648148125000001 0.303125 0.1101851859375 0.278125 0.1129629625 0.2677083328125 0.1175925921875 0.2630208328125 0.11574074062499999 0.25625 0.1203703703125 0.2546875 0.1231481484375 0.2546875 0.13703703750000001 0.2557291671875 0.15 0.2578125 0.16388888906250001
38 0.6390625 0.08055555625000001 0.6389218750000001 0.08283333281250001 0.6408645828124999 0.086027778125 0.641796875 0.084722221875 0.643578125 0.08826851875 0.6428020828125 0.089222221875 0.6447447921875 0.09242592656250001 0.6453541671874999 0.0918240734375 0.6466875 0.09562037031250001 0.6544479171875001 0.10841666718750001 0.6542552078125 0.1095648140625 0.656390625 0.11161111093750001 0.6560312500000001 0.1131203703125 0.6583333328125 0.1148148140625 0.65625 0.134259259375 0.6546875 0.13981481406250001 0.6494791671875 0.2101851859375 0.6484375 0.25555555625 0.6510416671875 0.2833333328125 0.6536458328125 0.2870370375 0.6661458328125 0.28796296250000003 0.6744791671875 0.2916666671875 0.6786458328125 0.2916666671875 0.6791666671875001 0.271296296875 0.675 0.178703703125 0.6729166671875 0.1361111109375 0.6697916671875 0.1166666671875 0.6697916671875 0.10648148125000001 0.6661458328125 0.10092592656249999 0.6609375 0.0824074078125 0.6619791671875 0.08055555625000001 0.6625 0.0759259265625 0.6619791671875 0.071296296875 0.65 0.0703703703125 0.6432291671875 0.0731481484375 0.6369791671875 0.0731481484375 0.6364583328125 0.075 0.6382395828125 0.07762037031249999 0.6369791671875 0.07962962968750001 0.6390625 0.08055555625000001
16 0.8494791671874999 0.9398148140625 0.8505208328125 0.9444444437499999 0.8541666671874999 0.95 0.8708333328125001 0.9953703703125001 0.8723958328125001 0.997222221875 0.8786458328125001 0.9990740734375001 0.8890625 0.9990740734375001 0.9375 0.996296296875 0.9958333328125001 0.996296296875 0.9947916671874999 0.9888888890624999 0.9895833328125001 0.9888888890624999 0.9875 0.984259259375 0.9885416671874999 0.9824074078124999 0.9921875 0.98055555625 0.99375 0.977777778125 0.9927083328125 0.9694444437499999 0.9807291671874999 0.9472222218749999 0.9703125 0.925 0.9651041671874999 0.9166666671874999 0.9604166671875 0.9055555562500001 0.9572916671874999 0.9018518515625 0.9541666671875 0.9009259265624999 0.9395833328125001 0.9037037031249999 0.9255208328125001 0.902777778125 0.9208333328125 0.9046296296874999 0.8822916671875 0.9055555562500001 0.8729166671874999 0.9064814812499999 0.8666666671875 0.909259259375 0.8625 0.9074074078125 0.8578125 0.9074074078125 0.8536458328125001 0.9101851859375 0.8484375 0.909259259375 0.8416666671874999 0.9111111109375001 0.840625 0.9120370375 0.840625 0.915740740625 0.8427083328125 0.9231481484374999 0.8494791671874999 0.9398148140625
16 0.5145833328125 0.996296296875 0.5239583328124999 0.9981481484374999 0.5302083328125 0.997222221875 0.5322916671875 0.9953703703125001 0.5380208328125 0.9953703703125001 0.5411458328125 0.997222221875 0.5677083328125 0.996296296875 0.571875 0.9981481484374999 0.5859375 0.9981481484374999 0.5875 0.996296296875 0.5885416671875 0.9851851859374999 0.5890625 0.959259259375 0.5890625 0.9370370375 0.5885416671875 0.9259259265625 0.5875 0.9240740734375 0.5411458328125 0.9240740734375 0.4890625 0.9277777781250001 0.45625 0.9268518515625 0.4515625 0.928703703125 0.4505208328125 0.9305555562500001 0.4505208328125 0.9768518515625001 0.45208333281249996 0.997222221875 0.46197916718750004 0.9981481484374999 0.5145833328125 0.996296296875