81 0.459375 0.4953125 0.165625 0.10625
21 0.20859375 0.275 0.1625 0.05234375
48 0.49453125 0.28125 0.125 0.0828125
21 0.2015625 0.31640625 0.128125 0.04609375
97 0.5828125 0.32265625 0.1015625 0.10859375
90 0.3453125 0.33203125 0.18203125 0.16015625
97 0.50859375 0.36328125 0.10078125 0.10234375
81 0.10078125 0.371875 0.128125 0.090625
21 0.61953125 0.3734375 0.10859375 0.20625
97 0.19453125 0.4109375 0.084375 0.0734375
62 0.56640625 0.4171875 0.6265625 0.390625
90 0.3046875 0.43984375 0.1921875 0.15234375
97 0.1046875 0.45234375 0.1625 0.090625
62 0.64921875 0.47421875 0.7015625 0.38046875