81 0.87421875 0.48984375 0.1359375 0.09765625
21 0.69609375 0.5484375 0.2359375 0.08046875
21 0.6890625 0.62890625 0.240625 0.09921875
81 0.61953125 0.2359375 0.14765625 0.09140625
62 0.42578125 0.25546875 0.72109375 0.13671875
21 0.4203125 0.303125 0.20546875 0.121875
90 0.72734375 0.3078125 0.1875 0.128125
62 0.4421875 0.34453125 0.728125 0.2328125
97 0.50390625 0.36328125 0.09609375 0.1046875
97 0.40625 0.38671875 0.115625 0.1078125
97 0.88359375 0.4 0.1484375 0.090625
90 0.63515625 0.403125 0.17578125 0.14921875
97 0.76953125 0.40546875 0.12578125 0.09375
48 0.43046875 0.453125 0.13046875 0.1125