81 0.08203125 0.50859375 0.1203125 0.09296875
97 0.72578125 0.56171875 0.128125 0.08671875
97 0.11171875 0.5890625 0.1546875 0.0828125
62 0.259375 0.58984375 0.19140625 0.56796875
21 0.5546875 0.61875 0.21953125 0.07734375
90 0.58046875 0.225 0.134375 0.11328125
21 0.62421875 0.29609375 0.23828125 0.07109375
21 0.484375 0.33359375 0.128125 0.0890625
97 0.54140625 0.33515625 0.1125 0.0734375
62 0.70703125 0.3625 0.5859375 0.23828125
81 0.55546875 0.42421875 0.11328125 0.0828125
90 0.17109375 0.43046875 0.1953125 0.15625
97 0.67890625 0.45625 0.10390625 0.0828125
62 0.38046875 0.46640625 0.11875 0.4453125