0 0.6666666671875 1 0.6799999999999999 0.9974999999999999 0.2416666671875 0.725 0.185 0.73 0.15 0.7675 0.20833333281250002 0.9199999999999999 0.3116666671875 1 0.6666666671875 1
0 0.2266666671875 1 0.22999999999999998 0.9974999999999999 0.21000000000000002 0.9324999999999999 0.17333333281250002 0.8324999999999999 0.1583333328125 0.805 0.1316666671875 0.7849999999999999 0.10166666718749999 0.7849999999999999 0.06999999999999999 0.8175000000000001 0.06 0.8525 0.06 0.8724999999999999 0.0633333328125 0.8775000000000001 0.06999999999999999 0.9875 0.0783333328125 1 0.2266666671875 1
0 0 0.9125 0.045 0.99 0.0666666671875 0.9925 0.0633333328125 0.9025000000000001 0.0566666671875 0.8625 0.0666666671875 0.8175000000000001 0.0983333328125 0.7849999999999999 0.10333333281249998 0.7675 0.0866666671875 0.7224999999999999 0.0616666671875 0.6799999999999999 0.0416666671875 0.665 0.0016666671875 0.665 0 0.9125
0 0.0466666671875 0.5875 0.1066666671875 0.7625 0.11499999999999999 0.775 0.1366666671875 0.7775000000000001 0.1816666671875 0.725 0.2383333328125 0.725 0.24 0.7075 0.2 0.5974999999999999 0.1233333328125 0.4425 0.095 0.41 0.0516666671875 0.40499999999999997 0.0233333328125 0.4575 0.0266666671875 0.5075000000000001 0.0466666671875 0.5875
0 0.0916666671875 0.40499999999999997 0.11333333281249999 0.4225 0.16 0.5025000000000001 0.2133333328125 0.6375 0.2266666671875 0.6525000000000001 0.2 0.4575 0.1566666671875 0.2425 0.125 0.16999999999999998 0.095 0.15 0.075 0.155 0.0566666671875 0.1825 0.0466666671875 0.21749999999999997 0.0533333328125 0.3875 0.0616666671875 0.40499999999999997 0.0916666671875 0.40499999999999997
0 0.3 0.7474999999999999 0.3066666671875 0.3375 0.26 0.1775 0.2383333328125 0.15 0.195 0.13 0.16 0.2125 0.1666666671875 0.2925 0.2033333328125 0.4625 0.24 0.6975 0.25833333281250004 0.735 0.3 0.7474999999999999
0 0.0816666671875 0 0.08 0.0875 0.08333333281250001 0.0925 0.08333333281250001 0.14250000000000002 0.0883333328125 0.15 0.10166666718749999 0.15 0.1183333328125 0.16 0.1366666671875 0.1825 0.15 0.21749999999999997 0.1566666671875 0.21749999999999997 0.16 0.1975 0.1833333328125 0.1375 0.195 0.125 0.21000000000000002 0.12250000000000001 0.21000000000000002 0.08249999999999999 0.2066666671875 0.0775 0.2 0.0075 0.1883333328125 0 0.0816666671875 0
0 0.43666666718749997 0.3275 0.45 0.5425 0.48666666718749996 0.7675 0.5 0.7825 0.605 0.655 0.6133333328125 0.6275000000000001 0.54 0.2575 0.4933333328125 0.12250000000000001 0.465 0.075 0.42833333281249997 0.045 0.3933333328125 0.0975 0.3933333328125 0.17250000000000001 0.4066666671875 0.26749999999999996 0.43666666718749997 0.3275
0 0.2916666671875 0 0.2733333328125 0.0225 0.2666666671875 0.0475 0.27 0.14250000000000002 0.2633333328125 0.1675 0.31 0.34750000000000003 0.3166666671875 0.34750000000000003 0.32 0.3225 0.3416666671875 0.28500000000000003 0.36833333281249997 0.265 0.4016666671875 0.265 0.4033333328125 0.2525 0.3966666671875 0.22749999999999998 0.3866666671875 0.11750000000000001 0.37 0.0625 0.3383333328125 0.01 0.32166666718750003 0 0.2916666671875 0
0 0.4533333328125 0.8425 0.45 0.5875 0.43333333281249997 0.3225 0.41166666718749995 0.27999999999999997 0.3716666671875 0.27 0.34500000000000003 0.28500000000000003 0.32 0.34249999999999997 0.3066666671875 0.4875 0.3066666671875 0.7525000000000001 0.425 0.8400000000000001 0.4533333328125 0.8425
0 0.6016666671875 0.6599999999999999 0.515 0.765 0.45999999999999996 0.8474999999999999 0.465 0.86 0.475 0.86 0.49833333281250003 0.885 0.5183333328125 0.89 0.5549999999999999 0.9199999999999999 0.5683333328125 0.9199999999999999 0.5916666671875 0.945 0.6066666671875 0.9475 0.63 0.9275 0.65 0.8525 0.6799999999999999 0.7975 0.6933333328125 0.7525000000000001 0.6900000000000001 0.6875 0.675 0.665 0.6716666671875 0.67 0.6683333328125001 0.6599999999999999 0.645 0.645 0.6016666671875 0.6599999999999999
0 0.6966666671875 0.7474999999999999 0.65 0.8675 0.65 0.9125 0.6599999999999999 0.9574999999999999 0.6983333328125 1 0.7366666671875 0.9974999999999999 0.775 0.97 0.7833333328125 0.9375 0.7866666671875 0.4425 0.7666666671875 0.2375 0.7216666671875 0.18 0.6799999999999999 0.2475 0.6666666671875 0.3275 0.6566666671875 0.6425 0.6933333328125 0.6675 0.6966666671875 0.7474999999999999
0 0.5783333328125 0 0.5700000000000001 0.0225 0.5633333328125001 0.1375 0.5666666671875 0.3625 0.6166666671875001 0.6375 0.6366666671875 0.6425 0.6533333328125 0.6375 0.6633333328125001 0.34249999999999997 0.6900000000000001 0.1925 0.6666666671875 0.0125 0.6583333328125 0 0.5783333328125 0
0 0.74 0.1925 0.7666666671875 0.2325 0.7766666671875 0.28250000000000003 0.78 0.28250000000000003 0.8033333328125 0.2325 0.7966666671875 0.12250000000000001 0.78 0.0025 0.6716666671875 0 0.67 0.0375 0.6933333328125 0.20249999999999999 0.7016666671875 0.205 0.7216666671875 0.175 0.735 0.175 0.74 0.1925
0 0.8966666671875 0.3125 0.8933333328125 0.2625 0.8550000000000001 0.205 0.8383333328125 0.205 0.825 0.22000000000000003 0.8116666671875 0.225 0.7966666671875 0.2475 0.7866666671875 0.27749999999999997 0.7833333328125 0.3275 0.78 0.3325 0.7833333328125 0.3375 0.7866666671875 0.4225 0.79 0.4375 0.7933333328125001 0.4375 0.8116666671875 0.4 0.8283333328125 0.395 0.845 0.375 0.8616666671875001 0.375 0.885 0.4 0.8916666671875 0.4 0.8966666671875 0.3875 0.8966666671875 0.3225 0.9 0.3175 0.8966666671875 0.3125
0 0.8066666671875 0.4125 0.7866666671875 0.5025000000000001 0.7866666671875 0.9574999999999999 0.7966666671875 0.9574999999999999 0.8483333328124999 0.93 0.8949999999999999 0.93 0.9216666671875 0.95 0.9333333328125001 0.9425000000000001 0.9366666671875 0.7375 0.9199999999999999 0.5025000000000001 0.9 0.4175 0.8616666671875001 0.38 0.845 0.38 0.8066666671875 0.4125
0 1 0.26749999999999996 0.9783333328125 0.24 0.9333333328125001 0.27749999999999997 0.9033333328125 0.39249999999999996 0.9333333328125001 0.5974999999999999 0.9400000000000001 0.9375 0.9633333328125 0.9375 0.9866666671875001 0.8925000000000001 1 0.8275 1 0.26749999999999996
0 0.9166666671874999 0.1325 0.9099999999999999 0.1925 0.8966666671875 0.2375 0.9 0.3125 0.9033333328125 0.34750000000000003 0.9066666671875 0.34750000000000003 0.9233333328125 0.2975 0.9383333328125 0.27 0.975 0.24 0.9883333328124999 0.24500000000000002 1 0.2625 0.9983333328124999 0.005 0.9783333328125 0 0.9550000000000001 0.005 0.9333333328125001 0.057499999999999996 0.9166666671874999 0.1325
0 0.8150000000000001 0.22000000000000003 0.835 0.205 0.8583333328125 0.205 0.8933333328125 0.2475 0.9199999999999999 0.1275 0.9233333328125 0.08249999999999999 0.9333333328125001 0.052500000000000005 0.9333333328125001 0.0225 0.9283333328125 0.005 0.8416666671874999 0 0.8300000000000001 0.017499999999999998 0.8133333328125 0.0875 0.8066666671875 0.20249999999999999 0.8150000000000001 0.22000000000000003