0 0.07578125 0.3234375 0.1328125 0.1140625
0 0.13203125 0.4875 0.059375 0.0765625
0 0.1625 0.66640625 0.090625 0.1109375
0 0.22421875 0.31484375 0.146875 0.31875
0 0.5078125 0.16171875 0.1765625 0.15625
0 0.46953125 0.36953125 0.1 0.10625
0 0.715625 0.078125 0.1046875 0.1015625
0 0.7125 0.2375 0.128125 0.109375
0 0.86484375 0.221875 0.1296875 0.1109375
0 0.9078125 0.12734375 0.0890625 0.0984375
0 0.71171875 0.40625 0.078125 0.090625
0 0.7734375 0.46953125 0.09375 0.10625
0 0.96796875 0.403125 0.0640625 0.10625
0 0.89453125 0.54140625 0.0625 0.0828125
0 0.97265625 0.55234375 0.0546875 0.0828125
0 0.3875 0.01953125 0.0828125 0.0390625