0 0.45559845625 0.5798969078125 0.44401544375 0.760309278125 0.45559845625 0.796391753125 0.4729729734375 0.819587628125 0.48648648593750005 0.8170103093750001 0.50579150625 0.7912371140625 0.5096525093750001 0.7757731953125 0.525096525 0.6365979375 0.5289575296875 0.5386597937500001 0.525096525 0.5025773203125 0.5115830109374999 0.489690721875 0.49613899687499996 0.489690721875 0.484555984375 0.47938144375 0.46718146718750003 0.5128865984375001 0.45559845625 0.5798969078125
0 0.5135135140625 0.75 0.5135135140625 0.796391753125 0.51930501875 0.8041237109375 0.540540540625 0.8015463921875 0.559845559375 0.7757731953125 0.575289575 0.7345360828125 0.590733590625 0.6108247421875 0.5868725875 0.528350515625 0.5791505796875 0.4974226796875 0.5579150578125 0.4742268046875 0.5386100390624999 0.47938144375 0.5289575296875 0.49226804062499996 0.5289575296875 0.6211340203125 0.5135135140625 0.75
0 0.5830115828125 0.703608246875 0.575289575 0.7448453609375 0.559845559375 0.780927834375 0.5791505796875 0.786082475 0.5888030890625 0.7835051546875 0.6138996140625 0.75 0.6332046328125001 0.6984536078125 0.652509653125 0.6211340203125 0.6602316609375001 0.5335051546875 0.652509653125 0.48711340156249994 0.6428571421875 0.4742268046875 0.6119691125 0.4742268046875 0.5984555984375 0.507731959375 0.5830115828125 0.703608246875
0 0.6602316609375001 0.5128865984375001 0.6602316609375001 0.57474226875 0.65637065625 0.5798969078125 0.652509653125 0.6314432984375 0.6370656375 0.6778350515625 0.6332046328125001 0.703608246875 0.6177606171875001 0.739690721875 0.6235521234375 0.7525773203125 0.63127413125 0.7474226796875 0.635135134375 0.7525773203125 0.6486486484375 0.75 0.6795366796875 0.713917525 0.6949806953125 0.682989690625 0.71814671875 0.6108247421875 0.71814671875 0.5695876281250001 0.7104247109374999 0.55927835 0.70656370625 0.5180412375000001 0.7007722000000001 0.5 0.6621621625 0.4948453609375 0.65637065625 0.5025773203125 0.6602316609375001 0.5128865984375001
0 0.56949806875 0.855670103125 0.5617760625 0.855670103125 0.5579150578125 0.8608247421874999 0.5424710421875 0.8608247421874999 0.5077220078125 0.82474226875 0.49613899687499996 0.8298969078124999 0.49420849375 0.8685567015625001 0.4980694984375 0.873711340625 0.4980694984375 0.904639175 0.5077220078125 0.912371134375 0.5096525093750001 0.9201030921875001 0.534749034375 0.9536082468749999 0.5424710421875 0.9536082468749999 0.546332046875 0.9587628859375 0.5868725875 0.9561855671874999 0.590733590625 0.9458762890625 0.60617760625 0.930412371875 0.6081081078125 0.9226804124999999 0.615830115625 0.9226804124999999 0.625482625 0.9097938140625 0.6370656375 0.873711340625 0.63127413125 0.8711340203125 0.6003860999999999 0.82474226875 0.596525096875 0.82474226875 0.56949806875 0.855670103125
0 0.45366795312499997 0.8505154640624999 0.43050193124999997 0.845360825 0.409266409375 0.8788659796875 0.40540540468749997 0.8891752578125001 0.40540540468749997 0.914948453125 0.40154440156250004 0.9201030921875001 0.40540540468749997 0.9407216500000001 0.415057915625 0.9536082468749999 0.4382239375 0.969072165625 0.4459459453125 0.969072165625 0.44980695 0.9742268046874999 0.46332046406250005 0.9716494843750001 0.478764478125 0.951030928125 0.478764478125 0.9355670109374999 0.4826254828125 0.930412371875 0.4826254828125 0.8634020625 0.478764478125 0.8582474234375 0.478764478125 0.837628865625 0.4729729734375 0.82474226875 0.465250965625 0.82474226875 0.459459459375 0.8324742265625 0.45366795312499997 0.8505154640624999
0 0.3011583015625 0.7757731953125 0.3204633203125 0.8273195875000001 0.353281853125 0.8865979375 0.372586871875 0.9020618562499999 0.40154440156250004 0.8994845359375001 0.4169884171875 0.8582474234375 0.4324324328125 0.8324742265625 0.389961390625 0.7757731953125 0.34362934375 0.6623711343750001 0.3378378375 0.654639175 0.322393821875 0.654639175 0.29343629375 0.69329896875 0.29343629375 0.72938144375 0.297297296875 0.7345360828125 0.3011583015625 0.7757731953125
0 0.328185328125 0.548969071875 0.3127413125 0.5644329890625001 0.3166023171875 0.595360825 0.33204633281249996 0.6365979375 0.3667953671875 0.6984536078125 0.3957528953125 0.7319587624999999 0.42277992343750004 0.7525773203125 0.4324324328125 0.75 0.44015444062500003 0.7345360828125 0.44401544375 0.682989690625 0.44787644843749996 0.6778350515625 0.44401544375 0.6469072171875 0.409266409375 0.6108247421875 0.38610038593749996 0.5644329890625001 0.36100386093750003 0.530927834375 0.3455598453125 0.5154639171875 0.3378378375 0.5154639171875 0.328185328125 0.548969071875
0 0.15057915 0.4097938140625 0.1447876453125 0.3969072171875 0.1332046328125 0.412371134375 0.11003860937500001 0.40206185625 0.10424710468750001 0.4097938140625 0.10424710468750001 0.44072164999999996 0.1119691125 0.471649484375 0.13127413125 0.5231958765625 0.1544401546875 0.5644329890625001 0.21814671875 0.6391752578125 0.25675675625 0.664948453125 0.28185328125 0.6726804125 0.28957528906249996 0.6675257734375 0.297297296875 0.6469072171875 0.28571428593750003 0.6159793812500001 0.28957528906249996 0.585051546875 0.22393822343749997 0.5025773203125 0.2046332046875 0.46134020624999994 0.175675675 0.4226804125 0.1640926640625 0.412371134375 0.140926640625 0.4175257734375 0.15057915 0.4097938140625
0 0.065637065625 0.6623711343750001 0.07722007656249999 0.713917525 0.0830115828125 0.721649484375 0.0868725875 0.7164948453125 0.0984555984375 0.721649484375 0.1370656375 0.7731958765625 0.16023166093750002 0.7886597937500001 0.22586872656249998 0.819587628125 0.308880309375 0.8221649484375 0.3127413125 0.8118556703124999 0.3011583015625 0.786082475 0.29343629375 0.7345360828125 0.23359073281249998 0.6804123718749999 0.22007722031250002 0.6881443296875001 0.2142857140625 0.7113402062499999 0.18725868750000002 0.721649484375 0.1795366796875 0.7061855671874999 0.121621621875 0.6597938140624999 0.065637065625 0.6623711343750001
0 0.2953667953125 0.3505154640625 0.2876447875 0.3505154640625 0.2702702703125 0.36340206249999996 0.2702702703125 0.45103092812499995 0.2741312734375 0.4561855671875 0.2741312734375 0.471649484375 0.277992278125 0.47680412343749995 0.277992278125 0.49226804062499996 0.28185328125 0.4974226796875 0.28957528906249996 0.5386597937500001 0.297297296875 0.55927835 0.303088803125 0.567010309375 0.308880309375 0.5644329890625001 0.328185328125 0.5438144328125001 0.333976834375 0.5154639171875 0.3455598453125 0.5154639171875 0.3571428578125 0.5257731953125 0.359073359375 0.507731959375 0.3552123546875 0.5025773203125 0.328185328125 0.38402061875000004 0.3127413125 0.34793814375 0.303088803125 0.335051546875 0.2953667953125 0.3505154640625
0 0.048262548437500004 0.0051546390625 0.07722007656249999 0.1108247421875 0.127413128125 0.2087628859375 0.17760617812499999 0.280927834375 0.24324324375 0.40463917499999996 0.2664092671875 0.42010309218749997 0.2664092671875 0.3582474234375 0.258687259375 0.34793814375 0.2664092671875 0.3118556703125 0.258687259375 0.29123711406249997 0.2702702703125 0.280927834375 0.2046332046875 0.1469072171875 0.1544401546875 0.069587628125 0.13127413125 0.048969071875 0.1177606171875 0.0051546390625 0.048262548437500004 0.0051546390625
0 0.06949806875 0.239690721875 0.06949806875 0.260309278125 0.07722007656249999 0.296391753125 0.0984555984375 0.3298969078125 0.1177606171875 0.335051546875 0.15637065625 0.3969072171875 0.1949806953125 0.4175257734375 0.24324324375 0.41494845312499995 0.24324324375 0.40463917499999996 0.21235521249999997 0.3582474234375 0.1833976828125 0.298969071875 0.15637065625 0.2835051546875 0.121621621875 0.2474226796875 0.1023166015625 0.2474226796875 0.090733590625 0.21649484531250002 0.0733590734375 0.219072165625 0.07722007656249999 0.2242268046875 0.06949806875 0.239690721875
0 0.364864865625 0.154639175 0.353281853125 0.154639175 0.33976833906250004 0.19329896875000002 0.328185328125 0.260309278125 0.328185328125 0.38402061875000004 0.3513513515625 0.4458762890625 0.3667953671875 0.4561855671875 0.38223938281250003 0.4458762890625 0.38610038593749996 0.42525773125 0.38610038593749996 0.31701030937499997 0.39382239375 0.2757731953125 0.389961390625 0.27061855625 0.39382239375 0.2654639171875 0.39382239375 0.2345360828125 0.389961390625 0.22938144375 0.389961390625 0.1881443296875 0.364864865625 0.154639175
0 0.272200771875 0 0.2664092671875 0.007731959375 0.2702702703125 0.0180412375 0.2702702703125 0.069587628125 0.2741312734375 0.07474226875 0.2741312734375 0.105670103125 0.277992278125 0.1108247421875 0.277992278125 0.1314432984375 0.28185328125 0.1365979375 0.28957528906249996 0.19329896875000002 0.3050193046875 0.2345360828125 0.3146718140625 0.2474226796875 0.328185328125 0.25 0.34362934375 0.1675257734375 0.3629343625 0.1314432984375 0.3629343625 0.0902061859375 0.3552123546875 0.0541237109375 0.3552123546875 0.007731959375 0.3378378375 0 0.272200771875 0
0 0.41891891875000004 0 0.4131274125 0.007731959375 0.4131274125 0.0644329890625 0.40540540468749997 0.1005154640625 0.40540540468749997 0.239690721875 0.4131274125 0.2654639171875 0.4131274125 0.29123711406249997 0.434362934375 0.3144329890625 0.44401544375 0.3118556703125 0.45559845625 0.2654639171875 0.45559845625 0.2448453609375 0.47104247031249996 0.203608246875 0.47104247031249996 0.126288659375 0.4826254828125 0.0541237109375 0.48069498125 0 0.41891891875000004 0
0 0.47490347499999996 0.203608246875 0.46332046406250005 0.2345360828125 0.44787644843749996 0.31701030937499997 0.43629343593750003 0.34278350468749996 0.428571428125 0.38402061875000004 0.428571428125 0.41494845312499995 0.43629343593750003 0.43556701093749994 0.43629343593750003 0.45103092812499995 0.4459459453125 0.469072165625 0.46718146718750003 0.46649484531249996 0.48069498125 0.463917525 0.48648648593750005 0.4561855671875 0.5096525093750001 0.39432989687500003 0.5135135140625 0.34793814375 0.525096525 0.3015463921875 0.525096525 0.2345360828125 0.5173745171874999 0.2087628859375 0.49613899687499996 0.1855670109375 0.48841698906250003 0.1855670109375 0.47490347499999996 0.203608246875
0 0.5366795359375 0.29123711406249997 0.525096525 0.31701030937499997 0.5173745171874999 0.3530927828125 0.5173745171874999 0.36855670156250003 0.5289575296875 0.3788659796875 0.5289575296875 0.44072164999999996 0.5424710421875 0.4484536078125 0.5482625484375 0.4458762890625 0.5868725875 0.3788659796875 0.60617760625 0.3221649484375 0.610038609375 0.280927834375 0.6138996140625 0.2757731953125 0.610038609375 0.19329896875000002 0.5926640921875 0.1855670109375 0.5772200765625 0.1701030921875 0.5675675671875 0.1726804125 0.55598455625 0.203608246875 0.5366795359375 0.29123711406249997
0 0.6544401546875 0.1855670109375 0.6447876453125 0.19329896875000002 0.625482625 0.2448453609375 0.6177606171875001 0.2551546390625 0.610038609375 0.3118556703125 0.5868725875 0.38402061875000004 0.5830115828125 0.430412371875 0.5984555984375 0.430412371875 0.615830115625 0.4175257734375 0.6235521234375 0.4175257734375 0.6370656375 0.3994845359375 0.6447876453125 0.3788659796875 0.65637065625 0.36340206249999996 0.65637065625 0.3530927828125 0.6640926640625 0.34278350468749996 0.6833976828125 0.280927834375 0.6872586875 0.213917525 0.6544401546875 0.1855670109375
0 0.7104247109374999 0.27061855625 0.7104247109374999 0.29123711406249997 0.70656370625 0.296391753125 0.702702703125 0.3221649484375 0.6872586875 0.36340206249999996 0.6795366796875 0.373711340625 0.6795366796875 0.39432989687500003 0.6833976828125 0.40463917499999996 0.6891891890624999 0.412371134375 0.6949806953125 0.4097938140625 0.7084942078124999 0.40206185625 0.7335907328125 0.36340206249999996 0.7567567562499999 0.29123711406249997 0.7567567562499999 0.239690721875 0.747104246875 0.2268041234375 0.7393822390625 0.2268041234375 0.7239382234375 0.21134020625 0.7142857140625 0.219072165625 0.7142857140625 0.2654639171875 0.7104247109374999 0.27061855625
0 0.70656370625 0.296391753125 0.702702703125 0.3221649484375 0.6872586875 0.36340206249999996 0.6795366796875 0.373711340625 0.6795366796875 0.3994845359375 0.6891891890624999 0.412371134375 0.6949806953125 0.4097938140625 0.7084942078124999 0.40206185625 0.7335907328125 0.36340206249999996 0.7567567562499999 0.29123711406249997 0.7567567562499999 0.239690721875 0.7239382234375 0.21134020625 0.7142857140625 0.219072165625 0.7142857140625 0.2654639171875 0.7104247109374999 0.27061855625 0.7104247109374999 0.29123711406249997 0.70656370625 0.296391753125
0 0.7007722000000001 0.19587628906250001 0.6872586875 0.213917525 0.6833976828125 0.286082475 0.6602316609375001 0.3530927828125 0.640926640625 0.38402061875000004 0.6332046328125001 0.40463917499999996 0.6389961390625001 0.4175257734375 0.6486486484375 0.41494845312499995 0.6544401546875 0.412371134375 0.6833976828125 0.36855670156250003 0.702702703125 0.31701030937499997 0.702702703125 0.30670103125 0.7104247109374999 0.286082475 0.7104247109374999 0.2654639171875 0.7142857140625 0.260309278125 0.7142857140625 0.203608246875 0.7084942078124999 0.19587628906250001 0.7007722000000001 0.19587628906250001
0 0.5308880312500001 0 0.5173745171874999 0.007731959375 0.525096525 0.0335051546875 0.521235521875 0.0798969078125 0.525096525 0.085051546875 0.5289575296875 0.15206185625 0.5328185328124999 0.15721649531249998 0.5289575296875 0.1726804125 0.521235521875 0.18298969062499998 0.521235521875 0.19845360781250002 0.5386100390624999 0.221649484375 0.5482625484375 0.2242268046875 0.559845559375 0.19329896875000002 0.559845559375 0.18298969062499998 0.5868725875 0.15206185625 0.5945945953125 0.12113402031250001 0.6177606171875001 0.09536082500000001 0.6293436296875 0.0541237109375 0.635135134375 0.0051546390625 0.6274131281249999 0 0.5308880312500001 0
0 0.7915057921875001 0.03865979375 0.7876447875 0.0335051546875 0.7876447875 0.023195876562500002 0.7915057921875001 0.0180412375 0.7857142859375 0.0051546390625 0.7625482625 0.0051546390625 0.758687259375 0.010309278125 0.7451737453125 0.012886598437499999 0.7335907328125 0.0438144328125 0.7335907328125 0.05927835 0.7220077218750001 0.09536082500000001 0.71814671875 0.126288659375 0.7142857140625 0.1314432984375 0.7104247109374999 0.19329896875000002 0.7200772203125 0.2061855671875 0.73166023125 0.2061855671875 0.7393822390625 0.21649484531250002 0.7451737453125 0.213917525 0.7509652515624999 0.21134020625 0.7606177609375 0.19329896875000002 0.7644787640625 0.1726804125 0.7722007718749999 0.162371134375 0.7722007718749999 0.15206185625 0.7799227796875 0.1365979375 0.7799227796875 0.12113402031250001 0.7876447875 0.09536082500000001 0.7876447875 0.0438144328125 0.7915057921875001 0.03865979375
0 0.6428571421875 0 0.6370656375 0.007731959375 0.6293436296875 0.0644329890625 0.6023166015625 0.1469072171875 0.6023166015625 0.1726804125 0.6138996140625 0.1881443296875 0.6177606171875001 0.2345360828125 0.625482625 0.2345360828125 0.6370656375 0.19845360781250002 0.65637065625 0.17783505156249999 0.671814671875 0.1469072171875 0.675675675 0.12113402031250001 0.6872586875 0.0902061859375 0.6949806953125 0.0335051546875 0.6988416984375 0.028350515625 0.6988416984375 0.007731959375 0.69305019375 0 0.6428571421875 0