0 0.3790849671875 0.8278867109375 0.4232026140625 0.7995642703125 0.44281045781249995 0.7690631812500001 0.48202614375 0.7625272328125 0.48366013125 0.73420479375 0.51633986875 0.6579520703124999 0.5130718953125 0.633986928125 0.5326797390625 0.5664488015625 0.5212418296875 0.4509803921875 0.47222222187499996 0.348583878125 0.421568628125 0.2875817 0.3888888890625 0.2636165578125 0.3578431375 0.2483660125 0.312091503125 0.241830065625 0.2271241828125 0.2527233109375 0.150326796875 0.2984749453125 0.1045751640625 0.355119825 0.0686274515625 0.4705882359375 0.063725490625 0.59041394375 0.099673203125 0.721132896875 0.12418300625 0.760348584375 0.1633986921875 0.7973856203125 0.2483660125 0.8409586062500001 0.321895425 0.8431372546875 0.3790849671875 0.8278867109375
0 0.76960784375 0.7189542484375 0.8611111109375 0.66230936875 0.8905228765625001 0.6318082781250001 0.9052287578125 0.6013071890624999 0.9248366015625 0.5337690625 0.9411764703125 0.37472766874999996 0.8954248359375001 0.28540305 0.8888888890625 0.257080609375 0.8709150328125 0.23747276718750002 0.8071895421875 0.20043572968749998 0.69607843125 0.1786492375 0.669934640625 0.18736383437499998 0.5931372546875 0.24400871406250002 0.5506535953125 0.31154684062500004 0.5228758171875 0.3899782140625 0.5294117640625 0.527233115625 0.5375816999999999 0.5642701531250001 0.5571895421875 0.6078431375 0.6176470593750001 0.69716775625 0.722222221875 0.7472766890625 0.7614379078125 0.758169934375 0.76960784375 0.7189542484375
0 0.44281045781249995 0 0.3905228765625 0.05010893281249999 0.3692810453125 0.1285403046875 0.35620915000000003 0.152505446875 0.349673203125 0.24400871406250002 0.43300653593750005 0.2984749453125 0.4754901953125 0.3529411765625 0.5032679734375 0.4161220046875 0.51633986875 0.42047930312500004 0.5228758171875 0.3899782140625 0.5375816999999999 0.36819172187500004 0.55228758125 0.3224400875 0.596405228125 0.2461873640625 0.6666666671875 0.1938997828125 0.704248365625 0.1786492375 0.69607843125 0.11982570781249999 0.678104575 0.071895425 0.6127450984375 0.008714596875 0.5375816999999999 0.010893246875 0.4983660125 0 0.44281045781249995 0
0 0.0866013078125 0 0.0669934640625 0.0239651421875 0.0490196078125 0.071895425 0.0375817 0.12418300625 0.0359477125 0.1830065359375 0.0473856203125 0.23093681875 0.08333333281250001 0.27450980468749997 0.1111111109375 0.331154684375 0.22875817031249998 0.25054466249999996 0.310457515625 0.2461873640625 0.33169934687499997 0.23529411718749998 0.33986928125000004 0.18736383437499998 0.330065359375 0.11328976093750001 0.310457515625 0.0675381265625 0.26633986875 0.008714596875 0.2565359484375 0 0.20588235312499997 0 0.1764705875 0.010893246875 0.15849673125 0 0.0866013078125 0
0 0.85620915 1 0.848039215625 0.9106753812499999 0.8333333328125001 0.8671023968749999 0.8022875812500001 0.8191721140625001 0.776143790625 0.7930283218749999 0.7369281046875 0.760348584375 0.6993464046875 0.7472766890625 0.5931372546875 0.742919390625 0.562091503125 0.758169934375 0.5130718953125 0.810457515625 0.4754901953125 0.9411764703125 0.4754901953125 1 0.85620915 1
0 0.0515625 0.41796875 0.103125 0.4546875
0 0.11796875 0.8484375 0.2328125 0.303125
0 0.3546875 0.87265625 0.2359375 0.2546875
0 0.94296875 0.6046875 0.1140625 0.4734375
0 0.88125 0.81171875 0.2375 0.3328125
0 0.58203125 0.6890625 0.2171875 0.2421875
0 0.86328125 0.18046875 0.2734375 0.3609375