0 0.7654545453125 0.398907103125 0.75818181875 0.38797814218750004 0.7 0.3934426234375 0.6581818187499999 0.44535519062500006 0.6363636359375 0.49453551874999996 0.6145454546875 0.5819672125 0.61818181875 0.6147540984375001 0.6254545453125 0.636612021875 0.649090909375 0.6612021859375 0.7 0.672131146875 0.7072727265625 0.6994535515625 0.78181818125 0.7021857921875 0.82 0.672131146875 0.8436363640625 0.6202185796874999 0.850909090625 0.5765027328125 0.8472727265625 0.47814207656249996 0.8290909093750001 0.4289617484375 0.790909090625 0.38797814218750004 0.7836363640624999 0.38797814218750004 0.78 0.398907103125 0.7727272734375 0.38797814218750004 0.7654545453125 0.398907103125
0 0.58 0.6174863390625001 0.5472727265625 0.6174863390625001 0.5072727265625 0.6393442625 0.4836363640625 0.68032786875 0.4836363640625 0.6967213109375 0.49818181875 0.7240437156249999 0.5163636359375 0.7841530046875 0.5236363640625 0.8661202187500001 0.5327272734374999 0.8797814203125001 0.5527272734374999 0.8825136609375 0.5654545453125001 0.8797814203125001 0.5945454546875 0.8415300546875001 0.6236363640625 0.8196721312499999 0.6563636359375 0.8032786890624999 0.6854545453124999 0.8032786890624999 0.69818181875 0.7568306015624999 0.70181818125 0.69125683125 0.6890909093750001 0.677595628125 0.6527272734375 0.672131146875 0.58 0.6174863390625001
0 0.3054545453125 0.7404371578125 0.29818181875 0.7950819671875 0.30181818125 0.8333333328125001 0.3236363640625 0.8879781421875 0.369090909375 0.9453551906250001 0.41818181875000004 0.94808743125 0.48909090937500005 0.9234972671874999 0.509090909375 0.8879781421875 0.5163636359375 0.8497267765625001 0.5163636359375 0.8005464484375 0.49818181875 0.729508196875 0.4745454546875 0.6885245906249999 0.4272727265625 0.6557377046874999 0.369090909375 0.6557377046874999 0.32909090937499996 0.6939890703125 0.3054545453125 0.7404371578125
0 0.1945454546875 0.7049180328125 0.1836363640625 0.7103825140625 0.13999999999999999 0.6994535515625 0.1072727265625 0.7158469953125 0.0945454546875 0.734972678125 0.07272727343749999 0.816939890625 0.0763636359375 0.9207650265625 0.090909090625 0.9644808749999999 0.0945454546875 0.9808743171875 0.090909090625 0.9863387984375 0.10545454531250001 0.991803278125 0.0945454546875 0.9972677593749999 0.12 0.9972677593749999 0.130909090625 0.94808743125 0.150909090625 0.9125683062500001 0.2163636359375 0.863387978125 0.2527272734375 0.857923496875 0.26181818125 0.8497267765625001 0.269090909375 0.778688525 0.26181818125 0.7513661203125 0.24545454531250002 0.72677595625 0.2163636359375 0.721311475 0.1945454546875 0.7049180328125
0 0.1272727265625 0.5601092890625 0.10909090937499999 0.631147540625 0.10909090937499999 0.6639344265625 0.11818181875 0.6830601093750001 0.1436363640625 0.6994535515625 0.18 0.6994535515625 0.2163636359375 0.7158469953125 0.250909090625 0.718579234375 0.28545454531250003 0.7049180328125 0.3163636359375 0.6748633875000001 0.33818181875 0.59836065625 0.33818181875 0.5546448093749999 0.3236363640625 0.5109289625 0.289090909375 0.464480875 0.249090909375 0.44808743125 0.20181818125 0.45355191250000004 0.150909090625 0.5136612015625001 0.1272727265625 0.5601092890625
0 0 0.7950819671875 0.030909090625000003 0.81420765 0.0654545453125 0.811475409375 0.0763636359375 0.7896174859375 0.0872727265625 0.7404371578125 0.1127272734375 0.68579235 0.10181818125 0.6530054640625 0.130909090625 0.5491803281250001 0.130909090625 0.5327868859375 0.13818181875 0.5218579234375 0.1345454546875 0.5 0.12181818124999999 0.4808743171875 0.10363636406250001 0.4699453546875 0.04181818125 0.47540983593749997 0.016363635937500003 0.491803278125 0 0.5163934421875 0 0.7950819671875
0 0.310909090625 0.2677595625 0.28545454531250003 0.2513661203125 0.23818181875 0.25683060156250004 0.2236363640625 0.2677595625 0.1927272734375 0.31420765 0.1745454546875 0.3797814203125 0.1454545453125 0.4344262296875 0.1345454546875 0.4672131140625 0.1345454546875 0.49453551874999996 0.1436363640625 0.508196721875 0.149090909375 0.50546448125 0.20181818125 0.44808743125 0.26 0.44808743125 0.3 0.4699453546875 0.3254545453125 0.43715847031250005 0.3545454546875 0.415300546875 0.3654545453125 0.415300546875 0.370909090625 0.407103825 0.370909090625 0.368852459375 0.3527272734375 0.32513661250000003 0.310909090625 0.2677595625
0 0 0.49453551874999996 0.0072727265625 0.49453551874999996 0.0454545453125 0.4699453546875 0.11454545468749999 0.464480875 0.14181818125 0.4234972671875 0.1454545453125 0.407103825 0.1345454546875 0.3360655734375 0.12 0.3032786890625 0.049090909375000005 0.2131147546875 0.02 0.19125683124999998 0 0.19398907031249998 0 0.49453551874999996
0 0.08545454531249999 0.0109289625 0.06 0.027322404687500003 0.04 0.05191256875 0.0145454546875 0.1284153 0.010909090625 0.1612021859375 0.0236363640625 0.19125683124999998 0.049090909375000005 0.2076502734375 0.0963636359375 0.2677595625 0.1127272734375 0.270491803125 0.1363636359375 0.23497267812499997 0.16545454531249998 0.21857923437500001 0.1745454546875 0.20491803281249998 0.1927272734375 0.1502732234375 0.189090909375 0.13387978125 0.1927272734375 0.1065573765625 0.1854545453125 0.0792349734375 0.150909090625 0.032786885937499996 0.11454545468749999 0.0109289625 0.08545454531249999 0.0109289625
0 0.43818181875000006 0.136612021875 0.42181818125000003 0.172131146875 0.42181818125000003 0.188524590625 0.43636363593749994 0.22677595625000002 0.43636363593749994 0.265027321875 0.45454545468749996 0.3032786890625 0.47818181875 0.32786885312499997 0.4927272734375 0.3333333328125 0.5345454546874999 0.3306010921875 0.550909090625 0.322404371875 0.5709090906250001 0.28688524531250004 0.58181818125 0.23770491875 0.57818181875 0.17759562812500002 0.5636363640625001 0.1393442625 0.5472727265625 0.1147540984375 0.5254545453125 0.09836065625 0.5 0.092896175 0.4745454546875 0.10382513593750001 0.43818181875000006 0.136612021875
0 0.5854545453125 0.183060109375 0.58181818125 0.1994535515625 0.5854545453125 0.20491803281249998 0.58181818125 0.3032786890625 0.5945454546875 0.322404371875 0.6272727265625 0.3497267765625 0.6454545453125 0.3825136609375 0.6527272734375 0.38797814218750004 0.6654545453125 0.3852459015625 0.6890909093750001 0.3715847 0.7272727265625 0.3306010921875 0.74181818125 0.2923497265625 0.74181818125 0.22677595625000002 0.7272727265625 0.183060109375 0.710909090625 0.15300546406249999 0.6781818187499999 0.131147540625 0.63818181875 0.131147540625 0.609090909375 0.14754098437500002 0.5854545453125 0.183060109375
0 0.769090909375 0.10928961718750001 0.7563636359375 0.1284153 0.749090909375 0.172131146875 0.74181818125 0.183060109375 0.749090909375 0.2923497265625 0.7545454546875 0.3005464484375 0.78 0.3005464484375 0.79818181875 0.31147540937499996 0.8054545453124999 0.3060109296875 0.8345454546875001 0.31147540937499996 0.8527272734375 0.322404371875 0.8745454546874999 0.35519125625000003 0.8836363640625 0.352459015625 0.9 0.34426229531249997 0.9072727265625 0.316939890625 0.9218181812499999 0.316939890625 0.930909090625 0.3032786890625 0.9236363640624999 0.183060109375 0.9090909093749999 0.13387978125 0.8927272734375 0.10382513593750001 0.86 0.0765027328125 0.8236363640625 0.0765027328125 0.769090909375 0.10928961718750001
0 0.930909090625 0.31967213125 0.9272727265625 0.3306010921875 0.9400000000000001 0.34426229531249997 0.96181818125 0.35519125625000003 0.969090909375 0.36612021875 0.9745454546874999 0.363387978125 1 0.3360655734375 0.99818181875 0.10382513593750001 0.9654545453125 0.10382513593750001 0.9545454546875 0.10928961718750001 0.9400000000000001 0.12021857968750001 0.9199999999999999 0.15573770468749998 0.9272727265625 0.188524590625 0.9272727265625 0.2322404375 0.930909090625 0.23770491875 0.930909090625 0.31967213125
0 0.429090909375 0.0792349734375 0.44181818125000005 0.10928961718750001 0.45636363593749996 0.1147540984375 0.4927272734375 0.092896175 0.51818181875 0.092896175 0.5436363640625 0.10928961718750001 0.5763636359375 0.1584699453125 0.57818181875 0.15573770468749998 0.58181818125 0.1393442625 0.5963636359375 0.11748633906249999 0.5963636359375 0.090163934375 0.5854545453125 0.05191256875 0.5618181812499999 0.0218579234375 0.5363636359374999 0.00546448125 0.46363636406250003 0.00546448125 0.43272727343749995 0.035519125 0.43272727343749995 0.0683060109375 0.429090909375 0.0792349734375
0 0.249090909375 0 0.24 0.035519125 0.2254545453125 0.05191256875 0.22181818125000002 0.09562841562499999 0.23272727343750002 0.13387978125 0.250909090625 0.1612021859375 0.25818181875 0.17759562812500002 0.25818181875 0.188524590625 0.2672727265625 0.20218579218750002 0.27999999999999997 0.1994535515625 0.3036363640625 0.18579235 0.31818181874999996 0.18579235 0.3363636359375 0.15300546406249999 0.370909090625 0.11748633906249999 0.370909090625 0.0464480875 0.36181818125 0.00546448125 0.350909090625 0.00546448125 0.3472727265625 0 0.249090909375 0
0 0.33090909062499996 0.5218579234375 0.34181818124999996 0.5601092890625 0.34181818124999996 0.592896175 0.3345454546875 0.625683059375 0.3345454546875 0.647540984375 0.33999999999999997 0.6612021859375 0.3472727265625 0.6666666671875 0.3763636359375 0.6502732234375 0.42000000000000004 0.6502732234375 0.449090909375 0.6666666671875 0.46181818124999996 0.6639344265625 0.48 0.6092896171875 0.48 0.543715846875 0.45818181874999997 0.4836065578125 0.43818181875000006 0.45355191250000004 0.42000000000000004 0.4426229515625 0.40181818125 0.42076502656250003 0.36181818125 0.415300546875 0.32909090937499996 0.43715847031250005 0.3054545453125 0.47267759531250003 0.33090909062499996 0.5218579234375
0 0.3527272734375 1 0.3563636359375 0.9754098359375 0.3345454546875 0.9153005468750001 0.31818181874999996 0.8907103828125 0.27818181875 0.857923496875 0.2163636359375 0.868852459375 0.20909090937500002 0.8797814203125001 0.18 0.8907103828125 0.14181818125 0.9316939890624999 0.1272727265625 0.9754098359375 0.1272727265625 0.9972677593749999 0.1327272734375 1 0.1545454546875 1 0.15818181874999998 1 0.169090909375 1 0.17636363593749999 1 0.1836363640625 1 0.2054545453125 1 0.20909090937500002 1 0.2127272734375 1 0.24545454531250002 1 0.249090909375 1 0.2563636359375 1 0.26 1 0.3527272734375 1
0 0.5436363640625 1 0.7854545453124999 0.9972677593749999 0.78181818125 0.94808743125 0.76 0.8879781421875 0.7145454546875001 0.8196721312499999 0.6890909093750001 0.8032786890624999 0.6636363640625 0.8032786890624999 0.6127272734375 0.8306010921875 0.5727272734375 0.8743169406250001 0.549090909375 0.909836065625 0.54181818125 0.9316939890624999 0.5436363640625 1
0 0.7745454546875 0.909836065625 0.78181818125 0.9316939890624999 0.790909090625 1 0.8872727265625 0.9972677593749999 0.89818181875 0.9316939890624999 0.9090909093749999 0.909836065625 0.9090909093749999 0.8879781421875 0.90181818125 0.85519125625 0.8745454546874999 0.8087431687500001 0.8127272734375 0.7759562843750001 0.78 0.770491803125 0.7327272734375 0.8032786890624999 0.72 0.822404371875 0.7745454546875 0.909836065625
0 0.7927272734375 0.7076502734375001 0.7927272734375 0.734972678125 0.8527272734375 0.7923497265624999 0.8745454546874999 0.8032786890624999 0.9 0.8415300546875001 0.9163636359374999 0.8387978140625 0.949090909375 0.811475409375 0.989090909375 0.6693989078125 0.9781818187500001 0.6147540984375001 0.9545454546875 0.5792349734375 0.9109090906249999 0.5464480875 0.8781818187500001 0.5464480875 0.850909090625 0.5710382515625 0.8472727265625 0.6147540984375001 0.8363636359375001 0.647540984375 0.7927272734375 0.7076502734375001
0 0.8709090906249999 0.38797814218750004 0.8527272734375 0.398907103125 0.8400000000000001 0.4289617484375 0.8400000000000001 0.44535519062500006 0.850909090625 0.47814207656249996 0.8545454546875 0.543715846875 0.8854545453125 0.5464480875 0.9036363640625 0.54098360625 0.9181818187499999 0.5464480875 0.9781818187500001 0.59836065625 0.9927272734375 0.5546448093749999 0.9927272734375 0.4836065578125 0.9963636359375 0.47814207656249996 0.9963636359375 0.4289617484375 0.9854545453125001 0.3907103828125 0.96181818125 0.3606557375 0.9400000000000001 0.34426229531249997 0.9072727265625 0.34426229531249997 0.889090909375 0.35519125625000003 0.8709090906249999 0.38797814218750004
0 0.4436363640625 0.374316940625 0.4254545453125 0.4344262296875 0.45454545468749996 0.47267759531250003 0.4727272734375 0.5109289625 0.4836363640625 0.5491803281250001 0.4836363640625 0.5874316937499999 0.5036363640625 0.6065573765625001 0.5345454546874999 0.6092896171875 0.5618181812499999 0.584699453125 0.58181818125 0.5491803281250001 0.5927272734375 0.5 0.5927272734375 0.450819671875 0.58181818125 0.407103825 0.5618181812499999 0.36612021875 0.5254545453125 0.3387978140625 0.5072727265625 0.3333333328125 0.46363636406250003 0.3497267765625 0.4436363640625 0.374316940625
0 0.349090909375 0.2158469953125 0.3454545453125 0.2978142078125 0.3527272734375 0.32513661250000003 0.3636363640625 0.34153005468750003 0.3745454546875 0.374316940625 0.3745454546875 0.40163934375 0.38 0.40983606562499997 0.390909090625 0.40983606562499997 0.41636363593750003 0.42622950781249996 0.42181818125000003 0.4234972671875 0.429090909375 0.41256830625 0.4436363640625 0.368852459375 0.46181818124999996 0.3469945359375 0.46181818124999996 0.3306010921875 0.4472727265625 0.2978142078125 0.4272727265625 0.27322404375 0.39818181875 0.224043715625 0.3763636359375 0.2076502734375 0.3545454546875 0.2076502734375 0.349090909375 0.2158469953125
0 0.1927272734375 0.1229508203125 0.1927272734375 0.15573770468749998 0.1745454546875 0.20491803281249998 0.1745454546875 0.2158469953125 0.1363636359375 0.24043715781250002 0.1127272734375 0.28142076562499996 0.14181818125 0.3469945359375 0.149090909375 0.3907103828125 0.16363636406249998 0.3907103828125 0.18181818125 0.34153005468750003 0.18181818125 0.3306010921875 0.2036363640625 0.2923497265625 0.22000000000000003 0.2677595625 0.26181818125 0.2431693984375 0.26181818125 0.20491803281249998 0.250909090625 0.172131146875 0.2236363640625 0.131147540625 0.20909090937500002 0.12021857968750001 0.1927272734375 0.1229508203125
0 0.86 0 0.8436363640625 0.0245901640625 0.8400000000000001 0.05191256875 0.849090909375 0.0655737703125 0.8709090906249999 0.0655737703125 0.8745454546874999 0.0601092890625 0.889090909375 0.0655737703125 0.8945454546875 0.0792349734375 0.89818181875 0.1120218578125 0.9181818187499999 0.142076503125 0.9236363640624999 0.1393442625 0.9400000000000001 0.1147540984375 0.95818181875 0.10382513593750001 0.9763636359375001 0.10382513593750001 0.989090909375 0.090163934375 0.989090909375 0.04098360625 0.9781818187500001 0.0136612015625 0.969090909375 0 0.86 0