0 0.0765625 0.0765625 0.121875 0.153125
0 0.215625 0.0765625 0.11875 0.153125
0 0.28125 0.071875 0.0890625 0.14375
0 0.3953125 0.0640625 0.1 0.128125
0 0.53203125 0.0890625 0.140625 0.14375
0 0.6640625 0.0625 0.1375 0.125
0 0.7921875 0.04921875 0.134375 0.0984375
0 0.9 0.03671875 0.134375 0.0734375
0 0.93203125 0.1234375 0.1359375 0.1484375
0 0.84921875 0.18046875 0.1484375 0.146875
0 0.7484375 0.2109375 0.16875 0.2109375
0 0.62265625 0.265625 0.1578125 0.171875
0 0.4203125 0.18046875 0.1203125 0.153125
0 0.48828125 0.2734375 0.1390625 0.153125
0 0.3078125 0.2109375 0.153125 0.196875
0 0.1953125 0.24609375 0.1359375 0.153125
0 0.071875 0.2609375 0.1265625 0.1703125
0 0.0625 0.4328125 0.109375 0.1546875
0 0.225 0.38359375 0.1203125 0.1609375
0 0.36015625 0.36796875 0.10625 0.134375
0 0.55625 0.4203125 0.1296875 0.1609375
0 0.7671875 0.40703125 0.121875 0.14375
0 0.85703125 0.3921875 0.11875 0.15625
0 0.93671875 0.3125 0.1265625 0.159375
0 0.9265625 0.47109375 0.146875 0.1484375
0 0.66953125 0.49453125 0.128125 0.1296875
0 0.434375 0.5125 0.1171875 0.1375
0 0.33125 0.51171875 0.115625 0.1125
0 0.253125 0.60625 0.1078125 0.121875
0 0.16953125 0.5109375 0.1421875 0.1609375
0 0.10625 0.61015625 0.1359375 0.14375
0 0.075 0.78359375 0.0875 0.140625
0 0.1796875 0.74609375 0.1171875 0.1421875
0 0.29609375 0.71171875 0.1015625 0.1671875
0 0.3828125 0.67421875 0.1078125 0.1921875
0 0.4734375 0.62109375 0.109375 0.1671875
0 0.58125 0.62265625 0.128125 0.128125
0 0.76171875 0.6015625 0.1375 0.1734375
0 0.871875 0.63515625 0.1171875 0.15625
0 0.95859375 0.59609375 0.0828125 0.1640625
0 0.9375 0.8078125 0.1234375 0.1796875
0 0.90390625 0.94609375 0.1921875 0.1078125
0 0.80546875 0.859375 0.1609375 0.1765625
0 0.70390625 0.76015625 0.1375 0.153125
0 0.615625 0.778125 0.11875 0.1515625
0 0.68125 0.93359375 0.140625 0.1328125
0 0.55625 0.915625 0.1125 0.1359375
0 0.47578125 0.79609375 0.121875 0.1515625
0 0.43203125 0.9125 0.1203125 0.1453125
0 0.33515625 0.91328125 0.115625 0.1734375
0 0.228125 0.890625 0.1109375 0.1890625
0 0.12734375 0.940625 0.1421875 0.11875