0 0.98828125 0.29921875 0.0234375 0.0546875
0 0.5671875 0.309375 0.0234375 0.0484375
0 0.684375 0.33515625 0.0203125 0.053125
0 0.14765625 0.359375 0.0203125 0.0359375
0 0.30234375 0.36171875 0.0203125 0.04375
0 0.6421875 0.36171875 0.0234375 0.0609375
0 0.9046875 0.36796875 0.0265625 0.0609375
0 0.865625 0.37421875 0.0234375 0.059375
0 0.83125 0.37578125 0.0234375 0.06875
0 0.18203125 0.3859375 0.021875 0.0453125
0 0.5296875 0.4 0.0203125 0.0625
0 0.1140625 0.40546875 0.0265625 0.065625
0 0.5921875 0.40703125 0.0234375 0.0578125
0 0.7703125 0.4078125 0.03125 0.071875
0 0.04765625 0.4203125 0.0296875 0.053125
0 0.7140625 0.43203125 0.028125 0.0734375
0 0.46640625 0.4359375 0.0296875 0.065625
0 0.984375 0.4390625 0.021875 0.06875
0 0.940625 0.43984375 0.0296875 0.0734375
0 0.66953125 0.4421875 0.03125 0.0859375
0 0.41796875 0.44453125 0.03125 0.0953125
0 0.17265625 0.4609375 0.028125 0.071875
0 0.3625 0.465625 0.028125 0.06875
0 0.61171875 0.471875 0.034375 0.0734375
0 0.85859375 0.4921875 0.0296875 0.0890625
0 0.28984375 0.5 0.0390625 0.084375
0 0.015625 0.50703125 0.03125 0.0859375
0 0.5328125 0.51015625 0.0421875 0.0765625
0 0.2046875 0.53359375 0.04375 0.0828125
0 0.4609375 0.54296875 0.0453125 0.1
0 0.0953125 0.553125 0.0515625 0.090625
0 0.7796875 0.56015625 0.040625 0.1109375
0 0.3921875 0.57734375 0.0484375 0.1140625
0 0.71640625 0.5796875 0.040625 0.10625
0 0.0171875 0.5953125 0.034375 0.0765625
0 0.303125 0.61796875 0.040625 0.109375
0 0.6515625 0.62109375 0.0375 0.109375
0 0.184375 0.678125 0.05625 0.1140625
0 0.559375 0.69140625 0.0515625 0.1171875
0 0.47265625 0.7578125 0.0546875 0.071875
0 0.34453125 0.8265625 0.0484375 0.0609375
0 0.978125 0.8296875 0.04375 0.1703125
0 0.1171875 0.8484375 0.0546875 0.0609375
0 0.2265625 0.87890625 0.05625 0.071875