0 0.31640625 0.1828125 0.2171875 0.2546875
0 0.43671875 0.0390625 0.2140625 0.078125
0 0.4890625 0.1375 0.221875 0.221875
0 0.66796875 0.146875 0.2078125 0.284375
0 0.7609375 0.25234375 0.1875 0.20625
0 0.61484375 0.315625 0.1796875 0.1671875
0 0.478125 0.29375 0.2234375 0.2390625
0 0.37109375 0.31796875 0.178125 0.196875
0 0.22421875 0.321875 0.1671875 0.2
0 0.1609375 0.48828125 0.178125 0.1796875
0 0.28515625 0.46875 0.121875 0.1953125
0 0.38359375 0.4734375 0.153125 0.2015625
0 0.61796875 0.46953125 0.2234375 0.2796875
0 0.77421875 0.453125 0.190625 0.209375
0 0.8765625 0.528125 0.2046875 0.178125
0 0.76328125 0.628125 0.165625 0.23125
0 0.64453125 0.69765625 0.125 0.2328125
0 0.73046875 0.8125 0.184375 0.1859375
0 0.55625 0.7625 0.153125 0.1890625
0 0.5265625 0.58046875 0.14375 0.1765625
0 0.4453125 0.66796875 0.1859375 0.215625
0 0.340625 0.64140625 0.128125 0.1515625
0 0.25859375 0.60859375 0.134375 0.175
0 0.17890625 0.65234375 0.1140625 0.1328125
0 0.1984375 0.80625 0.1625 0.2546875
0 0.3375 0.86484375 0.1546875 0.215625
0 0.4765625 0.934375 0.140625 0.13125
0 0.58671875 0.8921875 0.1375 0.215625
0 0.43515625 0.80390625 0.1390625 0.1484375