0 0.8273195875000001 0.5637065640625 0.8814432984374999 0.51930501875 0.876288659375 0.484555984375 0.8221649484375 0.44787644843749996 0.7087628859375 0.44401544375 0.5051546390625 0.48841698906250003 0.510309278125 0.515444015625 0.5438144328125001 0.5366795359375 0.7628865984375001 0.5772200765625 0.8273195875000001 0.5637065640625
0 0.7319587624999999 0.42277992343750004 0.8041237109375 0.3918918921875 0.798969071875 0.3416988421875 0.7551546390625 0.29343629375 0.69329896875 0.2741312734375 0.5541237109375 0.2741312734375 0.530927834375 0.2876447875 0.52061855625 0.33011582968750003 0.5644329890625001 0.37451737500000004 0.6365979375 0.4169884171875 0.7319587624999999 0.42277992343750004
0 0.644329896875 0.44208494218750005 0.507731959375 0.328185328125 0.3994845359375 0.33204633281249996 0.38144329843749997 0.3918918921875 0.40206185625 0.43050193124999997 0.48195876249999997 0.46718146718750003 0.536082475 0.46911196874999994 0.6211340203125 0.459459459375 0.644329896875 0.44208494218750005
0 0.5773195875 0.26447876406250004 0.4974226796875 0.2355212359375 0.3994845359375 0.25482625468750003 0.376288659375 0.303088803125 0.4175257734375 0.3262548265625 0.507731959375 0.3204633203125 0.530927834375 0.283783784375 0.5773195875 0.26447876406250004
0 1 0.44980695 0.9458762890625 0.39382239375 0.8170103093750001 0.3706563703125 0.798969071875 0.40347490312499995 0.8092783499999999 0.4382239375 0.8814432984374999 0.48841698906250003 0.8814432984374999 0.5270270265625 0.9020618562499999 0.5270270265625 1 0.484555984375 1 0.44980695
0 0.3324742265625 0.7915057921875001 0.3711340203125 0.7895752890625001 0.4381443296875 0.78185328125 0.4845360828125 0.6853281859375 0.47938144375 0.63127413125 0.4381443296875 0.5888030890625 0.4278350515625 0.515444015625 0.39432989687500003 0.49420849375 0.35567010312499997 0.5115830109374999 0.28865979375 0.7046332046875 0.29381443281249997 0.7625482625 0.3324742265625 0.7915057921875001
0 0.298969071875 0.6698841703125 0.35567010312499997 0.503861003125 0.38144329843749997 0.48841698906250003 0.376288659375 0.465250965625 0.34793814375 0.45559845625 0.2731958765625 0.503861003125 0.2061855671875 0.5888030890625 0.2061855671875 0.6544401546875 0.257731959375 0.6853281859375 0.298969071875 0.6698841703125
0 0.5180412375000001 0.5289575296875 0.46649484531249996 0.47104247031249996 0.42525773125 0.47104247031249996 0.412371134375 0.49227799218749996 0.4484536078125 0.58108108125 0.548969071875 0.6640926640625 0.5824742265625 0.6621621625 0.5773195875 0.5540540546875 0.5180412375000001 0.5289575296875
0 0.6984536078125 0.575289575 0.6005154640625 0.5521235515625 0.6030927828125 0.7084942078124999 0.6778350515625 0.7606177609375 0.7319587624999999 0.7625482625 0.778350515625 0.716216215625 0.7731958765625 0.6621621625 0.6984536078125 0.575289575
0 0.742268040625 0.8166023171875001 0.6726804125 0.7606177609375 0.626288659375 0.7451737453125 0.585051546875 0.702702703125 0.530927834375 0.7239382234375 0.52061855625 0.7664092671875 0.5541237109375 0.8108108109375 0.626288659375 0.8416988421875 0.7113402062499999 0.847490346875 0.742268040625 0.8166023171875001
0 0.8479381437500001 0.7220077218750001 0.786082475 0.702702703125 0.7371134015624999 0.8050193046875 0.7757731953125 0.8416988421875 0.8505154640624999 0.847490346875 0.8917525765625 0.8281853281249999 0.8969072171875 0.78185328125 0.8479381437500001 0.7220077218750001
0 0.8479381437500001 0.5521235515625 0.7654639171875 0.5791505796875 0.7525773203125 0.615830115625 0.7835051546875 0.68146718125 0.855670103125 0.7084942078124999 0.9072164953125 0.6737451734375 0.912371134375 0.6119691125 0.8479381437500001 0.5521235515625
0 1 0.7509652515624999 0.9458762890625 0.7220077218750001 0.9020618562499999 0.79343629375 1 0.84362934375 1 0.7509652515624999
0 0.9355670109374999 0.6138996140625 0.912371134375 0.6196911203125001 0.9020618562499999 0.6853281859375 0.855670103125 0.716216215625 0.9020618562499999 0.7702702703125001 0.97938144375 0.646718146875 0.97938144375 0.63127413125 0.9355670109374999 0.6138996140625
0 0.9639175249999999 0.8667953671875 0.9639175249999999 0.84362934375 0.914948453125 0.8108108109375 0.8685567015625001 0.8494208499999999 0.7448453609375 0.8378378375000001 0.6804123718749999 0.8629343625000001 0.6804123718749999 0.878378378125 0.72938144375 0.9073359078125 0.876288659375 0.9208494203124999 0.9639175249999999 0.8667953671875
0 1 0.9131274125 0.9871134015624999 0.903474903125 0.9355670109374999 0.903474903125 0.8530927828125 0.9343629343750001 0.7938144328125001 0.9826254828125001 0.796391753125 1 1 0.9980694984375 1 0.9131274125
0 0.7886597937500001 0.9980694984375 0.7835051546875 0.9478764484375001 0.75 0.93050193125 0.6623711343750001 0.9343629343750001 0.5876288656249999 0.990347490625 0.7886597937500001 0.9980694984375
0 0.567010309375 0.909266409375 0.5824742265625 0.9594594593749999 0.6030927828125 0.9594594593749999 0.701030928125 0.9054054046875001 0.6623711343750001 0.864864865625 0.6005154640625 0.8725868718750001 0.567010309375 0.909266409375
0 0.46649484531249996 0.9073359078125 0.469072165625 0.9478764484375001 0.5618556703124999 0.9864864859375 0.55670103125 0.9015444015625 0.46649484531249996 0.9073359078125
0 0.335051546875 0.9054054046875001 0.3298969078125 0.9594594593749999 0.38144329843749997 0.9671814671875 0.4381443296875 0.94401544375 0.44072164999999996 0.9073359078125 0.38402061875000004 0.8957528953124999 0.335051546875 0.9054054046875001
0 0.4974226796875 0.7953667953125 0.35567010312499997 0.8320463328125 0.34020618593749996 0.8706563703124999 0.36340206249999996 0.8880308875 0.4845360828125 0.9015444015625 0.57474226875 0.8880308875 0.59793814375 0.8397683390624999 0.4974226796875 0.7953667953125
0 0.42010309218749997 0.9575289578125 0.3298969078125 0.9980694984375 0.55670103125 0.9980694984375 0.47680412343749995 0.9575289578125 0.42010309218749997 0.9575289578125
0 0.085051546875 0.965250965625 0 0.9942084937500001 0.2319587625 0.9980694984375 0.1726804125 0.9575289578125 0.085051546875 0.965250965625
0 0.286082475 0.91891891875 0.3505154640625 0.8243243250000001 0.335051546875 0.8011583015625 0.219072165625 0.752895753125 0.0644329890625 0.7799227796875 0.0515463921875 0.808880309375 0.1030927828125 0.8629343625000001 0.0051546390625 0.9131274125 0.010309278125 0.978764478125 0.286082475 0.91891891875
0 0.18298969062499998 0.625482625 0.07474226875 0.6370656375 0.0051546390625 0.7007722000000001 0.0335051546875 0.7490347484375001 0.1030927828125 0.7625482625 0.1726804125 0.7490347484375001 0.2319587625 0.7046332046875 0.18298969062499998 0.625482625
0 0.2087628859375 0.47104247031249996 0.15721649531249998 0.478764478125 0.1134020625 0.5386100390624999 0.1314432984375 0.5637065640625 0.1855670109375 0.5733590734375 0.221649484375 0.5579150578125 0.2680412375 0.503861003125 0.2087628859375 0.47104247031249996
0 0.007731959375 0.42471042499999995 0 0.5308880312500001 0.05670103125 0.534749034375 0.123711340625 0.5115830109374999 0.1288659796875 0.46911196874999994 0.1005154640625 0.43629343593750003 0.007731959375 0.42471042499999995
0 0.2371134015625 0.353281853125 0.162371134375 0.3166023171875 0.09536082500000001 0.3204633203125 0.0773195875 0.384169884375 0.1030927828125 0.42664092656249997 0.239690721875 0.4826254828125 0.2835051546875 0.484555984375 0.30927835 0.45366795312499997 0.2371134015625 0.353281853125
0 0.007731959375 0.3204633203125 0 0.41891891875000004 0.0773195875 0.42277992343750004 0.0824742265625 0.33011582968750003 0.007731959375 0.3204633203125
0 0.1726804125 0.21235521249999997 0.126288659375 0.21621621562499999 0.123711340625 0.2876447875 0.15206185625 0.3127413125 0.221649484375 0.3262548265625 0.2628865984375 0.30694980625 0.2680412375 0.272200771875 0.1726804125 0.21235521249999997
0 0.09536082500000001 0.1544401546875 0.046391753125000004 0.1833976828125 0.041237114062500003 0.2297297296875 0.0773195875 0.303088803125 0.1288659796875 0.31081081093749996 0.1082474234375 0.24517374531249997 0.1494845359375 0.202702703125 0.09536082500000001 0.1544401546875
0 0.43556701093749994 0.2393822390625 0.45876288593750003 0.2142857140625 0.453608246875 0.18725868750000002 0.296391753125 0.13127413125 0.213917525 0.1389961390625 0.17525773125 0.1679536671875 0.1855670109375 0.2142857140625 0.22938144375 0.2509652515625 0.3144329890625 0.26447876406250004 0.43556701093749994 0.2393822390625
0 0.6391752578125 0.1679536671875 0.6288659796875 0.121621621875 0.5541237109375 0.0926640921875 0.3917525765625 0.1486486484375 0.453608246875 0.1795366796875 0.471649484375 0.22393822343749997 0.536082475 0.23359073281249998 0.595360825 0.21235521249999997 0.6391752578125 0.1679536671875
0 0.31701030937499997 0 0.27061855625 0.015444015624999998 0.2319587625 0.05598455625 0.24226804062500001 0.090733590625 0.31701030937499997 0.135135134375 0.3711340203125 0.1370656375 0.5128865984375001 0.10038609999999999 0.546391753125 0.048262548437500004 0.48711340156249994 0.015444015624999998 0.4097938140625 0 0.31701030937499997 0
0 0.5025773203125 0 0.4948453609375 0.0135135140625 0.5515463921875 0.048262548437500004 0.546391753125 0.0868725875 0.6082474234374999 0.0945945953125 0.6701030921875 0.0289575296875 0.664948453125 0.0019305015625000002 0.5025773203125 0
0 0.9201030921875001 0.135135134375 0.9329896906249999 0.1023166015625 0.796391753125 0.030888031249999996 0.703608246875 0.0270270265625 0.6469072171875 0.046332046875 0.623711340625 0.0868725875 0.664948453125 0.15637065625 0.713917525 0.1737451734375 0.7886597937500001 0.171814671875 0.9201030921875001 0.135135134375
0 0.8582474234375 0 0.8298969078124999 0.0173745171875 0.8427835046875 0.0540540546875 0.9587628859375 0.0945945953125 1 0.0637065640625 1 0 0.8582474234375 0
0 1 0.0733590734375 0.9536082468749999 0.1177606171875 0.9226804124999999 0.191119690625 1 0.25675675625 1 0.0733590734375
0 0.97938144375 0.252895753125 0.904639175 0.2046332046875 0.8221649484375 0.21621621562499999 0.778350515625 0.2799227796875 0.798969071875 0.333976834375 0.837628865625 0.359073359375 0.9587628859375 0.3764478765625 0.9948453609374999 0.3416988421875 0.97938144375 0.252895753125
0 0.623711340625 0.2297297296875 0.6159793812500001 0.2702702703125 0.7680412375000001 0.2876447875 0.7886597937500001 0.2297297296875 0.7448453609375 0.1853281859375 0.69329896875 0.1853281859375 0.623711340625 0.2297297296875
0 0.0025773203125 0 0 0.1679536671875 0.0515463921875 0.171814671875 0.0824742265625 0.140926640625 0.09278350468749999 0.0868725875 0.046391753125000004 0.00579150625 0.0025773203125 0
0 0.15721649531249998 0.0038610031250000004 0.1108247421875 0.007722007812499999 0.0773195875 0.0366795359375 0.1082474234375 0.11003860937500001 0.1391752578125 0.1177606171875 0.21134020625 0.05598455625 0.19072165000000002 0.0173745171875 0.15721649531249998 0.0038610031250000004
0 0.15979381406249998 0.0868725875 0.123711340625 0.15637065625 0.17525773125 0.1949806953125 0.19845360781250002 0.146718146875 0.2835051546875 0.12548262500000001 0.2087628859375 0.06177606249999999 0.15979381406249998 0.0868725875