0 0.834375 0.37578125 0.8234375 0.32421875 0.8 0.28515625 0.77265625 0.2640625 0.73671875 0.259375 0.69609375 0.28125 0.66875 0.31171875 0.65 0.37265625 0.65 0.42578125 0.6640625 0.47734375 0.68515625 0.5078125 0.75703125 0.53125 0.7703125 0.53046875 0.80234375 0.5171875 0.825 0.48671875 0.8359375 0.44765625 0.834375 0.37578125
0 0.653125 0.32578125 0.65 0.25390625 0.6390625 0.21484375 0.621875 0.18515625 0.60234375 0.165625 0.57421875 0.15625 0.52734375 0.159375 0.50546875 0.1703125 0.4734375 0.20234375 0.4546875 0.25390625 0.45625 0.31796875 0.478125 0.38984375 0.51484375 0.434375 0.546875 0.44296875 0.58515625 0.4375 0.61875 0.41328125 0.6421875 0.37421875 0.653125 0.32578125
0 0.7859375 0.15859375 0.784375 0.09609375 0.775 0.05390625 0.75234375 0.0234375 0.71015625 0.0015625 0.68359375 0.003125 0.659375 0.01796875 0.6203125 0.07265625 0.5953125 0.14296875 0.596875 0.15546875 0.6234375 0.18359375 0.640625 0.21328125 0.6546875 0.27109375 0.66171875 0.2765625 0.678125 0.27578125 0.74296875 0.2515625 0.759375 0.23984375 0.7765625 0.20390625 0.7859375 0.15859375
0 0.84296875 0 0.825 0.02890625 0.8109375 0.08515625 0.8109375 0.13203125 0.81875 0.17734375 0.83125 0.20546875 0.84765625 0.2234375 0.86953125 0.2390625 0.890625 0.23984375 0.95859375 0.234375 0.9875 0.21015625 1 0.18984375 0.99921875 0 0.84296875 0
0 1 0.26015625 0.96015625 0.2390625 0.92109375 0.2359375 0.88984375 0.2484375 0.86875 0.27109375 0.8515625 0.30234375 0.8390625 0.36640625 0.84375 0.44453125 0.85625 0.48515625 0.87578125 0.521875 0.90546875 0.5328125 0.9703125 0.53203125 1 0.52265625 1 0.26015625
0 0.646875 0.81171875 0.64375 0.78828125 0.625 0.75546875 0.6140625 0.71484375 0.59765625 0.6921875 0.56796875 0.6796875 0.55625 0.68515625 0.51484375 0.746875 0.4625 0.77421875 0.459375 0.82890625 0.4703125 0.88359375 0.4953125 0.95546875 0.52890625 0.978125 0.55234375 0.9859375 0.571875 0.98515625 0.60234375 0.9703125 0.6234375 0.94453125 0.6421875 0.87578125 0.646875 0.81171875
0 0.5609375 0.59921875 0.5546875 0.56171875 0.528125 0.49609375 0.49921875 0.4640625 0.45390625 0.45625 0.41328125 0.4765625 0.375 0.52734375 0.3609375 0.56953125 0.359375 0.63046875 0.3734375 0.68359375 0.4015625 0.73515625 0.43359375 0.759375 0.471875 0.76640625 0.50859375 0.746875 0.5390625 0.71171875 0.5625 0.65234375 0.5609375 0.59921875
0 0.6484375 0.46328125 0.6328125 0.43515625 0.61640625 0.4265625 0.56640625 0.44375 0.52890625 0.4453125 0.50625 0.46328125 0.53125 0.49609375 0.5546875 0.55546875 0.5625 0.59609375 0.5640625 0.65859375 0.57734375 0.6703125 0.6015625 0.67109375 0.6140625 0.66015625 0.6265625 0.59140625 0.659375 0.53046875 0.6484375 0.46328125
0 0.478125 0.41015625 0.4625 0.35546875 0.446875 0.32890625 0.41328125 0.303125 0.37578125 0.29375 0.33671875 0.2984375 0.3046875 0.32421875 0.2875 0.36015625 0.2796875 0.40390625 0.28125 0.45390625 0.296875 0.51171875 0.32265625 0.5546875 0.33828125 0.565625 0.3546875 0.56484375 0.390625 0.49609375 0.42578125 0.465625 0.46328125 0.4484375 0.478125 0.41015625
0 0.4921875 0.17265625 0.503125 0.13671875 0.503125 0.11328125 0.4921875 0.07421875 0.45625 0.03359375 0.42890625 0.0078125 0.39609375 0 0.36171875 0.00625 0.3328125 0.03828125 0.3109375 0.09140625 0.30625 0.15234375 0.31875 0.22109375 0.3359375 0.25390625 0.36171875 0.2796875 0.40625 0.29453125 0.42734375 0.2875 0.44375 0.27109375 0.4640625 0.21171875 0.4921875 0.17265625
0 0.3171875 0.23828125 0.2859375 0.11328125 0.26015625 0.084375 0.21484375 0.075 0.17734375 0.090625 0.1390625 0.13046875 0.125 0.18203125 0.1234375 0.25546875 0.1421875 0.31171875 0.16796875 0.3484375 0.21640625 0.371875 0.2421875 0.37265625 0.26484375 0.3609375 0.2953125 0.32265625 0.3109375 0.28359375 0.3171875 0.23828125
0 0.1265625 0.06796875 0.10625 0.03203125 0.07109375 0.003125 0.00078125 0 0 0.25234375 0.04609375 0.2703125 0.0703125 0.27109375 0.09921875 0.259375 0.1171875 0.22890625 0.134375 0.12109375 0.1265625 0.06796875
0 0.1484375 0.00078125 0.1625 0.03671875 0.18984375 0.0671875 0.265625 0.07578125 0.28046875 0.071875 0.2921875 0.05859375 0.31171875 0 0.1484375 0.00078125
0 0.1140625 0.39453125 0.1078125 0.34921875 0.084375 0.30546875 0.05234375 0.2765625 0.00390625 0.2640625 0 0.54296875 0.021875 0.54609375 0.05078125 0.5421875 0.084375 0.51953125 0.109375 0.43203125 0.1140625 0.39453125
0 0.2859375 0.55078125 0.2875 0.49921875 0.2734375 0.43046875 0.2578125 0.40234375 0.23203125 0.3796875 0.18203125 0.371875 0.14921875 0.3828125 0.1265625 0.40390625 0.1 0.47734375 0.0953125 0.54140625 0.109375 0.58515625 0.140625 0.63671875 0.16015625 0.6515625 0.1921875 0.65390625 0.21328125 0.646875 0.2453125 0.60078125 0.2765625 0.57265625 0.2859375 0.55078125
0 0 0.79765625 0.02421875 0.8109375 0.06875 0.81171875 0.10546875 0.7953125 0.1328125 0.75703125 0.146875 0.70859375 0.1453125 0.65078125 0.109375 0.58828125 0.08046875 0.5578125 0.05546875 0.546875 0.01328125 0.55 0 0.56015625 0 0.79765625
0 0.24296875 0.8140625 0.22421875 0.803125 0.17890625 0.8015625 0.15234375 0.8125 0.121875 0.84453125 0.1 0.88671875 0.0875 0.99921875 0.28125 0.99921875 0.2875 0.90078125 0.284375 0.87421875 0.2703125 0.84296875 0.24296875 0.8140625
0 0 0.99921875 0.0828125 0.99921875 0.0890625 0.89921875 0.1015625 0.87578125 0.1015625 0.85546875 0.07265625 0.8234375 0.01953125 0.821875 0 0.83671875 0 0.99921875
0 0.4015625 0.73984375 0.3640625 0.66328125 0.3515625 0.58515625 0.33359375 0.575 0.29921875 0.5734375 0.26484375 0.590625 0.2328125 0.63359375 0.21875 0.67421875 0.2171875 0.71796875 0.225 0.76484375 0.24375 0.80703125 0.28046875 0.846875 0.315625 0.85078125 0.35859375 0.828125 0.375 0.81171875 0.396875 0.76953125 0.4015625 0.73984375
0 0.42734375 0.84375 0.39765625 0.834375 0.35859375 0.8359375 0.3234375 0.85703125 0.30625 0.88515625 0.296875 0.91796875 0.28828125 1 0.484375 0.99921875 0.4859375 0.95859375 0.4765625 0.90703125 0.45234375 0.8640625 0.42734375 0.84375
0 0.69296875 0.840625 0.68359375 0.8453125 0.6625 0.86953125 0.6484375 0.90234375 0.6296875 0.96328125 0.6296875 0.99921875 0.8046875 0.99921875 0.7953125 0.91015625 0.7765625 0.86328125 0.75546875 0.84375 0.69296875 0.840625
0 1 0.90078125 0.96953125 0.8671875 0.96171875 0.8625 0.88046875 0.8609375 0.85625 0.87890625 0.8296875 0.92734375 0.82109375 1 1 0.99921875 1 0.90078125
0 0.8296875 0.70078125 0.8265625 0.64453125 0.8109375 0.59453125 0.76640625 0.54375 0.73984375 0.528125 0.70703125 0.5265625 0.66640625 0.5421875 0.6390625 0.57109375 0.621875 0.62421875 0.61875 0.70390625 0.6328125 0.76171875 0.659375 0.80234375 0.69296875 0.828125 0.75 0.83515625 0.77109375 0.8296875 0.7875 0.81328125 0.821875 0.75703125 0.8296875 0.70078125
0 1 0.55234375 0.97734375 0.5390625 0.92109375 0.54375 0.88671875 0.5609375 0.859375 0.60078125 0.834375 0.68046875 0.8359375 0.75859375 0.8671875 0.82421875 0.90234375 0.8546875 0.9421875 0.85859375 0.96796875 0.853125 1 0.83203125 1 0.55234375
0 0.54921875 0.0546875 0.57109375 0.065625 0.590625 0.06640625 0.62265625 0.053125 0.6640625 0.00078125 0.5078125 0.00078125 0.54921875 0.0546875