0 0.68828125 0.57578125 0.071875 0.315625
0 0.7375 0.8125 0.2546875 0.121875
0 0.865625 0.37265625 0.1046875 0.3453125
0 0.61953125 0.4 0.0859375 0.290625
0 0.565625 0.190625 0.1078125 0.128125
0 0.5609375 0.503125 0.065625 0.3390625
0 0.903125 0.66328125 0.1734375 0.2859375
0 0.365625 0.5125 0.0765625 0.309375
0 0.24296875 0.6 0.11875 0.4375
0 0.28671875 0.6484375 0.0875 0.3390625
0 0.14765625 0.83046875 0.1515625 0.328125
0 0.1671875 0.26640625 0.0859375 0.20625
0 0.303125 0.22734375 0.0765625 0.2
0 0.34921875 0.23671875 0.06875 0.2421875
0 0.3984375 0.2 0.05625 0.1453125
0 0.38671875 0.77890625 0.0921875 0.43125