0 0.15546875 0.171875 0.2234375 0.1984375
0 0.13828125 0.253125 0.2765625 0.1828125
0 0.3046875 0.1546875 0.2671875 0.1640625
0 0.35390625 0.24296875 0.2671875 0.121875
0 0.3953125 0.07890625 0.271875 0.1171875
0 0.45234375 0.159375 0.2484375 0.15625
0 0.56875 0.06640625 0.196875 0.1328125
0 0.65625 0.1484375 0.2234375 0.159375
0 0.75703125 0.0546875 0.25 0.109375
0 0.86953125 0.121875 0.259375 0.1234375
0 0.809375 0.19609375 0.2859375 0.165625
0 0.88359375 0.3671875 0.228125 0.1921875
0 0.60078125 0.3125 0.4265625 0.2859375
0 0.38359375 0.34609375 0.315625 0.1984375
0 0.1515625 0.3953125 0.303125 0.1515625
0 0.17109375 0.53046875 0.284375 0.1625
0 0.3765625 0.47734375 0.3109375 0.178125
0 0.31484375 0.61015625 0.2875 0.225
0 0.67109375 0.53125 0.29375 0.29375
0 0.86171875 0.51953125 0.2734375 0.221875
0 0.8765625 0.6484375 0.24375 0.1875
0 0.478125 0.69921875 0.2796875 0.1921875
0 0.69453125 0.81640625 0.3875 0.2484375
0 0.42890625 0.87421875 0.309375 0.19375
0 0.146875 0.77734375 0.29375 0.2515625
0 0.1375 0.9234375 0.275 0.146875