0 0.35961538437499996 0.36597938124999996 0.340384615625 0.38659793750000004 0.31923076875 0.42010309218749997 0.31923076875 0.45103092812499995 0.31538461562500003 0.4561855671875 0.31538461562500003 0.48711340156249994 0.31923076875 0.4974226796875 0.3519230765625 0.536082475 0.3980769234375 0.530927834375 0.4173076921875 0.5412371140625 0.43461538437499997 0.5386597937500001 0.4519230765625 0.5257731953125 0.459615384375 0.5257731953125 0.47115384687499995 0.5154639171875 0.4769230765625 0.5025773203125 0.4769230765625 0.41494845312499995 0.46923076874999997 0.39432989687500003 0.45576923125 0.376288659375 0.425 0.35567010312499997 0.378846153125 0.35567010312499997 0.35961538437499996 0.36597938124999996
0 0.428846153125 0.1288659796875 0.39038461562500004 0.1185567015625 0.371153846875 0.123711340625 0.34423076875 0.144329896875 0.3230769234375 0.1726804125 0.3230769234375 0.1881443296875 0.31538461562500003 0.203608246875 0.3230769234375 0.286082475 0.334615384375 0.3118556703125 0.375 0.35567010312499997 0.43076923125000005 0.3530927828125 0.4480769234375 0.345360825 0.4615384609375 0.3273195875 0.465384615625 0.30670103125 0.48076923125000004 0.2757731953125 0.48461538437499996 0.25 0.48076923125000004 0.2448453609375 0.48461538437499996 0.219072165625 0.48076923125000004 0.19845360781250002 0.4615384609375 0.162371134375 0.428846153125 0.1288659796875
0 0.2384615390625 0.213917525 0.2384615390625 0.2551546390625 0.24230769218749998 0.260309278125 0.24230769218749998 0.286082475 0.25 0.3015463921875 0.25 0.3118556703125 0.2576923078125 0.3221649484375 0.2615384609375 0.337628865625 0.275 0.345360825 0.2826923078125 0.3608247421875 0.2980769234375 0.36597938124999996 0.30961538437499997 0.376288659375 0.3269230765625 0.3788659796875 0.346153846875 0.3582474234375 0.346153846875 0.3324742265625 0.33076923125 0.3118556703125 0.31923076875 0.280927834375 0.31538461562500003 0.203608246875 0.30961538437499997 0.19587628906250001 0.290384615625 0.1855670109375 0.271153846875 0.1855670109375 0.2519230765625 0.19587628906250001 0.2384615390625 0.213917525
0 0.275 0.36597938124999996 0.271153846875 0.3608247421875 0.2634615390625 0.3608247421875 0.259615384375 0.36597938124999996 0.24423076875 0.3711340203125 0.23076923124999998 0.3891752578125 0.22692307656250002 0.4097938140625 0.2230769234375 0.41494845312499995 0.2230769234375 0.430412371875 0.23461538437499999 0.45103092812499995 0.23461538437499999 0.47680412343749995 0.2384615390625 0.48711340156249994 0.259615384375 0.52061855625 0.2673076921875 0.52061855625 0.275 0.530927834375 0.2826923078125 0.530927834375 0.2865384609375 0.536082475 0.31923076875 0.5335051546875 0.33076923125 0.5180412375000001 0.31538461562500003 0.49226804062499996 0.31538461562500003 0.4458762890625 0.31923076875 0.44072164999999996 0.31923076875 0.41494845312499995 0.3269230765625 0.39432989687500003 0.30961538437499997 0.376288659375 0.29423076875 0.3711340203125 0.290384615625 0.36597938124999996 0.275 0.36597938124999996
0 0.290384615625 0.5412371140625 0.2634615390625 0.5257731953125 0.2519230765625 0.5257731953125 0.22884615312499998 0.5412371140625 0.21923076875 0.5541237109375 0.21538461562500003 0.5644329890625001 0.21538461562500003 0.6211340203125 0.22692307656250002 0.6572164953125 0.259615384375 0.7061855671874999 0.2673076921875 0.7113402062499999 0.2826923078125 0.7113402062499999 0.2865384609375 0.7164948453125 0.296153846875 0.713917525 0.30576923125 0.7113402062499999 0.31538461562500003 0.6984536078125 0.3115384609375 0.6881443296875001 0.3115384609375 0.6726804125 0.30384615312499996 0.6572164953125 0.30384615312499996 0.626288659375 0.3115384609375 0.6108247421875 0.3115384609375 0.595360825 0.31923076875 0.57474226875 0.290384615625 0.5412371140625
0 0.4576923078125 0.585051546875 0.44038461562500003 0.5618556703124999 0.4134615390625 0.546391753125 0.40576923125000003 0.536082475 0.3826923078125 0.536082475 0.378846153125 0.5412371140625 0.34807692343749996 0.546391753125 0.346153846875 0.5541237109375 0.31923076875 0.585051546875 0.3115384609375 0.605670103125 0.30384615312499996 0.6469072171875 0.31538461562500003 0.69329896875 0.3365384609375 0.721649484375 0.353846153125 0.719072165625 0.371153846875 0.7113402062499999 0.39423076875 0.7113402062499999 0.3980769234375 0.7164948453125 0.42115384687499996 0.7164948453125 0.428846153125 0.7113402062499999 0.4384615390625 0.6984536078125 0.4576923078125 0.6469072171875 0.4576923078125 0.626288659375 0.4615384609375 0.6211340203125 0.4576923078125 0.585051546875
0 0.25576923125 0.7113402062499999 0.2519230765625 0.7164948453125 0.22884615312499998 0.721649484375 0.21923076875 0.75 0.21923076875 0.77061855625 0.2230769234375 0.7757731953125 0.21923076875 0.80670103125 0.2230769234375 0.8118556703124999 0.2230769234375 0.8221649484375 0.22692307656250002 0.8273195875000001 0.23076923124999998 0.8479381437500001 0.24038461562500002 0.8608247421874999 0.2634615390625 0.876288659375 0.271153846875 0.876288659375 0.2826923078125 0.8865979375 0.3076923078125 0.8840206187499999 0.31538461562500003 0.8685567015625001 0.31538461562500003 0.786082475 0.31923076875 0.780927834375 0.31923076875 0.75 0.31538461562500003 0.739690721875 0.30576923125 0.7268041234375 0.290384615625 0.7164948453125 0.275 0.7164948453125 0.271153846875 0.7113402062499999 0.25576923125 0.7113402062499999
0 0.34423076875 0.7268041234375 0.33076923125 0.7448453609375 0.31538461562500003 0.7912371140625 0.31538461562500003 0.8427835046875 0.31923076875 0.8479381437500001 0.31923076875 0.8634020625 0.33269230781250003 0.8814432984374999 0.34807692343749996 0.8917525765625 0.35961538437499996 0.912371134375 0.38076923125 0.9097938140625 0.3980769234375 0.9072164953125 0.43461538437499997 0.8685567015625001 0.4384615390625 0.8427835046875 0.45384615312500004 0.8015463921875 0.45384615312500004 0.7654639171875 0.45 0.7551546390625 0.43269230781249995 0.7268041234375 0.4134615390625 0.7164948453125 0.3673076921875 0.7164948453125 0.34423076875 0.7268041234375
0 0.45384615312500004 1 0.4576923078125 0.9974226796875 0.4576923078125 0.9819587625 0.45 0.96134020625 0.43076923125000005 0.9407216500000001 0.4269230765625 0.92525773125 0.42115384687499996 0.9175257734375 0.4134615390625 0.9175257734375 0.409615384375 0.912371134375 0.3865384609375 0.912371134375 0.3826923078125 0.9175257734375 0.3673076921875 0.9175257734375 0.3634615390625 0.9226804124999999 0.35576923125 0.9226804124999999 0.3269230765625 0.9561855671874999 0.3230769234375 0.9768041234375 0.3173076921875 0.97938144375 0.3115384609375 0.9922680406250001 0.3173076921875 1 0.42115384687499996 1 0.425 1 0.43269230781249995 1 0.45384615312500004 1
0 0.3 1 0.3115384609375 0.9922680406250001 0.3115384609375 0.9871134015624999 0.3230769234375 0.9664948453125 0.3230769234375 0.930412371875 0.31923076875 0.9201030921875001 0.3019230765625 0.8969072171875 0.29423076875 0.8917525765625 0.275 0.8865979375 0.2519230765625 0.8711340203125 0.24423076875 0.876288659375 0.22884615312499998 0.8969072171875 0.225 0.8969072171875 0.21538461562500003 0.914948453125 0.2115384609375 0.9458762890625 0.2076923078125 0.951030928125 0.2076923078125 0.9974226796875 0.2134615390625 1 0.3 1
0 0.2 0.8530927828125 0.19615384687499998 0.8273195875000001 0.1826923078125 0.8092783499999999 0.171153846875 0.8092783499999999 0.1673076921875 0.8144329890625001 0.140384615625 0.819587628125 0.11730769218749999 0.835051546875 0.10769230781250001 0.8479381437500001 0.10769230781250001 0.8634020625 0.11538461562499999 0.8788659796875 0.11538461562499999 0.9355670109374999 0.11923076875000001 0.9407216500000001 0.11923076875000001 0.9561855671874999 0.11538461562499999 0.96134020625 0.11923076875000001 0.9716494843750001 0.11538461562499999 0.9819587625 0.11923076875000001 0.9871134015624999 0.11923076875000001 0.9974226796875 0.18076923125 0.9974226796875 0.190384615625 0.989690721875 0.20384615312499998 0.9664948453125 0.20384615312499998 0.9407216500000001 0.2076923078125 0.9355670109374999 0.2076923078125 0.914948453125 0.20384615312499998 0.904639175 0.2076923078125 0.894329896875 0.20384615312499998 0.8891752578125001 0.20384615312499998 0.8582474234375 0.2 0.8530927828125
0 0.08653846093749999 1 0.096153846875 0.9871134015624999 0.1115384609375 0.951030928125 0.1115384609375 0.8788659796875 0.09423076875 0.8505154640624999 0.07115384687500001 0.845360825 0.0673076921875 0.8402061859375 0.051923076562500003 0.835051546875 0.0480769234375 0.8402061859375 0.0365384609375 0.8402061859375 0.0326923078125 0.845360825 0 0.8530927828125 0 1 0.003846153125 1 0.08653846093749999 1
0 0 0.8427835046875 0.0230769234375 0.8427835046875 0.040384615624999995 0.835051546875 0.0673076921875 0.8092783499999999 0.1 0.7448453609375 0.1 0.6778350515625 0.0923076921875 0.6572164953125 0.0673076921875 0.6185567015625 0.044230768749999996 0.6030927828125 0 0.605670103125 0 0.8427835046875
0 0.18653846093749998 0.6185567015625 0.13269230781250002 0.6340206187499999 0.11730769218749999 0.644329896875 0.1 0.6726804125 0.10384615312500001 0.6778350515625 0.10384615312500001 0.7448453609375 0.1 0.75 0.1 0.780927834375 0.10384615312500001 0.7912371140625 0.1134615390625 0.8041237109375 0.128846153125 0.8144329890625001 0.15769230781250002 0.8118556703124999 0.1673076921875 0.8041237109375 0.175 0.8041237109375 0.184615384375 0.7912371140625 0.21538461562500003 0.72938144375 0.21538461562500003 0.6881443296875001 0.2115384609375 0.682989690625 0.2115384609375 0.6572164953125 0.2076923078125 0.65206185625 0.2076923078125 0.6417525765625001 0.18653846093749998 0.6185567015625
0 0.0923076921875 0.48711340156249994 0.0923076921875 0.5644329890625001 0.1 0.585051546875 0.125 0.6185567015625 0.1365384609375 0.623711340625 0.165384615625 0.6211340203125 0.175 0.6185567015625 0.190384615625 0.6030927828125 0.2076923078125 0.5695876281250001 0.2076923078125 0.46134020624999994 0.2 0.43556701093749994 0.17884615312500002 0.412371134375 0.15192307656249998 0.412371134375 0.1134615390625 0.4381443296875 0.10384615312500001 0.45103092812499995 0.0923076921875 0.48711340156249994
0 0.0019230765625 0.38144329843749997 0 0.6005154640625 0.0384615390625 0.6005154640625 0.051923076562500003 0.59793814375 0.065384615625 0.5798969078125 0.06923076875 0.5644329890625001 0.08846153906250001 0.5386597937500001 0.08846153906250001 0.48711340156249994 0.084615384375 0.48195876249999997 0.08076923124999999 0.4561855671875 0.044230768749999996 0.40721649531250004 0.0365384609375 0.40721649531250004 0.0019230765625 0.38144329843749997
0 0.025 0.21134020625 0.0173076921875 0.201030928125 0.0019230765625 0.19587628906250001 0 0.373711340625 0.0480769234375 0.40721649531250004 0.055769231249999995 0.4175257734375 0.0634615390625 0.4226804125 0.06923076875 0.42010309218749997 0.08653846093749999 0.412371134375 0.1 0.3891752578125 0.10384615312500001 0.373711340625 0.10769230781250001 0.34793814375 0.1 0.3273195875 0.096153846875 0.29123711406249997 0.08076923124999999 0.2654639171875 0.08076923124999999 0.2551546390625 0.051923076562500003 0.21649484531250002 0.025 0.21134020625
0 0.1480769234375 0.17525773125 0.128846153125 0.1855670109375 0.10384615312500001 0.213917525 0.0923076921875 0.239690721875 0.0923076921875 0.280927834375 0.10384615312500001 0.3118556703125 0.10769230781250001 0.34793814375 0.11923076875000001 0.373711340625 0.14423076875000002 0.3917525765625 0.16923076875 0.39432989687500003 0.19423076875 0.38659793750000004 0.21538461562500003 0.36340206249999996 0.21538461562500003 0.3530927828125 0.23076923124999998 0.3273195875 0.2384615390625 0.260309278125 0.23461538437499999 0.2551546390625 0.23461538437499999 0.2242268046875 0.2134615390625 0.19587628906250001 0.1826923078125 0.17525773125 0.1480769234375 0.17525773125
0 0.13269230781250002 0.123711340625 0.140384615625 0.13402061875 0.159615384375 0.144329896875 0.2 0.1417525765625 0.21538461562500003 0.12113402031250001 0.23076923124999998 0.0798969078125 0.24230769218749998 0.0644329890625 0.2519230765625 0.0051546390625 0.24423076875 0 0.0923076921875 0.0025773203125 0.08846153906250001 0.0180412375 0.10769230781250001 0.0644329890625 0.121153846875 0.123711340625 0.13269230781250002 0.123711340625
0 0.0019230765625 0 0 0.1881443296875 0.0326923078125 0.21134020625 0.0480769234375 0.21134020625 0.051923076562500003 0.21649484531250002 0.0769230765625 0.213917525 0.1115384609375 0.1726804125 0.11538461562499999 0.1108247421875 0.10769230781250001 0.09536082500000001 0.10384615312500001 0.05927835 0.084615384375 0.023195876562500002 0.0634615390625 0 0.0019230765625 0
0 0.29423076875 0.0154639171875 0.2673076921875 0.0154639171875 0.2634615390625 0.02061855625 0.25576923125 0.02061855625 0.25 0.028350515625 0.25 0.048969071875 0.24615384687500003 0.0541237109375 0.24615384687500003 0.0902061859375 0.253846153125 0.1005154640625 0.253846153125 0.1365979375 0.2576923078125 0.1417525765625 0.2615384609375 0.162371134375 0.278846153125 0.180412371875 0.3019230765625 0.1855670109375 0.30576923125 0.19072165000000002 0.31923076875 0.1881443296875 0.31923076875 0.17783505156249999 0.334615384375 0.1469072171875 0.3230769234375 0.126288659375 0.3269230765625 0.09536082500000001 0.334615384375 0.0798969078125 0.334615384375 0.0644329890625 0.3173076921875 0.0515463921875 0.30961538437499997 0.0515463921875 0.3 0.023195876562500002 0.29423076875 0.0154639171875
0 0.35576923125 0 0.34423076875 0.0154639171875 0.340384615625 0.0051546390625 0.30961538437499997 0 0.30384615312499996 0.007731959375 0.30384615312499996 0.0335051546875 0.3134615390625 0.046391753125000004 0.33269230781250003 0.046391753125000004 0.3423076921875 0.05927835 0.3423076921875 0.069587628125 0.3269230765625 0.1005154640625 0.3269230765625 0.1314432984375 0.3365384609375 0.144329896875 0.3423076921875 0.1417525765625 0.375 0.1185567015625 0.42115384687499996 0.1185567015625 0.44038461562500003 0.1391752578125 0.4480769234375 0.1391752578125 0.465384615625 0.1108247421875 0.465384615625 0.1005154640625 0.48461538437499996 0.05927835 0.48461538437499996 0.007731959375 0.478846153125 0 0.35576923125 0
0 0.49423076874999994 0.0515463921875 0.48461538437499996 0.0644329890625 0.4615384609375 0.12113402031250001 0.4615384609375 0.162371134375 0.48461538437499996 0.203608246875 0.48461538437499996 0.25 0.49423076874999994 0.2628865984375 0.5057692312500001 0.2628865984375 0.509615384375 0.2680412375 0.51923076875 0.2654639171875 0.5326923078125 0.2628865984375 0.55 0.25 0.5769230765625 0.17783505156249999 0.5769230765625 0.1469072171875 0.58076923125 0.1417525765625 0.5769230765625 0.0902061859375 0.56923076875 0.069587628125 0.54423076875 0.041237114062500003 0.5134615390625 0.041237114062500003 0.49423076874999994 0.0515463921875
0 0.475 0.298969071875 0.46923076874999997 0.3118556703125 0.46923076874999997 0.3221649484375 0.45 0.3530927828125 0.45 0.36855670156250003 0.47307692343749996 0.39432989687500003 0.4769230765625 0.42525773125 0.48076923125000004 0.430412371875 0.48076923125000004 0.4561855671875 0.4865384609375 0.463917525 0.5 0.46134020624999994 0.5326923078125 0.4484536078125 0.5538461531250001 0.4097938140625 0.5576923078125 0.337628865625 0.5615384609375 0.3324742265625 0.5615384609375 0.3221649484375 0.5576923078125 0.31701030937499997 0.5576923078125 0.30670103125 0.5326923078125 0.278350515625 0.509615384375 0.278350515625 0.475 0.298969071875
0 0.5384615390625 0.5231958765625 0.534615384375 0.5180412375000001 0.534615384375 0.5025773203125 0.5269230765625 0.49226804062499996 0.5269230765625 0.48711340156249994 0.5134615390625 0.4742268046875 0.490384615625 0.4742268046875 0.48269230781249994 0.47938144375 0.4769230765625 0.4974226796875 0.4769230765625 0.5128865984375001 0.4673076921875 0.5257731953125 0.4384615390625 0.5438144328125001 0.4384615390625 0.5541237109375 0.4615384609375 0.5902061859375001 0.4615384609375 0.6417525765625001 0.4673076921875 0.6494845359375 0.4769230765625 0.6469072171875 0.490384615625 0.6391752578125 0.5057692312500001 0.6134020625 0.5173076921875001 0.6082474234374999 0.5307692312500001 0.5902061859375001 0.5307692312500001 0.5695876281250001 0.534615384375 0.5644329890625001 0.5307692312500001 0.5541237109375 0.534615384375 0.548969071875 0.534615384375 0.528350515625 0.5384615390625 0.5231958765625
0 0.490384615625 0.6494845359375 0.4634615390625 0.6494845359375 0.45384615312500004 0.6623711343750001 0.45 0.6778350515625 0.43076923125000005 0.713917525 0.45384615312500004 0.7654639171875 0.45384615312500004 0.8015463921875 0.446153846875 0.8221649484375 0.446153846875 0.837628865625 0.465384615625 0.837628865625 0.49423076874999994 0.819587628125 0.5076923078125 0.796391753125 0.5115384609375 0.7757731953125 0.515384615625 0.77061855625 0.515384615625 0.719072165625 0.51923076875 0.713917525 0.515384615625 0.7087628859375 0.515384615625 0.6881443296875001 0.5076923078125 0.6675257734375 0.490384615625 0.6494845359375
0 0.43461538437499997 0.9458762890625 0.45 0.9561855671874999 0.4576923078125 0.9871134015624999 0.465384615625 0.9871134015624999 0.4769230765625 0.9768041234375 0.48461538437499996 0.9561855671874999 0.48461538437499996 0.873711340625 0.4673076921875 0.8505154640624999 0.44423076874999995 0.8505154640624999 0.43461538437499997 0.873711340625 0.41923076875 0.894329896875 0.41923076875 0.9097938140625 0.4269230765625 0.9201030921875001 0.43461538437499997 0.9458762890625
0 0.6 1 0.6115384609375 0.9974226796875 0.6115384609375 0.9768041234375 0.615384615625 0.9716494843750001 0.615384615625 0.951030928125 0.6192307687499999 0.9458762890625 0.6192307687499999 0.894329896875 0.6076923078124999 0.873711340625 0.6076923078124999 0.8685567015625001 0.5942307687499999 0.8505154640624999 0.5865384609375 0.845360825 0.575 0.845360825 0.5711538468749999 0.8402061859375 0.5480769234375 0.845360825 0.534615384375 0.8634020625 0.5307692312500001 0.873711340625 0.5307692312500001 0.8994845359375001 0.5230769234375 0.9097938140625 0.5230769234375 0.9458762890625 0.5269230765625 0.951030928125 0.5269230765625 0.96134020625 0.5326923078125 0.9639175249999999 0.534615384375 0.9716494843750001 0.55576923125 1 0.5634615390625 1 0.6 1
0 0.5673076921875 0.664948453125 0.54423076875 0.664948453125 0.5269230765625 0.6881443296875001 0.5269230765625 0.7242268046875 0.5423076921875001 0.760309278125 0.5423076921875001 0.780927834375 0.546153846875 0.786082475 0.5423076921875001 0.7912371140625 0.5423076921875001 0.8118556703124999 0.546153846875 0.8170103093750001 0.546153846875 0.8273195875000001 0.55576923125 0.8402061859375 0.5846153843749999 0.837628865625 0.6 0.8273195875000001 0.6 0.8170103093750001 0.603846153125 0.8118556703124999 0.603846153125 0.7912371140625 0.615384615625 0.77061855625 0.615384615625 0.760309278125 0.6192307687499999 0.7551546390625 0.6192307687499999 0.713917525 0.5942307687499999 0.6855670109374999 0.5673076921875 0.664948453125
0 0.5826923078124999 0.5257731953125 0.55576923125 0.5257731953125 0.5480769234375 0.530927834375 0.5423076921875001 0.5386597937500001 0.5384615390625 0.5695876281250001 0.5423076921875001 0.57474226875 0.546153846875 0.595360825 0.5576923078125 0.6108247421875 0.5576923078125 0.6469072171875 0.578846153125 0.6701030921875 0.5942307687499999 0.6804123718749999 0.6115384609375 0.6778350515625 0.615384615625 0.6469072171875 0.6230769234375 0.6365979375 0.6307692312500001 0.6159793812500001 0.6307692312500001 0.585051546875 0.6230769234375 0.5644329890625001 0.6134615390625 0.546391753125 0.609615384375 0.546391753125 0.5942307687499999 0.530927834375 0.5865384609375 0.530927834375 0.5826923078124999 0.5257731953125
0 0.565384615625 0.4561855671875 0.5980769234375 0.453608246875 0.6192307687499999 0.42010309218749997 0.615384615625 0.4097938140625 0.615384615625 0.39432989687500003 0.5942307687499999 0.3608247421875 0.5865384609375 0.3608247421875 0.5826923078124999 0.35567010312499997 0.5576923078125 0.3582474234375 0.5576923078125 0.4561855671875 0.565384615625 0.4561855671875
0 0.6788461531250001 0.2061855671875 0.6326923078125 0.21649484531250002 0.6134615390625 0.2474226796875 0.5980769234375 0.2525773203125 0.5884615390625 0.2654639171875 0.5923076921875 0.27061855625 0.5846153843749999 0.2757731953125 0.5846153843749999 0.296391753125 0.590384615625 0.3041237109375 0.596153846875 0.3015463921875 0.596153846875 0.3273195875 0.5923076921875 0.3324742265625 0.603846153125 0.373711340625 0.628846153125 0.40206185625 0.6365384609375 0.40721649531250004 0.646153846875 0.40463917499999996 0.6826923078125 0.40206185625 0.7019230765625 0.38144329843749997 0.721153846875 0.3711340203125 0.734615384375 0.34278350468749996 0.7423076921875 0.3118556703125 0.7423076921875 0.280927834375 0.73076923125 0.2448453609375 0.7096153843749999 0.2268041234375 0.6865384609375 0.221649484375 0.6788461531250001 0.2061855671875
0 0.628846153125 0.030927834375 0.609615384375 0.041237114062500003 0.596153846875 0.05927835 0.5884615390625 0.0798969078125 0.5846153843749999 0.09536082500000001 0.5846153843749999 0.1417525765625 0.5884615390625 0.1469072171875 0.5923076921875 0.18298969062499998 0.6173076921875 0.21649484531250002 0.6326923078125 0.21649484531250002 0.6519230765625 0.2061855671875 0.6826923078125 0.2061855671875 0.690384615625 0.21649484531250002 0.7076923078124999 0.213917525 0.715384615625 0.203608246875 0.7192307687499999 0.18298969062499998 0.73076923125 0.15721649531249998 0.73076923125 0.1005154640625 0.7192307687499999 0.07474226875 0.7192307687499999 0.05927835 0.6865384609375 0.025773195312500004 0.6634615390625 0.010309278125 0.6480769234375 0.010309278125 0.628846153125 0.030927834375
0 0.778846153125 0.067010309375 0.759615384375 0.0773195875 0.734615384375 0.105670103125 0.73076923125 0.1675257734375 0.7192307687499999 0.19329896875000002 0.7192307687499999 0.2087628859375 0.715384615625 0.213917525 0.7384615390625 0.2551546390625 0.7384615390625 0.2654639171875 0.7480769234375 0.278350515625 0.775 0.2835051546875 0.778846153125 0.28865979375 0.784615384375 0.286082475 0.7980769234375 0.2835051546875 0.815384615625 0.2654639171875 0.81923076875 0.25 0.81923076875 0.203608246875 0.8269230765625 0.18298969062499998 0.8269230765625 0.1314432984375 0.83076923125 0.12113402031250001 0.8269230765625 0.105670103125 0.809615384375 0.0824742265625 0.778846153125 0.067010309375
0 0.8115384609375 0.3273195875 0.79423076875 0.30927835 0.759615384375 0.30927835 0.7557692312500001 0.3144329890625 0.7480769234375 0.3144329890625 0.734615384375 0.337628865625 0.734615384375 0.34793814375 0.7269230765625 0.36855670156250003 0.715384615625 0.38402061875000004 0.7115384609375 0.40463917499999996 0.7076923078124999 0.4097938140625 0.7115384609375 0.42010309218749997 0.7269230765625 0.43556701093749994 0.7269230765625 0.44072164999999996 0.734615384375 0.45103092812499995 0.734615384375 0.46134020624999994 0.740384615625 0.4742268046875 0.7576923078125 0.471649484375 0.771153846875 0.463917525 0.79423076875 0.463917525 0.8076923078125 0.44072164999999996 0.8076923078125 0.42010309218749997 0.8115384609375 0.41494845312499995 0.8115384609375 0.38402061875000004 0.81923076875 0.36855670156250003 0.81923076875 0.3530927828125 0.815384615625 0.34793814375 0.8115384609375 0.3273195875
0 0.8230769234374999 0.5128865984375001 0.8230769234374999 0.4974226796875 0.81923076875 0.48711340156249994 0.7980769234375 0.463917525 0.7826923078125 0.463917525 0.778846153125 0.469072165625 0.771153846875 0.469072165625 0.7673076921875001 0.4742268046875 0.7519230765625 0.47938144375 0.7384615390625 0.4974226796875 0.7384615390625 0.5335051546875 0.7192307687499999 0.55927835 0.7192307687499999 0.57474226875 0.728846153125 0.5876288656249999 0.7326923078124999 0.5876288656249999 0.7423076921875 0.605670103125 0.7423076921875 0.6211340203125 0.746153846875 0.6314432984375 0.76923076875 0.6314432984375 0.778846153125 0.623711340625 0.7826923078125 0.6134020625 0.7903846156250001 0.6134020625 0.8 0.605670103125 0.8 0.6005154640625 0.815384615625 0.57474226875 0.815384615625 0.55927835 0.81923076875 0.5541237109375 0.81923076875 0.5180412375000001 0.8230769234374999 0.5128865984375001
0 0.815384615625 0.6726804125 0.80576923125 0.6597938140624999 0.7826923078125 0.644329896875 0.7634615390625 0.644329896875 0.759615384375 0.6494845359375 0.7519230765625 0.6494845359375 0.734615384375 0.6726804125 0.734615384375 0.6778350515625 0.7269230765625 0.6881443296875001 0.7269230765625 0.6984536078125 0.7173076921875 0.7113402062499999 0.7134615390625 0.7113402062499999 0.7076923078124999 0.7242268046875 0.7076923078124999 0.75 0.7269230765625 0.780927834375 0.7326923078124999 0.798969071875 0.765384615625 0.796391753125 0.765384615625 0.7912371140625 0.771153846875 0.7835051546875 0.778846153125 0.7886597937500001 0.7884615390625 0.7757731953125 0.7884615390625 0.77061855625 0.79423076875 0.7680412375000001 0.8 0.760309278125 0.8 0.7551546390625 0.8115384609375 0.7448453609375 0.815384615625 0.6726804125
0 0.73076923125 0.8324742265625 0.7269230765625 0.8479381437500001 0.703846153125 0.8891752578125001 0.7076923078124999 0.8994845359375001 0.7326923078124999 0.9329896906249999 0.7576923078125 0.930412371875 0.76923076875 0.9201030921875001 0.7730769234375 0.904639175 0.7923076921875001 0.8788659796875 0.7923076921875001 0.8634020625 0.796153846875 0.8582474234375 0.7923076921875001 0.8479381437500001 0.775 0.82474226875 0.7673076921875001 0.819587628125 0.7442307687499999 0.819587628125 0.73076923125 0.8324742265625
0 0.7269230765625 1 0.7423076921875 0.9664948453125 0.7384615390625 0.9458762890625 0.7019230765625 0.8969072171875 0.69423076875 0.8917525765625 0.6826923078125 0.8917525765625 0.6788461531250001 0.8969072171875 0.6519230765625 0.8969072171875 0.634615384375 0.914948453125 0.6307692312500001 0.930412371875 0.6192307687499999 0.9458762890625 0.6192307687499999 0.9561855671874999 0.615384615625 0.96134020625 0.615384615625 0.9974226796875 0.621153846875 1 0.7269230765625 1
0 0.671153846875 0.742268040625 0.6673076921875001 0.7474226796875 0.6480769234375 0.7474226796875 0.64423076875 0.7525773203125 0.6326923078125 0.7525773203125 0.6115384609375 0.780927834375 0.6076923078124999 0.7912371140625 0.6076923078124999 0.8324742265625 0.6115384609375 0.837628865625 0.6115384609375 0.8479381437500001 0.621153846875 0.8659793812500001 0.6365384609375 0.8711340203125 0.6519230765625 0.8917525765625 0.6769230765625001 0.8891752578125001 0.6980769234374999 0.8865979375 0.7192307687499999 0.8582474234375 0.73076923125 0.8324742265625 0.73076923125 0.80670103125 0.7269230765625 0.8015463921875 0.7269230765625 0.7912371140625 0.70576923125 0.757731959375 0.690384615625 0.7474226796875 0.675 0.7474226796875 0.671153846875 0.742268040625
0 0.6826923078125 0.5721649484375 0.6788461531250001 0.5773195875 0.659615384375 0.5773195875 0.6557692312500001 0.5824742265625 0.6480769234375 0.5824742265625 0.6384615390625 0.595360825 0.634615384375 0.6159793812500001 0.615384615625 0.6572164953125 0.615384615625 0.6881443296875001 0.6230769234375 0.7087628859375 0.640384615625 0.7319587624999999 0.6480769234375 0.7371134015624999 0.6884615390625 0.7345360828125 0.7019230765625 0.7268041234375 0.7076923078124999 0.713917525 0.7230769234375 0.6984536078125 0.7269230765625 0.682989690625 0.7384615390625 0.6675257734375 0.746153846875 0.6417525765625001 0.7384615390625 0.6005154640625 0.728846153125 0.5876288656249999 0.7019230765625 0.5721649484375 0.6826923078125 0.5721649484375
0 0.6173076921875 0.4278350515625 0.603846153125 0.4458762890625 0.596153846875 0.49226804062499996 0.6076923078124999 0.528350515625 0.64423076875 0.5721649484375 0.6884615390625 0.5695876281250001 0.7134615390625 0.5515463921875 0.721153846875 0.5515463921875 0.734615384375 0.5335051546875 0.7384615390625 0.5231958765625 0.734615384375 0.46134020624999994 0.7269230765625 0.44072164999999996 0.7134615390625 0.4226804125 0.6826923078125 0.40206185625 0.6557692312500001 0.40206185625 0.6173076921875 0.4278350515625
0 0.828846153125 0.3144329890625 0.815384615625 0.3273195875 0.815384615625 0.34278350468749996 0.81923076875 0.34793814375 0.81923076875 0.373711340625 0.815384615625 0.3788659796875 0.815384615625 0.40463917499999996 0.8115384609375 0.4097938140625 0.8115384609375 0.4458762890625 0.8326923078125 0.469072165625 0.8673076921874999 0.469072165625 0.871153846875 0.4742268046875 0.8769230765625 0.471649484375 0.8826923078125001 0.469072165625 0.9 0.4458762890625 0.9 0.42525773125 0.9076923078125001 0.40463917499999996 0.9076923078125001 0.373711340625 0.8865384609375001 0.3298969078125 0.878846153125 0.32474226875 0.8634615390624999 0.32474226875 0.8596153843750001 0.31958762812499997 0.828846153125 0.3144329890625
0 0.8673076921874999 0.164948453125 0.8596153843750001 0.1701030921875 0.8442307687499999 0.1701030921875 0.8403846156249999 0.17525773125 0.8326923078125 0.17525773125 0.8269230765625 0.18298969062499998 0.8269230765625 0.19329896875000002 0.8230769234374999 0.19845360781250002 0.8230769234374999 0.219072165625 0.81923076875 0.2242268046875 0.8230769234374999 0.2448453609375 0.81923076875 0.25 0.81923076875 0.2654639171875 0.8038461531250001 0.29123711406249997 0.8076923078125 0.3118556703125 0.8519230765625 0.3144329890625 0.85576923125 0.31958762812499997 0.878846153125 0.31958762812499997 0.8826923078125001 0.32474226875 0.8884615390624999 0.3221649484375 0.9019230765625 0.3144329890625 0.9115384609375001 0.296391753125 0.9115384609375001 0.2757731953125 0.915384615625 0.27061855625 0.915384615625 0.213917525 0.9115384609375001 0.2087628859375 0.9115384609375001 0.19845360781250002 0.8980769234375 0.180412371875 0.8903846156249999 0.180412371875 0.8673076921874999 0.164948453125
0 0.7980769234375 0.02061855625 0.784615384375 0.0438144328125 0.784615384375 0.0541237109375 0.7807692312500001 0.05927835 0.809615384375 0.0824742265625 0.8173076921875 0.0824742265625 0.8269230765625 0.09536082500000001 0.83076923125 0.105670103125 0.83076923125 0.15206185625 0.8403846156249999 0.164948453125 0.875 0.164948453125 0.878846153125 0.1701030921875 0.8923076921875 0.1675257734375 0.9076923078125001 0.1365979375 0.9076923078125001 0.0798969078125 0.896153846875 0.05927835 0.896153846875 0.0438144328125 0.878846153125 0.02061855625 0.8634615390624999 0.010309278125 0.8519230765625 0.010309278125 0.8480769234375 0.0051546390625 0.825 0.0051546390625 0.7980769234375 0.02061855625
0 1 0.0644329890625 0.9980769234375 0.0618556703125 0.996153846875 0.069587628125 0.9903846156249999 0.0721649484375 0.9884615390624999 0.048969071875 0.9846153843750001 0.03865979375 0.9673076921874999 0.025773195312500004 0.9480769234374999 0.025773195312500004 0.940384615625 0.030927834375 0.93076923125 0.0438144328125 0.9269230765625001 0.05927835 0.9076923078125001 0.0798969078125 0.9115384609375001 0.085051546875 0.9115384609375001 0.1675257734375 0.925 0.1855670109375 0.940384615625 0.19587628906250001 0.95 0.19329896875000002 0.9634615390624999 0.180412371875 0.971153846875 0.180412371875 0.9865384609375001 0.1701030921875 0.9942307687499999 0.180412371875 1 0.17783505156249999 1 0.0644329890625
0 1 0.1881443296875 0.9903846156249999 0.180412371875 0.975 0.180412371875 0.971153846875 0.1855670109375 0.95576923125 0.19072165000000002 0.9230769234375 0.2345360828125 0.91923076875 0.2448453609375 0.91923076875 0.27061855625 0.915384615625 0.2757731953125 0.915384615625 0.29123711406249997 0.9269230765625001 0.3118556703125 0.93076923125 0.3273195875 0.940384615625 0.34020618593749996 0.95 0.337628865625 0.978846153125 0.335051546875 0.9826923078125 0.3298969078125 1 0.3273195875 1 0.1881443296875
0 0.9076923078125001 0.45103092812499995 0.9076923078125001 0.471649484375 0.915384615625 0.48195876249999997 0.915384615625 0.48711340156249994 0.925 0.5 0.95 0.4974226796875 1 0.49226804062499996 0.9980769234375 0.335051546875 0.9634615390624999 0.335051546875 0.959615384375 0.34020618593749996 0.9519230765625 0.34020618593749996 0.9269230765625001 0.36855670156250003 0.91923076875 0.39432989687500003 0.9076923078125001 0.41494845312499995 0.903846153125 0.4458762890625 0.9076923078125001 0.45103092812499995
0 1 0.5128865984375001 0.9903846156249999 0.5 0.978846153125 0.5 0.975 0.4948453609375 0.9673076921874999 0.5 0.9519230765625 0.5 0.925 0.52061855625 0.9076923078125001 0.5438144328125001 0.9076923078125001 0.5541237109375 0.9 0.5644329890625001 0.9 0.5798969078125 0.896153846875 0.585051546875 0.896153846875 0.6108247421875 0.9 0.6211340203125 0.921153846875 0.6494845359375 0.9480769234374999 0.664948453125 0.9653846156249999 0.6623711343750001 1 0.6572164953125 1 0.5128865984375001
0 0.8673076921874999 0.4742268046875 0.8596153843750001 0.469072165625 0.8365384609375001 0.469072165625 0.8230769234374999 0.48195876249999997 0.8230769234374999 0.5438144328125001 0.81923076875 0.548969071875 0.81923076875 0.5695876281250001 0.815384615625 0.57474226875 0.815384615625 0.6005154640625 0.828846153125 0.6134020625 0.8403846156249999 0.6134020625 0.8480769234375 0.623711340625 0.8519230765625 0.6185567015625 0.8634615390624999 0.6185567015625 0.8673076921874999 0.623711340625 0.8692307687499999 0.6211340203125 0.878846153125 0.6185567015625 0.8923076921875 0.605670103125 0.8923076921875 0.5902061859375001 0.896153846875 0.585051546875 0.896153846875 0.55927835 0.9 0.5541237109375 0.9 0.5335051546875 0.8923076921875 0.5231958765625 0.8884615390624999 0.5025773203125 0.8673076921874999 0.4742268046875
0 0.825 0.6340206187499999 0.8076923078125 0.65206185625 0.81923076875 0.6778350515625 0.81923076875 0.6984536078125 0.815384615625 0.703608246875 0.815384615625 0.7448453609375 0.8115384609375 0.7551546390625 0.8326923078125 0.7731958765625 0.8596153843750001 0.7731958765625 0.8634615390624999 0.778350515625 0.8730769234375 0.7757731953125 0.8903846156249999 0.7731958765625 0.9076923078125001 0.760309278125 0.9115384609375001 0.72938144375 0.9230769234375 0.6984536078125 0.9230769234375 0.6675257734375 0.9134615390624999 0.6494845359375 0.8826923078125001 0.6288659796875 0.8365384609375001 0.6288659796875 0.8326923078125 0.6340206187499999 0.825 0.6340206187499999
0 1 0.6726804125 0.9903846156249999 0.664948453125 0.9673076921874999 0.664948453125 0.95576923125 0.67525773125 0.9480769234374999 0.67525773125 0.9326923078125 0.6855670109374999 0.9269230765625001 0.69329896875 0.915384615625 0.7242268046875 0.915384615625 0.7757731953125 0.91923076875 0.786082475 0.9519230765625 0.82474226875 0.9730769234375 0.8221649484375 0.9903846156249999 0.819587628125 1 0.80670103125 1 0.6726804125
0 0.828846153125 0.7731958765625 0.809615384375 0.7731958765625 0.796153846875 0.8015463921875 0.796153846875 0.837628865625 0.8 0.8427835046875 0.8 0.8530927828125 0.8115384609375 0.8685567015625001 0.815384615625 0.8840206187499999 0.8269230765625 0.894329896875 0.83076923125 0.9097938140625 0.8519230765625 0.9329896906249999 0.8596153843750001 0.9381443296875001 0.8846153843750001 0.9355670109374999 0.89423076875 0.9329896906249999 0.91923076875 0.8994845359375001 0.91923076875 0.8891752578125001 0.9269230765625001 0.8685567015625001 0.9269230765625001 0.8530927828125 0.915384615625 0.8170103093750001 0.8826923078125001 0.778350515625 0.8480769234375 0.778350515625 0.8442307687499999 0.7835051546875 0.828846153125 0.7731958765625
0 1 0.8273195875000001 0.971153846875 0.82474226875 0.9673076921874999 0.8298969078124999 0.9519230765625 0.8298969078124999 0.9480769234374999 0.835051546875 0.940384615625 0.835051546875 0.93076923125 0.8530927828125 0.9269230765625001 0.8840206187499999 0.9230769234375 0.8891752578125001 0.9230769234375 0.914948453125 0.9269230765625001 0.9201030921875001 0.9269230765625001 0.9355670109374999 0.94423076875 0.9587628859375 0.9480769234374999 0.9587628859375 0.95576923125 0.9742268046874999 0.9865384609375001 0.9742268046874999 0.9903846156249999 0.969072165625 0.9942307687499999 0.9742268046874999 0.996153846875 0.9716494843750001 1 0.9664948453125 1 0.8273195875000001