0 0.234693878125 0.18932038906249998 0.2204081625 0.2111650484375 0.246938775 0.24757281562500003 0.3 0.266990290625 0.381632653125 0.32524271875 0.4142857140625 0.33495145625 0.46326530625 0.3300970875 0.5061224484375 0.337378640625 0.51632653125 0.33495145625 0.555102040625 0.2888349515625 0.555102040625 0.27912621406250004 0.5408163265625 0.262135921875 0.5 0.24271844687500002 0.43469387812500004 0.18446601875 0.3693877546875 0.1504854375 0.33673469375 0.14077669843750001 0.2877551015625 0.1504854375 0.234693878125 0.18932038906249998
0 0.6877551015625001 0.1116504859375 0.6387755109375 0.1165048546875 0.6183673468750001 0.10194174687499999 0.41020408125 0.1067961171875 0.34693877500000003 0.1334951453125 0.4387755109375 0.18446601875 0.4591836734375 0.2087378640625 0.5326530609375 0.257281553125 0.5591836734375 0.25485436875 0.6224489796875 0.23786407812500002 0.646938775 0.2135922328125 0.671428571875 0.2135922328125 0.7040816328124999 0.1941747578125 0.73673469375 0.1941747578125 0.755102040625 0.172330096875 0.7591836734374999 0.14320388281250002 0.7489795921875 0.1310679609375 0.7122448984374999 0.1262135921875 0.6877551015625001 0.1116504859375
0 0.4591836734375 0.1067961171875 0.6142857140625 0.10194174687499999 0.6183673468750001 0.097087378125 0.655102040625 0.1116504859375 0.68979591875 0.1140776703125 0.6938775515625 0.0995145625 0.68367346875 0.087378640625 0.6428571421875 0.072815534375 0.6142857140625 0.0339805828125 0.5857142859375 0.01456310625 0.544897959375 0.01456310625 0.508163265625 0.0291262140625 0.428571428125 0.09466019375 0.4306122453125 0.10194174687499999 0.4591836734375 0.1067961171875
0 0.6387755109375 0.233009709375 0.5775510203125 0.257281553125 0.5612244890625 0.257281553125 0.555102040625 0.26456310625 0.5591836734375 0.27427184531250004 0.555102040625 0.2936893203125 0.5142857140625 0.342233009375 0.597959184375 0.398058253125 0.6204081625 0.39563106718749996 0.634693878125 0.3932038828125 0.6673469390625 0.3640776703125 0.6877551015625001 0.3689320390625 0.7326530609375 0.34466019375 0.753061225 0.34466019375 0.7693877546875 0.33495145625 0.7877551015625001 0.3033980578125 0.7734693874999999 0.2815533984375 0.7040816328124999 0.266990290625 0.6387755109375 0.233009709375
0 0.8469387749999999 0.432038834375 0.6877551015625001 0.432038834375 0.6387755109375 0.412621359375 0.61632653125 0.41504854375000005 0.6408163265625 0.4635922328125 0.6408163265625 0.483009709375 0.7040816328124999 0.5485436890625001 0.8326530609375 0.5606796109375 0.8510204078125 0.5582524265625 0.871428571875 0.5436893203125 0.8877551015625 0.5485436890625001 0.9122448984375 0.5388349515625 0.9387755109375 0.492718446875 0.9306122453125001 0.45873786406250006 0.9204081625 0.4466019421875 0.8877551015625 0.436893203125 0.871428571875 0.44174757343750004 0.8469387749999999 0.432038834375
0 0.397959184375 0.5 0.5204081625 0.5436893203125 0.5734693875 0.572815534375 0.597959184375 0.6067961171875 0.6183673468750001 0.597087378125 0.6612244890625 0.6237864078124999 0.6979591843749999 0.589805825 0.7061224484374999 0.5606796109375 0.63673469375 0.483009709375 0.6244897953125 0.43446601874999996 0.597959184375 0.402912621875 0.4877551015625 0.339805825 0.355102040625 0.332524271875 0.32244897968749997 0.41504854375000005 0.3693877546875 0.4563106796875 0.397959184375 0.5
0 0.608163265625 0.7208737859375 0.6204081625 0.7160194171875001 0.63673469375 0.677184465625 0.5877551015625 0.5995145625 0.544897959375 0.5582524265625 0.38979591875 0.5 0.3734693875 0.519417475 0.297959184375 0.5558252421875001 0.40204081562500005 0.65533980625 0.51632653125 0.7087378640625001 0.608163265625 0.7208737859375
0 0.646938775 0.6165048546875 0.6265306125000001 0.6067961171875 0.6183673468750001 0.597087378125 0.61020408125 0.597087378125 0.6 0.6092233015625 0.6 0.6189320390625 0.6244897953125 0.648058253125 0.63673469375 0.677184465625 0.63673469375 0.686893203125 0.6204081625 0.7111650484375 0.6224489796875 0.7233009703125 0.6673469390625 0.7233009703125 0.671428571875 0.7184466015625001 0.6795918375000001 0.7233009703125 0.7061224484374999 0.7208737859375 0.7122448984374999 0.7184466015625001 0.7306122453125 0.6966019421875 0.7306122453125 0.667475728125 0.7122448984374999 0.6456310671875001 0.7040816328124999 0.6407766984375 0.6755102046875 0.6407766984375 0.6673469390625 0.6359223296875001 0.66326530625 0.6262135921875001 0.655102040625 0.6262135921875001 0.646938775 0.6165048546875
0 0.32244897968749997 0.7111650484375 0.41020408125 0.7766990296875 0.42448979531250003 0.8033980578125 0.44285714218749994 0.82038835 0.491836734375 0.82524271875 0.528571428125 0.839805825 0.5510204078125 0.837378640625 0.5734693875 0.82038835 0.5795918375 0.8082524265625001 0.5755102046875 0.7742718453124999 0.5489795921875 0.742718446875 0.4877551015625 0.6990291265625 0.40204081562500005 0.660194175 0.3857142859375 0.660194175 0.3693877546875 0.6941747578124999 0.328571428125 0.6990291265625 0.32244897968749997 0.7111650484375
0 0.21020408124999998 0.6504854375 0.2306122453125 0.65533980625 0.26326530625 0.67961165 0.31224489843750003 0.6941747578124999 0.3591836734375 0.6966019421875 0.37551020468749996 0.682038834375 0.371428571875 0.6383495140625 0.3040816328125 0.567961165625 0.28367346875 0.5533980578125 0.2428571421875 0.5485436890625001 0.23673469374999997 0.57038835 0.2142857140625 0.597087378125 0.155102040625 0.6092233015625 0.15714285781249998 0.6213592234374999 0.21020408124999998 0.6504854375
0 0.0306122453125 0.44174757343750004 0.0510204078125 0.44174757343750004 0.06326530625 0.45145631093749994 0.08979591875000001 0.492718446875 0.11836734687499999 0.5218446609375 0.13061224531249999 0.5412621359374999 0.14693877500000002 0.589805825 0.15714285781249998 0.601941746875 0.1959183671875 0.5995145625 0.2224489796875 0.587378640625 0.23673469374999997 0.5606796109375 0.23673469374999997 0.5315533984374999 0.21836734687499998 0.5 0.1857142859375 0.480582525 0.1244897953125 0.4660194171875 0.0428571421875 0.417475728125 0.034693878125 0.417475728125 0.0244897953125 0.42961165 0.0306122453125 0.44174757343750004
0 0.0510204078125 0.417475728125 0.1122448984375 0.4563106796875 0.2142857140625 0.49514563125000005 0.2428571421875 0.5388349515625 0.27142857187499997 0.5485436890625001 0.30612244843749997 0.5461165046875001 0.3775510203125 0.51456310625 0.3877551015625 0.487864078125 0.365306121875 0.4563106796875 0.2959183671875 0.402912621875 0.21836734687499998 0.3786407765625 0.1693877546875 0.3786407765625 0.1 0.3495145625 0.0755102046875 0.3495145625 0.044897959375000004 0.4004854375 0.0510204078125 0.417475728125
0 0.291836734375 0.266990290625 0.2673469390625 0.266990290625 0.265306121875 0.27427184531250004 0.2693877546875 0.2839805828125 0.265306121875 0.2888349515625 0.265306121875 0.317961165625 0.2693877546875 0.322815534375 0.2693877546875 0.342233009375 0.2510204078125 0.35922330156250004 0.2387755109375 0.35922330156250004 0.2326530609375 0.3665048546875 0.2326530609375 0.3713592234375 0.246938775 0.3834951453125 0.255102040625 0.3834951453125 0.25918367343750004 0.3883495140625 0.2673469390625 0.3883495140625 0.27142857187499997 0.3932038828125 0.2795918375 0.3932038828125 0.28367346875 0.398058253125 0.291836734375 0.398058253125 0.308163265625 0.407766990625 0.3142857140625 0.40533980625000005 0.3265306125 0.39563106718749996 0.3265306125 0.39077669843749996 0.34693877500000003 0.3616504859375 0.34693877500000003 0.351941746875 0.3510204078125 0.347087378125 0.34693877500000003 0.317961165625 0.3428571421875 0.3082524265625 0.31632653125 0.2766990296875 0.308163265625 0.2766990296875 0.291836734375 0.266990290625
0 0.20204081562499998 0.2184466015625 0.17346938750000002 0.2135922328125 0.1612244890625 0.2184466015625 0.13061224531249999 0.25485436875 0.12244897968749999 0.27427184531250004 0.097959184375 0.3082524265625 0.0938775515625 0.322815534375 0.1040816328125 0.339805825 0.13673469375 0.35922330156250004 0.1612244890625 0.3640776703125 0.165306121875 0.3689320390625 0.1959183671875 0.3665048546875 0.2142857140625 0.35922330156250004 0.21836734687499998 0.3640776703125 0.2428571421875 0.3495145625 0.26326530625 0.34466019375 0.2693877546875 0.337378640625 0.2693877546875 0.322815534375 0.265306121875 0.317961165625 0.265306121875 0.26456310625 0.2387755109375 0.252427184375 0.20204081562499998 0.2184466015625
0 0 0.6092233015625 0.01632653125 0.6383495140625 0.034693878125 0.660194175 0.055102040625 0.6699029125 0.0673469390625 0.6893203890625 0.0877551015625 0.6990291265625 0.108163265625 0.7233009703125 0.13061224531249999 0.7208737859375 0.15102040781249998 0.7063106796875 0.155102040625 0.672330096875 0.155102040625 0.6383495140625 0.14693877500000002 0.6189320390625 0.14693877500000002 0.589805825 0.1387755109375 0.56553398125 0.1265306125 0.5364077671875 0.08979591875000001 0.487864078125 0.0510204078125 0.44174757343750004 0.0306122453125 0.436893203125 0.0204081625 0.4441747578125 0 0.497572815625 0 0.6092233015625
0 0 0.817961165625 0.0795918375 0.8592233015625 0.09591836718749999 0.8640776703125 0.1428571421875 0.8616504859375 0.165306121875 0.8543689328124999 0.18367346874999999 0.8325242718749999 0.19183673437499998 0.8131067968749999 0.19183673437499998 0.7597087375 0.17959183750000002 0.730582525 0.153061225 0.7038834953124999 0.144897959375 0.7184466015625001 0.1122448984375 0.7281553390625 0.002040815625 0.6310679609375 0 0.817961165625
0 0.353061225 0.9174757281250001 0.45510204062500004 0.9466019421875 0.4857142859375 0.9441747578124999 0.4938775515625 0.93446601875 0.48979591874999995 0.8956310671875001 0.397959184375 0.7718446609375 0.18163265312500002 0.6359223296875001 0.155102040625 0.6334951453125 0.155102040625 0.6966019421875 0.1877551015625 0.7402912625 0.1959183671875 0.7936893203125 0.2142857140625 0.81553398125 0.353061225 0.9174757281250001