0 0.5297619046875 0.4767857140625 0.5267857140625 0.533928571875 0.5758928578125 0.5678571421874999 0.764880953125 0.591071428125 0.78125 0.578571428125 0.8258928578125 0.5857142859375 0.8422619046875001 0.5696428578125 0.8422619046875001 0.5375 0.8229166671874999 0.521428571875 0.796130953125 0.521428571875 0.7604166671875 0.4892857140625 0.6324404765625 0.45357142812499995 0.5669642859375 0.45 0.5297619046875 0.4767857140625
0 0.80654761875 0.5089285718750001 0.815476190625 0.4767857140625 0.766369046875 0.44285714218749994 0.65625 0.4357142859375 0.6130952375 0.4482142859375 0.80654761875 0.5089285718750001
0 0.6741071421875 0.378571428125 0.627976190625 0.433928571875 0.7886904765625 0.4375 0.8244047625 0.40178571406249997 0.815476190625 0.3767857140625 0.7931547625 0.3642857140625 0.6741071421875 0.378571428125
0 0.7931547625 0.30357142812500004 0.61904761875 0.3196428578125 0.6160714281249999 0.3446428578125 0.6294642859375 0.3607142859375 0.69345238125 0.3732142859375 0.8169642859374999 0.371428571875 0.827380953125 0.3375 0.7931547625 0.30357142812500004
0 0.875 0.2517857140625 0.8645833328125001 0.225 0.84375 0.2142857140625 0.7693452375 0.225 0.69345238125 0.2875 0.6979166671875 0.3 0.81845238125 0.3017857140625 0.86904761875 0.27678571406249997 0.875 0.2517857140625
0 0.7693452375 0.153571428125 0.784226190625 0.1928571421875 0.8125 0.19821428593749998 0.8333333328125001 0.1803571421875 0.8333333328125001 0.158928571875 0.7574404765625 0.075 0.7098214281249999 0.0428571421875 0.6949404765625 0.046428571875000005 0.68154761875 0.0732142859375 0.7098214281249999 0.0821428578125 0.7291666671875 0.108928571875 0.7261904765625 0.1303571421875 0.7693452375 0.153571428125
0 0.8854166671874999 0.0857142859375 0.828869046875 0.053571428125 0.797619046875 0.1125 0.8764880953124999 0.2 0.93154761875 0.21607142812500002 0.9583333328125001 0.191071428125 0.9553571421875 0.15178571406250002 0.8854166671874999 0.0857142859375
0 0.940476190625 0.0625 0.9151785718750001 0.032142857812499995 0.7455357140625 0.0107142859375 0.7202380953125 0.023214285937500002 0.7202380953125 0.048214285937500004 0.78720238125 0.10714285781249999 0.8125 0.0875 0.8258928578125 0.053571428125 0.9255952375 0.1053571421875 0.940476190625 0.0625
0 0.7738095234375 0.2053571421875 0.7797619046875 0.1732142859375 0.7633928578125 0.15 0.7366071421875 0.146428571875 0.7053571421875 0.1803571421875 0.6547619046875 0.25892857187499996 0.6577380953125 0.308928571875 0.7306547625 0.2571428578125 0.7738095234375 0.2053571421875
0 0.872023809375 0.233928571875 0.8645833328125001 0.2892857140625 1 0.3017857140625 0.9985119046875001 0.2142857140625 0.872023809375 0.233928571875
0 0.8556547625 0.3071428578125 0.809523809375 0.3125 0.827380953125 0.33392857187499997 0.828869046875 0.3642857140625 0.9464285718750001 0.40178571406249997 0.9791666671874999 0.3767857140625 0.96279761875 0.33214285781249997 0.8556547625 0.3071428578125
0 0.8214285718750001 0.416071428125 0.83779761875 0.43214285781250006 0.9702380953124999 0.4625 0.9642857140625001 0.4303571421875 0.9270833328125001 0.40357142812499996 0.8214285718750001 0.3767857140625 0.8214285718750001 0.416071428125
0 0.891369046875 0.446428571875 0.8660714281249999 0.45535714218749995 0.8839285718750001 0.48392857187500005 0.8824404765624999 0.5071428578125 0.9553571421875 0.5303571421875 0.9880952375 0.5053571421874999 0.971726190625 0.46785714218749996 0.891369046875 0.446428571875
0 0.84970238125 0.44285714218749994 0.78720238125 0.446428571875 0.815476190625 0.4767857140625 0.80654761875 0.5125 0.8541666671874999 0.533928571875 0.88095238125 0.5089285718750001 0.88095238125 0.4767857140625 0.84970238125 0.44285714218749994
0 1 0.6125 0.9985119046875001 0.528571428125 0.8824404765624999 0.5321428578125 0.8630952375 0.5446428578125 0.8854166671874999 0.5928571421875 1 0.6125
0 0.8616071421875 0.628571428125 0.8452380953124999 0.6446428578125001 0.8422619046875001 0.6732142859375 0.858630953125 0.6892857140624999 0.90625 0.6821428578125001 0.9389880953124999 0.7 1 0.6982142859375 0.9985119046875001 0.6178571421875 0.8616071421875 0.628571428125
0 0.8244047625 0.6446428578125001 0.8080357140625001 0.621428571875 0.7113095234375 0.6017857140625 0.7053571421875 0.6232142859375001 0.7202380953125 0.6446428578125001 0.71875 0.675 0.8035714281249999 0.691071428125 0.8244047625 0.6696428578125 0.8244047625 0.6446428578125001
0 0.8928571421875 0.8767857140625 0.889880953125 0.766071428125 0.86904761875 0.7017857140625 0.8258928578125 0.6821428578125001 0.81845238125 0.708928571875 0.827380953125 0.7267857140625 0.797619046875 0.8732142859375 0.8005952375 0.9196428578125 0.88095238125 0.9267857140625001 0.8928571421875 0.8767857140625
0 0.9880952375 0.8482142859374999 0.952380953125 0.7196428578125 0.9241071421875 0.6892857140624999 0.8824404765624999 0.6892857140624999 0.875 0.716071428125 0.8928571421875 0.7732142859375 0.8928571421875 0.8517857140625 0.9196428578125 0.9232142859374999 0.997023809375 0.9267857140625001 0.9880952375 0.8482142859374999
0 0.7708333328125 0.7696428578125001 0.7678571421875 0.733928571875 0.7276785718750001 0.6964285718750001 0.546130953125 0.6571428578125 0.5297619046875 0.6696428578125 0.5297619046875 0.691071428125 0.5699404765625 0.725 0.71279761875 0.7928571421874999 0.75 0.791071428125 0.7708333328125 0.7696428578125001
0 0.6369047625 0.816071428125 0.6235119046875 0.8392857140625001 0.735119046875 0.8553571421875 0.752976190625 0.8446428578124999 0.7485119046875 0.8 0.639880953125 0.7696428578125001 0.6369047625 0.816071428125
0 0.7410714281249999 0.8875 0.71279761875 0.8571428578125 0.6205357140625 0.8392857140625001 0.5714285718750001 0.8446428578124999 0.578869046875 0.875 0.65029761875 0.9142857140625 0.7261904765625 0.9267857140625001 0.7410714281249999 0.9125 0.7410714281249999 0.8875
0 0.4985119046875 0.8321428578125 0.459821428125 0.8571428578125 0.3958333328125 0.8625 0.409226190625 0.9142857140625 0.50595238125 0.9196428578125 0.565476190625 0.8982142859375 0.5669642859375 0.8428571421875001 0.4985119046875 0.8321428578125
0 0.608630953125 0.7607142859375 0.477678571875 0.771428571875 0.45238095312500004 0.7982142859375 0.46279761875 0.828571428125 0.6130952375 0.8375 0.6339285718750001 0.8232142859374999 0.6369047625 0.791071428125 0.608630953125 0.7607142859375
0 0.4449404765625 0.825 0.38392857187499996 0.8482142859374999 0.4613095234375 0.8553571421875 0.48065476250000005 0.828571428125 0.4449404765625 0.825
0 0.44940476250000005 0.808928571875 0.44940476250000005 0.766071428125 0.403273809375 0.7428571421875 0.2991071421875 0.7821428578125 0.27678571406249997 0.808928571875 0.2708333328125 0.841071428125 0.3333333328125 0.8517857140625 0.42113095312500004 0.8357142859375 0.44940476250000005 0.808928571875
0 0.37946428593750003 0.853571428125 0.33482142812500004 0.8571428578125 0.2946428578125 0.9053571421875001 0.3258928578125 0.9285714281249999 0.375 0.9303571421875001 0.3988095234375 0.9196428578125 0.3958333328125 0.8732142859375 0.37946428593750003 0.853571428125
0 0.2738095234375 0.908928571875 0.309523809375 0.8875 0.3139880953125 0.853571428125 0.1696428578125 0.8625 0.1800595234375 0.903571428125 0.2738095234375 0.908928571875
0 0.25446428593750003 0.8392857140625001 0.2738095234375 0.808928571875 0.2678571421875 0.7875 0.21279761874999997 0.7571428578125 0.046130953125 0.7678571421875 0.0208333328125 0.7875 0.0178571421875 0.816071428125 0.03125 0.8392857140625001 0.1755952375 0.8553571421875 0.25446428593750003 0.8392857140625001
0 0.33928571406249997 0.683928571875 0.30803571406249997 0.6571428578125 0.11309523749999999 0.7125 0.1264880953125 0.7357142859375 0.3005952375 0.766071428125 0.3258928578125 0.753571428125 0.3452380953125 0.7232142859375 0.33928571406249997 0.683928571875
0 0.28125 0.653571428125 0.31845238125 0.6196428578125001 0.3244047625 0.5875 0.3020833328125 0.5642857140624999 0.2693452375 0.5607142859375001 0.11755952343750001 0.6107142859375 0.065476190625 0.6553571421875 0.071428571875 0.6946428578125 0.10714285781249999 0.7053571421875 0.28125 0.653571428125
0 0.296130953125 0.5357142859375 0.3244047625 0.4982142859375 0.31845238125 0.45535714218749995 0.2693452375 0.4357142859375 0.09375 0.5392857140625 0.077380953125 0.591071428125 0.110119046875 0.6017857140625 0.1889880953125 0.5857142859375 0.296130953125 0.5357142859375
0 0.48809523749999995 0.5625 0.49404761875 0.5232142859375 0.4389880953125 0.5071428578125 0.3229166671875 0.5642857140624999 0.327380953125 0.6017857140625 0.315476190625 0.6339285718750001 0.327380953125 0.6339285718750001 0.465773809375 0.5857142859375 0.48809523749999995 0.5625
0 0.2053571421875 0.39464285781249997 0.1383928578125 0.3857142859375 0.0133928578125 0.46785714218749996 0 0.4803571421875 0.002976190625 0.5732142859375 0.19196428593749998 0.478571428125 0.2142857140625 0.441071428125 0.2053571421875 0.39464285781249997
0 0.09375 0.4 0.1383928578125 0.3821428578125 0.1949404765625 0.3857142859375 0.21875 0.4392857140625 0.25892857187499996 0.4375 0.284226190625 0.43214285781250006 0.297619046875 0.4125 0.2916666671875 0.36607142812500004 0.2604166671875 0.3357142859375 0.1949404765625 0.3357142859375 0.165178571875 0.32142857187499996 0.1235119046875 0.3571428578125 0.0119047625 0.3446428578125 0.03125 0.375 0.09375 0.4
0 0.1264880953125 0.2607142859375 0.102678571875 0.25 0 0.2553571421875 0.0014880953125 0.3357142859375 0.127976190625 0.3517857140625 0.15178571406250002 0.3303571421875 0.1547619046875 0.3017857140625 0.1264880953125 0.2607142859375
0 0.1577380953125 0.2732142859375 0.24255952343749998 0.24642857187499997 0.3883928578125 0.23571428593750002 0.41964285781250005 0.2053571421875 0.41964285781250005 0.1696428578125 0.3824404765625 0.1392857140625 0.3258928578125 0.1392857140625 0.21279761874999997 0.171428571875 0.125 0.2303571421875 0.13095238125 0.2625 0.1577380953125 0.2732142859375
0 0.4166666671875 0.26964285781249997 0.358630953125 0.24642857187499997 0.2604166671875 0.24642857187499997 0.1547619046875 0.27678571406249997 0.16071428593749998 0.3125 0.1770833328125 0.325 0.252976190625 0.3303571421875 0.41220238125 0.3107142859375 0.4166666671875 0.26964285781249997
0 0.25 0.1053571421875 0.15029761875 0.0857142859375 0.0014880953125 0.0821428578125 0 0.2053571421875 0.0357142859375 0.2053571421875 0.2306547625 0.1642857140625 0.24404761874999997 0.1482142859375 0.25 0.1053571421875
0 0.3764880953125 0.0892857140625 0.3988095234375 0.0625 0.4047619046875 0.023214285937500002 0.3854166671875 0 0.2991071421875 0.003571428125 0.1458333328125 0.0767857140625 0.2455357140625 0.09642857187500001 0.2574404765625 0.128571428125 0.27678571406249997 0.1267857140625 0.3764880953125 0.0892857140625
0 0.596726190625 0.253571428125 0.48363095312500004 0.1892857140625 0.42559523749999995 0.1803571421875 0.434523809375 0.2375 0.47470238125 0.278571428125 0.5699404765625 0.2821428578125 0.6160714281249999 0.308928571875 0.6160714281249999 0.2803571421875 0.596726190625 0.253571428125
0 0.6130952375 0.34821428593750003 0.6130952375 0.3125 0.5818452375 0.28571428593750003 0.45386904687499996 0.2892857140625 0.409226190625 0.3142857140625 0.34375 0.3178571421875 0.3244047625 0.3446428578125 0.34375 0.3821428578125 0.577380953125 0.38392857187499996 0.6130952375 0.34821428593750003
0 0.6175595234375 0.4357142859375 0.6428571421875 0.40535714218749996 0.6458333328125 0.3732142859375 0.6116071421875 0.3571428578125 0.5729166671875 0.3892857140625 0.4895833328125 0.4 0.44345238125 0.45535714218749995 0.45684523749999995 0.478571428125 0.48511904687499996 0.4767857140625 0.6175595234375 0.4357142859375
0 0.44940476250000005 0.4375 0.446428571875 0.391071428125 0.3616071421875 0.3892857140625 0.3050595234375 0.41071428593750003 0.2916666671875 0.4303571421875 0.328869046875 0.47142857187500004 0.377976190625 0.46964285781250004 0.4389880953125 0.4571428578125 0.44940476250000005 0.4375
0 0.5044642859375 0.2071428578125 0.6056547625 0.2607142859375 0.6458333328125 0.266071428125 0.6696428578125 0.233928571875 0.653273809375 0.171428571875 0.491071428125 0.166071428125 0.5044642859375 0.2071428578125
0 0.7291666671875 0.116071428125 0.7068452375 0.0821428578125 0.6860119046875 0.075 0.5550595234375 0.103571428125 0.5 0.1446428578125 0.534226190625 0.16071428593749998 0.684523809375 0.1625 0.703869046875 0.15714285781249998 0.7291666671875 0.116071428125
0 0.5758928578125 0 0.516369046875 0.025 0.4583333328125 0.0767857140625 0.4613095234375 0.116071428125 0.4791666671875 0.116071428125 0.6443452375 0.075 0.6636904765625 0.0517857140625 0.6666666671875 0.016071428125000002 0.65625 0 0.5758928578125 0
0 0.514880953125 0.716071428125 0.4925595234375 0.671428571875 0.4389880953125 0.653571428125 0.3125 0.6482142859375 0.33928571406249997 0.6803571421875 0.35267857187499996 0.725 0.48214285781250005 0.7589285718750001 0.50595238125 0.7410714281249999 0.514880953125 0.716071428125
0 0.5327380953125 0.5946428578125 0.6383928578125 0.671428571875 0.69345238125 0.683928571875 0.7172619046875 0.666071428125 0.7068452375 0.625 0.653273809375 0.628571428125 0.5327380953125 0.5946428578125
0 0.690476190625 0.683928571875 0.7172619046875 0.6625 0.7098214281249999 0.628571428125 0.6785714281249999 0.6267857140624999 0.7053571421875 0.608928571875 0.703869046875 0.5857142859375 0.5818452375 0.5714285718750001 0.5267857140625 0.5446428578125 0.5431547625 0.6107142859375 0.6473214281249999 0.675 0.690476190625 0.683928571875