0 0.3921568625 0.76688453125 0.40849673124999997 0.7124183000000001 0.44771241875 0.6579520703124999 0.5065359484374999 0.6187363828125 0.5735294125 0.599128540625 0.581699346875 0.525054465625 0.5686274515624999 0.437908496875 0.526143790625 0.357298475 0.4869281046875 0.3246187359375 0.455882353125 0.31154684062500004 0.37581699375 0.3071895421875 0.30882352968750004 0.33986928125000004 0.2614379078125 0.3943355125 0.23692810468749997 0.453159040625 0.2271241828125 0.5294117640625 0.23202614375000002 0.5947712421875 0.276143790625 0.614379084375 0.32516339843750003 0.653594771875 0.34640522812499996 0.6840958609375 0.3790849671875 0.7690631812500001 0.385620915625 0.7712418296875 0.3921568625 0.76688453125
0 0.8627450984375 0.5947712421875 0.919934640625 0.546840959375 0.9248366015625 0.435729846875 0.9068627453125 0.383442265625 0.8529411765624999 0.313725490625 0.8153594765625 0.2897603484375 0.7483660125 0.276688453125 0.65849673125 0.30283224375 0.6029411765625 0.36819172187500004 0.578431371875 0.4596949890625 0.578431371875 0.5947712421875 0.633986928125 0.614379084375 0.7107843140625 0.6644880171875001 0.7647058828125 0.7276688453125 0.7859477125 0.7712418296875 0.8006535953125 0.7102396515625 0.8349673203125001 0.6296296296875 0.8627450984375 0.5947712421875
0 0.8055555562500001 1 0.812091503125 0.9281045750000001 0.8071895421875 0.8671023968749999 0.795751634375 0.810457515625 0.7532679734375 0.7102396515625 0.7189542484375 0.6688453156249999 0.6650326796875 0.6274509796875 0.6127450984375 0.6034858390625 0.562091503125 0.599128540625 0.527777778125 0.6056644875 0.4787581703125 0.6296296296875 0.437908496875 0.6644880171875001 0.41339869218749997 0.7015250546875 0.3986928109375 0.7472766890625 0.3888888890625 0.812636165625 0.3888888890625 0.938997821875 0.40359477187500004 1 0.8055555562500001 1
0 0.37254902031250003 1 0.3888888890625 0.901960784375 0.385620915625 0.812636165625 0.3692810453125 0.7363834421875 0.3447712421875 0.6753812640625 0.30555555624999997 0.6296296296875 0.2614379078125 0.6034858390625 0.1290849671875 0.5860566453125 0.06535947656249999 0.6034858390625 0 0.651416121875 0 0.7799564265625001 0.0065359484374999995 0.7973856203125 0.0065359484374999995 0.830065359375 0 0.9782135078125 0.0245098046875 1 0.37254902031250003 1
0 0.6732026140625 0.2984749453125 0.758169934375 0.27886710312499996 0.7647058828125 0.2701525046875 0.7549019609375 0.18954248437500001 0.7205882359375 0.1307189546875 0.69607843125 0.1067538125 0.6274509796875 0.08714596875 0.580065359375 0.098039215625 0.5490196078125 0.115468409375 0.5147058828125 0.1568627453125 0.5032679734375 0.18954248437500001 0.49673202656250004 0.328976034375 0.5473856203125 0.3921568625 0.5702614374999999 0.45533769062499996 0.581699346875 0.453159040625 0.598039215625 0.3899782140625 0.6454248359375 0.3180827890625 0.6732026140625 0.2984749453125
0 0.43137254843750006 0.3093681921875 0.49509803906250005 0.3246187359375 0.49509803906250005 0.2178649234375 0.47222222187499996 0.1568627453125 0.44607843125 0.12636165625 0.40359477187500004 0.10021786562499999 0.3349673203125 0.0958605671875 0.294117646875 0.10021786562499999 0.2647058828125 0.11328976093750001 0.2271241828125 0.1546840953125 0.2140522875 0.1917211328125 0.20588235312499997 0.2701525046875 0.2254901953125 0.357298475 0.2434640515625 0.385620915625 0.2483660125 0.4074074078125 0.310457515625 0.3420479296875 0.3594771234375 0.313725490625 0.43137254843750006 0.3093681921875
0 0 0.357298475 0.10294117656249999 0.37254902031250003 0.14379085 0.40087145937499996 0.1764705875 0.437908496875 0.1928104578125 0.44008714531250004 0.215686275 0.37472766874999996 0.2189542484375 0.331154684375 0.20751634062500002 0.27450980468749997 0.1797385625 0.213507625 0.1454248359375 0.1764705875 0.11601307187500001 0.15904139374999998 0.0686274515625 0.1481481484375 0.01633986875 0.1481481484375 0 0.150326796875 0 0.357298475
0 0.275 0.08203125 0.25 0.1640625
0 0.084375 0.09296875 0.16875 0.1859375
0 0.521875 0.0859375 0.2328125 0.1671875
0 0.11015625 0.5078125 0.2203125 0.3015625
0 0.89765625 0.76796875 0.203125 0.4640625
0 0.88046875 0.28203125 0.2390625 0.334375
0 0.76640625 0.11015625 0.2484375 0.2203125