0 0.24375 0.102222221875 0.2270833328125 0.100740740625 0.2004166671875 0.10814814843750001 0.1720833328125 0.12740740781249998 0.1470833328125 0.15555555625 0.12 0.20814814843749999 0.10833333281249999 0.25259259218749996 0.1025 0.29407407343749997 0.10500000000000001 0.34888888906250004 0.11416666718749999 0.38148148125 0.1254166671875 0.40592592656250004 0.15375 0.44888888906249996 0.1575 0.4481481484375 0.15958333281249998 0.4370370375 0.16375 0.43851851875000003 0.17041666718749998 0.47259259218749994 0.1929166671875 0.4829629625 0.2133333328125 0.482222221875 0.24874999999999997 0.459259259375 0.2679166671875 0.4325925921875 0.2875 0.39481481406249996 0.3116666671875 0.3296296296875 0.32083333281250004 0.29407407343749997 0.3266666671875 0.24814814843750002 0.3233333328125 0.200740740625 0.3054166671875 0.16148148125 0.27125 0.11703703750000001 0.24375 0.102222221875
0 0.54375 0.137777778125 0.5204166671875 0.1111111109375 0.47041666718749997 0.0918518515625 0.44291666718749995 0.097777778125 0.4179166671875 0.12444444375 0.3933333328125 0.17851851875 0.3825 0.21851851875 0.3775 0.25259259218749996 0.38 0.3 0.41208333281250004 0.32444444375 0.43 0.356296296875 0.4491666671875 0.4170370375 0.45208333281249996 0.42222222187499997 0.46166666718749994 0.42148148125 0.47874999999999995 0.4148148140625 0.5379166671875 0.343703703125 0.5625 0.2629629625 0.5641666671875 0.23925925937499998 0.5608333328125 0.18444444375 0.5529166671875 0.1629629625 0.5479166671875 0.1703703703125 0.5441666671875 0.162222221875 0.5466666671875 0.1474074078125 0.54375 0.137777778125
0 0.3695833328125 0.303703703125 0.35041666718750003 0.30962962968749996 0.3408333328125 0.322222221875 0.3416666671875 0.33703703749999997 0.3583333328125 0.3770370375 0.35625 0.3851851859375 0.35125 0.3851851859375 0.3458333328125 0.37555555625000003 0.3295833328125 0.32592592656249997 0.3104166671875 0.33629629687499996 0.275 0.42592592656250006 0.2725 0.47481481406250003 0.2833333328125 0.559259259375 0.30416666718749996 0.6229629625 0.3220833328125 0.6488888890625 0.36875 0.6948148140625 0.385 0.6940740734374999 0.39708333281249997 0.6874074078125 0.4145833328125 0.6666666671875 0.43333333281249997 0.62 0.4491666671875 0.5370370375 0.4533333328125 0.46444444375 0.44749999999999995 0.4140740734375 0.4258333328125 0.34888888906250004 0.40041666718749996 0.3140740734375 0.38125 0.303703703125 0.3695833328125 0.303703703125
0 0.5195833328125 0.5822222218750001 0.48375 0.5837037031250001 0.46125 0.5940740734375 0.4454166671875 0.6103703703125001 0.4291666671875 0.6392592593749999 0.4166666671875 0.6837037031250001 0.4158333328125 0.7533333328125 0.4258333328125 0.8051851859375001 0.4425 0.8511111109374999 0.47874999999999995 0.9051851859375001 0.5287499999999999 0.940740740625 0.5525 0.9444444437499999 0.5704166671875 0.940740740625 0.5879166671875 0.9229629625 0.6125 0.8733333328124999 0.6233333328125 0.840740740625 0.6283333328125 0.7814814812499999 0.6174999999999999 0.7059259265625 0.6016666671875 0.66148148125 0.5854166671875001 0.6325925921875 0.5520833328125 0.5970370375 0.5195833328125 0.5822222218750001
0 0.30125 0.6459259265624999 0.2820833328125 0.6474074078125 0.2595833328125 0.657777778125 0.2345833328125 0.6799999999999999 0.195 0.7385185187500001 0.1775 0.7933333328125001 0.1741666671875 0.8140740734374999 0.1708333328125 0.8451851859374999 0.17250000000000001 0.8970370375 0.195 0.98148148125 0.21125 0.9985185187500001 0.2683333328125 0.999259259375 0.2945833328125 0.9896296296875 0.31375000000000003 0.9718518515625 0.3429166671875 0.9333333328125001 0.3708333328125 0.8733333328124999 0.38333333281250004 0.8170370374999999 0.38416666718750003 0.7548148140625 0.3741666671875 0.7148148140624999 0.35041666718750003 0.67555555625 0.3195833328125 0.6518518515625 0.30125 0.6459259265624999
0 0.08791666718749999 0.6888888890625 0.0570833328125 0.699259259375 0.03625 0.71555555625 0.0195833328125 0.7348148140624999 0.0008333328124999999 0.7681481484375 0 0.9948148140624999 0.1008333328125 0.9977777781249999 0.12291666718750001 0.9851851859374999 0.13458333281249998 0.9718518515625 0.1625 0.9266666671875001 0.16999999999999998 0.9 0.1691666671875 0.8451851859374999 0.175 0.7918518515625 0.1641666671875 0.7488888890625 0.1470833328125 0.72 0.11875 0.6948148140625 0.08791666718749999 0.6888888890625
0 0.19375 0.48444444375 0.1770833328125 0.4770370375 0.17333333281250002 0.49555555625 0.16458333281249998 0.49925925937500004 0.1575 0.48962962968749996 0.155 0.4570370375 0.14125000000000001 0.44000000000000006 0.12833333281249998 0.4570370375 0.12125 0.48 0.1079166671875 0.4918518515625 0.0966666671875 0.5177777781249999 0.0933333328125 0.5666666671875 0.0975 0.61555555625 0.11416666718749999 0.6866666671874999 0.1454166671875 0.71555555625 0.17124999999999999 0.7614814812499999 0.17916666718750002 0.762222221875 0.1845833328125 0.75851851875 0.2170833328125 0.6977777781250001 0.2445833328125 0.6681481484375 0.2679166671875 0.6518518515625 0.2995833328125 0.6429629625 0.2991666671875 0.62 0.2741666671875 0.5281481484375 0.2429166671875 0.4711111109375 0.21208333281249997 0.48444444375 0.19375 0.48444444375
0 0.0245833328125 0.7259259265625 0.05500000000000001 0.6970370375 0.0666666671875 0.642222221875 0.0625 0.5948148140625 0.0508333328125 0.5533333328125 0.037083332812499994 0.52444444375 0.0079166671875 0.4918518515625 0 0.49259259218749996 0.0008333328124999999 0.7651851859375001 0.0245833328125 0.7259259265625
0 0.0658333328125 0.29555555624999996 0.0633333328125 0.3711111109375 0.0666666671875 0.399259259375 0.07375000000000001 0.41925925937499997 0.08208333281249999 0.41185185156250004 0.0920833328125 0.4148148140625 0.10958333281249999 0.44444444375 0.1266666671875 0.4511111109375 0.13999999999999999 0.43333333281249997 0.11333333281249999 0.38 0.10500000000000001 0.3518518515625 0.1025 0.3281481484375 0.1041666671875 0.2733333328125 0.1166666671875 0.2170370375 0.1129166671875 0.2148148140625 0.08541666718749999 0.2296296296875 0.0783333328125 0.243703703125 0.0658333328125 0.29555555624999996
0 0.025416667187500002 0.46370370312500003 0.0508333328125 0.4125925921875 0.0616666671875 0.3651851859375 0.0633333328125 0.3 0.0566666671875 0.26148148125000004 0.0429166671875 0.2311111109375 0.017083332812499998 0.2118518515625 0.00041666718749999997 0.1896296296875 0.0008333328124999999 0.477777778125 0.025416667187500002 0.46370370312500003
0 0 0.1859259265625 0.0129166671875 0.20592592656250003 0.0354166671875 0.222222221875 0.08333333281250001 0.2288888890625 0.1179166671875 0.20888888906249997 0.1429166671875 0.15851851875 0.17250000000000001 0.1251851859375 0.1833333328125 0.0703703703125 0.1833333328125 0.0333333328125 0.1770833328125 0 0 0.000740740625 0 0.1859259265625
0 0.67625 0.2666666671875 0.6279166671875 0.2325925921875 0.61125 0.2311111109375 0.58125 0.2429629625 0.5633333328125001 0.26592592656249997 0.5466666671875 0.316296296875 0.5433333328125001 0.3918518515625 0.5508333328125 0.44962962968750003 0.5650000000000001 0.50444444375 0.5879166671875 0.5555555562500001 0.6204166671875 0.5896296296875 0.6541666671875 0.597777778125 0.6745833328125 0.5881481484375 0.6870833328125 0.5703703703125 0.7120833328125 0.5496296296875001 0.7241666671875 0.5266666671875 0.7316666671875 0.49555555625 0.7341666671875 0.4659259265625 0.7266666671875 0.38148148125 0.7091666671875 0.32370370312499996 0.6929166671875 0.2903703703125 0.67625 0.2666666671875
0 0.4691666671875 0.442222221875 0.45583333281250005 0.48370370312500005 0.4441666671875 0.58 0.445 0.603703703125 0.4479166671875 0.6059259265625 0.46791666718749997 0.5881481484375 0.48708333281250005 0.5822222218750001 0.5320833328125001 0.5851851859375 0.5704166671875 0.6133333328125 0.5879166671875 0.6340740734375 0.6083333328125 0.6703703703125 0.615 0.6451851859375 0.6191666671875 0.5933333328125 0.5912499999999999 0.5629629625 0.5691666671875 0.519259259375 0.5508333328125 0.45407407343750006 0.5425 0.3918518515625 0.5345833328125 0.3866666671875 0.51375 0.3866666671875 0.4845833328125 0.41333333281250006 0.4691666671875 0.442222221875
0 0.5520833328125 0.5970370375 0.5195833328125 0.5822222218750001 0.48375 0.5837037031250001 0.45958333281249997 0.59555555625 0.4454166671875 0.6103703703125001 0.4291666671875 0.6392592593749999 0.4166666671875 0.6837037031250001 0.4158333328125 0.7518518515625 0.4258333328125 0.8051851859375001 0.4425 0.8511111109374999 0.47874999999999995 0.9051851859375001 0.5279166671875 0.940740740625 0.5541666671875001 0.9444444437499999 0.5704166671875 0.940740740625 0.5870833328125 0.92444444375 0.6133333328125 0.8718518515625 0.6233333328125 0.840740740625 0.6275000000000001 0.8111111109375001 0.6275000000000001 0.7666666671875 0.6174999999999999 0.7059259265625 0.6016666671875 0.66148148125 0.5854166671875001 0.6325925921875 0.5520833328125 0.5970370375
0 0.3991666671875 0.7666666671875 0.3966666671875 0.7814814812499999 0.3858333328125 0.802222221875 0.3783333328125 0.8511111109374999 0.3625 0.9 0.36583333281249997 0.9340740734375 0.3754166671875 0.9614814812500001 0.39875 0.9333333328125001 0.4145833328125 0.9214814812500001 0.4604166671875 0.9140740734374999 0.4770833328125 0.9199999999999999 0.4920833328125 0.9333333328125001 0.5141666671875 0.9681481484375001 0.5254166671875 1 0.5475 0.999259259375 0.5475 0.9725925921874999 0.5420833328125 0.9481481484375 0.4995833328125 0.92444444375 0.46791666718749997 0.8933333328125 0.4425 0.8525925921875 0.4308333328125 0.8229629624999999 0.41916666718749995 0.78 0.4158333328125 0.7533333328125 0.41125 0.7511111109375 0.3991666671875 0.7666666671875
0 0.8116666671875 1 0.8150000000000001 0.9977777781249999 0.7995833328125 0.9718518515625 0.7695833328125 0.936296296875 0.7320833328125 0.9081481484375 0.70125 0.8977777781249999 0.6670833328125 0.902222221875 0.63125 0.9288888890625 0.6066666671875 0.963703703125 0.5966666671875 0.996296296875 0.59875 1 0.8116666671875 1
0 0.8179166671875 0.59851851875 0.7904166671875 0.5911111109375 0.7645833328125 0.5925925921874999 0.7445833328125 0.59851851875 0.7112499999999999 0.622222221875 0.6995833328125001 0.6370370375000001 0.6883333328125001 0.6629629625 0.6808333328125 0.7059259265625 0.6808333328125 0.7488888890625 0.6950000000000001 0.82148148125 0.7108333328125 0.8629629624999999 0.7354166671875 0.9051851859375001 0.7837500000000001 0.9481481484375 0.8091666671875 0.9548148140625001 0.8495833328125 0.9451851859374999 0.86875 0.9288888890625 0.8841666671875 0.9029629625 0.9091666671875 0.803703703125 0.9091666671875 0.763703703125 0.8991666671875 0.7103703703125 0.8825 0.6688888890625 0.86625 0.64 0.8429166671875 0.6148148140624999 0.8179166671875 0.59851851875
0 1 0.280740740625 0.9870833328125 0.256296296875 0.9654166671875 0.2370370375 0.95375 0.2325925921875 0.9270833328125001 0.23555555625000002 0.9054166671875 0.2459259265625 0.87375 0.2740740734375 0.85375 0.300740740625 0.8291666671875 0.3474074078125 0.8091666671875 0.41851851875 0.8074999999999999 0.4881481484375 0.8208333328125 0.5370370375 0.8345833328125 0.5585185187499999 0.87625 0.6029629625 0.8920833328125 0.6103703703125001 0.9116666671875 0.6096296296875 0.9345833328125 0.59851851875 0.9645833328125001 0.5659259265625 0.9808333328125001 0.54 1 0.48962962968749996 1 0.280740740625
0 0.7629166671875 0.0311111109375 0.7454166671875 0.037037037499999995 0.7045833328125 0.07851851875 0.6783333328125 0.1340740734375 0.665 0.18148148125000002 0.6599999999999999 0.2140740734375 0.6599999999999999 0.24962962968750002 0.6779166671875 0.2666666671875 0.6991666671875 0.3 0.7150000000000001 0.33555555625 0.7329166671875 0.39851851875 0.7466666671875 0.399259259375 0.77125 0.38962962968750003 0.8012499999999999 0.36 0.835 0.30444444375 0.8466666671875 0.2718518515625 0.8533333328125 0.23481481406250002 0.8591666671875 0.1548148140625 0.8508333328125 0.1059259265625 0.8329166671875001 0.0696296296875 0.7929166671875 0.034074073437500005 0.7629166671875 0.0311111109375
0 0.8516666671875001 0.1059259265625 0.8591666671875 0.14444444375 0.8591666671875 0.1874074078125 0.85 0.26148148125000004 0.8416666671874999 0.2925925921875 0.8308333328125 0.3148148140625 0.8400000000000001 0.320740740625 0.8645833328125001 0.28148148125 0.8945833328124999 0.2518518515625 0.9279166671875 0.2325925921875 0.9550000000000001 0.23037037031250002 0.9491666671875001 0.196296296875 0.9262499999999999 0.14518518593750002 0.9087500000000001 0.12296296250000001 0.8929166671875001 0.1111111109375 0.8712500000000001 0.10370370312499999 0.8516666671875001 0.1059259265625
0 0.56375 0.00148148125 0.5525 0.042222221875 0.5416666671875 0.120740740625 0.5433333328125001 0.1325925921875 0.5558333328125 0.1474074078125 0.5641666671875 0.196296296875 0.5658333328125 0.23037037031250002 0.5741666671875 0.243703703125 0.60875 0.2296296296875 0.6245833328125 0.2296296296875 0.6470833328125 0.24 0.6545833328125 0.23555555625000002 0.6641666671875 0.18148148125000002 0.6799999999999999 0.1266666671875 0.6954166671875 0.0918518515625 0.7275 0.048148148437499996 0.725 0.003703703125 0.56375 0.00148148125
0 0.40041666718749996 0.0888888890625 0.40791666718749997 0.0859259265625 0.42125 0.10814814843750001 0.42750000000000005 0.10888888906250001 0.4570833328125 0.0903703703125 0.47458333281250004 0.0903703703125 0.5179166671875 0.10370370312499999 0.5320833328125001 0.0903703703125 0.5466666671875 0.0629629625 0.5583333328125 0.000740740625 0.3829166671875 0 0.38166666718750003 0.0288888890625 0.39 0.0659259265625 0.40041666718749996 0.0888888890625
0 0.2366666671875 0.042222221875 0.2216666671875 0.09851851874999999 0.25125000000000003 0.10370370312499999 0.2670833328125 0.11259259218749999 0.31416666718749997 0.17555555625000002 0.3266666671875 0.21851851875 0.3266666671875 0.2540740734375 0.31916666718750003 0.29407407343749997 0.3233333328125 0.29851851875 0.3441666671875 0.2866666671875 0.3641666671875 0.2170370375 0.37 0.1711111109375 0.37 0.1251851859375 0.36583333281249997 0.0896296296875 0.3533333328125 0.043703703125 0.33541666718749996 0.013333332812500001 0.2954166671875 0 0.2604166671875 0.008888889062499999 0.2366666671875 0.042222221875
0 0.8058333328125 0.440740740625 0.7720833328125 0.3940740734375 0.7316666671875 0.40518518593749997 0.735 0.46444444375 0.7291666671875 0.5118518515625 0.7129166671875 0.5511111109375 0.6941666671875 0.5651851859375 0.7016666671875 0.6096296296875 0.70625 0.623703703125 0.71 0.6229629625 0.73625 0.60148148125 0.77125 0.5896296296875 0.79875 0.5911111109375 0.83375 0.6059259265625 0.8441666671875 0.58148148125 0.8458333328125001 0.5725925921874999 0.8254166671875 0.5481481484375 0.8108333328124999 0.5133333328125 0.8058333328125 0.48518518593750004 0.8058333328125 0.440740740625
0 1 0.61851851875 0.9737500000000001 0.5970370375 0.94625 0.5911111109375 0.9220833328125 0.6088888890625 0.8854166671874999 0.6118518515625 0.8712500000000001 0.620740740625 0.8641666671875001 0.6348148140625 0.8908333328125 0.6851851859375 0.9066666671875 0.74 0.9108333328124999 0.7829629625 0.9033333328125 0.843703703125 0.9220833328125 0.859259259375 0.9574999999999999 0.8644444437500001 0.9541666671875 0.8851851859375 0.9445833328125 0.8903703703125 0.8979166671875 0.860740740625 0.8925000000000001 0.8718518515625 0.8916666671875 0.8911111109375 0.89625 0.8992592593750001 0.92125 0.9125925921875 0.9533333328125 0.9162962968749999 0.9737500000000001 0.9125925921875 1 0.8970370375 1 0.61851851875
0 0.6841666671875 0.6777777781250001 0.6820833328125 0.6740740734374999 0.6545833328125 0.6740740734374999 0.6320833328125001 0.6829629625 0.6158333328125 0.6970370375 0.6283333328125 0.7681481484375 0.6283333328125 0.8096296296875 0.6233333328125 0.8451851859374999 0.61 0.883703703125 0.5895833328125 0.9229629625 0.5625 0.9488888890625 0.57375 0.9985185187500001 0.5941666671875 0.999259259375 0.6058333328125001 0.963703703125 0.61625 0.9451851859374999 0.6520833328125 0.9096296296874999 0.68625 0.896296296875 0.7283333328125 0.9 0.7058333328125 0.85555555625 0.6858333328125 0.7888888890625 0.6799999999999999 0.7474074078124999 0.6799999999999999 0.7059259265625 0.6841666671875 0.6777777781250001