0 0.0735294125 0.7120098046875001 0.0506535953125 0.6948529406249999 0.044934640625 0.578431371875 0.034313725 0.63357843125 0.0310457515625 0.8786764703125 0.0392156859375 0.9129901953124999 0.0490196078125 0.9154411765624999 0.0686274515625 0.8688725484375001 0.0735294125 0.7120098046875001
0 0.034313725 0.6458333328125 0.0310457515625 0.859068628125 0.034313725 0.90073529375 0.0473856203125 0.9154411765624999 0.060457515625 0.8982843140625001 0.0686274515625 0.8639705875000001 0.0735294125 0.7095588234375 0.08496732031250001 0.6188725484375001 0.080065359375 0.45710784374999996 0.0678104578125 0.44607843125 0.0490196078125 0.4546568625 0.045751634375 0.5772058828125 0.0392156859375 0.589460784375 0.034313725 0.6458333328125
0 0.133986928125 0.8982843140625001 0.1454248359375 0.8517156859374999 0.14215686249999998 0.572303921875 0.133986928125 0.4791666671875 0.1266339875 0.455882353125 0.1102941171875 0.453431371875 0.099673203125 0.47181372499999996 0.09477124218750001 0.5453431375 0.098039215625 0.768382353125 0.1078431375 0.8517156859374999 0.133986928125 0.8982843140625001
0 0.1830065359375 0.79289215625 0.2026143796875 0.697303921875 0.19771241875 0.59926470625 0.188725490625 0.5490196078125 0.1813725484375 0.552696078125 0.168300653125 0.61642156875 0.1568627453125 0.623774509375 0.1470588234375 0.79289215625 0.15849673125 0.839460784375 0.1830065359375 0.79289215625
0 0.310457515625 0.9227941171875 0.3267973859375 0.890931371875 0.33169934687499997 0.846813725 0.3235294125 0.7634803921875 0.321895425 0.6139705875 0.30964052343750004 0.5955882359375 0.296568628125 0.5955882359375 0.2810457515625 0.626225490625 0.276143790625 0.7365196078125 0.294117646875 0.8860294124999999 0.310457515625 0.9227941171875
0 0.3888888890625 0.751225490625 0.3905228765625 0.6041666671875 0.385620915625 0.535539215625 0.3766339875 0.5245098046875001 0.3513071890625 0.5330882359375 0.349673203125 0.8075980390625 0.366013071875 0.8688725484375001 0.383986928125 0.8075980390625 0.3888888890625 0.751225490625
0 0.44117647031249996 0.8296568625 0.455882353125 0.8051470593750001 0.4591503265625 0.7708333328125 0.45751634062499996 0.5575980390625 0.44362745156249994 0.5318627453125 0.4076797390625 0.509803921875 0.40849673124999997 0.751225490625 0.419934640625 0.8002450984375 0.42728758125 0.813725490625 0.43218954218750005 0.8088235296875 0.44117647031249996 0.8296568625
0 0.4869281046875 0.6017156859375 0.4844771234375 0.4828431375 0.48039215625000004 0.518382353125 0.47467320312499994 0.5318627453125 0.46405228750000005 0.5330882359375 0.4591503265625 0.5625 0.4591503265625 0.6752450984375 0.4681372546875 0.6544117640625 0.4754901953125 0.677696078125 0.4869281046875 0.6017156859375
0 0.5359477125 0.623774509375 0.5359477125 0.47181372499999996 0.5302287578125 0.4583333328125 0.5138888890625 0.4583333328125 0.5065359484374999 0.49142156875 0.5049019609375 0.626225490625 0.509803921875 0.6727941171875 0.51879085 0.6936274515624999 0.5245098046875001 0.6924019609375 0.5359477125 0.623774509375
0 0.51960784375 0.7806372546875 0.51960784375 0.714460784375 0.5065359484374999 0.6580882359375 0.5049019609375 0.5502450984375 0.49754902031250003 0.5490196078125 0.4869281046875 0.58210784375 0.4869281046875 0.70710784375 0.491830065625 0.77573529375 0.5114379078125 0.8174019609375 0.51960784375 0.7806372546875
0 0.58986928125 0.77573529375 0.5947712421875 0.7267156859375 0.596405228125 0.518382353125 0.5857843140625 0.49754902031250003 0.5686274515624999 0.5036764703125 0.562091503125 0.552696078125 0.560457515625 0.7463235296875 0.563725490625 0.785539215625 0.578431371875 0.8002450984375 0.58986928125 0.77573529375
0 0.8529411765624999 0.6311274515624999 0.8513071890624999 0.46446078437500005 0.8439542484375 0.44607843125 0.8341503265625001 0.44362745156249994 0.8243464046875 0.4485294125 0.8186274515624999 0.46446078437500005 0.8186274515624999 0.606617646875 0.8267973859375 0.6850490203125 0.846405228125 0.7193627453125 0.8529411765624999 0.6311274515624999
0 0.8676470593750001 0.5306372546875 0.8709150328125 0.72426470625 0.8545751640624999 0.7291666671875 0.8545751640624999 0.7438725484375001 0.8611111109375 0.7438725484375001 0.8594771234374999 0.7610294125 0.8839869281249999 0.8149509796875 0.8986928109375001 0.7830882359375 0.903594771875 0.74142156875 0.901960784375 0.7169117640625 0.8921568625 0.7095588234375 0.89379085 0.6948529406249999 0.903594771875 0.6924019609375 0.901960784375 0.54289215625 0.89297385625 0.509803921875 0.8766339875 0.5122549015625 0.8676470593750001 0.5306372546875
0 0.9281045750000001 0.6139705875 0.921568628125 0.6213235296875 0.9264705875000001 0.623774509375 0.9313725484375001 0.6801470593750001 0.9444444437499999 0.7046568625 0.9673202609375 0.6629901953124999 0.965686275 0.623774509375 0.955882353125 0.6139705875 0.965686275 0.596813725 0.965686275 0.5477941171875 0.954248365625 0.4620098046875 0.9468954249999999 0.4509803921875 0.918300653125 0.5232843140625 0.919934640625 0.609068628125 0.9281045750000001 0.6139705875
0 0.99918300625 0.5392156859375 0.9934640515625001 0.54289215625 0.9950980390625 0.5796568625 0.9673202609375 0.589460784375 0.972222221875 0.6139705875 0.9689542484375 0.7732843140625 0.9787581703124999 0.8075980390625 1 0.75857843125 0.99918300625 0.5392156859375
0 0.7973856203125 0.748774509375 0.8088235296875 0.8075980390625 0.828431371875 0.8272058828125 0.8349673203125001 0.7806372546875 0.8169934640625 0.6139705875 0.8186274515624999 0.5453431375 0.8161764703125 0.534313725 0.8031045750000001 0.534313725 0.7973856203125 0.5502450984375 0.7973856203125 0.6041666671875 0.8039215687500001 0.6139705875 0.7990196078125 0.6286764703125 0.7973856203125 0.748774509375