0 0.508196721875 0.2449908921875 0.5013661203125 0.2887067390625 0.5095628421875 0.34153005468750003 0.5245901640625 0.3779599265625 0.5416666671875 0.3952641171875 0.6174863390625001 0.41803278749999995 0.645491803125 0.406193078125 0.6844262296875 0.3506375234375 0.6953551906250001 0.31602914375 0.6953551906250001 0.28142076562499996 0.6734972671875 0.21948998125000002 0.64822404375 0.18579235 0.6004098359375 0.16757741406249999 0.5648907109375 0.1693989078125 0.5430327875 0.18579235 0.508196721875 0.2449908921875
0 0.278688525 0.266848815625 0.2677595625 0.30874316875 0.2677595625 0.3852459015625 0.2718579234375 0.40346083750000006 0.290300546875 0.43351548281249996 0.336748634375 0.47540983593749997 0.36612021875 0.47996357031250003 0.41188524531250004 0.4663023671875 0.436475409375 0.44808743125 0.46584699531249996 0.3961748640625 0.4699453546875 0.34153005468750003 0.4603825140625 0.3032786890625 0.436475409375 0.24772313281249997 0.3968579234375 0.220400728125 0.3531420765625 0.2094717671875 0.3271857921875 0.21857923437500001 0.278688525 0.266848815625
0 0.0806010921875 0.2923497265625 0.0751366125 0.32331511874999996 0.077868853125 0.3797814203125 0.092896175 0.4234972671875 0.11680327812499999 0.4571949 0.14685792343749998 0.4735883421875 0.17759562812500002 0.4763205828125 0.2137978140625 0.4663023671875 0.2363387984375 0.4398907109375 0.2595628421875 0.36520947187499997 0.25683060156250004 0.31238615625 0.2431693984375 0.272313296875 0.23019125625 0.25683060156250004 0.1823770484375 0.229508196875 0.1359289625 0.227686703125 0.10724043750000001 0.2459016390625 0.0806010921875 0.2923497265625
0 0.154371584375 0.172131146875 0.16393442656249999 0.19763205781249998 0.18920765 0.227686703125 0.2356557375 0.2531876140625 0.27459016406250003 0.2577413484375 0.31762295156250003 0.222222221875 0.334699453125 0.1994535515625 0.36202185781249996 0.14298725 0.3647540984375 0.09562841562499999 0.351092896875 0.04826958125 0.325819671875 0 0.1878415296875 0.00182149375 0.154371584375 0.0628415296875 0.1502732234375 0.090163934375 0.154371584375 0.172131146875
0 0.36612021875 0.11566484531250001 0.368852459375 0.1502732234375 0.40915300468750004 0.224043715625 0.44193989062499994 0.24225865156249998 0.4836065578125 0.2431693984375 0.50887978125 0.229508196875 0.543715846875 0.1630236796875 0.5491803281250001 0.1120218578125 0.535519125 0.05191256875 0.51980874375 0.0236794171875 0.48155737656250003 0.00182149375 0.41598360625 0.00182149375 0.3907103828125 0.028233151562499996 0.375683059375 0.0646630234375 0.36612021875 0.11566484531250001
0 0.648907103125 0.175774134375 0.6728142078125 0.1693989078125 0.697404371875 0.15300546406249999 0.721311475 0.1211293265625 0.7336065578125 0.050091075 0.7308743171875001 0.004553734375 0.55532786875 0.00182149375 0.5478142078125 0.086520946875 0.5560109296875 0.1229508203125 0.589480875 0.1602914390625 0.648907103125 0.175774134375
0 0.8497267765625001 0.1630236796875 0.8790983609374999 0.14754098437500002 0.9166666671874999 0.101092896875 0.927595628125 0.061020035937499995 0.927595628125 0.002732240625 0.74112021875 0.00182149375 0.7363387984374999 0.0118397078125 0.734972678125 0.0755919859375 0.75546448125 0.135701275 0.7862021859375 0.1621129328125 0.8497267765625001 0.1630236796875
0 1 0.000910746875 0.9351092890625001 0 0.9303278687500001 0.086520946875 0.9569672125 0.14936247656249999 0.9890710374999999 0.1630236796875 1 0.1612021859375 1 0.000910746875
0 1 0.16848816093750002 0.993852459375 0.16757741406249999 0.9610655734375 0.18397085625 0.9221311468750001 0.2395264109375 0.9180327875 0.2504553734375 0.9180327875 0.31967213125 0.93579235 0.3797814203125 0.9460382515625 0.3934426234375 0.970628415625 0.408014571875 1 0.41074681249999995 1 0.16848816093750002
0 1 0.41621129375 0.9692622953125 0.413479053125 0.9282786890624999 0.43715847031250005 0.892076503125 0.48724954531250003 0.886612021875 0.5145719484375 0.892076503125 0.58378870625 0.9153005468750001 0.636612021875 0.9323770484375 0.6575591984375 0.9665300546875001 0.673952640625 1 0.6748633875000001 1 0.41621129375
0 1 0.678506375 0.9528688531249999 0.672131146875 0.9255464484375 0.6557377046874999 0.8872950812499999 0.6648451734374999 0.8661202187500001 0.68579235 0.8387978140625 0.7459016390625 0.8387978140625 0.7659380687499999 0.8538251359375 0.8296903453125 0.8886612015625 0.8961748640625 0.936475409375 0.91621129375 0.984972678125 0.917122040625 1 0.902550090625 1 0.678506375
0 0.6666666671875 0.722222221875 0.654371584375 0.7513661203125 0.6502732234375 0.7932604734375001 0.6557377046874999 0.8351548265625001 0.6666666671875 0.8679417125000001 0.6878415296875 0.89799635625 0.7247267765625 0.9198542812499999 0.7595628421875 0.9262295078125 0.7916666671875 0.9143898 0.8387978140625 0.86247723125 0.8442622953125 0.8023679421875001 0.8265027328125001 0.7276867031250001 0.8066939890624999 0.6939890703125 0.76980874375 0.6921675781250001 0.73019125625 0.672131146875 0.7165300546875 0.672131146875 0.6919398906249999 0.686703096875 0.6666666671875 0.722222221875
0 0.47267759531250003 0.718579234375 0.46584699531249996 0.7531876140625 0.4699453546875 0.7950819671875 0.48770491875 0.8460837890624999 0.5034153 0.8670309656249999 0.5307377046874999 0.8816029140625 0.5819672125 0.8879781421875 0.6072404375 0.8761384328125 0.6174863390625001 0.86247723125 0.648907103125 0.78051001875 0.6461748640625 0.738615665625 0.604508196875 0.6703096546875 0.5375683062500001 0.6648451734374999 0.522540984375 0.6575591984375 0.50887978125 0.6612021859375 0.4890710375 0.6821493624999999 0.47267759531250003 0.718579234375
0 0.2677595625 0.7604735890625001 0.265027321875 0.8041894359375 0.27322404375 0.8661202187500001 0.278688525 0.8861566484375001 0.2957650265625 0.90892531875 0.33811475468749996 0.9307832421875 0.3592896171875 0.9316939890624999 0.3968579234375 0.90892531875 0.4248633875 0.8770491796875 0.44125683125000004 0.8132969031249999 0.4398907109375 0.77686703125 0.422131146875 0.729508196875 0.4077868859375 0.7085610203125 0.3586065578125 0.7122040078125 0.3217213109375 0.6939890703125 0.2916666671875 0.721311475 0.2677595625 0.7604735890625001
0 0.0969945359375 0.76229508125 0.08743169375 0.7896174859375 0.08333333281250001 0.85883424375 0.09836065625 0.8970856109374999 0.1181693984375 0.9198542812499999 0.150956284375 0.9417122046875 0.183060109375 0.9408014578125 0.2247267765625 0.9253187609375001 0.25 0.8970856109374999 0.2636612015625 0.8424408015625 0.26229508125 0.778688525 0.2513661203125 0.7513661203125 0.2192622953125 0.71948998125 0.1878415296875 0.7249544625000001 0.1550546453125 0.7122040078125 0.1181693984375 0.7340619312500001 0.0969945359375 0.76229508125
0 0.133196721875 0.508196721875 0.1065573765625 0.5491803281250001 0.0969945359375 0.58378870625 0.0969945359375 0.6238615671875001 0.10519125625 0.6548269578125 0.1577868859375 0.7085610203125 0.18101092968750002 0.721311475 0.2076502734375 0.720400728125 0.2247267765625 0.7140255015625 0.27322404375 0.6639344265625 0.2841530046875 0.631147540625 0.2800546453125 0.60018215 0.2827868859375 0.5546448093749999 0.2602459015625 0.5118397078125 0.2315573765625 0.4881602921875 0.20833333281250002 0.47540983593749997 0.16871584687500002 0.47905282343750005 0.133196721875 0.508196721875
0 0.336748634375 0.47905282343750005 0.32308743125 0.48633879843749994 0.2978142078125 0.5236794171875 0.2827868859375 0.5765027328125 0.285519125 0.6202185796874999 0.3183060109375 0.68032786875 0.34904371562500003 0.7067395265624999 0.381147540625 0.7076502734375001 0.4200819671875 0.6958105640625 0.4433060109375 0.679417121875 0.4603825140625 0.645719490625 0.47267759531250003 0.59836065625 0.4672131140625 0.541894353125 0.4549180328125 0.5127504546874999 0.43920765 0.489981784375 0.40915300468750004 0.47176684843750005 0.3709016390625 0.4826958109375 0.336748634375 0.47905282343750005
0 0.484972678125 0.465391621875 0.471311475 0.5109289625 0.47267759531250003 0.5710382515625 0.497267759375 0.627504553125 0.522540984375 0.6557377046874999 0.592896175 0.6675774140625 0.6263661203125 0.6557377046874999 0.654371584375 0.6147540984375001 0.6707650265625 0.5728597453125001 0.6707650265625 0.5127504546874999 0.654371584375 0.461748634375 0.63046448125 0.4316939890625 0.5703551906250001 0.40983606562499997 0.540300546875 0.413479053125 0.506147540625 0.43351548281249996 0.484972678125 0.465391621875
0 0.6939890703125 0.465391621875 0.6762295078125 0.5163934421875 0.6748633875000001 0.5728597453125001 0.6830601093750001 0.6092896171875 0.7008196718749999 0.643897996875 0.7165300546875 0.6612021859375 0.7657103828125 0.6885245906249999 0.8005464484375 0.6894353375 0.846311475 0.675774134375 0.8647540984375001 0.6548269578125 0.8852459015624999 0.6147540984375001 0.8907103828125 0.5710382515625 0.8797814203125001 0.5072859750000001 0.8586065578125 0.4663023671875 0.8162568312499999 0.4316939890625 0.7479508203125 0.4244080140625 0.7219945359375 0.43351548281249996 0.6939890703125 0.465391621875
0 0.7076502734375001 0.2577413484375 0.6980874312500001 0.3014571953125 0.7021857921875 0.3451730421875 0.7336065578125 0.39799635625 0.7575136609374999 0.42076502656250003 0.840163934375 0.4253187609375 0.8681693984375001 0.40983606562499997 0.8879781421875 0.3852459015625 0.9166666671874999 0.306921675 0.9166666671874999 0.25227686718750003 0.8968579234374999 0.21857923437500001 0.8504098359375 0.1693989078125 0.8094262296875 0.16393442656249999 0.75887978125 0.1821493625 0.7281420765625 0.21220400781249998 0.7076502734375001 0.2577413484375
0 0.8046448093749999 1 0.8073770484375 0.991803278125 0.7991803281250001 0.96265938125 0.773907103125 0.9289617484375 0.7288251359375 0.9234972671874999 0.6810109296875 0.8943533703125001 0.656420765625 0.90163934375 0.6386612015625001 0.91621129375 0.6038251359375 0.9881602921875 0.6038251359375 0.999089253125 0.6086065578125 1 0.8046448093749999 1
0 1 0.95901639375 0.9842896171875 0.9344262296875 0.9665300546875001 0.9198542812499999 0.9200819671874999 0.9143898 0.8872950812499999 0.8961748640625 0.8681693984375001 0.89981785 0.8299180328125001 0.9344262296875 0.81420765 0.96265938125 0.8101092890625001 0.9881602921875 0.813524590625 1 1 1 1 0.95901639375
0 0.56967213125 1 0.601092896875 0.999089253125 0.5997267765625 0.9754098359375 0.5860655734375 0.9353369765625 0.5566939890625 0.8907103828125 0.5129781421875 0.8779599265625 0.4842896171875 0.8506375234375 0.4583333328125 0.8524590156249999 0.4351092890625 0.865209471875 0.3893442625 0.9207650265625 0.374316940625 0.9535519125 0.3702185796875 0.9772313296874999 0.372267759375 1 0.56967213125 1
0 0.36407103749999997 1 0.3647540984375 0.9899817843750001 0.34904371562500003 0.9380692171874999 0.29986338749999997 0.91621129375 0.272540984375 0.8925318765625001 0.2575136609375 0.8961748640625 0.23019125625 0.9253187609375001 0.2069672125 0.9380692171874999 0.1816939890625 0.993624771875 0.1851092890625 1 0.35519125625000003 1 0.36407103749999997 1
0 0.1734972671875 1 0.1816939890625 0.9808743171875 0.17759562812500002 0.95537340625 0.133196721875 0.9344262296875 0.0908469953125 0.8907103828125 0.0717213109375 0.89799635625 0.0252732234375 0.9398907109374999 0.0075136609375 0.9435336968750001 0 0.95537340625 0.000683059375 1 0.1734972671875 1
0 0 0.9389799640625001 0.006830601562499999 0.9389799640625001 0.032103825 0.9307832421875 0.0484972671875 0.91621129375 0.0792349734375 0.8679417125000001 0.0860655734375 0.7677595625 0.07377049218750001 0.7440801453125 0.052595628125 0.721311475 0.0252732234375 0.7249544625000001 0 0.7167577406250001 0 0.9389799640625001
0 0.01980874375 0.721311475 0.038251365625 0.720400728125 0.063524590625 0.7049180328125 0.101092896875 0.6548269578125 0.09562841562499999 0.6220400734375 0.0997267765625 0.536429871875 0.0915300546875 0.5182149359375 0.0676229515625 0.493624771875 0.0362021859375 0.4826958109375 0.000683059375 0.48633879843749994 0 0.7112932609375 0.01980874375 0.721311475
0 0.0334699453125 0.47905282343750005 0.062158470312500005 0.4608378875 0.084699453125 0.41074681249999995 0.07377049218750001 0.363387978125 0.072404371875 0.2996357015625 0.0389344265625 0.25683060156250004 0.000683059375 0.24225865156249998 0 0.4817850640625 0.0136612015625 0.4817850640625 0.0334699453125 0.47905282343750005
0 0.012295081250000001 0.235883425 0.034836065625 0.225865209375 0.0560109296875 0.1958105640625 0.0683060109375 0.14663023749999998 0.0683060109375 0.1083788703125 0.053278689062499995 0.0646630234375 0.025956284375 0.0336976328125 0.011612021875 0.00546448125 0.000683059375 0.00182149375 0 0.235883425 0.012295081250000001 0.235883425
0 0.0136612015625 0.000910746875 0.0245901640625 0.028233151562499996 0.040300546874999996 0.047358834375 0.08128415312500001 0.0710382515625 0.1147540984375 0.0774134796875 0.1495901640625 0.0601092890625 0.183060109375 0.000910746875 0.0136612015625 0.000910746875