0 0.134375 0.67734375 0.221875 0.2796875
0 0.21328125 0.33828125 0.2390625 0.3328125
0 0.05625 0.07890625 0.10625 0.1546875
0 0.31953125 0.5984375 0.1390625 0.2625
0 0.453125 0.34375 0.2375 0.35625
0 0.6875 0.390625 0.25625 0.378125
0 0.77578125 0.690625 0.2234375 0.3125
0 0.56328125 0.62578125 0.2265625 0.2953125
0 0.58515625 0.1234375 0.2078125 0.2375
0 0.79375 0.12890625 0.24375 0.2484375
0 0.88359375 0.43046875 0.1578125 0.2890625
0 0.84921875 0.9375 0.1859375 0.125
0 0.959375 0.84921875 0.078125 0.2984375