0 0.196875 0.22421875 0.2578125 0.3015625
0 0.2859375 0.49921875 0.196875 0.2484375
0 0.440625 0.63984375 0.203125 0.278125
0 0.18515625 0.73984375 0.1859375 0.246875
0 0.26796875 0.909375 0.1796875 0.18125
0 0.08828125 0.88125 0.153125 0.2375
0 0.46953125 0.89609375 0.2203125 0.2078125
0 0.6921875 0.8921875 0.1421875 0.215625
0 0.66171875 0.63671875 0.134375 0.175
0 0.578125 0.41171875 0.209375 0.3671875
0 0.65390625 0.096875 0.184375 0.1890625
0 0.8734375 0.3421875 0.2515625 0.375
0 0.8796875 0.7046875 0.215625 0.259375