0 0.33169934687499997 0.921568628125 0.349673203125 0.8213507625 0.366013071875 0.642701525 0.37581699375 0.6165577343749999 0.383986928125 0.5359477125 0.4052287578125 0.492374728125 0.3970588234375 0.44662309375 0.40849673124999997 0.3006535953125 0.40849673124999997 0.213507625 0.40032679687500006 0.1633986921875 0.3790849671875 0.12636165625 0.35620915000000003 0.117647059375 0.310457515625 0.117647059375 0.2859477125 0.1220043578125 0.27450980468749997 0.135076253125 0.2614379078125 0.1742919390625 0.2565359484375 0.224400871875 0.2630718953125 0.5119825703124999 0.25 0.66013071875 0.26960784375 0.8169934640625 0.2728758171875 0.9498910671875 0.2892156859375 0.9760348578125001 0.310457515625 0.9651416125000001 0.33169934687499997 0.921568628125
0 0.8447712421875 0.20479302812500003 0.83823529375 0.1938997828125 0.7973856203125 0.1742919390625 0.7140522875 0.16993464062500002 0.5473856203125 0.11328976093750001 0.5114379078125 0.1111111109375 0.5016339875 0.117647059375 0.48856209218749996 0.1655773421875 0.491830065625 0.1851851859375 0.5 0.1938997828125 0.5490196078125 0.18736383437499998 0.671568628125 0.224400871875 0.740196078125 0.2265795203125 0.7875816999999999 0.2178649234375 0.8349673203125001 0.22875817031249998 0.8431372546875 0.2200435734375 0.8447712421875 0.20479302812500003
0 0.84150326875 0.2527233109375 0.7745098046875001 0.2636165578125 0.6911764703125 0.24400871406250002 0.6111111109375 0.213507625 0.49673202656250004 0.19607843125 0.4852941171875 0.20479302812500003 0.48366013125 0.26579520625 0.49673202656250004 0.2832244015625 0.668300653125 0.3006535953125 0.7810457515625 0.3355119828125 0.8169934640625 0.331154684375 0.8267973859375 0.31590413906250003 0.8529411765624999 0.3093681921875 0.8676470593750001 0.2919389984375 0.8660130718750001 0.2701525046875 0.84150326875 0.2527233109375
0 0.8071895421875 0.46623093750000005 0.8153594765625 0.4618736390625 0.8088235296875 0.42701525 0.794117646875 0.4074074078125 0.7009803921875 0.34640522812499996 0.596405228125 0.3246187359375 0.4983660125 0.3180827890625 0.490196078125 0.3333333328125 0.491830065625 0.36819172187500004 0.5114379078125 0.3986928109375 0.534313725 0.4074074078125 0.66176470625 0.40305010937499997 0.69771241875 0.41176470624999995 0.73202614375 0.42701525 0.758169934375 0.46405228750000005 0.795751634375 0.490196078125 0.8055555562500001 0.48801742968750006 0.8071895421875 0.46623093750000005
0 0.795751634375 0.6732026140625 0.7973856203125 0.6557734203125001 0.7892156859375 0.644880175 0.7549019609375 0.6383442265625 0.7352941171875 0.6492374734374999 0.616013071875 0.66230936875 0.5931372546875 0.6732026140625 0.59150326875 0.6928104578125 0.581699346875 0.6906318078125 0.580065359375 0.6993464046875 0.596405228125 0.69716775625 0.60620915 0.7102396515625 0.6225490203125 0.7124183000000001 0.76797385625 0.6928104578125 0.795751634375 0.6732026140625
0 0.6944444437499999 0.7494553374999999 0.526143790625 0.7559912859375 0.51633986875 0.7734204796874999 0.51633986875 0.8017429187499999 0.527777778125 0.8191721140625001 0.6993464046875 0.8148148140625 0.7205882359375 0.8235294124999999 0.7630718953125 0.8039215687500001 0.831699346875 0.7930283218749999 0.830065359375 0.7799564265625001 0.8006535953125 0.76688453125 0.6944444437499999 0.7494553374999999
0 0.7516339875 0.4945533765625 0.6045751640625 0.490196078125 0.5866013078125001 0.5076252718750001 0.580065359375 0.546840959375 0.581699346875 0.581699346875 0.6029411765625 0.5925925921874999 0.715686275 0.599128540625 0.7859477125 0.5925925921874999 0.8055555562500001 0.581699346875 0.8006535953125 0.5511982578125 0.8153594765625 0.5337690625 0.7973856203125 0.5141612203125 0.7516339875 0.4945533765625
0 0.758169934375 0.6013071890624999 0.62581699375 0.6122004359375001 0.581699346875 0.596949890625 0.5686274515624999 0.579520696875 0.560457515625 0.5511982578125 0.5245098046875001 0.5511982578125 0.5065359484374999 0.5642701531250001 0.4983660125 0.58823529375 0.4983660125 0.614379084375 0.5049019609375 0.653594771875 0.5310457515625 0.6688453156249999 0.686274509375 0.6318082781250001 0.8153594765625 0.6274509796875 0.828431371875 0.6078431375 0.828431371875 0.59041394375 0.810457515625 0.581699346875 0.758169934375 0.6013071890624999
0 0.76797385625 0.48801742968750006 0.758169934375 0.4684095859375 0.6732026140625 0.42265795156249997 0.5490196078125 0.41176470624999995 0.5392156859375 0.4161220046875 0.5326797390625 0.4705882359375 0.5555555562500001 0.490196078125 0.76797385625 0.48801742968750006
0 0.51960784375 0.55337690625 0.560457515625 0.5511982578125 0.580065359375 0.492374728125 0.5245098046875001 0.46623093750000005 0.5114379078125 0.47930283281249997 0.5032679734375 0.5032679734375 0.508169934375 0.544662309375 0.51960784375 0.55337690625
0 0.7287581703125 0.7494553374999999 0.8169934640625 0.76688453125 0.830065359375 0.7472766890625 0.830065359375 0.7298474953125 0.7908496734375 0.7254901953124999 0.7287581703125 0.7494553374999999
0 0.7483660125 0.810457515625 0.7189542484375 0.8061002171875 0.6454248359375 0.8169934640625 0.51797385625 0.8169934640625 0.51633986875 0.8235294124999999 0.5310457515625 0.8888888890625 0.580065359375 0.8932461875 0.6486928109375001 0.8605664484375 0.66176470625 0.83877995625 0.6764705875 0.8409586062500001 0.671568628125 0.8496732031249999 0.678104575 0.8496732031249999 0.7483660125 0.810457515625