0 0.79375 1 0.79 0.9965624999999999 0.7920833328125 0.9956250000000001 0.7966666671875 0.9965624999999999 0.79625 1 0.8054166671875 0.9981249999999999 0.8220833328125 1 0.83125 0.994375 0.8370833328125 0.996875 0.8529166671875 0.9925 0.8579166671875 0.99875 0.87375 0.9949999999999999 0.87625 1 0.8866666671875001 0.9996875 0.8866666671875001 0.9759375 0.8741666671875 0.9484375 0.8566666671875 0.9221875 0.8533333328125 0.9103125000000001 0.8383333328125 0.8996875 0.8283333328125 0.8865624999999999 0.8012499999999999 0.8706250000000001 0.78625 0.86875 0.7595833328125 0.8699999999999999 0.7520833328125 0.8631249999999999 0.7279166671875 0.851875 0.6629166671875 0.8525 0.6454166671875 0.8612500000000001 0.63875 0.8612500000000001 0.62375 0.8556250000000001 0.6070833328125 0.8556250000000001 0.5879166671875 0.859375 0.5704166671875 0.8525 0.5445833328125 0.8543749999999999 0.5129166671875 0.86625 0.47791666718750003 0.865625 0.46375 0.8699999999999999 0.43916666718749997 0.8865624999999999 0.42833333281249997 0.9021874999999999 0.425 0.9203125 0.45499999999999996 0.9571875000000001 0.4641666671875 0.9728125000000001 0.46958333281250003 1 0.79375 1
0 0.29625 0.880625 0.28125 0.88375 0.25375000000000003 0.89875 0.24041666718750002 0.9012499999999999 0.2204166671875 0.909375 0.20458333281250002 0.920625 0.1695833328125 0.9243750000000001 0.1520833328125 0.921875 0.1195833328125 0.930625 0.11416666718749999 0.9403124999999999 0.0941666671875 0.9521875 0.0808333328125 0.9665625 0.054166667187499996 0.9865625 0.0491666671875 0.9953125 0.0495833328125 1 0.46333333281250005 0.9996875 0.46166666718749994 0.9740624999999999 0.4291666671875 0.9290625 0.4204166671875 0.923125 0.38708333281249996 0.9106249999999999 0.37124999999999997 0.9087500000000001 0.3479166671875 0.89875 0.3466666671875 0.8928125 0.3395833328125 0.8862500000000001 0.3204166671875 0.8800000000000001 0.29625 0.880625
0 0.2295833328125 0.89625 0.2520833328125 0.8949999999999999 0.2679166671875 0.88125 0.28625 0.8787499999999999 0.2945833328125 0.87375 0.3070833328125 0.8712500000000001 0.3179166671875 0.85625 0.34541666718749997 0.845 0.35625 0.844375 0.38625 0.835 0.3958333328125 0.8271875 0.3975 0.8190625 0.3933333328125 0.8121875 0.35208333281250004 0.784375 0.28958333281250004 0.779375 0.27999999999999997 0.7496875000000001 0.2595833328125 0.740625 0.2475 0.7296875 0.2475 0.7196875 0.2325 0.6953125 0.22749999999999998 0.6784375 0.23583333281250002 0.6678124999999999 0.24666666718750002 0.6615624999999999 0.25166666718749997 0.6553125 0.2491666671875 0.6440625 0.25666666718750003 0.6340625 0.25666666718750003 0.6196875000000001 0.2679166671875 0.61 0.27749999999999997 0.6078125 0.27999999999999997 0.6015625 0.2941666671875 0.5928125 0.29874999999999996 0.586875 0.3079166671875 0.585 0.3120833328125 0.5806250000000001 0.3416666671875 0.5765625 0.3329166671875 0.5675 0.3145833328125 0.56375 0.30874999999999997 0.5599999999999999 0.30375 0.56125 0.2920833328125 0.5549999999999999 0.28291666718749997 0.555625 0.27208333281249997 0.5475 0.2529166671875 0.54625 0.2429166671875 0.533125 0.22625 0.5287499999999999 0.2095833328125 0.530625 0.18375 0.555625 0.1679166671875 0.558125 0.1458333328125 0.5696875 0.1341666671875 0.5796875 0.10958333281249999 0.618125 0.09958333281250001 0.6168750000000001 0.0829166671875 0.619375 0.0670833328125 0.614375 0.0529166671875 0.6212500000000001 0.04 0.6359375 0.0375 0.6478125 0.03 0.6553125 0.029166667187500002 0.6678124999999999 0.038333332812499996 0.6740625 0.04 0.6865625 0.0508333328125 0.7090625 0.0566666671875 0.7140625 0.0420833328125 0.729375 0.0208333328125 0.7359375 0.0183333328125 0.7471875 0.0216666671875 0.7496875000000001 0.021249999999999998 0.76 0.0183333328125 0.7571875 0.02 0.7521875 0.0070833328125 0.75 0.0075 0.7453125 0.005 0.7453125 0.0025 0.7959375 0.0058333328125 0.8278125 0.0025 0.8359375 0.0008333328124999999 0.9021874999999999 0.0054166671875 0.9075 0.0141666671875 0.9103125000000001 0.0183333328125 0.9184374999999999 0.0279166671875 0.925 0.0429166671875 0.931875 0.0533333328125 0.9334374999999999 0.0895833328125 0.9199999999999999 0.09875 0.9099999999999999 0.11541666718750002 0.911875 0.13874999999999998 0.9075 0.1720833328125 0.91625 0.1979166671875 0.91375 0.2066666671875 0.9071875 0.21375000000000002 0.89375 0.22208333281249998 0.8931250000000001 0.2295833328125 0.89625
0 0.5525 0.6821875000000001 0.55 0.6721874999999999 0.5445833328125 0.66625 0.5066666671875 0.6528125 0.51 0.6284375 0.5025000000000001 0.6153125 0.5008333328125001 0.5959375 0.49083333281249997 0.5803125 0.48208333281250004 0.5775 0.45541666718749996 0.58 0.44458333281250006 0.5725 0.42291666718750004 0.5756249999999999 0.40750000000000003 0.5603125 0.3929166671875 0.5525 0.3804166671875 0.555625 0.3708333328125 0.5634375 0.3654166671875 0.573125 0.34125 0.5806250000000001 0.32375 0.58125 0.30874999999999997 0.58875 0.2995833328125 0.589375 0.27999999999999997 0.6034375 0.2791666671875 0.6084375 0.25916666718750003 0.6203125 0.25916666718750003 0.6390625 0.2525 0.6465625 0.2525 0.6609375 0.2375 0.6703125 0.22999999999999998 0.6790625 0.2325 0.6896875 0.2508333328125 0.7065625 0.25166666718749997 0.7315625 0.2858333328125 0.7490625 0.2875 0.7709374999999999 0.2929166671875 0.779375 0.3145833328125 0.779375 0.34625 0.7693749999999999 0.36875 0.7825 0.3825 0.7846875 0.42374999999999996 0.770625 0.43208333281250005 0.7725 0.4454166671875 0.770625 0.4720833328125 0.75 0.48708333281250005 0.744375 0.5025000000000001 0.7284375 0.52 0.7171875 0.5266666671875 0.7078125 0.55 0.6934375 0.5525 0.6821875000000001
0 0.8104166671874999 0.7618750000000001 0.83125 0.754375 0.8366666671875 0.7465625 0.8241666671875001 0.7246875 0.7791666671875 0.6821875000000001 0.77125 0.67625 0.7554166671875 0.67375 0.7470833328125 0.665625 0.7291666671875 0.6615624999999999 0.7224999999999999 0.6465625 0.71 0.6359375 0.7158333328125 0.6121875 0.7070833328125 0.60875 0.68875 0.61125 0.6754166671874999 0.600625 0.63875 0.618125 0.6295833328125 0.61 0.62375 0.60875 0.6029166671875 0.61 0.5925 0.6146874999999999 0.5875 0.6259375 0.5704166671875 0.639375 0.5654166671875 0.6381249999999999 0.5599999999999999 0.6434375 0.5633333328125001 0.6540625 0.5641666671875 0.6834374999999999 0.5575 0.6946875 0.5483333328125 0.7015625 0.5458333328125 0.7090625 0.5516666671875 0.7328125 0.5595833328125 0.74125 0.5700000000000001 0.7453125 0.5691666671875 0.7628125 0.5741666671875 0.7703125 0.5875 0.7765625 0.5866666671874999 0.7828125 0.5908333328125 0.7909375 0.6279166671875 0.811875 0.6558333328125 0.8184374999999999 0.6625 0.8153124999999999 0.66875 0.79625 0.6870833328125 0.8 0.6954166671875 0.7993750000000001 0.7170833328125 0.784375 0.7270833328124999 0.784375 0.7379166671874999 0.776875 0.7554166671875 0.77625 0.78125 0.76625 0.8104166671874999 0.7618750000000001
0 0.9045833328124999 0.851875 0.92125 0.838125 0.93625 0.838125 0.94625 0.84375 0.9570833328124999 0.845 0.9683333328125 0.8365625 0.9724999999999999 0.8240624999999999 0.9779166671875 0.818125 0.9945833328125 0.821875 1 0.8203125 0.9991666671875 0.5509375000000001 0.9925 0.5528125 0.9966666671875 0.5440625 0.9925 0.5428124999999999 0.9891666671875001 0.5315624999999999 0.9816666671875 0.5315624999999999 0.9791666671874999 0.5184375 0.96125 0.514375 0.9574999999999999 0.5015625 0.9470833328125 0.49437499999999995 0.9441666671875 0.49468750000000006 0.9441666671875 0.5003124999999999 0.9412499999999999 0.501875 0.9366666671875 0.49468750000000006 0.9391666671875001 0.48656249999999995 0.9220833328125 0.484375 0.91625 0.476875 0.8704166671875001 0.47750000000000004 0.8558333328125001 0.4871875 0.8508333328125 0.49781250000000005 0.8566666671875 0.5046875 0.8574999999999999 0.5284375 0.86875 0.534375 0.8758333328125 0.5340625 0.8791666671874999 0.5371875 0.8775000000000001 0.5434375 0.8854166671874999 0.5506249999999999 0.9025000000000001 0.5528125 0.8966666671875 0.5571875000000001 0.8975 0.5609375 0.8787499999999999 0.561875 0.8729166671874999 0.569375 0.8612500000000001 0.571875 0.8529166671875 0.5706249999999999 0.8370833328125 0.5599999999999999 0.7954166671875 0.5599999999999999 0.79 0.5653125 0.79 0.5734375 0.7833333328125 0.5796875 0.7849999999999999 0.6040625000000001 0.79 0.6059375 0.7933333328125001 0.6115625 0.8016666671875001 0.6390625 0.795 0.6534375 0.7858333328125 0.6590625 0.7866666671875 0.6640625 0.7916666671875 0.6671875 0.79 0.6709375 0.78 0.6790625 0.8116666671875 0.7071875000000001 0.8158333328125 0.7159375 0.8283333328125 0.7221875 0.835 0.7353125 0.8391666671875001 0.7378125 0.8366666671875 0.7403125 0.8391666671875001 0.7496875000000001 0.8304166671875001 0.7581249999999999 0.7787499999999999 0.7675 0.7537499999999999 0.7775000000000001 0.7420833328125 0.7775000000000001 0.72875 0.785625 0.7112499999999999 0.7893749999999999 0.7045833328125 0.796875 0.6945833328125001 0.8006249999999999 0.6745833328125 0.8018750000000001 0.6683333328125001 0.8059375 0.6625 0.8190625 0.6541666671875 0.8234375 0.6541666671875 0.8365625 0.6695833328125 0.8474999999999999 0.7212500000000001 0.8474999999999999 0.7683333328125 0.8553124999999999 0.79375 0.8487500000000001 0.8204166671875001 0.846875 0.8370833328125 0.85375 0.8445833328125 0.8543749999999999 0.8495833328125 0.853125 0.8637499999999999 0.8400000000000001 0.8854166671874999 0.8474999999999999 0.8895833328125 0.85125 0.8979166671875 0.8525 0.9045833328124999 0.851875
0 0.6845833328125 0.6018749999999999 0.6895833328125 0.60625 0.7095833328125 0.604375 0.7229166671875 0.61 0.7479166671875 0.6075 0.77 0.5934375000000001 0.7758333328125 0.5853125 0.78 0.5684375 0.78 0.5640625 0.76875 0.5493750000000001 0.7495833328125 0.546875 0.7262500000000001 0.5493750000000001 0.7112499999999999 0.5443749999999999 0.7075 0.5403125 0.7091666671875 0.5246875 0.6975 0.5084375 0.7108333328125 0.4984375 0.7150000000000001 0.49093749999999997 0.7141666671875 0.4796875 0.7083333328125 0.4615625 0.6941666671875 0.4484375 0.6775 0.41281249999999997 0.6783333328125 0.3559375 0.6858333328125 0.33781249999999996 0.6766666671875 0.3303125 0.6775 0.3096875 0.67375 0.30625 0.6620833328125 0.30375 0.6541666671875 0.2921875 0.6254166671875 0.275625 0.5895833328125 0.26625 0.55375 0.26937500000000003 0.5379166671875 0.27937500000000004 0.52 0.2859375 0.5166666671875 0.2896875 0.515 0.3096875 0.5083333328124999 0.31906249999999997 0.49000000000000005 0.3303125 0.48333333281249996 0.3490625 0.47625 0.355 0.45875000000000005 0.36124999999999996 0.43624999999999997 0.36062500000000003 0.40833333281249995 0.3715625 0.4108333328125 0.4178125 0.40499999999999997 0.4290625 0.3933333328125 0.4378125 0.39625 0.445 0.41541666718750003 0.446875 0.4166666671875 0.4515625 0.42416666718749996 0.45531249999999995 0.43 0.46281249999999996 0.4141666671875 0.47781250000000003 0.4108333328125 0.49031250000000004 0.4058333328125 0.49468750000000006 0.4 0.5096875 0.4033333328125 0.5165625 0.40416666718750005 0.5390625 0.3975 0.5490625 0.4254166671875 0.569375 0.44875 0.5706249999999999 0.45541666718749996 0.5756249999999999 0.4829166671875 0.575 0.4895833328125 0.576875 0.5025000000000001 0.5915625 0.5158333328125 0.6340625 0.5304166671874999 0.64 0.5425 0.6409374999999999 0.5495833328125 0.640625 0.5595833328125 0.63125 0.5729166671875 0.6325000000000001 0.5841666671875 0.6240625 0.5916666671875 0.6121875 0.60375 0.608125 0.6279166671875 0.6075 0.63875 0.6125 0.67375 0.599375 0.6845833328125 0.6018749999999999
0 0.9666666671874999 0.3734375 0.97 0.3621875 0.9675 0.3484375 0.9591666671875 0.33218749999999997 0.9441666671875 0.32218749999999996 0.9466666671875 0.3096875 0.9391666671875001 0.2959375 0.9266666671875001 0.2834375 0.8954166671875001 0.26125 0.8645833328125001 0.26625 0.8320833328124999 0.2625 0.81375 0.27625 0.79375 0.271875 0.7745833328125 0.27375 0.7654166671875 0.27999999999999997 0.7529166671875 0.28250000000000003 0.7333333328125 0.2984375 0.7283333328125 0.3103125 0.7179166671874999 0.311875 0.70125 0.320625 0.6925 0.3296875 0.6941666671875 0.3390625 0.6891666671875 0.3484375 0.6891666671875 0.3596875 0.6941666671875 0.3665625 0.6941666671875 0.3765625 0.7083333328125 0.4015625 0.73625 0.426875 0.7645833328125 0.43562500000000004 0.77 0.43968749999999995 0.77 0.4503125 0.7854166671875 0.46187500000000004 0.8012499999999999 0.468125 0.8225 0.4684375 0.8520833328125 0.45999999999999996 0.87375 0.45062499999999994 0.8829166671875001 0.45 0.91875 0.43875000000000003 0.9275 0.4290625 0.9291666671875 0.41593749999999996 0.9400000000000001 0.4059375 0.9458333328125 0.3928125 0.9550000000000001 0.3878125 0.9666666671874999 0.3734375
0 0.38333333281250004 0.33718750000000003 0.3791666671875 0.33218749999999997 0.34375 0.309375 0.3254166671875 0.3025 0.2979166671875 0.3025 0.2845833328125 0.2875 0.2520833328125 0.27999999999999997 0.21875 0.278125 0.20458333281250002 0.28312499999999996 0.1879166671875 0.27999999999999997 0.17625 0.28312499999999996 0.1579166671875 0.29312499999999997 0.13374999999999998 0.299375 0.11416666718749999 0.3203125 0.1108333328125 0.3303125 0.10166666718749999 0.33718750000000003 0.1 0.3459375 0.08333333281250001 0.3771875 0.08249999999999999 0.3884375 0.0933333328125 0.4021875 0.1066666671875 0.43093750000000003 0.12291666718750001 0.44625000000000004 0.15375 0.45999999999999996 0.1679166671875 0.4625 0.2004166671875 0.4625 0.2179166671875 0.47437500000000005 0.23875000000000002 0.47874999999999995 0.2520833328125 0.47874999999999995 0.2654166671875 0.48250000000000004 0.3091666671875 0.48343749999999996 0.33541666718749996 0.475 0.35041666718750003 0.46125 0.3604166671875 0.45875000000000005 0.36666666718749996 0.45406250000000004 0.3770833328125 0.441875 0.40041666718749996 0.429375 0.4066666671875 0.4234375 0.4066666671875 0.38468749999999996 0.385 0.3571875 0.38333333281250004 0.33718750000000003
0 0.51 0.28781249999999997 0.49583333281249997 0.2778125 0.4925 0.2678125 0.47625 0.25625 0.45541666718749996 0.259375 0.42874999999999996 0.24937499999999999 0.39875 0.25187499999999996 0.3829166671875 0.260625 0.3595833328125 0.258125 0.33625 0.265625 0.32083333281250004 0.27531249999999996 0.3166666671875 0.2815625 0.3183333328125 0.2965625 0.34375 0.308125 0.38 0.3315625 0.38416666718750003 0.33968750000000003 0.38416666718750003 0.35031249999999997 0.3895833328125 0.355 0.40374999999999994 0.35812499999999997 0.4129166671875 0.364375 0.41916666718749995 0.36531250000000004 0.42374999999999996 0.365 0.43125 0.359375 0.46125 0.36062500000000003 0.4791666671875 0.3521875 0.4841666671875 0.3434375 0.485 0.33218749999999997 0.5091666671875 0.3153125 0.5141666671875 0.3071875 0.515 0.2978125 0.51 0.28781249999999997
0 0 0.5334375 0.0183333328125 0.5453125 0.0183333328125 0.5596875 0.0391666671875 0.5740624999999999 0.0416666671875 0.5884375000000001 0.0516666671875 0.5990624999999999 0.0620833328125 0.605 0.08 0.6059375 0.11041666718750001 0.598125 0.13625 0.571875 0.15958333281249998 0.5575 0.17625 0.5525 0.1941666671875 0.5371875 0.2033333328125 0.5228125 0.2116666671875 0.4828125 0.20916666718750002 0.47093749999999995 0.19958333281250001 0.465 0.1654166671875 0.46375 0.1254166671875 0.4525 0.10333333281249998 0.4296875 0.0908333328125 0.4021875 0.08 0.3890625 0.08249999999999999 0.3671875 0.0941666671875 0.33781249999999996 0.1 0.33406250000000004 0.10500000000000001 0.3228125 0.1125 0.31906249999999997 0.1433333328125 0.28718750000000004 0.14250000000000002 0.2828125 0.1258333328125 0.27156250000000004 0.12166666718750001 0.2653125 0.09958333281250001 0.254375 0.08375 0.254375 0.058750000000000004 0.27125 0.021249999999999998 0.27375 0.0045833328125 0.27999999999999997 0 0.2846875 0 0.5334375
0 0.2633333328125 0.2553125 0.265 0.2390625 0.2625 0.2321875 0.25666666718750003 0.22781250000000003 0.2533333328125 0.2034375 0.24375 0.195625 0.23125 0.190625 0.21458333281250003 0.190625 0.20375000000000001 0.18625 0.1895833328125 0.17625 0.16625 0.178125 0.14125000000000001 0.203125 0.1329166671875 0.20125 0.12041666718749999 0.203125 0.1008333328125 0.21781250000000002 0.1008333328125 0.23718750000000002 0.10500000000000001 0.2503125 0.12041666718749999 0.259375 0.1258333328125 0.2671875 0.1404166671875 0.275 0.1516666671875 0.28781249999999997 0.1583333328125 0.29031250000000003 0.1854166671875 0.27875 0.20458333281250002 0.27999999999999997 0.21458333281250003 0.276875 0.22875 0.276875 0.26208333281249996 0.27999999999999997 0.2670833328125 0.27937500000000004 0.27 0.27468750000000003 0.26749999999999996 0.2634375 0.2575 0.25906250000000003 0.2633333328125 0.2553125
0 0.9824999999999999 0.2078125 0.9758333328125 0.1984375 0.9766666671875001 0.1896875 0.9733333328124999 0.18156250000000002 0.9766666671875001 0.1628125 0.9650000000000001 0.1496875 0.9641666671875001 0.13343750000000001 0.97 0.1253125 0.9708333328125001 0.11468750000000001 0.9491666671875001 0.0859375 0.9275 0.07906250000000001 0.9291666671875 0.0590625 0.9258333328124999 0.050937500000000004 0.9054166671875 0.03375 0.8895833328125 0.031875 0.8724999999999999 0.0396875 0.87375 0.048125 0.8787499999999999 0.04375 0.885 0.0440625 0.8845833328125 0.05625 0.86875 0.052500000000000005 0.8412499999999999 0.056874999999999995 0.82 0.0309375 0.8087500000000001 0.025 0.7570833328125001 0.017499999999999998 0.7170833328125 0.028749999999999998 0.6970833328125 0.028125 0.6729166671875 0.035625000000000004 0.6537499999999999 0.059375 0.6095833328125 0.07625 0.5875 0.0915625 0.5816666671874999 0.10093749999999999 0.5775 0.1221875 0.5841666671875 0.1359375 0.5816666671874999 0.14906250000000001 0.6033333328125 0.18031250000000001 0.6083333328125 0.1940625 0.6204166671875 0.20750000000000002 0.64375 0.215 0.66875 0.21125 0.68875 0.21187499999999998 0.69875 0.21437499999999998 0.7054166671875 0.220625 0.73375 0.2225 0.7429166671874999 0.21749999999999997 0.7654166671875 0.22000000000000003 0.7691666671874999 0.2396875 0.7829166671875 0.25625 0.7929166671875 0.255625 0.8004166671874999 0.25 0.82125 0.24312499999999998 0.8387499999999999 0.2575 0.8520833328125 0.2625 0.865 0.2634375 0.87625 0.26125 0.8904166671875 0.25125000000000003 0.9004166671875 0.25 0.9079166671875001 0.24312499999999998 0.9154166671875 0.24312499999999998 0.9254166671874999 0.2475 0.93625 0.24625 0.9679166671875 0.22625 0.9824999999999999 0.2128125 0.9824999999999999 0.2078125
0 0.05125 0 0.022083332812500002 0.014374999999999999 0.015 0.0234375 0.0083333328125 0.0690625 0.0125 0.07468749999999999 0.0141666671875 0.0996875 0.0191666671875 0.1065625 0.015 0.10968750000000001 0.0075 0.1290625 0.0083333328125 0.1446875 0.0166666671875 0.15718749999999998 0.0025 0.1809375 0.0075 0.2209375 0.013333332812500001 0.2321875 0.03125 0.241875 0.0420833328125 0.241875 0.058333332812500006 0.2459375 0.07958333281249999 0.24500000000000002 0.09 0.2403125 0.0941666671875 0.23156249999999998 0.0933333328125 0.2071875 0.0979166671875 0.18687499999999999 0.10958333281249999 0.199375 0.13458333281249998 0.19875 0.14875 0.19375 0.16458333281249998 0.178125 0.1795833328125 0.17375000000000002 0.1879166671875 0.165625 0.1929166671875 0.16999999999999998 0.20625 0.170625 0.2133333328125 0.1784375 0.2116666671875 0.1846875 0.2204166671875 0.18625 0.24625 0.185 0.24500000000000002 0.1809375 0.25125000000000003 0.17625 0.26125 0.178125 0.2633333328125 0.1759375 0.26749999999999996 0.1565625 0.2791666671875 0.13343750000000001 0.2733333328125 0.1140625 0.2841666671875 0.0990625 0.2833333328125 0.0909375 0.2758333328125 0.07843750000000001 0.2733333328125 0.06281250000000001 0.2483333328125 0.043437500000000004 0.24416666718750002 0.0321875 0.23541666718749998 0.021875 0.22625 0.01875 0.2004166671875 0.01875 0.17791666718750002 0.000625 0.1470833328125 0 0.1429166671875 0.005 0.1354166671875 0.005 0.1279166671875 0.001875 0.1079166671875 0 0.05125 0