0 0.24305777812499998 0.5611111109375 0.29028 0.54583555625 0.34028 0.55 0.3638888890625 0.5291688890625 0.375 0.47083555625000006 0.37361333281250003 0.40277777812500004 0.34722222187499996 0.35 0.322222221875 0.312502221875 0.2819466671875 0.2819466671875 0.2236133328125 0.272222221875 0.1791688890625 0.27083555625 0.1361111109375 0.29028 0.08055555625000001 0.32361333281250004 0.05972444375 0.35555555625 0.047222221875 0.3986133328125 0.04583555625 0.4319466671875 0.058333332812500006 0.47083555625000006 0.0861111109375 0.525 0.10833333281249999 0.5569466671875001 0.177777778125 0.5944444437499999 0.2013911109375 0.597222221875 0.24305777812499998 0.5611111109375
0 0.372222221875 0.8347244437500001 0.41111111093749997 0.8263911109375 0.4388888890625 0.8013911109375 0.4513911109375 0.787502221875 0.47083555625000006 0.74444444375 0.493057778125 0.6888888890625 0.4888888890625 0.64028 0.4583333328125 0.602777778125 0.41528 0.5694444437499999 0.35555555625 0.5555555562500001 0.312502221875 0.5527777781250001 0.26944444375 0.5583333328125 0.2263911109375 0.58055555625 0.193057778125 0.60555555625 0.17083555625 0.6541688890625 0.175 0.7263911109375 0.197222221875 0.77083555625 0.225 0.8333333328125001 0.262502221875 0.8583333328125 0.2833333328125 0.8611111109375 0.32777777812500003 0.8430577781249999 0.372222221875 0.8347244437500001
0 0.668057778125 0.9347244437500001 0.7083333328125 0.8819466671875 0.727777778125 0.8208355562499999 0.7319466671875 0.777777778125 0.7111111109375 0.73472444375 0.662502221875 0.6888888890625 0.5958355562500001 0.66528 0.5361111109375 0.672222221875 0.5013911109375 0.7069466671875 0.47083555625000006 0.7388888890625 0.45555555625000005 0.7819466671875 0.45694666718750004 0.8194444437499999 0.45972444375 0.8541688890625 0.4861111109375 0.8819466671875 0.5138888890625 0.9041688890625 0.5305555562500001 0.9347244437500001 0.5569466671875001 0.9472222218749999 0.6208355562500001 0.9541688890625 0.668057778125 0.9347244437500001
0 0.997222221875 0.8444444437499999 0.952777778125 0.7888888890625 0.89028 0.768057778125 0.8347244437500001 0.7569466671875 0.76528 0.768057778125 0.7333333328125 0.8 0.7194444437499999 0.8736133328125 0.6972222218749999 0.9013911109375 0.6777777781250001 0.925 0.68472444375 0.972222221875 0.7111111109375 1 1 0.9986133328125 0.997222221875 0.8444444437499999
0 0.4583333328125 0.86944444375 0.40972444374999994 0.8430577781249999 0.3569466671875 0.8361111109375001 0.27777777812500004 0.8583333328125 0.22083555625 0.9041688890625 0.175 0.99444444375 0.5569466671875001 1 0.525 0.925 0.4583333328125 0.86944444375
0 0.10694666718750001 0.562502221875 0.0513911109375 0.575 0.0013911109375 0.6111111109375 0.002777778125 0.85555555625 0.029168889062499998 0.8736133328125 0.0916666671875 0.8888888890625 0.1583333328125 0.88472444375 0.225 0.8444444437499999 0.22777777812500002 0.83055555625 0.16944444375 0.7263911109375 0.1736133328125 0.6638888890625 0.2013911109375 0.6 0.10694666718750001 0.562502221875
0 0.4819466671875 0.47083555625000006 0.43055555625 0.46388888906250003 0.377777778125 0.47361333281249995 0.37083555625 0.5138888890625 0.3513911109375 0.547222221875 0.447222221875 0.5833333328125 0.49028 0.6361111109375 0.49444444374999996 0.68472444375 0.475 0.7263911109375 0.5319466671875 0.6763911109375 0.57083555625 0.6638888890625 0.58055555625 0.64583555625 0.58055555625 0.5944444437499999 0.568057778125 0.543057778125 0.537502221875 0.49583555625000003 0.4819466671875 0.47083555625000006
0 0.8152799999999999 0.6041688890625 0.7861111109375 0.562502221875 0.7361111109375 0.5236133328125 0.6555555562500001 0.5291688890625 0.597222221875 0.597222221875 0.5819466671875 0.6263911109375 0.58472444375 0.66528 0.6180577781250001 0.66944444375 0.65 0.6833333328125 0.6888888890625 0.7166666671875 0.712502221875 0.7333333328125 0.7236133328125 0.7666666671875 0.7625022218749999 0.747222221875 0.8013911109375 0.7111111109375 0.8194444437499999 0.668057778125 0.8152799999999999 0.6041688890625
0 0.7791688890625 0.322222221875 0.75 0.2986133328125 0.7319466671875 0.28472444375 0.6791688890625001 0.2916666671875 0.6333333328124999 0.30972444375 0.5861111109375 0.34583555625 0.55972444375 0.38472444375000003 0.55972444375 0.42083555625 0.5638888890625 0.46944444374999994 0.5916666671875 0.4986133328125 0.6291688890625 0.52083555625 0.67083555625 0.5305555562500001 0.7 0.5236133328125 0.7611111109375 0.4986133328125 0.8069466671875001 0.4513911109375 0.8180577781249999 0.40416888906250004 0.8027777781250001 0.375 0.7791688890625 0.322222221875
0 0.6916666671875 0.1361111109375 0.6291688890625 0.0986133328125 0.587502221875 0.0986133328125 0.543057778125 0.118057778125 0.5 0.147222221875 0.4763911109375 0.18472444375 0.45972444375 0.2388888890625 0.462502221875 0.27777777812500004 0.475 0.32083555625 0.50555555625 0.3611111109375 0.547222221875 0.36528 0.575 0.36528 0.6013911109375 0.3291688890625 0.6347244437499999 0.30972444375 0.68472444375 0.29028 0.70555555625 0.275 0.7194444437499999 0.225 0.7111111109375 0.172222221875 0.6916666671875 0.1361111109375
0 0.952777778125 0.39444444375 0.8819466671875 0.42361333281249997 0.8569466671875 0.46805777812500005 0.8486133328125 0.5166666671875 0.8583333328125 0.55972444375 0.8833333328125 0.59028 0.9111111109375001 0.6041688890625 0.9472222218749999 0.5944444437499999 0.98055555625 0.5986133328125 1 0.612502221875 0.997222221875 0.4013911109375 0.952777778125 0.39444444375
0 0.37361333281250003 0.2916666671875 0.377777778125 0.3138888890625 0.3513911109375 0.3361111109375 0.34583555625 0.3263911109375 0.38055555625 0.4 0.3791688890625 0.47361333281249995 0.4541688890625 0.4583333328125 0.4986133328125 0.4763911109375 0.5125022218749999 0.4138888890625 0.5041688890625 0.35972444375 0.4763911109375 0.32361333281250004 0.45972444375 0.3 0.418057778125 0.29028 0.37361333281250003 0.2916666671875
0 0.9444444437499999 0.5944444437499999 0.9013911109375 0.60972444375 0.868057778125 0.662502221875 0.8569466671875 0.725 0.862502221875 0.7583333328124999 0.9236133328125 0.7736133328125 0.9638888890624999 0.793057778125 0.9986133328125 0.8486133328125 0.9986133328125 0.625 0.9861111109375 0.60555555625 0.9444444437499999 0.5944444437499999
0 0.2888888890625 0.13888888906250002 0.23472444375 0.1416666671875 0.197222221875 0.16528 0.15555555625 0.20416888906250003 0.1416666671875 0.23611111093749998 0.1486133328125 0.2763911109375 0.1791688890625 0.26944444375 0.2666666671875 0.27777777812500004 0.3111111109375 0.2986133328125 0.3486133328125 0.3319466671875 0.37361333281250003 0.312502221875 0.375 0.2916666671875 0.38055555625 0.28611111093749997 0.377777778125 0.2388888890625 0.352777778125 0.2069466671875 0.3263911109375 0.1736133328125 0.2888888890625 0.13888888906250002
0 0.019444443750000002 0.20972444375000002 0.058333332812500006 0.2138888890625 0.0916666671875 0.24861333281250003 0.112502221875 0.2916666671875 0.1416666671875 0.25972444375000003 0.1416666671875 0.22916888906250002 0.15972444375 0.19583555625 0.21111111093749999 0.14444444375 0.18055555625 0.097222221875 0.143057778125 0.075 0.093057778125 0.0666666671875 0.058333332812500006 0.0791688890625 0.022222221875 0.1111111109375 0.0166666671875 0.17083555625 0.019444443750000002 0.20972444375000002
0 0.252777778125 0.0638888890625 0.218057778125 0.112502221875 0.2236133328125 0.147222221875 0.29722222187499997 0.13888888906250002 0.375 0.24305777812499998 0.41944444374999995 0.21528 0.44444444375 0.18194666718750002 0.45277777812500003 0.14444444375 0.45 0.087502221875 0.43055555625 0.0513911109375 0.393057778125 0.0263911109375 0.337502221875 0.00972444375 0.293057778125 0.0333333328125 0.252777778125 0.0638888890625
0 0.7805555562500001 0.24444444375000002 0.772222221875 0.27916888906250004 0.8319466671875 0.30555555624999997 0.85555555625 0.352777778125 0.868057778125 0.39583555625 0.9069466671875 0.375 0.9375022218750001 0.33055555625 0.9444444437499999 0.28611111093749997 0.925 0.2416666671875 0.893057778125 0.20833333281250002 0.8444444437499999 0.20277777812500003 0.8152799999999999 0.21528 0.7805555562500001 0.24444444375000002
0 0.70972444375 0.17083555625 0.7208355562500001 0.2416666671875 0.7569466671875 0.252777778125 0.79583555625 0.23611111093749998 0.825 0.193057778125 0.8430577781249999 0.15555555625 0.8375022218750001 0.09444444375 0.787502221875 0.052777778124999994 0.75555555625 0.040279999999999996 0.6972222218749999 0.0361111109375 0.6541688890625 0.0638888890625 0.64444444375 0.10555555624999999 0.6916666671875 0.13055555624999998 0.70972444375 0.17083555625
0 0.797222221875 0.062502221875 0.8402799999999999 0.097222221875 0.8388888890624999 0.1513911109375 0.8444444437499999 0.168057778125 0.89444444375 0.175 0.9375022218750001 0.16250222187500002 0.9652799999999999 0.14028000000000002 0.987502221875 0.093057778125 0.9916666671875 0.055555556250000006 0.9541688890625 0.002777778125 0.8402799999999999 0.002777778125 0.797222221875 0.062502221875