0 0.02421875 0.4770833328125 0.035546875 0.46805555625000006 0.043359375 0.47083333281249995 0.04765625 0.46180555625 0.046875 0.43263888906250003 0.0546875 0.409027778125 0.045703125 0.3861111109375 0.0390625 0.38819444375 0.0234375 0.43263888906250003 0.01796875 0.4701388890625 0.02421875 0.4770833328125
0 0.053125 0.5270833328125 0.0578125 0.55069444375 0.0640625 0.5520833328125 0.07109375 0.53680555625 0.06875 0.5243055562500001 0.06953125 0.47291666718750003 0.0671875 0.45625 0.058984375 0.447222221875 0.053515625 0.459722221875 0.047265625 0.45694444375 0.04296875 0.4701388890625 0.04375 0.503472221875 0.053125 0.5270833328125
0 0.06171875 0.42569444375 0.05859375 0.44236111093749997 0.06640625 0.46180555625 0.0703125 0.48402777812500003 0.084375 0.503472221875 0.0859375 0.528472221875 0.09609375 0.54930555625 0.10234375 0.5409722218749999 0.10546875 0.5020833328125 0.11015625 0.490972221875 0.10625 0.47291666718750003 0.10234375 0.46875 0.1015625 0.43402777812500004 0.087890625 0.4291666671875 0.083203125 0.40972222187499996 0.070703125 0.41111111093749997 0.06171875 0.42569444375
0 0.087109375 0.4861111109375 0.101953125 0.48472222187499997 0.10390625 0.49513888906250003 0.10703125 0.49652777812500004 0.112890625 0.48333333281249996 0.122265625 0.4791666671875 0.128125 0.46180555625 0.1265625 0.4479166671875 0.115625 0.43125 0.111328125 0.4166666671875 0.0890625 0.43958333281249995 0.0890625 0.4701388890625 0.0859375 0.4798611109375 0.087109375 0.4861111109375
0 0.134375 0.546527778125 0.1453125 0.5298611109375 0.146875 0.5145833328125 0.14765625 0.48125 0.137890625 0.46666666718750005 0.130078125 0.47083333281249995 0.1234375 0.4826388890625 0.125 0.509027778125 0.121875 0.53680555625 0.128515625 0.5458333328125 0.134375 0.546527778125
0 0.15234375 0.621527778125 0.165625 0.6256944437499999 0.16953125 0.5826388890625 0.1671875 0.5520833328125 0.17421875 0.52569444375 0.16953125 0.49513888906250003 0.1734375 0.47569444375 0.160546875 0.47222222187499996 0.14765625 0.48680555625000005 0.14453125 0.571527778125 0.1484375 0.58125 0.15234375 0.621527778125
0 0.16953125 0.48541666718750004 0.186328125 0.46944444374999994 0.18671875 0.45625 0.176953125 0.434722221875 0.156640625 0.4263888890625 0.14921875 0.44375 0.1484375 0.4673611109375 0.153515625 0.475 0.165234375 0.47361111093749997 0.1640625 0.48125 0.16953125 0.48541666718750004
0 0.188671875 0.3263888890625 0.18125 0.3423611109375 0.171875 0.41319444375 0.1890625 0.46180555625 0.19921875 0.5298611109375 0.2109375 0.5451388890625 0.214453125 0.559722221875 0.2203125 0.5604166671875 0.23671875 0.53680555625 0.2375 0.45208333281249996 0.23359375 0.43263888906250003 0.24140625 0.4201388890625 0.24140625 0.409027778125 0.224609375 0.34027777812500004 0.212890625 0.34027777812500004 0.208203125 0.33055555625 0.192578125 0.3361111109375 0.188671875 0.3263888890625
0 0.2546875 0.50625 0.2609375 0.5020833328125 0.25234375 0.5006944437499999 0.25703125 0.459027778125 0.251171875 0.4458333328125 0.24765625 0.459027778125 0.2484375 0.4701388890625 0.243359375 0.46666666718750005 0.240625 0.47430555625000004 0.240625 0.5381944437499999 0.23515625 0.54375 0.23828125 0.55069444375 0.23515625 0.5645833328125 0.239453125 0.5638888890625 0.2421875 0.571527778125 0.23984375 0.5868055562500001 0.24140625 0.6201388890625 0.248046875 0.6361111109375 0.25234375 0.63819444375 0.2625 0.628472221875 0.25703125 0.6201388890625 0.25703125 0.6006944437499999 0.25078125 0.59375 0.253125 0.5868055562500001 0.2515625 0.5729166671875 0.25859375 0.559027778125 0.25 0.5520833328125 0.25078125 0.53680555625 0.2546875 0.50625
0 0.3203125 0.65625 0.31953125 0.61875 0.32578125 0.578472221875 0.3140625 0.5215277781250001 0.3140625 0.5006944437499999 0.31875 0.47291666718750003 0.303515625 0.4388888890625 0.298046875 0.4375 0.294140625 0.447222221875 0.284765625 0.4388888890625 0.28515625 0.446527778125 0.2765625 0.45347222187499997 0.28125 0.46875 0.271875 0.49652777812500004 0.27421875 0.5395833328124999 0.270703125 0.547222221875 0.26640625 0.534027778125 0.26484375 0.5604166671875 0.27265625 0.5770833328125 0.27265625 0.5895833328125 0.26640625 0.6076388890625 0.27890625 0.6201388890625 0.28515625 0.6548611109375 0.28203125 0.6770833328125 0.292578125 0.684722221875 0.298828125 0.6986111109375 0.3171875 0.70625 0.316015625 0.7194444437499999 0.298828125 0.7236111109375 0.29609375 0.7326388890625 0.30078125 0.753472221875 0.29765625 0.7826388890625 0.30546875 0.79375 0.307421875 0.8041666671875 0.3109375 0.8048611109375001 0.3265625 0.7881944437499999 0.3265625 0.78125 0.3203125 0.7729166671875001 0.33046875 0.753472221875 0.334375 0.7326388890625 0.33046875 0.71319444375 0.33515625 0.6979166671875 0.32734375 0.690972221875 0.3265625 0.6701388890625 0.3203125 0.65625
0 0.38671875 0.446527778125 0.37890625 0.42569444375 0.38125 0.409027778125 0.36796875 0.396527778125 0.36953125 0.384027778125 0.36640625 0.37013888906250003 0.356640625 0.36805555624999997 0.344140625 0.33888888906250003 0.336328125 0.34861111093749997 0.323828125 0.34722222187499996 0.31796875 0.35625 0.3125 0.38125 0.3125 0.38680555625 0.3171875 0.39097222187499997 0.31328125 0.39375 0.309375 0.415972221875 0.313671875 0.4263888890625 0.31875 0.428472221875 0.31875 0.45625 0.33046875 0.46180555625 0.32265625 0.4798611109375 0.315625 0.515972221875 0.32109375 0.53125 0.32109375 0.54930555625 0.328125 0.559027778125 0.33046875 0.571527778125 0.3234375 0.59930555625 0.3265625 0.6076388890625 0.322265625 0.609722221875 0.3203125 0.61875 0.3234375 0.6354166671875 0.32109375 0.65069444375 0.333984375 0.6861111109375 0.34609375 0.6881944437499999 0.36015625 0.6645833328124999 0.36875 0.6298611109375 0.37421875 0.621527778125 0.375 0.59930555625 0.38828125 0.5451388890625 0.3765625 0.5173611109375 0.378125 0.4923611109375 0.3828125 0.4826388890625 0.38125 0.4576388890625 0.38671875 0.446527778125
0 0.45234375 0.72430555625 0.449609375 0.747222221875 0.459765625 0.747222221875 0.46328125 0.7354166671875 0.46171875 0.7229166671875 0.45390625 0.71875 0.462890625 0.715277778125 0.465625 0.69930555625 0.4546875 0.690972221875 0.4578125 0.6701388890625 0.465625 0.6576388890625 0.4609375 0.640972221875 0.46171875 0.61319444375 0.465625 0.6048611109375 0.4625 0.5826388890625 0.46875 0.56875 0.46953125 0.5576388890625 0.464453125 0.54444444375 0.45625 0.5381944437499999 0.453515625 0.515277778125 0.449609375 0.515277778125 0.447265625 0.5236111109375 0.44296875 0.5173611109375 0.43828125 0.49375 0.42890625 0.48819444375 0.43046875 0.48125 0.427734375 0.475 0.4171875 0.47430555625000004 0.423828125 0.46666666718750005 0.427734375 0.47361111093749997 0.42890625 0.45347222187499997 0.416015625 0.4361111109375 0.403515625 0.4361111109375 0.387109375 0.4513888890625 0.38203125 0.46458333281249997 0.384375 0.4826388890625 0.3796875 0.49930555625000006 0.384765625 0.5097222218749999 0.387109375 0.5041666671875 0.391796875 0.50555555625 0.39296875 0.5215277781250001 0.377734375 0.5388888890625 0.372265625 0.5388888890625 0.3734375 0.5298611109375 0.369921875 0.525 0.365234375 0.525 0.3609375 0.5326388890625 0.36875 0.5395833328124999 0.372265625 0.5611111109375 0.383203125 0.5388888890625 0.38828125 0.546527778125 0.38046875 0.5701388890625 0.375 0.6229166671875 0.3703125 0.6298611109375 0.36953125 0.6631944437499999 0.37578125 0.6770833328125 0.37265625 0.70069444375 0.38046875 0.71319444375 0.38125 0.7326388890625 0.384375 0.7395833328125 0.3828125 0.7604166671875 0.3890625 0.7743055562500001 0.384375 0.78125 0.384375 0.7881944437499999 0.391796875 0.7958333328125 0.404296875 0.7958333328125 0.40703125 0.8020833328125001 0.40078125 0.809027778125 0.40078125 0.815972221875 0.404296875 0.825 0.4125 0.8270833328125 0.41796875 0.815972221875 0.4171875 0.8020833328125001 0.421875 0.7743055562500001 0.428125 0.7576388890625 0.43203125 0.7326388890625 0.43125 0.71319444375 0.435546875 0.7083333328125 0.4390625 0.72430555625 0.448046875 0.734722221875 0.45234375 0.72430555625
0 0.521875 0.37013888906250003 0.51796875 0.36319444375 0.534375 0.3576388890625 0.530078125 0.34444444375 0.51640625 0.3423611109375 0.5234375 0.33125 0.52734375 0.30763888906250003 0.53203125 0.3020833328125 0.5328125 0.2854166671875 0.540234375 0.2833333328125 0.54609375 0.27291666718749996 0.53984375 0.2520833328125 0.54375 0.23541666718749998 0.54296875 0.2173611109375 0.53046875 0.20347222187499997 0.52734375 0.18819444375 0.53046875 0.153472221875 0.523046875 0.1375 0.509765625 0.14444444375 0.490234375 0.13055555624999998 0.481640625 0.13194444375 0.47578125 0.14236111093749998 0.471484375 0.175 0.46875 0.16180555624999998 0.458984375 0.14444444375 0.451171875 0.13888888906250002 0.446484375 0.1416666671875 0.438671875 0.15694444375 0.42734375 0.1673611109375 0.425 0.18402777812499999 0.428125 0.19930555625 0.419921875 0.19583333281249998 0.4140625 0.2104166671875 0.416015625 0.2208333328125 0.4296875 0.23680555625 0.43203125 0.2604166671875 0.42890625 0.271527778125 0.42890625 0.3020833328125 0.4328125 0.321527778125 0.427734375 0.3333333328125 0.419921875 0.3263888890625 0.41484375 0.334027778125 0.41328125 0.35069444375000003 0.4171875 0.36319444375 0.408203125 0.3611111109375 0.40390625 0.365972221875 0.40625 0.3854166671875 0.408203125 0.39027777812500003 0.418359375 0.39027777812500003 0.42578125 0.384027778125 0.43125 0.4048611109375 0.4296875 0.41319444375 0.43359375 0.42569444375 0.43359375 0.4479166671875 0.44140625 0.4673611109375 0.43359375 0.47569444375 0.444140625 0.4888888890625 0.451171875 0.490277778125 0.455078125 0.50555555625 0.462890625 0.515277778125 0.4671875 0.5145833328125 0.470703125 0.4916666671875 0.483203125 0.4986111109375 0.48359375 0.4895833328125 0.48984375 0.4798611109375 0.49140625 0.46180555625 0.5015625 0.43263888906250003 0.5 0.41875 0.50703125 0.41180555625000004 0.50859375 0.40069444374999996 0.521875 0.37013888906250003
0 0.632421875 0.8361111109375001 0.6265625 0.83125 0.63046875 0.815972221875 0.6265625 0.79375 0.63203125 0.7798611109375 0.63046875 0.753472221875 0.63515625 0.73819444375 0.63359375 0.7118055562500001 0.646484375 0.7111111109375 0.654296875 0.69305555625 0.666015625 0.690277778125 0.678515625 0.6791666671875001 0.686328125 0.69305555625 0.69453125 0.6868055562500001 0.6953125 0.6493055562500001 0.690625 0.63819444375 0.69375 0.6145833328125 0.6890625 0.6034722218749999 0.68828125 0.5840277781250001 0.68203125 0.57430555625 0.6859375 0.51875 0.68984375 0.5104166671875 0.6921875 0.4895833328125 0.685546875 0.475 0.671875 0.4673611109375 0.66015625 0.43541666718750005 0.6578125 0.41180555625000004 0.652734375 0.40416666718750005 0.643359375 0.40138888906250003 0.637109375 0.375 0.626171875 0.372222221875 0.612890625 0.3861111109375 0.604296875 0.38055555625 0.596484375 0.384722221875 0.588671875 0.4 0.576953125 0.3875 0.563671875 0.3916666671875 0.553515625 0.384722221875 0.555078125 0.3763888890625 0.545703125 0.3791666671875 0.537890625 0.3625 0.532421875 0.3638888890625 0.515625 0.38819444375 0.5140625 0.40208333281249997 0.50859375 0.41180555625000004 0.50859375 0.4270833328125 0.5 0.446527778125 0.5015625 0.471527778125 0.498828125 0.477777778125 0.49375 0.47430555625000004 0.49453125 0.48125 0.4890625 0.49513888906250003 0.4890625 0.5229166671875001 0.48046875 0.5645833328125 0.48515625 0.5895833328125 0.478125 0.609027778125 0.48359375 0.61319444375 0.4859375 0.6479166671875001 0.492578125 0.6638888890625 0.515234375 0.6625 0.518359375 0.6541666671875 0.526171875 0.66805555625 0.5390625 0.671527778125 0.54140625 0.69930555625 0.53671875 0.7256944437499999 0.540625 0.7395833328125 0.534375 0.76180555625 0.53828125 0.77569444375 0.546875 0.7854166671875 0.5484375 0.8131944437499999 0.55703125 0.8229166671874999 0.5578125 0.8604166671875 0.56171875 0.8729166671874999 0.56953125 0.88125 0.5765625 0.90625 0.575 0.928472221875 0.580859375 0.9388888890624999 0.594140625 0.94305555625 0.59609375 0.95625 0.601171875 0.9638888890624999 0.61328125 0.9645833328125001 0.61953125 0.9520833328125 0.61875 0.9423611109375001 0.627734375 0.922222221875 0.631640625 0.9236111109375 0.6375 0.9145833328125 0.63984375 0.9020833328125001 0.634375 0.88680555625 0.6390625 0.865972221875 0.63828125 0.8506944437499999 0.632421875 0.8361111109375001
0 0.773046875 0.459722221875 0.780859375 0.4458333328125 0.78359375 0.45347222187499997 0.780859375 0.4611111109375 0.804296875 0.46527777812500004 0.8109375 0.45069444374999995 0.81015625 0.42569444375 0.815234375 0.42222222187499997 0.821875 0.4048611109375 0.81796875 0.39791666718749996 0.81953125 0.3770833328125 0.840625 0.334027778125 0.835546875 0.33055555625 0.831640625 0.3361111109375 0.824609375 0.334722221875 0.82578125 0.3423611109375 0.8203125 0.346527778125 0.8234375 0.3548611109375 0.820703125 0.36805555624999997 0.8140625 0.35625 0.81953125 0.34930555625 0.81171875 0.34375 0.80390625 0.31180555625 0.812890625 0.315277778125 0.81953125 0.2951388890625 0.8171875 0.26597222187499997 0.8109375 0.25486111093749997 0.81796875 0.2173611109375 0.8015625 0.1979166671875 0.803125 0.18402777812499999 0.796484375 0.1708333328125 0.763671875 0.16805555625 0.764453125 0.1611111109375 0.76953125 0.16458333281249998 0.768359375 0.13333333281249998 0.748828125 0.13055555624999998 0.74140625 0.146527778125 0.74921875 0.1604166671875 0.745703125 0.16805555625 0.732421875 0.16388888906250001 0.720703125 0.172222221875 0.712890625 0.15694444375 0.698828125 0.1583333328125 0.69140625 0.17569444375 0.69140625 0.18819444375 0.681640625 0.19305555624999998 0.6734375 0.20625 0.671484375 0.2166666671875 0.666796875 0.2166666671875 0.66484375 0.20625 0.671875 0.18402777812499999 0.662109375 0.17916666718750002 0.655078125 0.1875 0.65 0.21180555625 0.644140625 0.215277778125 0.63828125 0.2298611109375 0.63671875 0.2451388890625 0.640625 0.259027778125 0.62421875 0.278472221875 0.621875 0.2979166671875 0.635546875 0.3291666671875 0.64140625 0.33125 0.6453125 0.36180555625 0.656640625 0.375 0.662890625 0.39027777812500003 0.671875 0.3895833328125 0.67421875 0.41041666718750003 0.69765625 0.45347222187499997 0.6921875 0.4673611109375 0.700390625 0.490277778125 0.710546875 0.49305555625 0.717578125 0.4888888890625 0.721484375 0.477777778125 0.730078125 0.48472222187499997 0.741796875 0.48055555625 0.73984375 0.48819444375 0.744140625 0.497222221875 0.7578125 0.50625 0.76484375 0.5006944437499999 0.756640625 0.4861111109375 0.74765625 0.48819444375 0.754296875 0.4861111109375 0.7546875 0.48125 0.74609375 0.471527778125 0.746875 0.46319444374999996 0.757421875 0.4625 0.765234375 0.45555555625000005 0.773046875 0.459722221875
0 1 0.246527778125 0.991015625 0.25 0.98515625 0.26597222187499997 0.976171875 0.27638888906250003 0.97265625 0.271527778125 0.978125 0.25347222187499996 0.97734375 0.23680555625 0.969921875 0.2236111109375 0.956640625 0.222222221875 0.92578125 0.25347222187499996 0.92265625 0.26597222187499997 0.9234375 0.28125 0.93125 0.29930555625 0.926953125 0.30694444375 0.913671875 0.29444444375 0.901953125 0.29722222187499997 0.90078125 0.2604166671875 0.890234375 0.24305555625 0.873828125 0.24722222187499998 0.86796875 0.271527778125 0.861328125 0.2736111109375 0.8609375 0.24930555625 0.875 0.23819444375 0.8609375 0.2298611109375 0.86015625 0.18680555625 0.86875 0.1826388890625 0.86015625 0.17569444375 0.8625 0.17013888906250002 0.86171875 0.1395833328125 0.87734375 0.134027778125 0.874609375 0.12361111093749999 0.863671875 0.12222222187500001 0.855859375 0.1263888890625 0.853125 0.134027778125 0.8515625 0.15069444375000002 0.8546875 0.16180555624999998 0.84921875 0.1673611109375 0.85546875 0.18125 0.853125 0.18819444375 0.843359375 0.1861111109375 0.833984375 0.19305555624999998 0.82421875 0.21458333281250003 0.82265625 0.23125 0.836328125 0.2416666671875 0.8390625 0.2576388890625 0.831640625 0.2611111109375 0.828515625 0.2486111109375 0.821875 0.25486111093749997 0.81796875 0.28125 0.82265625 0.29375 0.81171875 0.31875 0.81171875 0.3298611109375 0.815625 0.3451388890625 0.82421875 0.35625 0.81875 0.384027778125 0.821875 0.4145833328125 0.81953125 0.43541666718750005 0.82265625 0.45208333281249996 0.824609375 0.45555555625000005 0.827734375 0.4486111109375 0.831640625 0.4625 0.84140625 0.465972221875 0.82890625 0.48680555625000005 0.8234375 0.5104166671875 0.833203125 0.515277778125 0.8390625 0.52569444375 0.827734375 0.527777778125 0.8171875 0.5576388890625 0.81640625 0.571527778125 0.812109375 0.5666666671875 0.80703125 0.578472221875 0.812890625 0.5944444437499999 0.827734375 0.5958333328125 0.83671875 0.6145833328125 0.83125 0.6298611109375 0.83125 0.6493055562500001 0.838671875 0.659722221875 0.843359375 0.659722221875 0.849609375 0.6777777781250001 0.866796875 0.6986111109375 0.876953125 0.6944444437499999 0.887109375 0.7013888890625 0.898828125 0.6986111109375 0.9078125 0.7118055562500001 0.9078125 0.7395833328125 0.91875 0.7493055562500001 0.926953125 0.747222221875 0.93203125 0.7354166671875 0.93203125 0.72430555625 0.925390625 0.7111111109375 0.945703125 0.7083333328125 0.95390625 0.6979166671875 0.9546875 0.6729166671875 0.94921875 0.6631944437499999 0.9453125 0.6423611109375 0.96171875 0.6243055562500001 0.9640625 0.5895833328125 0.976953125 0.5833333328125 0.98515625 0.5673611109375 0.984375 0.5243055562500001 1 0.5173611109375 1 0.31736111093749997 0.99609375 0.30763888906250003 1 0.30625 1 0.246527778125