0 0.4357346671875 0.34650475 0.45531566718749994 0.35423499999999997 0.4676823328125 0.321768 0.4852023328125 0.27770575000000003 0.477988 0.22514025000000001 0.45428499999999994 0.1919005 0.41409266718750004 0.14629224999999998 0.36462500000000003 0.1285125 0.3068006671875 0.11707875000000001 0.23065033281249997 0.1238745 0.1646936671875 0.16175250000000002 0.1306846671875 0.20504175 0.11625666718750001 0.23828175 0.117287 0.280798 0.1306846671875 0.319449 0.161602 0.36351125 0.219314 0.39134 0.2636286671875 0.39597825000000003 0.3069126671875 0.3681495 0.376992 0.34495875 0.4357346671875 0.34650475
0 0.76861 0.1917075 0.752121 0.1607865 0.7212036671875001 0.1244545 0.6470023328125001 0.0919875 0.5892903328125 0.08271125 0.51715 0.10590200000000001 0.4656213328125 0.13991499999999998 0.444616 0.1731065 0.470774 0.212579 0.48004933281250006 0.247365 0.4852023328125 0.283697 0.5274556671874999 0.31771 0.57074 0.3339435 0.5934123328124999 0.2968385 0.64288 0.27287475 0.6944086671874999 0.25354925 0.7562433328125 0.25277625000000004 0.764488 0.2303585 0.76861 0.1917075
0 0.5295166671875 0.55246525 0.5717703328125 0.55633025 0.5934123328124999 0.511495 0.5985653328125 0.46665975 0.572801 0.4210515 0.5408533328125 0.39090349999999996 0.5037523328125 0.368486 0.44707100000000005 0.3537985 0.37635233281249997 0.349884 0.318249 0.36539375 0.26775099999999996 0.39631475 0.23374199999999998 0.444242 0.2595063328125 0.4929425 0.26878166718749996 0.51845225 0.2595063328125 0.5486 0.289393 0.5802940000000001 0.335769 0.6042575 0.3883283328125 0.60734975 0.4316123328125 0.57642875 0.4769576671875 0.5648335 0.5295166671875 0.55246525
0 0.57031 0.7982560000000001 0.6179233328125 0.8254300000000001 0.678408 0.7954457500000001 0.7107423328125 0.7475765 0.7286756671875 0.709747 0.7214303328125 0.66859825 0.6822216671875 0.60134025 0.6245096671875 0.5696465 0.5480929999999999 0.5562795 0.4936266671875 0.56037025 0.4379756671875 0.57737675 0.3946913328125 0.60134025 0.3648046671875 0.63071525 0.34419333281250003 0.663182 0.366866 0.692557 0.3802633328125 0.7265699999999999 0.3864466671875 0.765994 0.38747733281249996 0.7837735 0.42251700000000003 0.801553 0.4843513328125 0.79073075 0.57031 0.7982560000000001
0 0.9183633328124999 0.367896 0.8987926671875 0.31555900000000003 0.8468873328125 0.27981675 0.7813676671875001 0.257478 0.7166986671875 0.2510955 0.6511790000000001 0.26705175 0.5941683328125 0.297688 0.561834 0.3442805 0.5478886671875001 0.39017925 0.5856593328125 0.44001875 0.597572 0.471293 0.6120373328125 0.485973 0.6537316671875 0.515971 0.7175496671875 0.5300125 0.741375 0.5083117500000001 0.778815 0.478314 0.83072 0.463634 0.8928363328125 0.45278375000000004 0.9149596671875001 0.41576500000000005 0.9183633328124999 0.367896
0 0.9098543328125 0.72430025 0.9600576671875001 0.73706525 0.9821813328125 0.74536275 0.9983483328125 0.7345122500000001 0.9987906671875001 0.47791375 0.9515486671875 0.46133949999999996 0.895389 0.45240400000000003 0.794982 0.470275 0.7371206671875 0.510485 0.695426 0.560269 0.6852153328125 0.605585 0.7081896671875 0.640689 0.7286113328125 0.68153725 0.7252076671875 0.7000465 0.7890256671875 0.736427 0.8460363328125 0.7223855 0.9098543328125 0.72430025
0 0.703085 0.9999957500000001 0.706488 0.9817705 0.706488 0.9415604999999999 0.6911716671875 0.897521 0.6596879999999999 0.8541197500000001 0.6222483328124999 0.8234835 0.5660883328125 0.7985915 0.46398 0.78901775 0.3856966671875 0.8100799999999999 0.33208933281249997 0.8483752499999999 0.2980533328125 0.8860325 0.2844386671875 0.9236895 0.28103533281250004 0.962623 0.2958513328125 0.99794 0.703085 0.9999957500000001
0 0.3891003328125 0.78553375 0.382293 0.7300055000000001 0.3678276671875 0.691072 0.327835 0.648309 0.2767806671875 0.6259702500000001 0.22742833281250002 0.6093755 0.1891373328125 0.60746075 0.1593556671875 0.6170345 0.10745033281250001 0.61894925 0.0546943328125 0.643203 0.0147016671875 0.6744775 0.0002126671875 0.6948570000000001 0.0027890000000000002 0.85574175 0.0087453328125 0.87105975 0.0691596671875 0.8755274999999999 0.1414866671875 0.8895692499999999 0.1967956671875 0.9214819999999999 0.2401916671875 0.92594975 0.2886933328125 0.9080785 0.2980533328125 0.8857397499999999 0.3312386671875 0.84808275 0.38314366718750004 0.8129787500000001 0.3891003328125 0.78553375
0 0.714997 0.9507935 0.7658953328125 0.9963447499999999 0.9983483328125 0.9954850000000001 1 0.751672 0.9464433328125 0.73124775 0.8809233328125 0.7216739999999999 0.8068946671875 0.731886 0.7490330000000001 0.75741625 0.6937243328125 0.8027184999999999 0.67075 0.8422902499999999 0.6733026671875 0.8659055 0.6979786671875 0.9156895 0.714997 0.9507935
0 0 0.6895 0.0073333328125 0.68125 0.0136666671875 0.67675 0.020999999999999998 0.6675 0.0363333328125 0.65525 0.05933333281249999 0.64275 0.08966666718750001 0.62975 0.11100000000000002 0.6247499999999999 0.17633333281250002 0.614 0.1993333328125 0.61175 0.22833333281249998 0.612 0.23533333281250002 0.6094999999999999 0.2423333328125 0.6025 0.252 0.58475 0.25833333281250004 0.5690000000000001 0.2633333328125 0.54875 0.266 0.532 0.2663333328125 0.51725 0.2653333328125 0.50725 0.2616666671875 0.4955 0.2403333328125 0.45575 0.22999999999999998 0.44000000000000006 0.2196666671875 0.42925 0.1966666671875 0.41224999999999995 0.1866666671875 0.40675 0.1806666671875 0.40149999999999997 0.1536666671875 0.38825 0.11399999999999999 0.37625000000000003 0.0886666671875 0.37324999999999997 0.062333332812499996 0.37275 0.038 0.377 0 0.382 0 0.51225 0.0196666671875 0.53 0.020999999999999998 0.5335 0.0216666671875 0.546 0.030333332812500002 0.5599999999999999 0.037333332812499995 0.56475 0.0406666671875 0.56875 0.041999999999999996 0.58175 0.0403333328125 0.5862499999999999 0.037 0.5902499999999999 0.0273333328125 0.5925 0.0236666671875 0.59225 0.022 0.591 0.0136666671875 0.5782499999999999 0.0103333328125 0.5785 0 0.5845 0 0.6895
0 1 0.0885 0.9720000000000001 0.08249999999999999 0.9346666671875001 0.07775 0.923 0.07725 0.8779999999999999 0.08125 0.859 0.08499999999999999 0.851 0.08775 0.8423333328125 0.09275 0.8313333328124999 0.09675 0.8156666671874999 0.1045 0.8089999999999999 0.10974999999999999 0.8009999999999999 0.11925 0.7796666671875 0.13799999999999998 0.7603333328125 0.16375 0.758 0.17475000000000002 0.7643333328125 0.19475 0.7673333328124999 0.21349999999999997 0.767 0.22949999999999998 0.7606666671875 0.25 0.7603333328125 0.25325000000000003 0.7613333328125 0.25425 0.7696666671875 0.258 0.7863333328125 0.2625 0.7973333328125001 0.26749999999999996 0.8253333328125001 0.2745 0.8373333328125 0.2805 0.8526666671875001 0.286 0.8756666671875 0.30025 0.881 0.30525 0.8916666671875 0.3125 0.8993333328125 0.32025000000000003 0.9093333328125001 0.323 0.9126666671875 0.32125 0.9146666671875 0.316 0.9183333328125001 0.311 0.945 0.28525 0.96 0.274 1 0.254 0.9993333328125 0.24100000000000002 0.9916666671875 0.23075 0.9906666671875 0.22774999999999998 0.992 0.22525 1 0.21949999999999997 1 0.0885
0 0.08515625 0.1484375 0.1703125 0.2515625
0 0.278125 0.08125 0.3171875 0.1484375
0 0.5640625 0.06171875 0.321875 0.1234375
0 0.8625 0.07265625 0.275 0.1359375