0 0.1359375 0.17109375 0.253125 0.271875
0 0.121875 0.4484375 0.24375 0.29375
0 0.32890625 0.6109375 0.303125 0.2984375
0 0.17109375 0.815625 0.334375 0.3078125
0 0.5625 0.8109375 0.325 0.2796875
0 0.1109375 0.6203125 0.2140625 0.1015625
0 0.39765625 0.33359375 0.2984375 0.2484375
0 0.61796875 0.53359375 0.3203125 0.275
0 0.8421875 0.76640625 0.3078125 0.2984375
0 0.83984375 0.953125 0.3109375 0.0671875
0 0.8625 0.49140625 0.265625 0.271875
0 0.66015625 0.28671875 0.2625 0.21875
0 0.721875 0.12890625 0.2453125 0.1953125
0 0.90234375 0.19765625 0.178125 0.0578125
0 0.88203125 0.084375 0.21875 0.1609375
0 0.4640625 0.121875 0.2796875 0.1921875
0 0.23984375 0.09140625 0.240625 0.1734375
0 0.52421875 0.03984375 0.3109375 0.0703125