0 0.8533333328125 0.717777778125 0.7488888890625 0.76444444375 0.7133333328125 0.7244444437500001 0.66444444375 0.7022222218749999 0.5711111109375 0.7111111109375 0.5066666671875 0.7755555562499999 0.49555555625 0.8666666671875 0.34888888906250004 0.9199999999999999 0.262222221875 0.9977777781249999 0.27999999999999997 0.9977777781249999 0.3888888890625 0.91555555625 0.5 0.88444444375 0.5711111109375 0.9466666671875 0.602222221875 0.95555555625 0.682222221875 0.9466666671875 0.7511111109375 0.8866666671875001 0.7711111109375001 0.8177777781250001 0.8666666671875 0.82444444375 0.8400000000000001 0.7888888890625 0.8533333328125 0.717777778125
0 1 0.62 0.9800000000000001 0.617777778125 0.922222221875 0.64444444375 0.8977777781249999 0.5711111109375 0.8977777781249999 0.5311111109375 0.8911111109375 0.52 0.8733333328124999 0.52 0.8666666671875 0.5311111109375 0.8755555562499999 0.62 0.8577777781249999 0.6111111109375 0.8288888890624999 0.5688888890625 0.8111111109375001 0.56444444375 0.8088888890625 0.5933333328125 0.8311111109375 0.637777778125 0.7977777781250001 0.6088888890625 0.7755555562499999 0.6133333328125 0.76 0.6333333328124999 0.8111111109375001 0.67555555625 0.8666666671875 0.7 0.8511111109374999 0.7288888890624999 0.8311111109375 0.7266666671875 0.8533333328125 0.73555555625 0.8533333328125 0.7933333328125001 0.862222221875 0.81555555625 0.9 0.8533333328125 0.9088888890625 0.8577777781249999 0.9199999999999999 0.8466666671875 0.8933333328125 0.802222221875 0.9 0.782222221875 0.93555555625 0.8311111109375 0.9800000000000001 0.8577777781249999 1 0.86 1 0.62
0 1 0.3088888890625 0.9288888890625 0.29111111093750003 0.982222221875 0.1533333328125 0.977777778125 0.1266666671875 0.9466666671875 0.10888888906250001 0.96 0.09111111093749999 0.9400000000000001 0.0888888890625 0.9288888890625 0.0688888890625 0.9288888890625 0.0066666671875 0.8866666671875001 0 0.8577777781249999 0.1 0.8577777781249999 0.242222221875 0.902222221875 0.25555555625 0.8666666671875 0.26888888906249997 0.8755555562499999 0.3 0.8133333328125 0.3533333328125 0.8044444437499999 0.42444444375 0.8511111109374999 0.4888888890625 0.9333333328125001 0.50444444375 0.96 0.5933333328125 0.982222221875 0.61555555625 0.96 0.5533333328125 0.95555555625 0.49555555625 1 0.4688888890625 1 0.3088888890625
0 0.54 0.382222221875 0.47555555624999996 0.43777777812499996 0.462222221875 0.46444444375 0.457777778125 0.50444444375 0.462222221875 0.5311111109375 0.47555555624999996 0.5533333328125 0.5088888890625001 0.5866666671874999 0.5355555562500001 0.6044444437500001 0.5666666671875 0.6133333328125 0.6133333328125 0.6111111109375 0.64 0.597777778125 0.6466666671875 0.5733333328125 0.6777777781250001 0.5688888890625 0.7066666671874999 0.5355555562500001 0.7111111109375 0.45999999999999996 0.6888888890625 0.41555555625 0.6555555562500001 0.382222221875 0.6288888890625 0.3688888890625 0.5888888890625 0.36444444374999996 0.54 0.382222221875
0 0.6044444437500001 0.6244444437500001 0.6244444437500001 0.64444444375 0.6511111109375001 0.657777778125 0.6688888890625 0.657777778125 0.6733333328125 0.662222221875 0.6977777781250001 0.6599999999999999 0.7022222218749999 0.6555555562500001 0.7022222218749999 0.6466666671875 0.6933333328125 0.6288888890625 0.6599999999999999 0.5911111109375 0.6466666671875 0.5911111109375 0.637777778125 0.6044444437500001 0.62 0.6133333328125 0.6111111109375 0.6133333328125 0.6044444437500001 0.62 0.6044444437500001 0.6244444437500001
0 0.7266666671875 0.42222222187499997 0.7 0.42222222187499997 0.6977777781250001 0.43333333281249997 0.7111111109375 0.4511111109375 0.7111111109375 0.5311111109375 0.68444444375 0.562222221875 0.68444444375 0.5711111109375 0.7111111109375 0.6111111109375 0.72 0.637777778125 0.7266666671875 0.64444444375 0.737777778125 0.642222221875 0.757777778125 0.622222221875 0.78 0.6088888890625 0.79555555625 0.58444444375 0.8044444437499999 0.557777778125 0.8044444437499999 0.5088888890625001 0.8 0.50444444375 0.8 0.4911111109375 0.782222221875 0.45999999999999996 0.757777778125 0.43555555625000003 0.7266666671875 0.42222222187499997
0 0.6733333328125 0.21777777812500002 0.6466666671875 0.21777777812500002 0.64444444375 0.2866666671875 0.6133333328125 0.33555555625 0.5866666671874999 0.36222222187500003 0.637777778125 0.3688888890625 0.6599999999999999 0.382222221875 0.6911111109375 0.41333333281250006 0.7066666671874999 0.41111111093749997 0.74444444375 0.3866666671875 0.76444444375 0.36666666718749996 0.7688888890625 0.357777778125 0.7688888890625 0.3266666671875 0.76 0.3133333328125 0.75555555625 0.29111111093750003 0.737777778125 0.26888888906249997 0.737777778125 0.26 0.7133333328125 0.23555555625000002 0.6733333328125 0.21777777812500002
0 0.40222222187499995 0.1866666671875 0.3533333328125 0.1688888890625 0.36 0.1933333328125 0.377777778125 0.202222221875 0.3311111109375 0.20444444375 0.33555555625 0.21777777812500002 0.3466666671875 0.21555555625 0.33999999999999997 0.23555555625000002 0.3 0.2311111109375 0.29333333281249996 0.23777777812499998 0.29555555624999996 0.2533333328125 0.3133333328125 0.257777778125 0.322222221875 0.2488888890625 0.33555555625 0.2666666671875 0.36666666718749996 0.27555555625 0.3933333328125 0.27999999999999997 0.40222222187499995 0.2666666671875 0.42222222187499997 0.3311111109375 0.4511111109375 0.35555555625 0.4911111109375 0.3688888890625 0.5466666671875 0.36666666718749996 0.5933333328125 0.3466666671875 0.64444444375 0.282222221875 0.64 0.2066666671875 0.6088888890625 0.14444444375 0.5666666671875 0.102222221875 0.5088888890625001 0.097777778125 0.48666666718749996 0.1066666671875 0.462222221875 0.1266666671875 0.4066666671875 0.20444444375 0.40222222187499995 0.1866666671875
0 0.37555555625000003 0.3111111109375 0.3266666671875 0.3066666671875 0.2733333328125 0.3288888890625 0.24444444375000002 0.3533333328125 0.2266666671875 0.3888888890625 0.222222221875 0.44666666718750003 0.24 0.4733333328125 0.2488888890625 0.50444444375 0.26 0.51555555625 0.3 0.5377777781249999 0.35555555625 0.54 0.36222222187500003 0.502222221875 0.3888888890625 0.502222221875 0.397777778125 0.5288888890625 0.41555555625 0.52 0.44444444375 0.4911111109375 0.457777778125 0.45999999999999996 0.457777778125 0.41555555625 0.44000000000000006 0.36222222187500003 0.41111111093749997 0.3288888890625 0.37555555625000003 0.3111111109375
0 0.222222221875 0.4511111109375 0.222222221875 0.42888888906249995 0.202222221875 0.4266666671875 0.18444444375 0.43555555625000003 0.15555555625 0.4688888890625 0.14666666718750002 0.49555555625 0.15111111093750001 0.54 0.16444444375 0.5711111109375 0.1933333328125 0.6 0.22000000000000003 0.6133333328125 0.24444444375000002 0.6111111109375 0.282222221875 0.6044444437500001 0.3088888890625 0.5911111109375 0.3288888890625 0.5711111109375 0.3333333328125 0.5488888890625 0.30444444375 0.5377777781249999 0.29111111093750003 0.5377777781249999 0.26 0.52 0.24 0.49555555625 0.24 0.477777778125 0.222222221875 0.4511111109375
0 0 0.69555555625 0.0288888890625 0.7022222218749999 0.0533333328125 0.7266666671875 0.057777778125 0.74444444375 0.0688888890625 0.7511111109375 0.13333333281249998 0.7533333328125 0.16 0.7266666671875 0.18222222187499998 0.682222221875 0.1911111109375 0.6466666671875 0.1866666671875 0.6111111109375 0.17333333281250002 0.58444444375 0.14444444375 0.5599999999999999 0.10888888906250001 0.542222221875 0.0866666671875 0.542222221875 0.082222221875 0.5377777781249999 0.0111111109375 0.542222221875 0 0.5533333328125 0 0.69555555625
0 0.242222221875 0.6799999999999999 0.20444444375 0.7133333328125 0.1911111109375 0.74 0.1888888890625 0.7911111109375 0.157777778125 0.7866666671875 0.10888888906250001 0.75555555625 0.0888888890625 0.757777778125 0.0866666671875 0.7866666671875 0.0466666671875 0.7733333328125 0.0311111109375 0.7888888890625 0.035555556249999995 0.8644444437500001 0.0511111109375 0.8977777781249999 0.18444444375 0.9066666671875 0.2066666671875 0.8977777781249999 0.20888888906249997 0.882222221875 0.1933333328125 0.8755555562499999 0.1666666671875 0.8888888890625 0.16444444375 0.882222221875 0.18444444375 0.862222221875 0.2066666671875 0.862222221875 0.21777777812500002 0.8866666671875001 0.2511111109375 0.91555555625 0.31555555625 0.917777778125 0.3533333328125 0.9111111109375001 0.397777778125 0.8888888890625 0.4266666671875 0.8644444437500001 0.4533333328125 0.82 0.4533333328125 0.78444444375 0.44000000000000006 0.7488888890625 0.42222222187499997 0.722222221875 0.36666666718749996 0.67555555625 0.2866666671875 0.6666666671875 0.242222221875 0.6799999999999999
0 0.36666666718749996 0.502222221875 0.36 0.54444444375 0.337777778125 0.557777778125 0.3288888890625 0.58 0.3288888890625 0.61555555625 0.337777778125 0.642222221875 0.357777778125 0.6711111109375001 0.3933333328125 0.6888888890625 0.41555555625 0.7111111109375 0.42888888906249995 0.71555555625 0.43333333281249997 0.7111111109375 0.442222221875 0.7244444437500001 0.45555555625000005 0.71555555625 0.46666666718750005 0.7311111109375 0.47555555624999996 0.7666666671875 0.482222221875 0.7733333328125 0.497777778125 0.7711111109375001 0.4888888890625 0.70444444375 0.5288888890625 0.66444444375 0.5466666671875 0.61555555625 0.47555555624999996 0.557777778125 0.4511111109375 0.502222221875 0.442222221875 0.502222221875 0.397777778125 0.5333333328125 0.3911111109375 0.5311111109375 0.3866666671875 0.50444444375 0.36666666718749996 0.502222221875
0 0.17333333281250002 0.37555555625000003 0.177777778125 0.3888888890625 0.1711111109375 0.39555555625 0.157777778125 0.40444444375 0.13555555625 0.40444444375 0.1266666671875 0.4 0.11555555625 0.38 0.1 0.3688888890625 0.0266666671875 0.43333333281249997 0.022222221875 0.482222221875 0.0311111109375 0.5088888890625001 0.0511111109375 0.52 0.06444444375 0.51555555625 0.1066666671875 0.5177777781249999 0.13555555625 0.5066666671875 0.14666666718750002 0.49555555625 0.16 0.45555555625000005 0.1911111109375 0.42888888906249995 0.19555555625 0.42000000000000004 0.19555555625 0.397777778125 0.1911111109375 0.3888888890625 0.18222222187499998 0.38444444375 0.18 0.37333333281250003 0.17333333281250002 0.37555555625000003