0 0.459375 0.0875 0.1640625 0.125
0 0.85546875 0.25859375 0.2140625 0.134375
0 0.7640625 0.35234375 0.1828125 0.1296875
0 0.7546875 0.45859375 0.1765625 0.125
0 0.8015625 0.52734375 0.1203125 0.0875
0 0.66640625 0.61640625 0.1890625 0.140625
0 0.61953125 0.4 0.1953125 0.1328125
0 0.5125 0.42109375 0.1703125 0.15
0 0.2984375 0.3625 0.18125 0.15
0 0.2265625 0.44140625 0.2140625 0.15
0 0.89296875 0.775 0.2015625 0.1421875
0 0.57578125 0.80625 0.1828125 0.096875
0 0.471875 0.90625 0.1890625 0.1375
0 0.490625 0.31640625 0.1640625 0.1171875