0 0.11333333281249999 0.9910714281249999 0.11499999999999999 1 0.2133333328125 0.997023809375 0.2033333328125 0.9732142859374999 0.2033333328125 0.9672619046875001 0.185 0.9285714281249999 0.1783333328125 0.9285714281249999 0.16499999999999998 0.9166666671874999 0.155 0.9166666671874999 0.135 0.934523809375 0.12 0.9613095234375001 0.1166666671875 0.985119046875 0.11333333281249999 0.9910714281249999
0 0.2616666671875 0.940476190625 0.2383333328125 0.9642857140625001 0.2233333328125 0.997023809375 0.3233333328125 0.997023809375 0.3133333328125 0.9613095234375001 0.305 0.9464285718750001 0.29500000000000004 0.940476190625 0.2866666671875 0.9255952375 0.28500000000000003 0.9047619046875001 0.2816666671875 0.9047619046875001 0.2766666671875 0.9136904765624999 0.2733333328125 0.93154761875 0.2683333328125 0.940476190625 0.2616666671875 0.940476190625
0 0.2316666671875 0.797619046875 0.22833333281249998 0.8035714281249999 0.215 0.8035714281249999 0.2116666671875 0.809523809375 0.205 0.809523809375 0.19 0.8363095234375001 0.1833333328125 0.860119046875 0.1866666671875 0.8660714281249999 0.1866666671875 0.9077380953124999 0.19 0.9136904765624999 0.19 0.93154761875 0.21833333281249998 0.9761904765624999 0.22999999999999998 0.9732142859374999 0.2383333328125 0.9583333328125001 0.25833333281250004 0.940476190625 0.265 0.940476190625 0.2733333328125 0.9255952375 0.27999999999999997 0.9017857140625001 0.27999999999999997 0.8541666671874999 0.2766666671875 0.8422619046875001 0.25833333281250004 0.809523809375 0.24500000000000002 0.797619046875 0.2316666671875 0.797619046875
0 0.1866666671875 0.9255952375 0.1866666671875 0.877976190625 0.1716666671875 0.8392857140625001 0.135 0.815476190625 0.12833333281249998 0.827380953125 0.1183333328125 0.827380953125 0.1116666671875 0.8333333328125001 0.0933333328125 0.860119046875 0.09 0.877976190625 0.08333333281250001 0.889880953125 0.08333333281250001 0.9077380953124999 0.08 0.9136904765624999 0.08 0.9494047625 0.0866666671875 0.9672619046875001 0.0866666671875 0.985119046875 0.095 1 0.11000000000000001 0.997023809375 0.12 0.9672619046875001 0.12 0.9553571421875 0.1383333328125 0.9285714281249999 0.145 0.9285714281249999 0.1516666671875 0.9166666671874999 0.16499999999999998 0.9166666671874999 0.16833333281250001 0.922619046875 0.1783333328125 0.922619046875 0.1816666671875 0.9285714281249999 0.1866666671875 0.9255952375
0 0.135 0.702380953125 0.1116666671875 0.702380953125 0.0816666671875 0.7261904765625 0.06 0.7827380953125 0.06 0.7946428578125 0.0566666671875 0.8005952375 0.06 0.8482142859374999 0.0716666671875 0.88095238125 0.0866666671875 0.877976190625 0.0966666671875 0.8482142859374999 0.11499999999999999 0.827380953125 0.125 0.827380953125 0.135 0.815476190625 0.145 0.815476190625 0.155 0.827380953125 0.16 0.81845238125 0.16 0.752976190625 0.1533333328125 0.7291666671875 0.135 0.702380953125
0 0.10833333281249999 0.61904761875 0.10166666718749999 0.6130952375 0.075 0.6130952375 0.0566666671875 0.639880953125 0.0533333328125 0.6577380953125 0.0466666671875 0.6696428578125 0.0466666671875 0.7410714281249999 0.05500000000000001 0.7619047625 0.0633333328125 0.7589285718750001 0.08499999999999999 0.7202380953125 0.0983333328125 0.7083333328125 0.10500000000000001 0.7083333328125 0.10833333281249999 0.702380953125 0.12833333281249998 0.6964285718750001 0.13333333281249998 0.6875 0.13333333281249998 0.6755952375 0.1233333328125 0.639880953125 0.1183333328125 0.6369047625 0.10833333281249999 0.61904761875
0 0.155 0.5892857140625 0.1366666671875 0.622023809375 0.13333333281249998 0.6339285718750001 0.13333333281249998 0.6696428578125 0.1366666671875 0.6755952375 0.1366666671875 0.6994047625 0.145 0.7083333328125 0.1533333328125 0.7053571421875 0.1783333328125 0.6607142859375 0.1916666671875 0.6547619046875 0.195 0.6488095234375 0.2133333328125 0.6458333328125 0.2133333328125 0.5982142859375 0.205 0.577380953125 0.185 0.5714285718750001 0.1816666671875 0.577380953125 0.1616666671875 0.5833333328125 0.155 0.5892857140625
0 0.2366666671875 0.6994047625 0.2216666671875 0.6607142859375 0.215 0.6607142859375 0.20166666718749998 0.6488095234375 0.175 0.6666666671875 0.16 0.69345238125 0.1566666671875 0.7053571421875 0.1566666671875 0.7410714281249999 0.16 0.747023809375 0.16 0.7708333328125 0.1633333328125 0.7767857140625 0.1633333328125 0.81845238125 0.175 0.8392857140625001 0.1816666671875 0.8452380953124999 0.1833333328125 0.8422619046875001 0.205 0.809523809375 0.2116666671875 0.8035714281249999 0.2216666671875 0.8035714281249999 0.225 0.797619046875 0.23500000000000001 0.797619046875 0.24333333281249997 0.7827380953125 0.24333333281249997 0.735119046875 0.24 0.7291666671875 0.24 0.7113095234375 0.2366666671875 0.6994047625
0 0.275 0.63095238125 0.2616666671875 0.6428571421875 0.24666666718750002 0.6696428578125 0.24333333281249997 0.68154761875 0.24333333281249997 0.7232142859375 0.24666666718750002 0.7291666671875 0.24666666718750002 0.747023809375 0.25 0.752976190625 0.25 0.7827380953125 0.2616666671875 0.809523809375 0.2683333328125 0.815476190625 0.27 0.8125 0.2833333328125 0.764880953125 0.29333333281249996 0.747023809375 0.3 0.7232142859375 0.305 0.7142857140625 0.3183333328125 0.7083333328125 0.3266666671875 0.6994047625 0.32 0.6696428578125 0.3116666671875 0.6547619046875 0.28500000000000003 0.63095238125 0.275 0.63095238125
0 0.2966666671875 0.622023809375 0.2966666671875 0.6041666671875 0.29333333281249996 0.5982142859375 0.29333333281249996 0.5744047625 0.28500000000000003 0.5535714281249999 0.2783333328125 0.547619046875 0.25166666718749997 0.5535714281249999 0.22999999999999998 0.5863095234375 0.22000000000000003 0.622023809375 0.22000000000000003 0.6517857140625 0.23500000000000001 0.6785714281249999 0.24 0.6755952375 0.24500000000000002 0.672619046875 0.24666666718750002 0.6636904765625 0.25166666718749997 0.6607142859375 0.255 0.6488095234375 0.25833333281250004 0.6488095234375 0.2716666671875 0.63095238125 0.2883333328125 0.63095238125 0.2916666671875 0.6369047625 0.29333333281249996 0.6339285718750001 0.2966666671875 0.622023809375
0 0.30333333281249997 0.610119046875 0.30333333281249997 0.639880953125 0.3283333328125 0.684523809375 0.3366666671875 0.68154761875 0.3516666671875 0.6547619046875 0.38 0.627976190625 0.38 0.5863095234375 0.37333333281250003 0.5625 0.3583333328125 0.5357142859375 0.3416666671875 0.5357142859375 0.335 0.5416666671875 0.3133333328125 0.5803571421875 0.31 0.5982142859375 0.30333333281249997 0.610119046875
0 0.335 0.702380953125 0.3083333328125 0.7142857140625 0.2866666671875 0.7589285718750001 0.2733333328125 0.80654761875 0.2733333328125 0.8244047625 0.2833333328125 0.860119046875 0.2833333328125 0.8839285718750001 0.29500000000000004 0.9047619046875001 0.3016666671875 0.9047619046875001 0.305 0.9107142859374999 0.3066666671875 0.9077380953124999 0.3133333328125 0.8958333328125001 0.3233333328125 0.860119046875 0.3416666671875 0.827380953125 0.34500000000000003 0.827380953125 0.3516666671875 0.815476190625 0.3583333328125 0.815476190625 0.3633333328125 0.8005952375 0.3633333328125 0.764880953125 0.3533333328125 0.7232142859375 0.335 0.702380953125
0 0.36666666718749996 0.8005952375 0.36666666718749996 0.80654761875 0.3716666671875 0.815476190625 0.38166666718750003 0.815476190625 0.395 0.827380953125 0.3966666671875 0.8363095234375001 0.4066666671875 0.8541666671874999 0.41 0.877976190625 0.4166666671875 0.877976190625 0.45999999999999996 0.81845238125 0.45999999999999996 0.7827380953125 0.4566666671875 0.7767857140625 0.4566666671875 0.764880953125 0.44166666718750003 0.7380952375 0.43499999999999994 0.7321428578125 0.40833333281249995 0.7321428578125 0.395 0.74404761875 0.37333333281250003 0.7767857140625 0.36666666718749996 0.8005952375
0 0.3583333328125 0.815476190625 0.34500000000000003 0.827380953125 0.32 0.872023809375 0.3133333328125 0.8958333328125001 0.3133333328125 0.9077380953124999 0.31 0.9136904765624999 0.31 0.9494047625 0.33166666718750004 1 0.33999999999999997 0.997023809375 0.3583333328125 0.9642857140625001 0.3616666671875 0.9642857140625001 0.3783333328125 0.940476190625 0.3983333328125 0.9285714281249999 0.4066666671875 0.9136904765624999 0.4066666671875 0.860119046875 0.4033333328125 0.8482142859374999 0.3916666671875 0.827380953125 0.3783333328125 0.815476190625 0.3583333328125 0.815476190625
0 0.4016666671875 0.6369047625 0.395 0.6369047625 0.3916666671875 0.63095238125 0.38166666718750003 0.63095238125 0.3783333328125 0.6369047625 0.3716666671875 0.6369047625 0.3583333328125 0.6488095234375 0.3366666671875 0.6875 0.3366666671875 0.6994047625 0.3566666671875 0.7291666671875 0.3633333328125 0.752976190625 0.3633333328125 0.764880953125 0.37666666718749997 0.764880953125 0.38166666718750003 0.7619047625 0.3916666671875 0.74404761875 0.40499999999999997 0.7321428578125 0.41166666718749995 0.7321428578125 0.42000000000000004 0.7172619046875 0.42000000000000004 0.7053571421875 0.4166666671875 0.6994047625 0.4166666671875 0.6755952375 0.41333333281250006 0.6636904765625 0.4016666671875 0.6369047625
0 0.5 0.872023809375 0.4966666671875 0.860119046875 0.4783333328125 0.8333333328125001 0.45499999999999996 0.8333333328125001 0.44166666718750003 0.8452380953124999 0.43499999999999994 0.8571428578125 0.43166666718749996 0.8571428578125 0.41333333281250006 0.8958333328125001 0.41333333281250006 0.9136904765624999 0.41 0.9196428578125 0.41333333281250006 0.93154761875 0.44166666718750003 0.9821428578125 0.44333333281250004 0.9791666671874999 0.45499999999999996 0.9761904765624999 0.4583333328125 0.9702380953124999 0.4683333328125 0.9702380953124999 0.4716666671875 0.9642857140625001 0.4916666671875 0.9583333328125001 0.495 0.952380953125 0.5033333328125 0.9494047625 0.5033333328125 0.889880953125 0.5 0.8839285718750001 0.5 0.872023809375
0 0.355 0.9702380953124999 0.3433333328125 0.9910714281249999 0.34500000000000003 1 0.41333333281250006 0.997023809375 0.4216666671875 0.99404761875 0.425 0.9880952375 0.43166666718749996 0.9880952375 0.43666666718749997 0.9791666671874999 0.4216666671875 0.9464285718750001 0.40833333281249995 0.934523809375 0.3883333328125 0.934523809375 0.375 0.9464285718750001 0.3583333328125 0.9702380953124999 0.355 0.9702380953124999
0 0.5266666671875 0.7946428578125 0.5233333328125 0.80654761875 0.5233333328125 0.8363095234375001 0.5333333328125 0.8541666671874999 0.5333333328125 0.860119046875 0.5650000000000001 0.9166666671874999 0.5766666671875 0.9136904765624999 0.5866666671874999 0.877976190625 0.5866666671874999 0.8660714281249999 0.5966666671875 0.8422619046875001 0.5933333328125 0.8363095234375001 0.5966666671875 0.8244047625 0.5933333328125 0.81845238125 0.5900000000000001 0.7946428578125 0.5716666671875 0.7619047625 0.5483333328125 0.7619047625 0.5266666671875 0.7946428578125
0 0.45 0.68154761875 0.465 0.7142857140625 0.4716666671875 0.7202380953125 0.48333333281249996 0.7172619046875 0.51 0.6636904765625 0.51 0.639880953125 0.5066666671875 0.627976190625 0.4883333328125 0.5952380953125 0.48166666718749995 0.5892857140625 0.46166666718749994 0.5892857140625 0.45 0.6041666671875 0.44333333281250004 0.627976190625 0.44333333281250004 0.6577380953125 0.45 0.68154761875
0 0.48666666718749996 0.7113095234375 0.48333333281249996 0.7232142859375 0.48333333281249996 0.747023809375 0.5066666671875 0.7946428578125 0.5066666671875 0.8005952375 0.5116666671875 0.809523809375 0.5183333328125 0.815476190625 0.52 0.8125 0.5316666671875 0.7797619046875 0.5349999999999999 0.7797619046875 0.5483333328125 0.7619047625 0.5633333328125001 0.7589285718750001 0.5633333328125001 0.7232142859375 0.5599999999999999 0.7113095234375 0.545 0.6785714281249999 0.5316666671875 0.6666666671875 0.5116666671875 0.6666666671875 0.48666666718749996 0.7113095234375
0 0.4166666671875 0.5446428578125 0.41333333281250006 0.56845238125 0.41 0.5744047625 0.4233333328125 0.6160714281249999 0.43499999999999994 0.6369047625 0.44000000000000006 0.6339285718750001 0.45 0.610119046875 0.45 0.6041666671875 0.4583333328125 0.5892857140625 0.48 0.5863095234375 0.48 0.5744047625 0.4766666671875 0.56845238125 0.4733333328125 0.5446428578125 0.4583333328125 0.5178571421875 0.42833333281249997 0.5238095234375 0.4166666671875 0.5446428578125
0 0.48333333281249996 0.5863095234375 0.495 0.6011904765625 0.5033333328125 0.5982142859375 0.5183333328125 0.5714285718750001 0.525 0.5714285718750001 0.5366666671875 0.55654761875 0.5333333328125 0.5208333328125 0.525 0.5 0.505 0.5 0.4916666671875 0.5119047625 0.48 0.5327380953125 0.48 0.5744047625 0.48333333281249996 0.5863095234375
0 0.5033333328125 0.6041666671875 0.5033333328125 0.622023809375 0.5133333328125 0.6577380953125 0.5183333328125 0.6666666671875 0.5349999999999999 0.6666666671875 0.5383333328125001 0.672619046875 0.54 0.6696428578125 0.55 0.6517857140625 0.55 0.6458333328125 0.5616666671874999 0.625 0.5666666671875 0.622023809375 0.5666666671875 0.6041666671875 0.5633333328125001 0.5922619046875 0.5483333328125 0.565476190625 0.5283333328125 0.565476190625 0.5216666671875 0.5714285718750001 0.5033333328125 0.6041666671875
0 0.5366666671875 0.5386904765625 0.54 0.5446428578125 0.5416666671875 0.559523809375 0.5516666671875 0.565476190625 0.5583333328125 0.577380953125 0.5666666671875 0.5744047625 0.5933333328125 0.5327380953125 0.5933333328125 0.514880953125 0.5816666671874999 0.48809523749999995 0.5683333328125 0.48809523749999995 0.5650000000000001 0.49404761875 0.5549999999999999 0.49404761875 0.5483333328125 0.5 0.5433333328125001 0.5089285718750001 0.54 0.5327380953125 0.5366666671875 0.5386904765625
0 0.5783333328125 0.5535714281249999 0.5666666671875 0.5803571421875 0.5666666671875 0.6041666671875 0.575 0.625 0.5883333328125 0.63095238125 0.6033333328125 0.6577380953125 0.605 0.6666666671875 0.61 0.6636904765625 0.6166666671875001 0.6517857140625 0.6233333328125 0.627976190625 0.6333333328124999 0.610119046875 0.6333333328124999 0.5863095234375 0.63 0.5803571421875 0.6266666671875 0.55654761875 0.605 0.5357142859375 0.6016666671875 0.5416666671875 0.5916666671875 0.5416666671875 0.5783333328125 0.5535714281249999
0 0.5433333328125001 0.6755952375 0.5599999999999999 0.7053571421875 0.5633333328125001 0.7172619046875 0.5633333328125001 0.7410714281249999 0.5666666671875 0.747023809375 0.5666666671875 0.7589285718750001 0.5816666671874999 0.7738095234375 0.5866666671874999 0.7708333328125 0.5966666671875 0.752976190625 0.5966666671875 0.747023809375 0.6166666671875001 0.7172619046875 0.6166666671875001 0.7113095234375 0.6033333328125 0.6636904765625 0.5816666671874999 0.625 0.5683333328125 0.625 0.5616666671874999 0.63095238125 0.5466666671875 0.6577380953125 0.5433333328125001 0.6755952375
0 0.675 0.547619046875 0.655 0.565476190625 0.6133333328125 0.6636904765625 0.6133333328125 0.69345238125 0.6216666671875 0.7142857140625 0.6283333328125 0.7083333328125 0.6383333328125 0.7083333328125 0.6516666671875 0.7261904765625 0.6599999999999999 0.7232142859375 0.6783333328125 0.690476190625 0.6833333328125 0.6875 0.6833333328125 0.6636904765625 0.6866666671874999 0.6517857140625 0.6916666671875 0.6488095234375 0.7033333328125 0.627976190625 0.7133333328125 0.5863095234375 0.71 0.56845238125 0.6916666671875 0.5416666671875 0.675 0.547619046875
0 0.605 0.5357142859375 0.6216666671875 0.547619046875 0.6333333328124999 0.5744047625 0.6333333328124999 0.5922619046875 0.64 0.5922619046875 0.665 0.547619046875 0.67 0.5446428578125 0.6666666671875 0.514880953125 0.6599999999999999 0.502976190625 0.6599999999999999 0.497023809375 0.6483333328125 0.48214285781250005 0.6316666671875 0.48214285781250005 0.6183333328125 0.49404761875 0.6033333328125 0.5267857140625 0.605 0.5357142859375
0 0.6116666671875 0.7261904765625 0.5933333328125 0.7589285718750001 0.5866666671874999 0.7827380953125 0.5966666671875 0.8125 0.5966666671875 0.8244047625 0.6016666671875 0.8392857140625001 0.6083333328125 0.8452380953124999 0.625 0.8452380953124999 0.635 0.8571428578125 0.6433333328125 0.8541666671874999 0.6466666671875 0.8363095234375001 0.6666666671875 0.8005952375 0.6666666671875 0.7708333328125 0.6633333328125001 0.764880953125 0.6599999999999999 0.7410714281249999 0.6516666671875 0.7261904765625 0.6416666671875 0.7202380953125 0.635 0.7083333328125 0.625 0.7202380953125 0.6116666671875 0.7261904765625
0 0.6816666671875 0.690476190625 0.6666666671875 0.7113095234375 0.6599999999999999 0.735119046875 0.6666666671875 0.7589285718750001 0.67 0.7886904765625 0.6916666671875 0.797619046875 0.7066666671874999 0.8244047625 0.7066666671874999 0.8303571421875 0.7183333328125 0.8511904765624999 0.72 0.8482142859374999 0.725 0.8452380953124999 0.7333333328125 0.8303571421875 0.7333333328125 0.7589285718750001 0.73 0.752976190625 0.73 0.735119046875 0.7233333328125 0.7113095234375 0.7150000000000001 0.6964285718750001 0.7083333328125 0.6964285718750001 0.705 0.690476190625 0.6816666671875 0.690476190625
0 0.7083333328125 0.690476190625 0.7150000000000001 0.6964285718750001 0.7266666671875 0.7172619046875 0.73 0.7410714281249999 0.7366666671875 0.7410714281249999 0.75 0.7113095234375 0.75 0.627976190625 0.7383333328125 0.6130952375 0.7116666671874999 0.61904761875 0.6966666671875 0.639880953125 0.6966666671875 0.6458333328125 0.6900000000000001 0.6577380953125 0.6866666671874999 0.68154761875 0.6916666671875 0.690476190625 0.7083333328125 0.690476190625
0 0.6683333328125001 0.797619046875 0.65 0.8363095234375001 0.6466666671875 0.8482142859374999 0.6466666671875 0.8839285718750001 0.6599999999999999 0.8839285718750001 0.6683333328125001 0.875 0.675 0.875 0.6916666671875 0.8571428578125 0.71 0.8541666671874999 0.71 0.8363095234375001 0.7066666671874999 0.8244047625 0.6916666671875 0.797619046875 0.6849999999999999 0.797619046875 0.6816666671875 0.7916666671875 0.6683333328125001 0.797619046875
0 0.6016666671875 0.8452380953124999 0.5900000000000001 0.860119046875 0.5866666671874999 0.8839285718750001 0.5833333328125 0.889880953125 0.5833333328125 0.9017857140625001 0.58 0.9077380953124999 0.5816666671874999 0.922619046875 0.5900000000000001 0.9196428578125 0.5983333328125 0.9107142859374999 0.6116666671875 0.9107142859374999 0.625 0.8988095234375001 0.6383333328125 0.8988095234375001 0.645 0.8928571421875 0.6466666671875 0.8839285718750001 0.6316666671875 0.8511904765624999 0.625 0.8511904765624999 0.6216666671875 0.8452380953124999 0.6016666671875 0.8452380953124999
0 0.7433333328125 0.7291666671875 0.7366666671875 0.752976190625 0.7366666671875 0.7886904765625 0.74 0.7946428578125 0.74 0.80654761875 0.745 0.815476190625 0.765 0.815476190625 0.7683333328125 0.8214285718750001 0.7866666671875 0.81845238125 0.8033333328125 0.7886904765625 0.8066666671875 0.7767857140625 0.8066666671875 0.7410714281249999 0.8033333328125 0.735119046875 0.8066666671875 0.7113095234375 0.795 0.684523809375 0.7683333328125 0.684523809375 0.755 0.6964285718750001 0.75 0.7172619046875 0.7433333328125 0.7291666671875
0 0.8033333328125 0.69345238125 0.8066666671875 0.7113095234375 0.825 0.7380952375 0.8316666671874999 0.74404761875 0.8400000000000001 0.7410714281249999 0.86 0.7053571421875 0.8566666671875 0.6875 0.845 0.6666666671875 0.825 0.6488095234375 0.8183333328125 0.6488095234375 0.8150000000000001 0.6547619046875 0.8016666671875001 0.6607142859375 0.7966666671875 0.6696428578125 0.7966666671875 0.68154761875 0.8033333328125 0.69345238125
0 0.8433333328125 0.7589285718750001 0.8483333328124999 0.7619047625 0.8616666671875001 0.7916666671875 0.8699999999999999 0.7886904765625 0.8816666671875 0.7678571421875 0.8883333328124999 0.7619047625 0.8983333328124999 0.7619047625 0.9033333328125 0.752976190625 0.9033333328125 0.747023809375 0.8883333328124999 0.7202380953125 0.8816666671875 0.7142857140625 0.8616666671875001 0.7142857140625 0.8550000000000001 0.7202380953125 0.8433333328125 0.7589285718750001
0 0.9650000000000001 0.690476190625 0.9516666671875 0.672619046875 0.945 0.672619046875 0.9416666671874999 0.6666666671875 0.9083333328125001 0.6666666671875 0.8983333328124999 0.6547619046875 0.8916666671875 0.6547619046875 0.8783333328125 0.6666666671875 0.8666666671875 0.6875 0.8683333328125 0.7083333328125 0.8816666671875 0.7142857140625 0.885 0.7202380953125 0.8916666671875 0.7202380953125 0.9083333328125001 0.75 0.9166666671874999 0.747023809375 0.9283333328125 0.74404761875 0.9349999999999999 0.7321428578125 0.9416666671874999 0.7321428578125 0.9516666671875 0.7202380953125 0.9616666671875 0.7261904765625 0.9650000000000001 0.7202380953125 0.9716666671875 0.7202380953125 0.9766666671875001 0.7113095234375 0.9683333328125 0.690476190625 0.9650000000000001 0.690476190625
0 1 0.622023809375 0.9916666671875 0.6071428578125 0.975 0.6071428578125 0.9616666671875 0.61904761875 0.9466666671875 0.6458333328125 0.9433333328125 0.6636904765625 0.9616666671875 0.6785714281249999 0.9816666671875 0.7142857140625 0.9933333328125 0.7113095234375 1 0.7053571421875 1 0.622023809375
0 0.9066666671875 0.6458333328125 0.9099999999999999 0.6577380953125 0.9216666671875 0.6607142859375 0.925 0.6666666671875 0.9333333328125001 0.6636904765625 0.9533333328125 0.627976190625 0.9533333328125 0.5922619046875 0.95 0.5803571421875 0.9349999999999999 0.5535714281249999 0.9216666671875 0.5416666671875 0.9083333328125001 0.5416666671875 0.8966666671875 0.5625 0.8933333328125 0.5863095234375 0.9066666671875 0.627976190625 0.9066666671875 0.6458333328125
0 0.835 0.5952380953125 0.8550000000000001 0.5952380953125 0.8583333328125 0.6011904765625 0.865 0.6011904765625 0.8766666671875001 0.6160714281249999 0.885 0.6547619046875 0.9033333328125 0.6517857140625 0.9033333328125 0.622023809375 0.8966666671875 0.5982142859375 0.8800000000000001 0.56845238125 0.8800000000000001 0.5625 0.875 0.5535714281249999 0.8616666671875001 0.547619046875 0.8583333328125 0.5416666671875 0.8516666671875001 0.5416666671875 0.8333333328125001 0.56845238125 0.835 0.5952380953125
0 0.835 0.6547619046875 0.8583333328125 0.690476190625 0.8633333328124999 0.6875 0.8683333328125 0.684523809375 0.8833333328125 0.6517857140625 0.8833333328125 0.639880953125 0.875 0.6130952375 0.8550000000000001 0.5952380953125 0.8316666671874999 0.5952380953125 0.8133333328125 0.6160714281249999 0.8099999999999999 0.639880953125 0.8150000000000001 0.6488095234375 0.835 0.6547619046875
0 0.7633333328125 0.5803571421875 0.7849999999999999 0.5833333328125 0.805 0.61904761875 0.8133333328125 0.6160714281249999 0.8266666671875 0.5922619046875 0.8266666671875 0.55654761875 0.8233333328124999 0.5505952375 0.8233333328124999 0.5386904765625 0.8083333328125001 0.5178571421875 0.7916666671875 0.5178571421875 0.7883333328125001 0.5238095234375 0.7816666671875 0.5238095234375 0.7633333328125 0.55654761875 0.7633333328125 0.5803571421875
0 0.7 0.5327380953125 0.7 0.5446428578125 0.725 0.5892857140625 0.7283333328125 0.5892857140625 0.7383333328125 0.6071428578125 0.7433333328125 0.6041666671875 0.7483333328125 0.6011904765625 0.76 0.5803571421875 0.76 0.55654761875 0.7566666671875 0.5505952375 0.7566666671875 0.5386904765625 0.7416666671875001 0.5119047625 0.7150000000000001 0.5119047625 0.7116666671874999 0.5178571421875 0.705 0.5178571421875 0.7 0.5327380953125
0 0.7849999999999999 0.672619046875 0.7933333328125001 0.6696428578125 0.8066666671875 0.639880953125 0.8033333328125 0.6339285718750001 0.8033333328125 0.622023809375 0.7883333328125001 0.5892857140625 0.7816666671875 0.5833333328125 0.765 0.5833333328125 0.7466666671875 0.6041666671875 0.7466666671875 0.6160714281249999 0.7783333328125 0.6666666671875 0.7849999999999999 0.672619046875
0 0.6766666671875 0.5089285718750001 0.6883333328125001 0.5297619046875 0.6966666671875 0.5267857140625 0.7150000000000001 0.5119047625 0.72 0.502976190625 0.72 0.4791666671875 0.7133333328125 0.4672619046875 0.7133333328125 0.4613095234375 0.705 0.45238095312500004 0.6816666671875 0.4583333328125 0.6733333328125 0.47321428593750003 0.6733333328125 0.497023809375 0.6766666671875 0.5089285718750001
0 0.7483333328125 0.5178571421875 0.7583333328124999 0.547619046875 0.7666666671875 0.5446428578125 0.7833333328125 0.514880953125 0.7833333328125 0.497023809375 0.7766666671875 0.47321428593750003 0.7683333328125 0.4583333328125 0.745 0.4583333328125 0.7383333328125 0.46428571406249997 0.73 0.48511904687499996 0.73 0.502976190625 0.735 0.5119047625 0.7483333328125 0.5178571421875
0 0.8066666671875 0.44345238125 0.7983333328125 0.428571428125 0.7783333328125 0.428571428125 0.7666666671875 0.44940476250000005 0.7666666671875 0.45535714218749995 0.7849999999999999 0.49404761875 0.7933333328125001 0.491071428125 0.8066666671875 0.47321428593750003 0.8066666671875 0.44345238125
0 0.7983333328125 0.48214285781250005 0.79 0.497023809375 0.7916666671875 0.5178571421875 0.8083333328125001 0.5178571421875 0.8150000000000001 0.5238095234375 0.8233333328124999 0.5386904765625 0.8266666671875 0.5625 0.8366666671875 0.5625 0.8366666671875 0.55654761875 0.8416666671874999 0.5535714281249999 0.85 0.5386904765625 0.85 0.5267857140625 0.835 0.49404761875 0.8316666671874999 0.49404761875 0.8183333328125 0.4761904765625 0.8083333328125001 0.4761904765625 0.805 0.48214285781250005 0.7983333328125 0.48214285781250005
0 0.8133333328125 0.45535714218749995 0.8133333328125 0.47321428593750003 0.835 0.49404761875 0.8483333328124999 0.5178571421875 0.85 0.514880953125 0.86 0.491071428125 0.8633333328124999 0.4672619046875 0.8666666671875 0.4613095234375 0.8633333328124999 0.45535714218749995 0.86 0.43154761875 0.8550000000000001 0.42261904687499996 0.8483333328124999 0.4166666671875 0.8383333328125 0.4166666671875 0.8166666671874999 0.44345238125 0.8133333328125 0.45535714218749995
0 0.8883333328124999 0.46428571406249997 0.9033333328125 0.4613095234375 0.9166666671874999 0.4375 0.9166666671874999 0.41964285781250005 0.9083333328125001 0.3988095234375 0.9016666671875001 0.3988095234375 0.8983333328124999 0.3928571421875 0.8949999999999999 0.3988095234375 0.8783333328125 0.4047619046875 0.8699999999999999 0.41964285781250005 0.8699999999999999 0.43154761875 0.8883333328124999 0.46428571406249997
0 0.9283333328125 0.5119047625 0.9349999999999999 0.5238095234375 0.95 0.5208333328125 0.9533333328125 0.514880953125 0.9533333328125 0.491071428125 0.95 0.48511904687499996 0.9466666671875 0.4613095234375 0.9383333328125 0.446428571875 0.9216666671875 0.440476190625 0.9033333328125 0.4613095234375 0.9066666671875 0.48511904687499996 0.9183333328125001 0.50595238125 0.9283333328125 0.5119047625
0 0.9516666671875 0.48214285781250005 0.9633333328125 0.4791666671875 0.9633333328125 0.4672619046875 0.97 0.45535714218749995 0.97 0.42559523749999995 0.9583333328125001 0.3928571421875 0.9483333328124999 0.3928571421875 0.9233333328125 0.4136904765625 0.925 0.440476190625 0.9383333328125 0.446428571875 0.9466666671875 0.4613095234375 0.9516666671875 0.48214285781250005
0 1 0.38392857187499996 0.9816666671875 0.38095238125 0.975 0.3869047625 0.97 0.3958333328125 0.97 0.43154761875 0.9733333328124999 0.4375 0.9733333328124999 0.44940476250000005 0.9783333328125 0.4583333328125 1 0.45535714218749995 1 0.38392857187499996
0 1 0.4672619046875 0.9949999999999999 0.4583333328125 0.9783333328125 0.4583333328125 0.9716666671875 0.46428571406249997 0.97 0.47321428593750003 0.96 0.491071428125 0.96 0.514880953125 0.9783333328125 0.5178571421875 0.9983333328124999 0.5357142859375 1 0.5327380953125 1 0.4672619046875
0 1 0.5446428578125 0.9883333328124999 0.5238095234375 0.9816666671875 0.5238095234375 0.9783333328125 0.5178571421875 0.9583333328125001 0.5178571421875 0.9466666671875 0.5327380953125 0.9583333328125001 0.5535714281249999 0.9616666671875 0.5535714281249999 0.9816666671875 0.5833333328125 0.9883333328124999 0.5892857140625 0.9966666671875 0.5863095234375 1 0.5803571421875 1 0.5446428578125
0 0.8533333328125 0.5267857140625 0.8583333328125 0.5416666671875 0.875 0.5535714281249999 0.8883333328124999 0.577380953125 0.8933333328125 0.5744047625 0.8933333328125 0.56845238125 0.9099999999999999 0.5386904765625 0.9099999999999999 0.497023809375 0.8983333328124999 0.4702380953125 0.8816666671875 0.4702380953125 0.8783333328125 0.4761904765625 0.8683333328125 0.4761904765625 0.8566666671875 0.497023809375 0.8533333328125 0.5089285718750001 0.8533333328125 0.5267857140625
0 0.0283333328125 0.434523809375 0.013333332812500001 0.4613095234375 0.015 0.4761904765625 0.034999999999999996 0.48214285781250005 0.038333332812499996 0.48809523749999995 0.0466666671875 0.48511904687499996 0.058333332812500006 0.4702380953125 0.0816666671875 0.4702380953125 0.09 0.4613095234375 0.09 0.44940476250000005 0.075 0.428571428125 0.058333332812500006 0.428571428125 0.05500000000000001 0.42261904687499996 0.045 0.42261904687499996 0.0416666671875 0.428571428125 0.0283333328125 0.434523809375
0 0 0.4672619046875 0.01 0.4672619046875 0.0183333328125 0.446428571875 0.0416666671875 0.42261904687499996 0.06999999999999999 0.41964285781250005 0.06999999999999999 0.389880953125 0.0666666671875 0.377976190625 0.0566666671875 0.360119046875 0.0566666671875 0.3541666671875 0.038333332812499996 0.327380953125 0.031666667187500004 0.327380953125 0.0283333328125 0.3333333328125 0.0083333328125 0.3333333328125 0 0.34821428593750003 0 0.4672619046875
0 0.09 0.4077380953125 0.08333333281250001 0.43154761875 0.095 0.45238095312500004 0.10500000000000001 0.45238095312500004 0.10833333281249999 0.4583333328125 0.1566666671875 0.45535714218749995 0.1633333328125 0.44940476250000005 0.1633333328125 0.43154761875 0.1533333328125 0.40178571406249997 0.1533333328125 0.389880953125 0.145 0.375 0.1383333328125 0.375 0.135 0.36904761875 0.11499999999999999 0.36904761875 0.10833333281249999 0.375 0.09 0.4077380953125
0 0.10166666718749999 0.309523809375 0.0883333328125 0.309523809375 0.0816666671875 0.315476190625 0.0666666671875 0.34821428593750003 0.0633333328125 0.360119046875 0.0733333328125 0.3958333328125 0.0733333328125 0.4136904765625 0.0783333328125 0.42261904687499996 0.08333333281250001 0.41964285781250005 0.0933333328125 0.40178571406249997 0.0933333328125 0.3958333328125 0.1116666671875 0.36904761875 0.1316666671875 0.36904761875 0.1366666671875 0.360119046875 0.13333333281249998 0.3303571421875 0.125 0.315476190625 0.1183333328125 0.315476190625 0.10500000000000001 0.30357142812500004 0.10166666718749999 0.309523809375
0 0 0.3422619046875 0.0033333328125 0.3422619046875 0.0083333328125 0.3333333328125 0.0283333328125 0.3333333328125 0.031666667187500004 0.327380953125 0.0416666671875 0.327380953125 0.045 0.3333333328125 0.0466666671875 0.31845238125 0.038333332812499996 0.297619046875 0.025 0.28571428593750003 0.0016666671875 0.28571428593750003 0 0.3422619046875
0 0.10500000000000001 0.25595238125 0.0883333328125 0.24404761874999997 0.08499999999999999 0.25 0.0716666671875 0.25 0.06 0.264880953125 0.05 0.3005952375 0.05 0.31845238125 0.0533333328125 0.3244047625 0.0566666671875 0.34821428593750003 0.0666666671875 0.34821428593750003 0.0666666671875 0.3422619046875 0.0716666671875 0.33928571406249997 0.0816666671875 0.315476190625 0.0883333328125 0.309523809375 0.0983333328125 0.309523809375 0.10166666718749999 0.30357142812500004 0.11499999999999999 0.309523809375 0.12 0.3005952375 0.1166666671875 0.27678571406249997 0.10500000000000001 0.25595238125
0 0.025 0.28571428593750003 0.038333332812499996 0.297619046875 0.04 0.2946428578125 0.04 0.264880953125 0.0183333328125 0.22619047656250002 0.0116666671875 0.2202380953125 0.0016666671875 0.2202380953125 0 0.2827380953125 0.0016666671875 0.28571428593750003 0.005 0.2797619046875 0.015 0.2797619046875 0.0183333328125 0.28571428593750003 0.025 0.28571428593750003
0 0.0466666671875 0.2827380953125 0.0533333328125 0.2827380953125 0.0566666671875 0.2708333328125 0.0716666671875 0.25 0.0916666671875 0.24404761874999997 0.10500000000000001 0.25595238125 0.1066666671875 0.2232142859375 0.0983333328125 0.2142857140625 0.06833333281250001 0.2142857140625 0.05500000000000001 0.22619047656250002 0.0433333328125 0.25892857187499996 0.0466666671875 0.2827380953125
0 0.1166666671875 0.2708333328125 0.12 0.2827380953125 0.13 0.2827380953125 0.1516666671875 0.24404761874999997 0.16499999999999998 0.24404761874999997 0.1716666671875 0.25 0.1766666671875 0.24107142812500001 0.17333333281250002 0.23511904687500002 0.17333333281250002 0.2232142859375 0.1583333328125 0.20238095312499998 0.135 0.2142857140625 0.1166666671875 0.247023809375 0.1166666671875 0.2708333328125
0 0.1433333328125 0.34821428593750003 0.1433333328125 0.36607142812500004 0.1533333328125 0.38392857187499996 0.16 0.4077380953125 0.1666666671875 0.4077380953125 0.17333333281250002 0.3958333328125 0.17333333281250002 0.389880953125 0.185 0.375 0.2133333328125 0.36607142812500004 0.2133333328125 0.3363095234375 0.20166666718749998 0.309523809375 0.195 0.30357142812500004 0.1716666671875 0.30357142812500004 0.16499999999999998 0.309523809375 0.1433333328125 0.34821428593750003
0 0.1966666671875 0.4375 0.2266666671875 0.42559523749999995 0.2266666671875 0.40178571406249997 0.215 0.375 0.20833333281250002 0.375 0.205 0.36904761875 0.185 0.375 0.1666666671875 0.4077380953125 0.1666666671875 0.43154761875 0.1716666671875 0.440476190625 0.1966666671875 0.4375
0 0.1583333328125 0.20238095312499998 0.1516666671875 0.20833333281250002 0.1383333328125 0.20833333281250002 0.1166666671875 0.247023809375 0.1166666671875 0.2708333328125 0.1233333328125 0.2886904765625 0.1233333328125 0.30654761875 0.13 0.31845238125 0.1383333328125 0.3452380953125 0.14666666718750002 0.3422619046875 0.1533333328125 0.3303571421875 0.1533333328125 0.3244047625 0.1583333328125 0.32142857187499996 0.16833333281250001 0.30357142812500004 0.19 0.2946428578125 0.1866666671875 0.2886904765625 0.1866666671875 0.2708333328125 0.17333333281250002 0.247023809375 0.17333333281250002 0.2232142859375 0.1583333328125 0.20238095312499998
0 0.1866666671875 0.264880953125 0.1866666671875 0.27678571406249997 0.195 0.297619046875 0.2 0.2946428578125 0.215 0.2678571421875 0.2216666671875 0.2619047625 0.2316666671875 0.2678571421875 0.2366666671875 0.25892857187499996 0.2233333328125 0.2172619046875 0.20833333281250002 0.196428571875 0.195 0.196428571875 0.18 0.2172619046875 0.18 0.247023809375 0.1866666671875 0.264880953125
0 0.2133333328125 0.3303571421875 0.2133333328125 0.3541666671875 0.21833333281249998 0.3630952375 0.22000000000000003 0.360119046875 0.23500000000000001 0.3333333328125 0.25166666718749997 0.32142857187499996 0.26 0.30654761875 0.25666666718750003 0.2946428578125 0.2383333328125 0.2678571421875 0.225 0.2678571421875 0.2216666671875 0.2619047625 0.215 0.2678571421875 0.2 0.3005952375 0.2133333328125 0.3303571421875
0 0.22000000000000003 0.36607142812500004 0.22000000000000003 0.377976190625 0.2266666671875 0.3958333328125 0.2266666671875 0.4077380953125 0.23500000000000001 0.42261904687499996 0.24 0.41964285781250005 0.24666666718750002 0.3958333328125 0.265 0.3630952375 0.2833333328125 0.360119046875 0.2833333328125 0.3422619046875 0.2683333328125 0.315476190625 0.25833333281250004 0.315476190625 0.255 0.32142857187499996 0.2483333328125 0.32142857187499996 0.23500000000000001 0.3333333328125 0.22000000000000003 0.36607142812500004
0 0.24500000000000002 0.434523809375 0.2633333328125 0.43154761875 0.2983333328125 0.428571428125 0.3066666671875 0.41964285781250005 0.3066666671875 0.4077380953125 0.30333333281249997 0.3958333328125 0.2883333328125 0.36904761875 0.2816666671875 0.3630952375 0.265 0.3630952375 0.24666666718750002 0.3958333328125 0.24333333281249997 0.4077380953125 0.24500000000000002 0.434523809375
0 0.3433333328125 0.4136904765625 0.3516666671875 0.428571428125 0.39 0.42559523749999995 0.3983333328125 0.42261904687499996 0.4033333328125 0.4136904765625 0.4 0.4077380953125 0.4 0.38392857187499996 0.3966666671875 0.377976190625 0.3966666671875 0.36607142812500004 0.3883333328125 0.3511904765625 0.3616666671875 0.3511904765625 0.3433333328125 0.389880953125 0.3433333328125 0.4136904765625
0 0.32166666718750003 0.309523809375 0.315 0.309523809375 0.3066666671875 0.3244047625 0.30333333281249997 0.34821428593750003 0.3066666671875 0.360119046875 0.3233333328125 0.389880953125 0.3233333328125 0.3958333328125 0.335 0.4166666671875 0.33999999999999997 0.4136904765625 0.3433333328125 0.4077380953125 0.3433333328125 0.389880953125 0.3466666671875 0.377976190625 0.36 0.3541666671875 0.36 0.3422619046875 0.34500000000000003 0.315476190625 0.3383333328125 0.309523809375 0.3283333328125 0.309523809375 0.325 0.30357142812500004 0.32166666718750003 0.309523809375
0 0.315 0.24404761874999997 0.3083333328125 0.25 0.29333333281249996 0.27678571406249997 0.29333333281249996 0.2827380953125 0.2866666671875 0.2946428578125 0.2866666671875 0.3125 0.2983333328125 0.3333333328125 0.30333333281249997 0.3303571421875 0.315 0.309523809375 0.32166666718750003 0.309523809375 0.325 0.30357142812500004 0.33166666718750004 0.309523809375 0.3416666671875 0.309523809375 0.3466666671875 0.3005952375 0.3466666671875 0.27678571406249997 0.335 0.25 0.3283333328125 0.24404761874999997 0.315 0.24404761874999997
0 0.27 0.27678571406249997 0.2816666671875 0.297619046875 0.2866666671875 0.2946428578125 0.3083333328125 0.25 0.32 0.24107142812500001 0.32 0.2232142859375 0.3166666671875 0.21130952343749998 0.305 0.196428571875 0.2916666671875 0.196428571875 0.27 0.23511904687500002 0.2666666671875 0.247023809375 0.2666666671875 0.264880953125 0.27 0.27678571406249997
0 0.4033333328125 0.3958333328125 0.4033333328125 0.41964285781250005 0.41166666718749995 0.428571428125 0.43 0.42559523749999995 0.4483333328125 0.42261904687499996 0.4566666671875 0.4077380953125 0.4566666671875 0.40178571406249997 0.44166666718750003 0.3511904765625 0.42833333281249997 0.33928571406249997 0.4183333328125 0.33928571406249997 0.4033333328125 0.360119046875 0.4033333328125 0.38392857187499996 0.4 0.389880953125 0.4033333328125 0.3958333328125
0 0.3983333328125 0.36904761875 0.4 0.36607142812500004 0.4033333328125 0.3541666671875 0.4166666671875 0.3363095234375 0.4166666671875 0.3244047625 0.40499999999999997 0.2916666671875 0.3983333328125 0.28571428593750003 0.3783333328125 0.28571428593750003 0.3633333328125 0.31845238125 0.3633333328125 0.3422619046875 0.38166666718750003 0.3452380953125 0.3983333328125 0.36904761875
0 0.3466666671875 0.3125 0.3516666671875 0.327380953125 0.36 0.3244047625 0.3633333328125 0.3125 0.3783333328125 0.28571428593750003 0.395 0.28571428593750003 0.4 0.27678571406249997 0.4 0.252976190625 0.395 0.2380952375 0.3883333328125 0.2321428578125 0.36833333281249997 0.2321428578125 0.3466666671875 0.264880953125 0.3466666671875 0.3125
0 0.3266666671875 0.23511904687500002 0.3266666671875 0.24107142812500001 0.33166666718750004 0.24404761874999997 0.3416666671875 0.2619047625 0.35 0.25892857187499996 0.36833333281249997 0.2321428578125 0.38166666718750003 0.2321428578125 0.38333333281250004 0.21130952343749998 0.3783333328125 0.20238095312499998 0.36833333281249997 0.196428571875 0.365 0.20238095312499998 0.355 0.20238095312499998 0.3516666671875 0.20833333281250002 0.3383333328125 0.2142857140625 0.3266666671875 0.23511904687500002
0 0.42000000000000004 0.3005952375 0.4266666671875 0.27678571406249997 0.43499999999999994 0.2619047625 0.4533333328125 0.25892857187499996 0.4533333328125 0.22916666718749998 0.445 0.2142857140625 0.42833333281249997 0.2142857140625 0.4033333328125 0.252976190625 0.4033333328125 0.2827380953125 0.41500000000000004 0.30357142812500004 0.42000000000000004 0.3005952375
0 0.40833333281249995 0.24404761874999997 0.42000000000000004 0.2232142859375 0.42000000000000004 0.2053571421875 0.41500000000000004 0.196428571875 0.4016666671875 0.196428571875 0.3866666671875 0.2172619046875 0.3866666671875 0.22916666718749998 0.4016666671875 0.25 0.4033333328125 0.247023809375 0.40833333281249995 0.24404761874999997
0 0.42000000000000004 0.3005952375 0.42000000000000004 0.3303571421875 0.44166666718750003 0.3511904765625 0.44666666718750003 0.34821428593750003 0.4533333328125 0.3363095234375 0.4533333328125 0.3303571421875 0.4583333328125 0.327380953125 0.45999999999999996 0.31845238125 0.46666666718750005 0.3125 0.46666666718750005 0.2827380953125 0.4516666671875 0.2619047625 0.43499999999999994 0.2619047625 0.4266666671875 0.27678571406249997 0.42000000000000004 0.3005952375
0 0.44666666718750003 0.36607142812500004 0.45499999999999996 0.3928571421875 0.46166666718749994 0.3988095234375 0.4733333328125 0.3958333328125 0.48 0.38392857187499996 0.48 0.372023809375 0.48666666718749996 0.360119046875 0.48666666718749996 0.3541666671875 0.48333333281249996 0.34821428593750003 0.48 0.3244047625 0.475 0.315476190625 0.465 0.315476190625 0.45 0.3422619046875 0.44666666718750003 0.36607142812500004
0 0.5133333328125 0.372023809375 0.515 0.3988095234375 0.5433333328125001 0.3958333328125 0.5583333328125 0.38095238125 0.5666666671875 0.377976190625 0.5666666671875 0.3541666671875 0.5700000000000001 0.3422619046875 0.5666666671875 0.3303571421875 0.5583333328125 0.32142857187499996 0.5483333328125 0.32142857187499996 0.5416666671875 0.3333333328125 0.5316666671875 0.33928571406249997 0.5133333328125 0.372023809375
0 0.5083333328124999 0.3630952375 0.5166666671875 0.360119046875 0.5266666671875 0.3422619046875 0.5266666671875 0.31845238125 0.5016666671875 0.2797619046875 0.4883333328125 0.2797619046875 0.48 0.2946428578125 0.48 0.3005952375 0.4916666671875 0.30357142812500004 0.5033333328125 0.3244047625 0.5033333328125 0.3541666671875 0.5083333328124999 0.3630952375
0 0.49000000000000005 0.25892857187499996 0.485 0.25 0.4683333328125 0.25 0.46333333281250005 0.25892857187499996 0.46333333281250005 0.27678571406249997 0.47000000000000003 0.3005952375 0.4733333328125 0.3005952375 0.49000000000000005 0.27678571406249997 0.49000000000000005 0.25892857187499996
0 0.4533333328125 0.22916666718749998 0.4533333328125 0.252976190625 0.46333333281250005 0.252976190625 0.475 0.25 0.48 0.24107142812500001 0.48333333281249996 0.22916666718749998 0.48333333281249996 0.21130952343749998 0.4716666671875 0.190476190625 0.465 0.184523809375 0.45499999999999996 0.184523809375 0.44333333281250004 0.1994047625 0.44333333281250004 0.21130952343749998 0.4533333328125 0.22916666718749998
0 0.49833333281250003 0.2380952375 0.5116666671875 0.2619047625 0.5233333328125 0.25892857187499996 0.5366666671875 0.24107142812500001 0.54 0.22916666718749998 0.5366666671875 0.2232142859375 0.5366666671875 0.21130952343749998 0.5333333328125 0.1994047625 0.525 0.190476190625 0.5083333328124999 0.190476190625 0.4933333328125 0.2172619046875 0.4933333328125 0.23511904687500002 0.49833333281250003 0.2380952375
0 0.5549999999999999 0.2380952375 0.5349999999999999 0.24404761874999997 0.5233333328125 0.264880953125 0.5233333328125 0.27678571406249997 0.5349999999999999 0.2916666671875 0.5433333328125001 0.2886904765625 0.5516666671875 0.2797619046875 0.5716666671875 0.2797619046875 0.575 0.28571428593750003 0.5883333328125 0.28571428593750003 0.6033333328125 0.264880953125 0.6033333328125 0.24107142812500001 0.6 0.22916666718749998 0.5883333328125 0.2142857140625 0.5716666671875 0.2142857140625 0.5549999999999999 0.2380952375
0 0.5766666671875 0.3303571421875 0.5866666671874999 0.3125 0.5866666671874999 0.30654761875 0.575 0.28571428593750003 0.5683333328125 0.2797619046875 0.5516666671875 0.2797619046875 0.5433333328125001 0.2886904765625 0.5433333328125001 0.3005952375 0.5483333328125 0.315476190625 0.5683333328125 0.3333333328125 0.5766666671875 0.3303571421875
0 0.6216666671875 0.375 0.6266666671875 0.36607142812500004 0.6083333328125 0.3333333328125 0.595 0.32142857187499996 0.5816666671874999 0.32142857187499996 0.5733333328125 0.3363095234375 0.58 0.36607142812500004 0.5883333328125 0.38095238125 0.61 0.377976190625 0.6216666671875 0.375
0 0.595 0.32142857187499996 0.6083333328125 0.3333333328125 0.6133333328125 0.3303571421875 0.6133333328125 0.31845238125 0.6183333328125 0.309523809375 0.6366666671875 0.3005952375 0.6366666671875 0.2886904765625 0.6316666671875 0.2797619046875 0.625 0.2738095234375 0.5983333328125 0.2738095234375 0.5866666671874999 0.2886904765625 0.5866666671874999 0.30654761875 0.595 0.32142857187499996
0 0.595 0.32142857187499996 0.6116666671875 0.3333333328125 0.62 0.34821428593750003 0.6216666671875 0.3571428578125 0.6283333328125 0.3630952375 0.6533333328125 0.360119046875 0.6599999999999999 0.34821428593750003 0.6599999999999999 0.3363095234375 0.6366666671875 0.3005952375 0.6366666671875 0.2886904765625 0.6316666671875 0.2797619046875 0.625 0.2738095234375 0.6016666671875 0.2738095234375 0.5866666671874999 0.2886904765625 0.5866666671874999 0.30654761875 0.595 0.32142857187499996
0 0.665 0.3333333328125 0.6816666671875 0.3333333328125 0.6916666671875 0.3511904765625 0.6966666671875 0.34821428593750003 0.705 0.3333333328125 0.7083333328125 0.3333333328125 0.73 0.2886904765625 0.7183333328125 0.2619047625 0.7083333328125 0.2619047625 0.6950000000000001 0.2797619046875 0.675 0.28571428593750003 0.6599999999999999 0.31845238125 0.6599999999999999 0.3244047625 0.665 0.3333333328125
0 0.645 0.24404761874999997 0.6333333328124999 0.2708333328125 0.6366666671875 0.2946428578125 0.6483333328125 0.315476190625 0.6599999999999999 0.3125 0.6633333328125001 0.3005952375 0.6783333328125 0.2797619046875 0.6883333328125001 0.2797619046875 0.6966666671875 0.2708333328125 0.6966666671875 0.23511904687500002 0.6883333328125001 0.2202380953125 0.675 0.2202380953125 0.665 0.2321428578125 0.6583333328125 0.2321428578125 0.645 0.24404761874999997
0 0.6066666671875 0.22916666718749998 0.6066666671875 0.25892857187499996 0.6116666671875 0.2678571421875 0.6216666671875 0.2678571421875 0.625 0.2738095234375 0.6333333328124999 0.2708333328125 0.645 0.24404761874999997 0.6616666671875 0.2321428578125 0.6666666671875 0.2232142859375 0.6633333328125001 0.1994047625 0.655 0.184523809375 0.6383333328125 0.184523809375 0.625 0.196428571875 0.6183333328125 0.20833333281250002 0.615 0.20833333281250002 0.6066666671875 0.22916666718749998
0 0.5983333328125 0.178571428125 0.5866666671874999 0.1994047625 0.5883333328125 0.2142857140625 0.6016666671875 0.22619047656250002 0.6066666671875 0.2232142859375 0.62 0.1994047625 0.615 0.178571428125 0.5983333328125 0.178571428125
0 0.7266666671875 0.36607142812500004 0.7383333328125 0.3630952375 0.7433333328125 0.3541666671875 0.7433333328125 0.3422619046875 0.7316666671875 0.327380953125 0.7116666671874999 0.327380953125 0.6966666671875 0.3541666671875 0.7016666671875 0.3630952375 0.7083333328125 0.3630952375 0.7116666671874999 0.36904761875 0.7266666671875 0.36607142812500004
0 0.7983333328125 0.33928571406249997 0.8033333328125 0.3303571421875 0.8066666671875 0.2946428578125 0.7983333328125 0.2797619046875 0.7783333328125 0.2797619046875 0.76 0.30654761875 0.7783333328125 0.33928571406249997 0.7849999999999999 0.3452380953125 0.79 0.3422619046875 0.7983333328125 0.33928571406249997
0 0.73 0.2708333328125 0.7416666671875001 0.2916666671875 0.755 0.30357142812500004 0.76 0.3005952375 0.77 0.2827380953125 0.77 0.264880953125 0.7766666671875 0.25892857187499996 0.7766666671875 0.22916666718749998 0.7683333328125 0.2142857140625 0.7516666671875 0.2142857140625 0.74 0.23511904687500002 0.74 0.24107142812500001 0.73 0.264880953125 0.73 0.2708333328125
0 0.7150000000000001 0.2619047625 0.7266666671875 0.25892857187499996 0.7333333328125 0.24107142812500001 0.7333333328125 0.2232142859375 0.725 0.20833333281250002 0.7150000000000001 0.20238095312499998 0.7116666671874999 0.20833333281250002 0.705 0.20833333281250002 0.6966666671875 0.2232142859375 0.6966666671875 0.23511904687500002 0.7083333328125 0.25595238125 0.7150000000000001 0.2619047625
0 0.7016666671875 0.2142857140625 0.71 0.19345238125 0.7066666671874999 0.18154761875 0.6950000000000001 0.1666666671875 0.6783333328125 0.17261904687500002 0.67 0.19345238125 0.67 0.2053571421875 0.6816666671875 0.2202380953125 0.6966666671875 0.2172619046875 0.7016666671875 0.2142857140625
0 0.74 0.22916666718749998 0.75 0.2172619046875 0.7466666671875 0.19345238125 0.7416666671875001 0.184523809375 0.725 0.184523809375 0.72 0.19345238125 0.72 0.2053571421875 0.725 0.20833333281250002 0.7333333328125 0.2232142859375 0.735 0.2321428578125 0.74 0.22916666718749998
0 0.7766666671875 0.2172619046875 0.7866666671875 0.2053571421875 0.7866666671875 0.1875 0.7783333328125 0.1666666671875 0.7616666671875 0.1666666671875 0.7533333328125 0.18154761875 0.75 0.2053571421875 0.755 0.2142857140625 0.7683333328125 0.2142857140625 0.7716666671875 0.2202380953125 0.7766666671875 0.2172619046875
0 0.8133333328125 0.24107142812500001 0.8133333328125 0.22916666718749998 0.8099999999999999 0.2172619046875 0.8016666671875001 0.20833333281250002 0.7849999999999999 0.20833333281250002 0.7766666671875 0.2232142859375 0.7766666671875 0.23511904687500002 0.7816666671875 0.25 0.8099999999999999 0.247023809375 0.8133333328125 0.24107142812500001
0 0.8016666671875001 0.25 0.7849999999999999 0.25 0.7733333328125 0.2708333328125 0.775 0.2797619046875 0.7983333328125 0.2797619046875 0.8083333328125001 0.297619046875 0.8099999999999999 0.2946428578125 0.8133333328125 0.27678571406249997 0.8016666671875001 0.25
0 0.835 0.297619046875 0.8383333328125 0.30357142812500004 0.8400000000000001 0.3005952375 0.8466666671875 0.2886904765625 0.8466666671875 0.27678571406249997 0.85 0.2708333328125 0.8466666671875 0.252976190625 0.8416666671874999 0.24404761874999997 0.8216666671875 0.2380952375 0.8133333328125 0.252976190625 0.8133333328125 0.2827380953125 0.8166666671874999 0.2946428578125 0.835 0.297619046875
0 0.8466666671875 0.3005952375 0.8483333328124999 0.32142857187499996 0.8800000000000001 0.31845238125 0.8833333328125 0.3125 0.875 0.2916666671875 0.8550000000000001 0.2916666671875 0.8466666671875 0.3005952375
0 0.875 0.2916666671875 0.885 0.315476190625 0.9 0.3125 0.9033333328125 0.30654761875 0.9 0.2886904765625 0.885 0.2619047625 0.8783333328125 0.25595238125 0.8616666671875001 0.25595238125 0.8566666671875 0.264880953125 0.8566666671875 0.2827380953125 0.865 0.28571428593750003 0.8683333328125 0.2916666671875 0.875 0.2916666671875
0 0.8266666671875 0.23511904687500002 0.8300000000000001 0.22916666718749998 0.8300000000000001 0.19345238125 0.825 0.184523809375 0.8083333328125001 0.184523809375 0.8 0.1994047625 0.8 0.2053571421875 0.805 0.2142857140625 0.8083333328125001 0.2142857140625 0.8183333328125 0.2380952375 0.8266666671875 0.23511904687500002
0 0.8066666671875 0.18154761875 0.8066666671875 0.1636904765625 0.8016666671875001 0.1547619046875 0.7849999999999999 0.1547619046875 0.78 0.1636904765625 0.78 0.1755952375 0.7866666671875 0.1875 0.7866666671875 0.1994047625 0.8 0.1994047625 0.8066666671875 0.18154761875
0 0.8433333328125 0.3125 0.8316666671874999 0.297619046875 0.8150000000000001 0.297619046875 0.8133333328125 0.30654761875 0.8033333328125 0.3244047625 0.8116666671875 0.3333333328125 0.8266666671875 0.3303571421875 0.8416666671874999 0.327380953125 0.8433333328125 0.3125
0 0.7083333328125 0.0892857140625 0.705 0.0952380953125 0.6966666671875 0.0982142859375 0.6983333328125 0.11309523749999999 0.73 0.110119046875 0.7333333328125 0.0982142859375 0.7283333328125 0.0892857140625 0.7083333328125 0.0892857140625
0 0.6916666671875 0.0892857140625 0.67 0.0922619046875 0.6733333328125 0.110119046875 0.6783333328125 0.11904761875 0.6900000000000001 0.116071428125 0.6966666671875 0.110119046875 0.6966666671875 0.0982142859375 0.6916666671875 0.0892857140625
0 0.6866666671874999 0.0446428578125 0.6783333328125 0.0416666671875 0.675 0.0357142859375 0.6516666671875 0.053571428125 0.6433333328125 0.0744047625 0.6516666671875 0.0892857140625 0.6799999999999999 0.08630952343750001 0.6866666671874999 0.0803571421875 0.6866666671874999 0.0446428578125
0 0.6466666671875 0.0505952375 0.6383333328125 0.0297619046875 0.6216666671875 0.0297619046875 0.6133333328125 0.0446428578125 0.6133333328125 0.0505952375 0.6216666671875 0.077380953125 0.6333333328124999 0.0744047625 0.6416666671875 0.071428571875 0.6466666671875 0.0505952375
0 0.6116666671875 0 0.5966666671875 0.0208333328125 0.5966666671875 0.0386904765625 0.6016666671875 0.047619046875 0.61 0.0446428578125 0.615 0.0416666671875 0.6266666671875 0.0208333328125 0.6216666671875 0 0.6116666671875 0
0 0.5566666671875 0.0505952375 0.5566666671875 0.056547618749999994 0.5650000000000001 0.071428571875 0.5766666671875 0.06845238125 0.5816666671874999 0.059523809375 0.585 0.059523809375 0.5933333328125 0.0386904765625 0.5933333328125 0.0267857140625 0.585 0.00595238125 0.575 0.00595238125 0.5683333328125 0.0119047625 0.5633333328125001 0.0208333328125 0.5633333328125001 0.0386904765625 0.5566666671875 0.0505952375
0 0.5633333328125001 0.0386904765625 0.5633333328125001 0.0208333328125 0.5549999999999999 0.00595238125 0.5416666671875 0.00595238125 0.5333333328125 0.0208333328125 0.5333333328125 0.0386904765625 0.5416666671875 0.053571428125 0.5483333328125 0.059523809375 0.5533333328125 0.056547618749999994 0.5633333328125001 0.0386904765625
0 0.6 0.0922619046875 0.61 0.0803571421875 0.61 0.0744047625 0.6016666671875 0.059523809375 0.5883333328125 0.053571428125 0.5733333328125 0.0744047625 0.5733333328125 0.0803571421875 0.5883333328125 0.10119047656249999 0.6 0.0982142859375 0.6 0.0922619046875
0 0.5966666671875 0.1041666671875 0.5966666671875 0.110119046875 0.6016666671875 0.11904761875 0.6266666671875 0.116071428125 0.6383333328125 0.11309523749999999 0.6466666671875 0.0922619046875 0.6466666671875 0.08630952343750001 0.6383333328125 0.071428571875 0.635 0.077380953125 0.6183333328125 0.077380953125 0.615 0.08333333281250001 0.6083333328125 0.08333333281250001 0.6016666671875 0.0892857140625 0.5966666671875 0.1041666671875
0 0.5166666671875 0.110119046875 0.5166666671875 0.0982142859375 0.5083333328124999 0.08333333281250001 0.4883333328125 0.08333333281250001 0.48 0.1041666671875 0.48166666718749995 0.13095238125 0.5133333328125 0.127976190625 0.52 0.116071428125 0.5166666671875 0.110119046875
0 0.4483333328125 0.13095238125 0.4516666671875 0.125 0.4583333328125 0.13095238125 0.47000000000000003 0.127976190625 0.4733333328125 0.12202380937499999 0.4733333328125 0.1041666671875 0.4683333328125 0.0952380953125 0.46166666718749994 0.0952380953125 0.4583333328125 0.0892857140625 0.445 0.0952380953125 0.4266666671875 0.116071428125 0.4266666671875 0.12202380937499999 0.43166666718749996 0.13095238125 0.4483333328125 0.13095238125
0 0.4216666671875 0.11309523749999999 0.43 0.110119046875 0.43499999999999994 0.10119047656249999 0.43833333281250003 0.10119047656249999 0.44333333281250004 0.0922619046875 0.44333333281250004 0.08630952343750001 0.43499999999999994 0.065476190625 0.425 0.065476190625 0.4183333328125 0.059523809375 0.4066666671875 0.0803571421875 0.4066666671875 0.08630952343750001 0.4216666671875 0.11309523749999999
0 0.42000000000000004 0.0386904765625 0.40833333281249995 0.0238095234375 0.395 0.0238095234375 0.38333333281250004 0.0446428578125 0.38333333281250004 0.0505952375 0.3983333328125 0.077380953125 0.41 0.0744047625 0.42000000000000004 0.056547618749999994 0.42000000000000004 0.0386904765625
0 0.45 0.0922619046875 0.45499999999999996 0.0892857140625 0.46333333281250005 0.0744047625 0.46666666718750005 0.056547618749999994 0.4583333328125 0.0357142859375 0.445 0.0297619046875 0.43 0.056547618749999994 0.44000000000000006 0.0744047625 0.44000000000000006 0.0803571421875 0.4483333328125 0.0952380953125 0.45 0.0922619046875
0 0.3866666671875 0.0386904765625 0.3916666671875 0.0297619046875 0.4066666671875 0.0208333328125 0.4066666671875 0.008928571875000001 0.4016666671875 0 0.38 0.002976190625 0.37333333281250003 0.0327380953125 0.38166666718750003 0.047619046875 0.3866666671875 0.0446428578125 0.3866666671875 0.0386904765625
0 0.5083333328124999 0.08333333281250001 0.515 0.0952380953125 0.5266666671875 0.0922619046875 0.53 0.08630952343750001 0.53 0.0744047625 0.5366666671875 0.0625 0.5366666671875 0.0446428578125 0.5316666671875 0.0357142859375 0.515 0.0357142859375 0.5 0.056547618749999994 0.4966666671875 0.0744047625 0.5016666671875 0.08333333281250001 0.5083333328124999 0.08333333281250001
0 0.4883333328125 0.0357142859375 0.48166666718749995 0.0297619046875 0.4716666671875 0.0297619046875 0.46333333281250005 0.0446428578125 0.4716666671875 0.065476190625 0.485 0.077380953125 0.4933333328125 0.0744047625 0.4933333328125 0.0505952375 0.4883333328125 0.0357142859375
0 0.5166666671875 0.0208333328125 0.5083333328124999 0.00595238125 0.495 0.00595238125 0.48666666718749996 0.014880953124999999 0.48666666718749996 0.0327380953125 0.495 0.053571428125 0.5033333328125 0.0505952375 0.5166666671875 0.0327380953125 0.5166666671875 0.0208333328125
0 0.48666666718749996 0.08630952343750001 0.48666666718749996 0.0803571421875 0.475 0.065476190625 0.4683333328125 0.065476190625 0.4566666671875 0.08630952343750001 0.4683333328125 0.0952380953125 0.4733333328125 0.1041666671875 0.4733333328125 0.110119046875 0.4766666671875 0.110119046875 0.48666666718749996 0.08630952343750001
0 0.5533333328125 0.116071428125 0.5533333328125 0.110119046875 0.545 0.0952380953125 0.5383333328125001 0.0892857140625 0.5283333328125 0.0892857140625 0.52 0.1041666671875 0.5216666671875 0.11904761875 0.5283333328125 0.125 0.54 0.12202380937499999 0.5533333328125 0.116071428125
0 0.5900000000000001 0.1041666671875 0.5816666671874999 0.0892857140625 0.5683333328125 0.0892857140625 0.5566666671875 0.1041666671875 0.5566666671875 0.116071428125 0.5616666671874999 0.125 0.5833333328125 0.12202380937499999 0.5900000000000001 0.116071428125 0.5900000000000001 0.1041666671875
0 0.42000000000000004 0.110119046875 0.40499999999999997 0.0892857140625 0.3916666671875 0.0952380953125 0.38 0.116071428125 0.38 0.12202380937499999 0.385 0.13095238125 0.4166666671875 0.127976190625 0.42000000000000004 0.12202380937499999 0.42000000000000004 0.110119046875
0 0.38 0.116071428125 0.4 0.08630952343750001 0.3716666671875 0.0357142859375 0.365 0.0297619046875 0.3516666671875 0.0357142859375 0.3433333328125 0.0505952375 0.3433333328125 0.06845238125 0.3466666671875 0.0803571421875 0.3583333328125 0.0892857140625 0.375 0.11904761875 0.38 0.116071428125
0 0.3383333328125 0.065476190625 0.33999999999999997 0.0625 0.33999999999999997 0.056547618749999994 0.35 0.0386904765625 0.3533333328125 0.0208333328125 0.3416666671875 0.00595238125 0.33166666718750004 0.00595238125 0.3233333328125 0.0208333328125 0.3233333328125 0.0267857140625 0.32999999999999996 0.0386904765625 0.32999999999999996 0.0505952375 0.3383333328125 0.065476190625
0 0.29 0.0505952375 0.29 0.0803571421875 0.305 0.10119047656249999 0.3116666671875 0.10119047656249999 0.315 0.10714285781249999 0.32999999999999996 0.1041666671875 0.335 0.0952380953125 0.3383333328125 0.0952380953125 0.3433333328125 0.0803571421875 0.32999999999999996 0.0505952375 0.3266666671875 0.0327380953125 0.3183333328125 0.0238095234375 0.305 0.0238095234375 0.2983333328125 0.0357142859375 0.29500000000000004 0.0357142859375 0.29 0.0505952375
0 0.2816666671875 0 0.2766666671875 0.014880953124999999 0.2833333328125 0.0386904765625 0.29333333281249996 0.0386904765625 0.3066666671875 0.0208333328125 0.3066666671875 0.008928571875000001 0.3016666671875 0 0.2816666671875 0
0 0.255 0.071428571875 0.265 0.0892857140625 0.27 0.08630952343750001 0.2783333328125 0.08333333281250001 0.2833333328125 0.0744047625 0.2833333328125 0.0386904765625 0.275 0.0178571421875 0.2683333328125 0.0119047625 0.25833333281250004 0.0119047625 0.24 0.0386904765625 0.24 0.056547618749999994 0.24500000000000002 0.065476190625 0.255 0.071428571875
0 0.1883333328125 0 0.18 0.014880953124999999 0.18 0.0386904765625 0.1866666671875 0.0505952375 0.19 0.06845238125 0.20166666718749998 0.0892857140625 0.21000000000000002 0.08630952343750001 0.215 0.077380953125 0.2316666671875 0.065476190625 0.2366666671875 0.056547618749999994 0.2366666671875 0.0505952375 0.23333333281250002 0.0386904765625 0.22833333281249998 0.0357142859375 0.2116666671875 0 0.1883333328125 0
0 0.22999999999999998 0.127976190625 0.26 0.0922619046875 0.26 0.0803571421875 0.255 0.071428571875 0.2483333328125 0.065476190625 0.22833333281249998 0.065476190625 0.21000000000000002 0.0922619046875 0.21000000000000002 0.110119046875 0.2133333328125 0.12202380937499999 0.21833333281249998 0.13095238125 0.22999999999999998 0.127976190625
0 0.30333333281249997 0.110119046875 0.30333333281249997 0.1041666671875 0.29500000000000004 0.0892857140625 0.2883333328125 0.08333333281250001 0.275 0.08333333281250001 0.2666666671875 0.0922619046875 0.2666666671875 0.116071428125 0.2716666671875 0.13095238125 0.29333333281249996 0.127976190625 0.30333333281249997 0.110119046875
0 0.335 0.1369047625 0.36666666718749996 0.133928571875 0.37333333281250003 0.127976190625 0.37333333281250003 0.116071428125 0.3583333328125 0.0892857140625 0.3516666671875 0.08333333281250001 0.34500000000000003 0.08333333281250001 0.335 0.10119047656249999 0.33166666718750004 0.10119047656249999 0.3266666671875 0.116071428125 0.3266666671875 0.12202380937499999 0.335 0.1369047625
0 0.0033333328125 0.0803571421875 0.0066666671875 0.08630952343750001 0.0066666671875 0.1041666671875 0.0116666671875 0.11904761875 0.015 0.11904761875 0.0216666671875 0.13095238125 0.0633333328125 0.127976190625 0.0666666671875 0.12202380937499999 0.0666666671875 0.1041666671875 0.06 0.08630952343750001 0.06 0.0625 0.045 0.0297619046875 0.038333332812499996 0.0238095234375 0.0183333328125 0.0238095234375 0.0066666671875 0.0386904765625 0.0033333328125 0.0505952375 0.0033333328125 0.0803571421875
0 0.015 0 0.0033333328125 0.0267857140625 0.005 0.0357142859375 0.0183333328125 0.0238095234375 0.034999999999999996 0.0238095234375 0.045 0.0357142859375 0.05 0.0327380953125 0.05 0.014880953124999999 0.045 0 0.015 0
0 0.0516666671875 0 0.05 0.014880953124999999 0.0533333328125 0.0208333328125 0.0566666671875 0.0446428578125 0.0616666671875 0.053571428125 0.0666666671875 0.0505952375 0.0783333328125 0.0297619046875 0.08499999999999999 0.0297619046875 0.0883333328125 0.0238095234375 0.0916666671875 0.0297619046875 0.10166666718749999 0.0297619046875 0.10500000000000001 0.0357142859375 0.1066666671875 0.0267857140625 0.095 0 0.0516666671875 0
0 0.12166666718750001 0.125 0.1266666671875 0.12202380937499999 0.13 0.116071428125 0.13 0.1041666671875 0.10166666718749999 0.071428571875 0.0816666671875 0.071428571875 0.0733333328125 0.08630952343750001 0.075 0.11904761875 0.10166666718749999 0.11904761875 0.10500000000000001 0.11309523749999999 0.1116666671875 0.11309523749999999 0.12166666718750001 0.125
0 0.0666666671875 0.0803571421875 0.0716666671875 0.0892857140625 0.0733333328125 0.08630952343750001 0.08499999999999999 0.071428571875 0.10833333281249999 0.071428571875 0.11000000000000001 0.0505952375 0.1066666671875 0.0386904765625 0.10166666718749999 0.0297619046875 0.095 0.0297619046875 0.0916666671875 0.0238095234375 0.0783333328125 0.0297619046875 0.0666666671875 0.0505952375 0.0666666671875 0.0803571421875
0 0.1383333328125 0.00595238125 0.125 0.0119047625 0.1166666671875 0.0267857140625 0.11333333281249999 0.0744047625 0.13333333281249998 0.110119046875 0.13333333281249998 0.12202380937499999 0.1383333328125 0.13095238125 0.17333333281250002 0.127976190625 0.1766666671875 0.12202380937499999 0.1766666671875 0.110119046875 0.16999999999999998 0.08630952343750001 0.1633333328125 0.0744047625 0.16 0.0625 0.16 0.0446428578125 0.15 0.0208333328125 0.15 0.014880953124999999 0.1416666671875 0.0119047625 0.1383333328125 0.00595238125
0 0.51 0.38392857187499996 0.49833333281250003 0.3630952375 0.4883333328125 0.3571428578125 0.48 0.372023809375 0.48 0.38392857187499996 0.4766666671875 0.389880953125 0.4783333328125 0.3988095234375 0.485 0.4047619046875 0.51 0.40178571406249997 0.51 0.38392857187499996
0 0.465 0.315476190625 0.44666666718750003 0.34821428593750003 0.44666666718750003 0.36607142812500004 0.4533333328125 0.377976190625 0.4533333328125 0.389880953125 0.4583333328125 0.3988095234375 0.48 0.3958333328125 0.48 0.377976190625 0.4883333328125 0.3571428578125 0.495 0.3630952375 0.5033333328125 0.360119046875 0.5033333328125 0.3303571421875 0.5 0.31845238125 0.4883333328125 0.30357142812500004 0.475 0.30357142812500004 0.4716666671875 0.315476190625 0.465 0.315476190625