0 0.009803921875 1 0.0302287578125 0.9460784312499999 0.064542484375 0.9779411765624999 0.08905228750000001 0.9779411765624999 0.11519607812499999 0.9607843140625001 0.133986928125 0.91789215625 0.133986928125 0.84926470625 0.125 0.83823529375 0.07271241875 0.8259803921875 0.046568628125 0.848039215625 0.0228758171875 0.893382353125 0.0245098046875 0.9252450984375 0.0049019609375 0.9865196078125 0.0049019609375 1 0.009803921875 1
0 0.1756535953125 0.75 0.14379085 0.7879901953124999 0.1666666671875 0.7977941171875 0.17810457500000001 0.7806372546875 0.1756535953125 0.75
0 0.1307189546875 0.8345588234375001 0.1478758171875 0.828431371875 0.16176470625 0.8075980390625 0.1299019609375 0.796568628125 0.079248365625 0.813725490625 0.11601307187500001 0.7953431375 0.0841503265625 0.784313725 0.0506535953125 0.785539215625 0.0678104578125 0.8235294124999999 0.097222221875 0.8357843140625001 0.1307189546875 0.8345588234375001
0 0.168300653125 0.731617646875 0.15931372500000002 0.7083333328125 0.14297385625 0.69607843125 0.11519607812499999 0.6936274515624999 0.0939542484375 0.703431371875 0.0661764703125 0.723039215625 0.0506535953125 0.7561274515624999 0.053104575 0.7745098046875001 0.132352940625 0.785539215625 0.168300653125 0.731617646875
0 0.12336601250000001 0.659313725 0.133986928125 0.6384803921875 0.1045751640625 0.596813725 0.098856209375 0.546568628125 0.0743464046875 0.5514705875 0.0490196078125 0.6041666671875 0.052287581250000006 0.643382353125 0.07107843124999999 0.6740196078125 0.10294117656249999 0.6752450984375 0.12336601250000001 0.659313725
0 0.08496732031250001 0.5477941171875 0.1004901953125 0.5392156859375 0.114379084375 0.5134803921875 0.098039215625 0.4595588234375 0.1013071890625 0.3860294125 0.0857843140625 0.37254902031250003 0.048202614062499996 0.365196078125 0.0040849671875 0.38725490156250003 0 0.50857843125 0.043300653125 0.544117646875 0.08496732031250001 0.5477941171875
0 0.0392156859375 0.265931371875 0.0506535953125 0.31004902031250003 0.0686274515625 0.339460784375 0.0939542484375 0.37254902031250003 0.1094771234375 0.376225490625 0.14133986875 0.3431372546875 0.167483659375 0.3333333328125 0.17320261406249998 0.28799019531250003 0.16013071875 0.234068628125 0.1478758171875 0.215686275 0.1217320265625 0.19607843125 0.098856209375 0.1936274515625 0.053104575 0.2181372546875 0.0408496734375 0.24142156875 0.0392156859375 0.265931371875
0 0.0236928109375 0.25245097968749997 0.0392156859375 0.2610294125 0.042483659374999996 0.234068628125 0.0547385625 0.215686275 0.11601307187500001 0.1629901953125 0.0955882359375 0.125 0.0661764703125 0.1102941171875 0.0400326796875 0.1127450984375 0.009803921875 0.15073529375 0.0016339875000000001 0.1825980390625 0.0032679734374999997 0.2095588234375 0.0236928109375 0.25245097968749997
0 0.1576797390625 0.0049019609375 0.05392156875 0.001225490625 0.05392156875 0.045343137500000005 0.0661764703125 0.08823529375 0.14379085 0.126225490625 0.1764705875 0.07965686250000001 0.17320261406249998 0.04289215625 0.1576797390625 0.0049019609375
0 0.2434640515625 0.1360294125 0.23692810468749997 0.106617646875 0.2099673203125 0.078431371875 0.1838235296875 0.080882353125 0.1552287578125 0.143382353125 0.16584967343749998 0.15931372500000002 0.1838235296875 0.15441176406249998 0.20669934687499997 0.1642156859375 0.23529411718749998 0.197303921875 0.2434640515625 0.1360294125
0 0.14215686249999998 0.20710784375000002 0.168300653125 0.24142156875 0.20016339843750003 0.23284313750000002 0.23611111093749998 0.23774509843749997 0.23692810468749997 0.2267156859375 0.22875817031249998 0.197303921875 0.2099673203125 0.169117646875 0.1919934640625 0.1568627453125 0.17075163437500002 0.1568627453125 0.15277777812499999 0.171568628125 0.14215686249999998 0.194852940625 0.14215686249999998 0.20710784375000002
0 0.258169934375 0.3860294125 0.26633986875 0.33210784375 0.2826797390625 0.28799019531250003 0.2540849671875 0.23529411718749998 0.2459150328125 0.2475490203125 0.21650326875 0.2450980390625 0.187908496875 0.28799019531250003 0.187908496875 0.3345588234375 0.203431371875 0.35539215625 0.221405228125 0.35539215625 0.258169934375 0.3860294125
0 0.12336601250000001 0.3602941171875 0.1045751640625 0.3860294125 0.098039215625 0.4080882359375 0.098039215625 0.4546568625 0.10620915 0.49142156875 0.116830065625 0.5073529406249999 0.14460784375 0.5220588234375 0.16993464062500002 0.5208333328125 0.19771241875 0.49387254843750006 0.2026143796875 0.4522058828125 0.19771241875 0.4227941171875 0.17320261406249998 0.3958333328125 0.1919934640625 0.39460784375 0.20833333281250002 0.4142156859375 0.215686275 0.3958333328125 0.1952614375 0.348039215625 0.1576797390625 0.3357843140625 0.12336601250000001 0.3602941171875
0 0.20098039218750002 0.50857843125 0.2107843140625 0.5379901953124999 0.2254901953125 0.552696078125 0.2124183 0.4620098046875 0.20506535937499998 0.4485294125 0.1993464046875 0.47181372499999996 0.20098039218750002 0.50857843125
0 0.2475490203125 0.55392156875 0.2467320265625 0.49632352968750004 0.2557189546875 0.49509803906250005 0.2647058828125 0.5575980390625 0.2728758171875 0.5625 0.2900326796875 0.5563725484375001 0.312091503125 0.5306372546875 0.31535947656249996 0.46446078437500005 0.2900326796875 0.4142156859375 0.26879084999999997 0.40196078437500005 0.23774509843749997 0.4044117640625 0.2124183 0.43014705937500003 0.2271241828125 0.5110294125 0.23692810468749997 0.5453431375 0.2475490203125 0.55392156875
0 0.33169934687499997 0.43995097968749997 0.35049019531250003 0.42892156875 0.366013071875 0.4056372546875 0.37418300625 0.3443627453125 0.3455882359375 0.2916666671875 0.303104575 0.28431372499999996 0.2712418296875 0.3174019609375 0.2630718953125 0.373774509375 0.2736928109375 0.40196078437500005 0.30964052343750004 0.438725490625 0.33169934687499997 0.43995097968749997
0 0.1127450984375 0.6139705875 0.14133986875 0.6421568625 0.17320261406249998 0.643382353125 0.18954248437500001 0.6311274515624999 0.1928104578125 0.6115196078125 0.1666666671875 0.609068628125 0.19444444375 0.58210784375 0.1764705875 0.5575980390625 0.16993464062500002 0.528186275 0.125 0.51960784375 0.11356209218749999 0.5294117640625 0.099673203125 0.5625 0.1127450984375 0.6139705875
0 0.151960784375 0.6482843140625 0.15359477187499998 0.6875 0.17320261406249998 0.7169117640625 0.188725490625 0.6372549015625 0.151960784375 0.6482843140625
0 0.2116013078125 0.5955882359375 0.1813725484375 0.7291666671875 0.20915032656250002 0.7536764703125 0.222222221875 0.7120098046875001 0.2450980390625 0.6825980390625 0.2483660125 0.6629901953124999 0.2116013078125 0.5955882359375
0 0.19607843125 0.5772058828125 0.18954248437500001 0.6458333328125 0.15359477187499998 0.6482843140625 0.1568627453125 0.697303921875 0.171568628125 0.7267156859375 0.1454248359375 0.765931371875 0.1470588234375 0.7732843140625 0.1372549015625 0.778186275 0.1405228765625 0.785539215625 0.167483659375 0.759803921875 0.17892156875 0.7328431375 0.2116013078125 0.7450980390625 0.222222221875 0.7120098046875001 0.2450980390625 0.6801470593750001 0.2467320265625 0.6556372546875 0.21486928125000002 0.6127450984375 0.20588235312499997 0.6115196078125 0.203431371875 0.57107843125 0.19607843125 0.5772058828125
0 0.223856209375 0.7120098046875001 0.2124183 0.7463235296875 0.2124183 0.7708333328125 0.221405228125 0.784313725 0.2557189546875 0.7181372546875 0.2189542484375 0.8002450984375 0.2557189546875 0.840686275 0.28431372499999996 0.846813725 0.3169934640625 0.8198529406249999 0.328431371875 0.74142156875 0.30964052343750004 0.6936274515624999 0.2900326796875 0.67892156875 0.27777777812500004 0.6801470593750001 0.2704248359375 0.6274509796875 0.2647058828125 0.6360294125 0.26633986875 0.677696078125 0.241013071875 0.6911764703125 0.223856209375 0.7120098046875001
0 0.329248365625 0.8333333328125001 0.3267973859375 0.8443627453125 0.3513071890625 0.9154411765624999 0.3545751640625 0.8811274515624999 0.329248365625 0.8333333328125001
0 0.3447712421875 1 0.33823529375 0.97426470625 0.34150326875000003 0.9227941171875 0.312091503125 0.8370098046875001 0.3006535953125 0.8443627453125 0.294934640625 0.875 0.28676470625 0.8529411765624999 0.258986928125 0.85539215625 0.23366013125 0.91789215625 0.23366013125 0.9522058828125 0.2483660125 0.9938725484375001 0.257352940625 1 0.3014705875 1 0.3259803921875 0.9877450984375 0.330882353125 1 0.3447712421875 1
0 0.1372549015625 0.91789215625 0.16013071875 0.9473039218749999 0.16176470625 0.984068628125 0.16993464062500002 1 0.17320261406249998 0.9522058828125 0.21486928125000002 0.9411764703125 0.24019607812500002 0.890931371875 0.2450980390625 0.846813725 0.2263071890625 0.8186274515624999 0.21650326875 0.830882353125 0.2099673203125 0.813725490625 0.16584967343749998 0.8088235296875 0.13888888906250002 0.8639705875000001 0.1372549015625 0.91789215625
0 0.3521241828125 0.8627450984375 0.3790849671875 0.8639705875000001 0.40277777812500004 0.8602941171875 0.421568628125 0.8419117640625 0.428104575 0.7610294125 0.41830065312500003 0.7291666671875 0.40114379062500005 0.7083333328125 0.3684640515625 0.71323529375 0.34068627500000004 0.740196078125 0.328431371875 0.768382353125 0.328431371875 0.8247549015625 0.3521241828125 0.8627450984375
0 0.3235294125 0.623774509375 0.295751634375 0.6556372546875 0.294117646875 0.6703431375 0.3276143796875 0.7279411765625 0.3431372546875 0.7291666671875 0.37254902031250003 0.7046568625 0.383986928125 0.6654411765625 0.3799019609375 0.6568627453125 0.349673203125 0.6482843140625 0.3815359484375 0.6470588234375 0.383986928125 0.6360294125 0.365196078125 0.60539215625 0.34068627500000004 0.5931372546875 0.3267973859375 0.6041666671875 0.3235294125 0.623774509375
0 0.491830065625 0.7095588234375 0.49673202656250004 0.660539215625 0.47467320312499994 0.6225490203125 0.4485294125 0.634803921875 0.41176470624999995 0.6727941171875 0.41830065312500003 0.721813725 0.44117647031249996 0.7463235296875 0.4844771234375 0.7254901953124999 0.491830065625 0.7095588234375
0 0.42483660156249997 0.7904411765625 0.4232026140625 0.8272058828125 0.42892156875 0.8455882359375 0.453431371875 0.8357843140625001 0.43300653593750005 0.8615196078125 0.453431371875 0.8995098046875001 0.4852941171875 0.9129901953124999 0.508986928125 0.901960784375 0.51960784375 0.8860294124999999 0.534313725 0.846813725 0.5392156859375 0.8075980390625 0.527777778125 0.7610294125 0.5155228765625 0.7426470593750001 0.49264705937500003 0.7279411765625 0.4681372546875 0.7279411765625 0.43464052343750004 0.7610294125 0.42483660156249997 0.7904411765625
0 0.5049019609375 0.7291666671875 0.5302287578125 0.7622549015625 0.5514705875 0.7647058828125 0.55228758125 0.714460784375 0.544117646875 0.6948529406249999 0.553104575 0.686274509375 0.560457515625 0.7634803921875 0.571895425 0.765931371875 0.5931372546875 0.7438725484375001 0.6029411765625 0.70710784375 0.57271241875 0.688725490625 0.546568628125 0.6397058828125 0.5236928109375001 0.6372549015625 0.5130718953125 0.6580882359375 0.544117646875 0.6899509796875 0.5073529406249999 0.669117646875 0.5016339875 0.6899509796875 0.5049019609375 0.7291666671875
0 0.5580065359375 0.8186274515624999 0.5547385625000001 0.794117646875 0.542483659375 0.8100490203125 0.5326797390625 0.8615196078125 0.544117646875 0.9056372546875 0.5735294125 0.9325980390625 0.5866013078125001 0.9963235296875 0.58986928125 0.9399509796875 0.6209150328125 0.9080882359375 0.6290849671875 0.8786764703125 0.6111111109375 0.8786764703125 0.635620915625 0.8517156859374999 0.6307189546874999 0.8272058828125 0.598856209375 0.7745098046875001 0.57271241875 0.76960784375 0.560457515625 0.7830882359375 0.5580065359375 0.8186274515624999
0 0.5767973859375 1 0.5767973859375 0.9791666671874999 0.563725490625 0.9350490203125 0.53349673125 0.8995098046875001 0.5155228765625 0.8995098046875001 0.49428104531250006 0.9142156859374999 0.47385620937499995 0.95710784375 0.47630718906249997 1 0.5767973859375 1
0 0.6846405234375 1 0.704248365625 0.95710784375 0.6993464046875 0.9056372546875 0.6756535953125 0.8774509796875 0.6658496734375 0.875 0.6560457515625 0.8872549015625 0.6495098046875001 0.8725490203125 0.634803921875 0.8774509796875 0.6127450984375 0.9252450984375 0.6209150328125 0.9669117640625 0.651143790625 1 0.6846405234375 1
0 0.6013071890624999 0.7634803921875 0.6184640515625001 0.8088235296875 0.651960784375 0.8296568625 0.6797385625000001 0.8051470593750001 0.689542484375 0.7536764703125 0.6846405234375 0.7291666671875 0.667483659375 0.7009803921875 0.6552287578125 0.6948529406249999 0.659313725 0.7254901953124999 0.64460784375 0.69607843125 0.6364379078125 0.6936274515624999 0.6111111109375 0.7120098046875001 0.6013071890624999 0.7634803921875
0 0.582516340625 0.5318627453125 0.57271241875 0.5318627453125 0.545751634375 0.6017156859375 0.5588235296875 0.6654411765625 0.5890522875 0.6985294125 0.6184640515625001 0.7009803921875 0.6397058828125 0.688725490625 0.6552287578125 0.7046568625 0.651960784375 0.6801470593750001 0.678104575 0.6384803921875 0.6830065359375 0.61642156875 0.6830065359375 0.5845588234375 0.671568628125 0.5477941171875 0.651143790625 0.5220588234375 0.6364379078125 0.5220588234375 0.6225490203125 0.5551470593750001 0.60866013125 0.563725490625 0.582516340625 0.5318627453125
0 0.723039215625 0.6372549015625 0.6944444437499999 0.677696078125 0.69607843125 0.748774509375 0.7099673203125 0.776960784375 0.71650326875 0.776960784375 0.7287581703125 0.7634803921875 0.7377450984375 0.7279411765625 0.7254901953124999 0.785539215625 0.759803921875 0.7953431375 0.78349673125 0.784313725 0.795751634375 0.75857843125 0.7908496734375 0.6752450984375 0.78513071875 0.669117646875 0.760620915625 0.67892156875 0.776143790625 0.660539215625 0.7622549015625 0.6495098046875001 0.7459150328125 0.6740196078125 0.75 0.6458333328125 0.723039215625 0.6372549015625
0 0.7254901953124999 0.7953431375 0.723856209375 0.8272058828125 0.73202614375 0.8517156859374999 0.7459150328125 0.875 0.7630718953125 0.8786764703125 0.8227124187499999 0.8529411765624999 0.8496732031249999 0.8247549015625 0.8447712421875 0.7830882359375 0.829248365625 0.7573529406249999 0.8096405234375 0.7622549015625 0.813725490625 0.748774509375 0.7998366015625 0.7426470593750001 0.792483659375 0.7708333328125 0.776960784375 0.7916666671875 0.7254901953124999 0.7953431375
0 0.8954248359375001 0.6899509796875 0.8978758171875001 0.715686275 0.8864379078125 0.6985294125 0.85702614375 0.7107843140625 0.8513071890624999 0.7267156859375 0.8774509796875 0.7438725484375001 0.85539215625 0.7426470593750001 0.85620915 0.7732843140625 0.8668300656250001 0.784313725 0.8717320265625 0.7745098046875001 0.8725490203125 0.79289215625 0.89297385625 0.8186274515624999 0.9248366015625 0.8296568625 0.9444444437499999 0.8198529406249999 0.938725490625 0.8039215687500001 0.955065359375 0.813725490625 0.972222221875 0.778186275 0.9705882359375 0.751225490625 0.957516340625 0.751225490625 0.9689542484375 0.7389705875 0.9624183000000001 0.714460784375 0.9158496734374999 0.6813725484375001 0.8954248359375001 0.6899509796875
0 0.8774509796875 0.846813725 0.8790849671875 0.8958333328125001 0.8995098046875001 0.936274509375 0.921568628125 0.95710784375 0.9281045750000001 0.998774509375 0.9346405234375 1 0.9330065359375 0.95710784375 0.9697712421875 0.9411764703125 0.9852941171875 0.9129901953124999 0.98202614375 0.856617646875 0.9697712421875 0.83823529375 0.9583333328125001 0.8431372546875 0.9452614374999999 0.8259803921875 0.9338235296875 0.8357843140625001 0.89133986875 0.8235294124999999 0.8774509796875 0.846813725
0 0.8366013078125001 0.653186275 0.840686275 0.580882353125 0.8014705875000001 0.60539215625 0.7892156859375 0.6360294125 0.7998366015625 0.6495098046875001 0.8366013078125001 0.653186275
0 0.8709150328125 0.653186275 0.8864379078125 0.651960784375 0.9003267968750001 0.623774509375 0.9052287578125 0.572303921875 0.8962418296875001 0.544117646875 0.8848039218749999 0.544117646875 0.8823529406249999 0.52573529375 0.8635620921875 0.5122549015625 0.848039215625 0.5796568625 0.8447712421875 0.6482843140625 0.8709150328125 0.653186275
0 0.776143790625 0.4791666671875 0.8031045750000001 0.5 0.828431371875 0.498774509375 0.84150326875 0.4889705875 0.8243464046875 0.4681372546875 0.7998366015625 0.46568627500000004 0.776143790625 0.4791666671875
0 0.8447712421875 0.5674019609375 0.848039215625 0.5061274515624999 0.760620915625 0.5 0.7532679734375 0.518382353125 0.758169934375 0.5625 0.78513071875 0.6004901953124999 0.8039215687500001 0.6041666671875 0.830882353125 0.590686275 0.8447712421875 0.5674019609375
0 0.69771241875 0.5379901953124999 0.7287581703125 0.5061274515624999 0.7483660125 0.44975490156250003 0.7450980390625 0.3982843140625 0.71650326875 0.367647059375 0.6642156859375 0.3799019609375 0.6388888890625 0.4375 0.6388888890625 0.4791666671875 0.6470588234375 0.50857843125 0.669117646875 0.534313725 0.69771241875 0.5379901953124999
0 0.563725490625 0.33210784375 0.5751633984375 0.3639705875 0.571895425 0.4080882359375 0.579248365625 0.419117646875 0.6176470593750001 0.427696078125 0.6323529406249999 0.3517156859375 0.6405228765625 0.3541666671875 0.6405228765625 0.373774509375 0.6315359484374999 0.421568628125 0.6552287578125 0.3884803921875 0.66013071875 0.3345588234375 0.6397058828125 0.2892156859375 0.6102941171875 0.2818627453125 0.582516340625 0.2990196078125 0.563725490625 0.33210784375
0 0.6552287578125 0.3125 0.6642156859375 0.365196078125 0.6911764703125 0.3688725484375 0.73202614375 0.339460784375 0.7434640515625001 0.27573529375 0.73120915 0.25245097968749997 0.703431371875 0.23529411718749998 0.688725490625 0.23529411718749998 0.670751634375 0.259803921875 0.6740196078125 0.23774509843749997 0.651143790625 0.2450980390625 0.6307189546874999 0.2830882359375 0.6552287578125 0.3125
0 0.5171568625 0.453431371875 0.542483659375 0.4522058828125 0.5653594765625 0.42524509843749997 0.5751633984375 0.36642156875 0.5580065359375 0.328431371875 0.53349673125 0.313725490625 0.5171568625 0.31617647031249996 0.491830065625 0.3419117640625 0.47385620937499995 0.37867647031249996 0.47222222187499996 0.3982843140625 0.49918300625 0.44117647031249996 0.5171568625 0.453431371875
0 0.4583333328125 0.5686274515624999 0.47303921562499995 0.5686274515624999 0.47222222187499996 0.58210784375 0.48120915000000003 0.5955882359375 0.5130718953125 0.6041666671875 0.5400326796875 0.590686275 0.5571895421875 0.5625 0.5653594765625 0.5306372546875 0.560457515625 0.47181372499999996 0.5498366015625 0.453431371875 0.5155228765625 0.455882353125 0.4779411765625 0.421568628125 0.44607843125 0.47181372499999996 0.44607843125 0.5453431375 0.4583333328125 0.5686274515624999
0 0.3513071890625 0.43504902031250003 0.3366013078125 0.501225490625 0.3431372546875 0.528186275 0.3602941171875 0.55392156875 0.3799019609375 0.5686274515624999 0.40196078437500005 0.5674019609375 0.4166666671875 0.552696078125 0.40931372499999996 0.5147058828125 0.4240196078125 0.5416666671875 0.436274509375 0.5232843140625 0.44281045781249995 0.4595588234375 0.4240196078125 0.4166666671875 0.4060457515625 0.40196078437500005 0.3864379078125 0.39950980468749997 0.3684640515625 0.40931372499999996 0.3513071890625 0.43504902031250003
0 0.5073529406249999 0.30392156875 0.55392156875 0.31495097968749997 0.598039215625 0.2806372546875 0.60620915 0.2267156859375 0.5996732031249999 0.194852940625 0.579248365625 0.15931372500000002 0.561274509375 0.14215686249999998 0.53676470625 0.1372549015625 0.49673202656250004 0.177696078125 0.4852941171875 0.2193627453125 0.4869281046875 0.2610294125 0.5073529406249999 0.30392156875
0 0.6993464046875 0.2095588234375 0.7091503265625 0.2095588234375 0.7385620921875 0.17279411718749998 0.7450980390625 0.11642156875000001 0.723039215625 0.0661764703125 0.688725490625 0.0588235296875 0.65849673125 0.089460784375 0.651960784375 0.1654411765625 0.667483659375 0.20098039218750002 0.687091503125 0.2107843140625 0.7017973859375 0.16176470625 0.6993464046875 0.2095588234375
0 0.8521241828124999 0 0.85620915 0.12377450937500001 0.8856209156249999 0.1311274515625 0.918300653125 0.1115196078125 0.919934640625 0.035539215624999995 0.902777778125 0.0024509796875 0.8521241828124999 0
0 0.9673202609375 0.1458333328125 0.955065359375 0.132352940625 0.919117646875 0.125 0.8790849671875 0.16789215625 0.8790849671875 0.18504902031249998 0.8897058828125 0.20098039218750002 0.9428104578125 0.2120098046875 0.9673202609375 0.17279411718749998 0.9673202609375 0.1458333328125
0 0.9248366015625 0.3443627453125 0.9321895421875 0.365196078125 0.9509803921875 0.3639705875 0.9583333328125001 0.348039215625 0.9248366015625 0.3443627453125
0 0.8978758171875001 0.311274509375 0.89460784375 0.294117646875 0.919117646875 0.328431371875 0.9673202609375 0.33700980468749997 0.973856209375 0.319852940625 0.972222221875 0.265931371875 0.9436274515624999 0.215686275 0.9044117640625 0.215686275 0.8676470593750001 0.2561274515625 0.8717320265625 0.26960784375 0.8872549015625 0.265931371875 0.87418300625 0.28799019531250003 0.8799019609375 0.30882352968750004 0.8978758171875001 0.311274509375
0 0.8349673203125001 0.4080882359375 0.83986928125 0.43259803906250005 0.8611111109375 0.447303921875 0.8676470593750001 0.41789215625000004 0.8521241828124999 0.348039215625 0.8349673203125001 0.3884803921875 0.8349673203125001 0.4080882359375
0 0.8774509796875 0.44485294062499997 0.8905228765625001 0.44975490156250003 0.918300653125 0.41789215625000004 0.9297385625000001 0.3639705875 0.9109477125 0.3235294125 0.8831699343749999 0.311274509375 0.8684640515625001 0.3186274515625 0.8594771234374999 0.339460784375 0.8700980390625 0.39950980468749997 0.8766339875 0.37745097968749997 0.8872549015625 0.376225490625 0.8774509796875 0.44485294062499997
0 0.901143790625 0.5122549015625 0.9133986921874999 0.515931371875 0.98120915 0.4779411765625 0.9901960781250001 0.44975490156250003 1 0.447303921875 0.9779411765624999 0.38725490156250003 0.955065359375 0.3700980390625 0.9321895421875 0.367647059375 0.9166666671874999 0.4227941171875 0.8839869281249999 0.45710784374999996 0.8872549015625 0.49142156875 0.901143790625 0.5122549015625
0 0.7916666671875 0.4068627453125 0.813725490625 0.4080882359375 0.8333333328125001 0.3982843140625 0.8496732031249999 0.32475490156250003 0.8349673203125001 0.32475490156250003 0.846405228125 0.3125 0.8423202609375 0.294117646875 0.8096405234375 0.28431372499999996 0.7875816999999999 0.30024509843749997 0.7892156859375 0.339460784375 0.76960784375 0.38357843125 0.7916666671875 0.4068627453125
0 0.7614379078125 0.29289215625 0.7712418296875 0.285539215625 0.7671568625 0.27450980468749997 0.7434640515625001 0.2708333328125 0.7475490203125 0.2916666671875 0.7614379078125 0.29289215625
0 0.7875816999999999 0.3419117640625 0.7875816999999999 0.319852940625 0.776960784375 0.294117646875 0.7426470593750001 0.3014705875 0.73366013125 0.33700980468749997 0.715686275 0.3615196078125 0.7483660125 0.393382353125 0.7720588234375 0.375 0.7875816999999999 0.3419117640625
0 0.9852941171875 0.6115196078125 0.9869281046875 0.5649509796875 0.9517973859375 0.5245098046875001 0.9044117640625 0.53676470625 0.8986928109375001 0.5477941171875 0.9068627453125 0.596813725 0.8986928109375001 0.6311274515624999 0.919117646875 0.6470588234375 0.954248365625 0.6458333328125 0.9852941171875 0.6115196078125
0 0.74918300625 0.39460784375 0.7467320265625 0.46446078437500005 0.776143790625 0.4767156859375 0.794117646875 0.4620098046875 0.795751634375 0.43259803906250005 0.7704248359375 0.3897058828125 0.74918300625 0.39460784375
0 0.7622549015625 0.6421568625 0.776143790625 0.640931371875 0.78676470625 0.634803921875 0.7990196078125 0.606617646875 0.7736928109375001 0.590686275 0.759803921875 0.5698529406249999 0.7516339875 0.528186275 0.7459150328125 0.526960784375 0.7287581703125 0.5575980390625 0.7271241828125 0.596813725 0.7475490203125 0.6299019609375 0.7622549015625 0.6421568625
0 0.329248365625 0.25 0.3366013078125 0.22426470625 0.36274509843749997 0.18995097968750002 0.3611111109375 0.1825980390625 0.3374183 0.1666666671875 0.3014705875 0.17892156875 0.28431372499999996 0.2267156859375 0.2875817 0.248774509375 0.30555555624999997 0.25857843125 0.329248365625 0.25
0 0.3962418296875 0.169117646875 0.37826797343749996 0.1740196078125 0.3684640515625 0.19607843125 0.35049019531250003 0.20588235312499997 0.3333333328125 0.23651960781249998 0.3333333328125 0.24632352968750001 0.34150326875000003 0.248774509375 0.3333333328125 0.251225490625 0.33169934687499997 0.265931371875 0.3390522875 0.28676470625 0.36274509843749997 0.3075980390625 0.419934640625 0.2708333328125 0.3880718953125 0.2475490203125 0.420751634375 0.2647058828125 0.4240196078125 0.242647059375 0.438725490625 0.242647059375 0.44934640468750003 0.25367647031249996 0.455065359375 0.2818627453125 0.46405228750000005 0.234068628125 0.44771241875 0.18504902031249998 0.3962418296875 0.169117646875
0 0.3709150328125 0.1115196078125 0.366013071875 0.0870098046875 0.348856209375 0.0588235296875 0.32271241875 0.044117646875 0.3080065359375 0.044117646875 0.294117646875 0.057598039062499995 0.2826797390625 0.0845588234375 0.28513071874999996 0.132352940625 0.36274509843749997 0.1482843140625 0.3709150328125 0.1115196078125
0 0.222222221875 0.08210784374999999 0.2459150328125 0.044117646875 0.259803921875 0.04289215625 0.259803921875 0.0036764703125 0.1740196078125 0 0.171568628125 0.035539215624999995 0.1838235296875 0.063725490625 0.21323529375 0.0245098046875 0.2271241828125 0.018382353125 0.19607843125 0.069852940625 0.222222221875 0.08210784374999999
0 0.2916666671875 0.0514705875 0.3243464046875 0.044117646875 0.3513071890625 0.055147059374999995 0.348856209375 0 0.2794117640625 0.0036764703125 0.27777777812500004 0.028186275 0.2916666671875 0.0514705875
0 0.6282679734375 0.117647059375 0.6454248359375 0.0943627453125 0.6666666671875 0.0477941171875 0.670751634375 0 0.5506535953125 0.0061274515625 0.5506535953125 0.0649509796875 0.5571895421875 0.0870098046875 0.590686275 0.1299019609375 0.6013071890624999 0.1286764703125 0.6282679734375 0.117647059375