0 0.09609375 0.29921875 0.18125 0.178125
0 0.259375 0.3484375 0.2671875 0.1859375
0 0.5078125 0.32421875 0.203125 0.19375
0 0.68359375 0.41015625 0.2859375 0.1859375
0 0.74609375 0.6609375 0.265625 0.2734375
0 0.56171875 0.5515625 0.2890625 0.190625
0 0.24375 0.5515625 0.2625 0.19375
0 0.1421875 0.459375 0.240625 0.1765625
0 0.13515625 0.70703125 0.2609375 0.2140625
0 0.38828125 0.66328125 0.26875 0.2015625
0 0.5484375 0.7609375 0.2796875 0.21875
0 0.76484375 0.1625 0.253125 0.1515625
0 0.8921875 0.25546875 0.215625 0.1671875
0 0.85703125 0.41875 0.190625 0.178125
0 0.925 0.5109375 0.15 0.15625
0 0.8984375 0.66796875 0.1765625 0.2078125
0 0.86796875 0.89609375 0.2390625 0.1828125
0 0.59921875 0.89921875 0.2890625 0.196875
0 0.18671875 0.8140625 0.25625 0.1453125
0 0.2921875 0.9125 0.2671875 0.175
0 0.08828125 0.1296875 0.16875 0.14375
0 0.2984375 0.10078125 0.246875 0.153125
0 0.40703125 0.1625 0.2078125 0.165625
0 0.61328125 0.0921875 0.2328125 0.16875