0 0.4109375 0.365625 0.2265625 0.15625
0 0.65390625 0.359375 0.2265625 0.16875
0 0.85703125 0.4125 0.1875 0.159375
0 0.8390625 0.56796875 0.25 0.184375
0 0.78125 0.76484375 0.215625 0.1640625
0 0.628125 0.9046875 0.2546875 0.16875
0 0.44765625 0.821875 0.234375 0.16875
0 0.28359375 0.7203125 0.253125 0.1953125
0 0.15234375 0.6734375 0.2109375 0.165625
0 0.4765625 0.53515625 0.165625 0.165625
0 0.575 0.5984375 0.1703125 0.1796875
0 0.6328125 0.4984375 0.2046875 0.1671875
0 0.1421875 0.40859375 0.1765625 0.146875
0 0.25 0.48359375 0.2453125 0.165625
0 0.1296875 0.27578125 0.21875 0.1453125
0 0.234375 0.15625 0.1953125 0.15625
0 0.2765625 0.30078125 0.1921875 0.1546875
0 0.3828125 0.215625 0.1921875 0.1359375
0 0.5 0.259375 0.159375 0.153125
0 0.61875 0.18359375 0.15625 0.1609375
0 0.753125 0.23828125 0.1640625 0.171875
0 0.88984375 0.296875 0.1328125 0.1421875
0 0.36640625 0.07890625 0.125 0.121875
0 0.50703125 0.11640625 0.1671875 0.1671875
0 0.7953125 0.9125 0.2296875 0.175
0 0.19966666718749998 0.77175 0.20366666718749998 0.7787499999999999 0.21433333281250003 0.7929999999999999 0.236 0.81225 0.2533333328125 0.8247500000000001 0.264 0.82775 0.3156666671875 0.8227499999999999 0.3306666671875 0.8182499999999999 0.3423333328125 0.8164999999999999 0.3513333328125 0.8130000000000001 0.3543333328125 0.8109999999999999 0.364 0.79425 0.377 0.7787499999999999 0.384 0.772 0.3986666671875 0.7625 0.4046666671875 0.75675 0.41100000000000003 0.7375 0.413 0.7252500000000001 0.41100000000000003 0.70925 0.40700000000000003 0.7 0.399 0.6900000000000001 0.37733333281250003 0.67125 0.368 0.6575 0.359 0.649 0.3546666671875 0.6457499999999999 0.341 0.64375 0.319 0.64725 0.282 0.65025 0.253 0.6585 0.23533333281250002 0.6679999999999999 0.2273333328125 0.67475 0.2096666671875 0.6955 0.20166666718749998 0.70675 0.1963333328125 0.71775 0.1933333328125 0.73375 0.1953333328125 0.75825 0.19966666718749998 0.77175
0 0.689 0.8210000000000001 0.7016666671875 0.83025 0.709 0.8375 0.7183333328125 0.843 0.7223333328125 0.8452500000000001 0.7353333328125 0.8477499999999999 0.7633333328125 0.85 0.7843333328125001 0.85 0.8046666671875 0.8472500000000001 0.8236666671874999 0.8412499999999999 0.8373333328125 0.83575 0.8493333328125001 0.82775 0.8630000000000001 0.8125 0.877 0.7917500000000001 0.881 0.7845 0.8843333328125 0.7745 0.8846666671875001 0.76825 0.8823333328125 0.75675 0.8699999999999999 0.734 0.8573333328125001 0.71925 0.8383333328125 0.70525 0.827 0.70025 0.8093333328125001 0.69425 0.7929999999999999 0.69225 0.7703333328124999 0.6917500000000001 0.749 0.69475 0.7223333328125 0.702 0.713 0.7072499999999999 0.704 0.71475 0.6916666671875 0.728 0.6806666671875 0.7457499999999999 0.6733333328125 0.77225 0.6726666671875 0.7847500000000001 0.6783333328125 0.80175 0.6836666671875 0.8095000000000001 0.689 0.8210000000000001
0 0.5346666671875 0.95 0.5443333328125 0.961 0.5536666671875 0.9682499999999999 0.5763333328125 0.9804999999999999 0.5860000000000001 0.9835 0.6076666671875001 0.9872500000000001 0.6223333328125 0.9880000000000001 0.646 0.98525 0.6703333328125 0.978 0.6836666671875 0.9710000000000001 0.7116666671874999 0.9497500000000001 0.7253333328125 0.93 0.733 0.91075 0.7343333328125 0.8895 0.7326666671875001 0.87375 0.7226666671875 0.85025 0.7126666671875 0.8387499999999999 0.6983333328125 0.82825 0.6786666671875 0.82125 0.6593333328125001 0.81775 0.64 0.81775 0.6266666671875 0.81875 0.5993333328125 0.8230000000000001 0.5860000000000001 0.82675 0.576 0.83125 0.5553333328125001 0.8455 0.5433333328125001 0.857 0.5253333328124999 0.8825 0.5206666671875 0.8960000000000001 0.5206666671875 0.91225 0.5266666671875 0.93725 0.5346666671875 0.95
0 0.5756666671875 0.41 0.5786666671875 0.41624999999999995 0.5853333328125 0.42024999999999996 0.595 0.4225 0.6206666671875001 0.42575 0.6726666671875 0.4255 0.696 0.42774999999999996 0.7103333328125 0.42400000000000004 0.7206666671875 0.41825 0.736 0.41200000000000003 0.742 0.40675 0.7536666671875001 0.392 0.7596666671875 0.3795 0.7616666671875 0.371 0.763 0.34950000000000003 0.7593333328125 0.32825000000000004 0.753 0.3185 0.7463333328124999 0.313 0.7093333328125 0.2975 0.6853333328125 0.29125 0.6683333328125001 0.29100000000000004 0.6403333328125 0.29125 0.6333333328124999 0.29225 0.6223333328125 0.3035 0.5986666671875 0.3115 0.5956666671875 0.31575000000000003 0.5846666671875 0.32325 0.5766666671875 0.33399999999999996 0.5736666671874999 0.34125 0.5693333328125 0.366 0.5703333328125 0.37975 0.5756666671875 0.41
0 0.3066666671875 0.403 0.308 0.41624999999999995 0.31766666718750003 0.41950000000000004 0.3393333328125 0.4305 0.3613333328125 0.43949999999999995 0.3863333328125 0.4455 0.41166666718749995 0.44825 0.4186666671875 0.44825 0.43233333281249997 0.446 0.4446666671875 0.44125 0.45133333281250004 0.43624999999999997 0.466 0.41900000000000004 0.47466666718750006 0.40575 0.4806666671875 0.39125 0.4823333328125 0.37875000000000003 0.48166666718749995 0.36475 0.479 0.353 0.4726666671875 0.3415 0.45 0.308 0.4413333328125 0.3 0.4313333328125 0.29425 0.4176666671875 0.292 0.4046666671875 0.29375 0.3923333328125 0.29825 0.38333333281250004 0.304 0.36266666718749996 0.31325 0.33799999999999997 0.32925 0.32599999999999996 0.3415 0.31433333281250003 0.36150000000000004 0.309 0.3685 0.3046666671875 0.3795 0.3036666671875 0.39049999999999996 0.3066666671875 0.403
0 0.0633333328125 0.321 0.0773333328125 0.32725 0.1 0.34075 0.11333333281249999 0.34575 0.1253333328125 0.34825 0.1393333328125 0.34775 0.157 0.34325 0.1833333328125 0.3335 0.192 0.3285 0.1946666671875 0.319 0.1926666671875 0.29500000000000004 0.1943333328125 0.28125 0.20033333281250001 0.26475 0.2076666671875 0.2535 0.20566666718749999 0.24500000000000002 0.19766666718749998 0.23525000000000001 0.186 0.21575000000000003 0.178 0.20800000000000002 0.1636666671875 0.1985 0.13899999999999998 0.1965 0.1266666671875 0.19775 0.11100000000000002 0.20274999999999999 0.0883333328125 0.21325 0.073 0.22525 0.060333332812499994 0.23925000000000002 0.053000000000000005 0.2515 0.047333332812500004 0.266 0.045 0.27825 0.0463333328125 0.29300000000000004 0.0556666671875 0.316 0.0633333328125 0.321
0 0.92421875 0.75625 0.1515625 0.1546875
0 0.93828125 0.89765625 0.1234375 0.140625
0 0.05703125 0.59296875 0.1140625 0.11875
0 0.08359375 0.53203125 0.1609375 0.10625
0 0.065625 0.0765625 0.128125 0.115625
0 0.09609375 0.17421875 0.1453125 0.121875