0 0.08333333281250001 0.170807453125 0.08653846093749999 0.1832298140625 0.09775641093750001 0.1987577640625 0.121794871875 0.19565217343750002 0.128205128125 0.17701863281250002 0.128205128125 0.1645962734375 0.134615384375 0.1459627328125 0.134615384375 0.1335403734375 0.12339743593750001 0.09937888125 0.11698717968750001 0.09316770156250001 0.10096153906250001 0.09316770156250001 0.0945512828125 0.09937888125 0.08012820468750001 0.1335403734375 0.08333333281250001 0.170807453125
0 0.24038461562500002 0.344720496875 0.24358974375 0.3571428578125 0.2483974359375 0.36645962656250003 0.2548076921875 0.36645962656250003 0.2580128203125 0.3726708078125 0.26923076875 0.3695652171875 0.302884615625 0.36645962656250003 0.3076923078125 0.3571428578125 0.3076923078125 0.3198757765625 0.3044871796875 0.307453415625 0.296474359375 0.28571428593750003 0.283653846875 0.273291925 0.2612179484375 0.273291925 0.2548076921875 0.27950310625 0.24038461562500002 0.313664596875 0.24038461562500002 0.344720496875
0 0.2580128203125 0.27950310625 0.2612179484375 0.273291925 0.286858975 0.273291925 0.29006410312500003 0.27950310625 0.2980769234375 0.276397515625 0.3044871796875 0.257763975 0.3044871796875 0.22670807499999998 0.29326923125 0.20496894375000002 0.2740384609375 0.1987577640625 0.2708333328125 0.20496894375000002 0.2580128203125 0.20496894375000002 0.25 0.22049689374999998 0.24679487187500002 0.257763975 0.25160256406250003 0.273291925 0.2580128203125 0.27950310625
0 0.1923076921875 0.2142857140625 0.18910256406249998 0.22049689374999998 0.18910256406249998 0.24534161562499998 0.2003205125 0.26708074531250003 0.23076923124999998 0.2639751546875 0.23878205156250001 0.260869565625 0.24679487187500002 0.23913043437499998 0.24679487187500002 0.19565217343750002 0.23237179531250002 0.1677018640625 0.2259615390625 0.1677018640625 0.22275641093749998 0.1614906828125 0.2195512828125 0.1677018640625 0.20673076875000002 0.1677018640625 0.1923076921875 0.2018633546875 0.1923076921875 0.2142857140625
0 0.16987179531250002 0.32608695625 0.17628205156250001 0.3385093171875 0.1794871796875 0.3571428578125 0.184294871875 0.36645962656250003 0.19391025625 0.36645962656250003 0.197115384375 0.3726708078125 0.20192307656250003 0.3695652171875 0.22916666718749998 0.36645962656250003 0.2371794875 0.3509316765625 0.2371794875 0.307453415625 0.23237179531250002 0.30434782656250003 0.216346153125 0.273291925 0.20993589687499997 0.26708074531250003 0.1875 0.26708074531250003 0.1730769234375 0.288819875 0.16987179531250002 0.3012422359375 0.16987179531250002 0.32608695625
0 0.3237179484375 0.27018633593749997 0.3237179484375 0.18944099375 0.31891025625 0.1801242234375 0.30608974375 0.192546584375 0.2980769234375 0.20807453437499998 0.3076923078125 0.23913043437499998 0.3076923078125 0.2639751546875 0.31570512812499996 0.27950310625 0.3205128203125 0.276397515625 0.3237179484375 0.27018633593749997
0 0.2644230765625 0.1987577640625 0.2676282046875 0.20496894375000002 0.2708333328125 0.1987577640625 0.286858975 0.1987577640625 0.29006410312500003 0.20496894375000002 0.3012820515625 0.2018633546875 0.31089743593749997 0.17701863281250002 0.3076923078125 0.170807453125 0.3076923078125 0.1521739125 0.296474359375 0.1366459625 0.2708333328125 0.1366459625 0.2644230765625 0.1428571421875 0.25320512812499996 0.170807453125 0.2548076921875 0.20496894375000002 0.2612179484375 0.20496894375000002 0.2644230765625 0.1987577640625
0 0.3044871796875 0.1459627328125 0.3125 0.1801242234375 0.3237179484375 0.17701863281250002 0.3237179484375 0.0962732921875 0.3125 0.09316770156250001 0.3044871796875 0.10869565156250001 0.3044871796875 0.1459627328125
0 0.25641025625 0.05279503125 0.25320512812499996 0.0776397515625 0.2708333328125 0.1304347828125 0.2772435890625 0.1366459625 0.2980769234375 0.1335403734375 0.3012820515625 0.1273291921875 0.3012820515625 0.1149068328125 0.31089743593749997 0.0776397515625 0.3076923078125 0.0465838515625 0.2996794875 0.031055899999999997 0.286858975 0.018633540625 0.2740384609375 0.018633540625 0.2628205125 0.034161490625 0.2628205125 0.0403726703125 0.25641025625 0.05279503125
0 0.190705128125 0.124223603125 0.20192307656250003 0.12111801250000001 0.2115384609375 0.10248447187500001 0.221153846875 0.06521739062500001 0.20352564062499998 0.0248447203125 0.197115384375 0.0248447203125 0.19391025625 0.018633540625 0.177884615625 0.0248447203125 0.1666666671875 0.0465838515625 0.1634615390625 0.071428571875 0.184294871875 0.11801242187500001 0.190705128125 0.124223603125
0 0.1955128203125 0.1832298140625 0.20833333281250002 0.1645962734375 0.20833333281250002 0.1459627328125 0.2003205125 0.124223603125 0.190705128125 0.124223603125 0.1875 0.1304347828125 0.18108974375 0.1304347828125 0.17628205156250001 0.139751553125 0.1826923078125 0.1645962734375 0.19391025625 0.18633540312500002 0.1955128203125 0.1832298140625
0 0.1394230765625 0.1428571421875 0.1730769234375 0.139751553125 0.1794871796875 0.1273291921875 0.1794871796875 0.1149068328125 0.1730769234375 0.0900621125 0.165064103125 0.0807453421875 0.1522435890625 0.0807453421875 0.1490384609375 0.086956521875 0.14262820468749998 0.086956521875 0.13141025625 0.10869565156250001 0.13141025625 0.12111801250000001 0.1394230765625 0.1428571421875
0 0.128205128125 0.170807453125 0.128205128125 0.22049689374999998 0.13621794843749999 0.24223602500000002 0.1490384609375 0.2484472046875 0.1522435890625 0.254658384375 0.1602564109375 0.25155279531249997 0.16826923124999998 0.2484472046875 0.1826923078125 0.22670807499999998 0.1826923078125 0.22049689374999998 0.18910256406249998 0.20807453437499998 0.18910256406249998 0.1832298140625 0.18589743593750002 0.170807453125 0.171474359375 0.1428571421875 0.14262820468749998 0.1428571421875 0.13621794843749999 0.1490683234375 0.128205128125 0.170807453125
0 0.08173076875 0.20496894375000002 0.0673076921875 0.23913043437499998 0.0673076921875 0.2639751546875 0.08012820468750001 0.2826086953125 0.088141025 0.3354037265625 0.0945512828125 0.34161490625 0.1073717953125 0.34161490625 0.11698717968750001 0.3540372671875 0.121794871875 0.3509316765625 0.12660256406249998 0.3478260875 0.141025640625 0.3198757765625 0.141025640625 0.288819875 0.134615384375 0.2639751546875 0.11538461562499999 0.2329192546875 0.11538461562499999 0.2142857140625 0.1105769234375 0.20496894375000002 0.1041666671875 0.1987577640625 0.088141025 0.1987577640625 0.08173076875 0.20496894375000002
0 0.2580128203125 0.79503105625 0.2451923078125 0.807453415625 0.2371794875 0.8229813671875 0.23397435937500002 0.8354037265625 0.23397435937500002 0.8850931671875 0.2371794875 0.8913043484375001 0.2371794875 0.9037267078125 0.2419871796875 0.9130434781250001 0.2451923078125 0.9130434781250001 0.2676282046875 0.944099378125 0.275641025 0.9409937890625001 0.286858975 0.9378881984375 0.3076923078125 0.9037267078125 0.31089743593749997 0.8913043484375001 0.31089743593749997 0.84161490625 0.3076923078125 0.8354037265625 0.3076923078125 0.8229813671875 0.29326923125 0.8012422359375 0.286858975 0.8012422359375 0.283653846875 0.79503105625 0.2580128203125 0.79503105625
0 0.197115384375 0.776397515625 0.1875 0.776397515625 0.184294871875 0.7826086953125 0.171474359375 0.788819875 0.1602564109375 0.8167701859375001 0.1602564109375 0.8788819875 0.1634615390625 0.8913043484375001 0.177884615625 0.9068322984374999 0.20833333281250002 0.9037267078125 0.216346153125 0.90062111875 0.2195512828125 0.8944099375000001 0.2259615390625 0.8944099375000001 0.23076923124999998 0.8850931671875 0.23076923124999998 0.8229813671875 0.22756410312500003 0.8105590062499999 0.2195512828125 0.79503105625 0.20673076875000002 0.7826086953125 0.2003205125 0.7826086953125 0.197115384375 0.776397515625
0 0.1923076921875 0.7484472046875 0.20673076875000002 0.7826086953125 0.213141025 0.7826086953125 0.22275641093749998 0.79503105625 0.23397435937500002 0.791925465625 0.2451923078125 0.7826086953125 0.2628205125 0.742236025 0.266025640625 0.7298136640624999 0.266025640625 0.6801242234375 0.2628205125 0.6677018640625 0.25160256406250003 0.6521739125 0.20993589687499997 0.6521739125 0.19871794843749999 0.6677018640625 0.1923076921875 0.6925465843749999 0.1923076921875 0.7484472046875
0 0.2804487171875 0.79503105625 0.29006410312500003 0.79503105625 0.29326923125 0.8012422359375 0.3205128203125 0.7981366453125001 0.3301282046875 0.791925465625 0.3301282046875 0.686335403125 0.3253205125 0.6770186328125 0.302884615625 0.6770186328125 0.2996794875 0.6832298140625 0.29326923125 0.6832298140625 0.2804487171875 0.6956521734375001 0.275641025 0.711180125 0.275641025 0.7857142859375 0.2804487171875 0.79503105625
0 0.121794871875 0.6925465843749999 0.11858974375 0.70496894375 0.11858974375 0.7298136640624999 0.121794871875 0.7360248453125 0.125 0.760869565625 0.1394230765625 0.788819875 0.1458333328125 0.788819875 0.1490384609375 0.79503105625 0.1666666671875 0.791925465625 0.171474359375 0.7826086953125 0.18108974375 0.776397515625 0.18910256406249998 0.760869565625 0.18910256406249998 0.6987577640625 0.1746794875 0.6645962734374999 0.161858975 0.6521739125 0.1522435890625 0.6521739125 0.1490384609375 0.65838509375 0.13621794843749999 0.6645962734374999 0.121794871875 0.6925465843749999
0 0.057692307812499996 0.70496894375 0.0512820515625 0.7173913046875 0.0512820515625 0.7484472046875 0.0544871796875 0.754658384375 0.057692307812499996 0.77950310625 0.0625 0.788819875 0.0753205125 0.8012422359375 0.096153846875 0.7981366453125001 0.1105769234375 0.7826086953125 0.11538461562499999 0.7670807453124999 0.11538461562499999 0.70496894375 0.10096153906250001 0.6770186328125 0.088141025 0.6770186328125 0.084935896875 0.670807453125 0.078525640625 0.670807453125 0.065705128125 0.6832298140625 0.057692307812499996 0.6987577640625 0.057692307812499996 0.70496894375
0 0.0272435890625 0.8012422359375 0.01923076875 0.8167701859375001 0.0128205125 0.8664596265625001 0.01923076875 0.8913043484375001 0.030448717187500002 0.9130434781250001 0.036858975 0.9192546578125 0.0496794875 0.9192546578125 0.052884615625 0.9254658390625 0.0544871796875 0.9223602484375 0.065705128125 0.9192546578125 0.078525640625 0.8944099375000001 0.08173076875 0.8944099375000001 0.08653846093749999 0.8788819875 0.08333333281250001 0.8726708078125001 0.08333333281250001 0.829192546875 0.065705128125 0.79503105625 0.0496794875 0.788819875 0.046474359375 0.79503105625 0.0272435890625 0.8012422359375
0 0 0.791925465625 0.0048076921875 0.8012422359375 0.0112179484375 0.8012422359375 0.014423076562500001 0.807453415625 0.022435896875 0.8043478265624999 0.030448717187500002 0.79503105625 0.046474359375 0.788819875 0.0544871796875 0.773291925 0.0512820515625 0.760869565625 0.0512820515625 0.7173913046875 0.033653846875 0.68944099375 0.0240384609375 0.68944099375 0.0208333328125 0.6832298140625 0.0048076921875 0.6832298140625 0 0.6925465843749999 0 0.791925465625
0 0.099358975 0.9534161484375 0.08173076875 0.9254658390625 0.059294871875 0.9254658390625 0.046474359375 0.9378881984375 0.0320512828125 0.9720496890625 0.033653846875 1 0.102564103125 0.9968944093750001 0.102564103125 0.965838509375 0.099358975 0.9534161484375
0 0.1298076921875 0.9378881984375 0.1121794875 0.965838509375 0.10576923125 0.9906832296875001 0.1073717953125 1 0.1826923078125 0.9968944093750001 0.17628205156250001 0.9596273296875 0.161858975 0.9378881984375 0.1298076921875 0.9378881984375
0 0.259615384375 0.9534161484375 0.25641025625 0.9409937890625001 0.23557692343749997 0.9068322984374999 0.216346153125 0.9068322984374999 0.197115384375 0.9254658390625 0.1826923078125 0.9534161484375 0.1826923078125 0.9844720499999999 0.1875 1 0.259615384375 0.9968944093750001 0.259615384375 0.9534161484375
0 0.903846153125 0.8043478265624999 0.900641025 0.8105590062499999 0.903846153125 0.8167701859375001 0.903846153125 0.8354037265625 0.911858975 0.8571428578125 0.9246794875000001 0.8695652171875 0.9391025640624999 0.8664596265625001 0.9503205124999999 0.8571428578125 0.9583333328125001 0.829192546875 0.9583333328125001 0.7981366453125001 0.9551282046875 0.7857142859375 0.9375 0.757763975 0.9246794875000001 0.757763975 0.9214743593750001 0.7639751546875 0.908653846875 0.7701863359375001 0.903846153125 0.77950310625 0.903846153125 0.8043478265624999
0 0.8926282046875 0.6956521734375001 0.8862179484375 0.7018633546874999 0.8782051281250001 0.7173913046875 0.8782051281250001 0.742236025 0.8830128203125 0.7515527953125 0.8894230765625 0.7515527953125 0.900641025 0.773291925 0.903846153125 0.7857142859375 0.900641025 0.8105590062499999 0.903846153125 0.8167701859375001 0.903846153125 0.829192546875 0.9102564109375001 0.8540372671875 0.9278846156249999 0.8695652171875 0.9391025640624999 0.8664596265625001 0.94391025625 0.8633540375000001 0.9583333328125001 0.829192546875 0.9583333328125001 0.7981366453125001 0.9551282046875 0.7857142859375 0.9358974359375001 0.754658384375 0.9358974359375001 0.7298136640624999 0.91826923125 0.6956521734375001 0.911858975 0.68944099375 0.908653846875 0.6956521734375001 0.8926282046875 0.6956521734375001
0 0.8509615390624999 1 0.89423076875 0.9968944093750001 0.897435896875 0.9844720499999999 0.897435896875 0.9409937890625001 0.8830128203125 0.9068322984374999 0.8637820515625 0.9068322984374999 0.8605769234375 0.9130434781250001 0.8477564109375001 0.9192546578125 0.8429487171875 0.9285714281249999 0.8397435890624999 0.9409937890625001 0.8397435890624999 0.9720496890625 0.8509615390624999 1
0 0.8092948718749999 0.9937888203125 0.8157051281250001 1 0.8173076921875 0.9968944093750001 0.8285256406249999 0.9937888203125 0.8397435890624999 0.9782608703125 0.8397435890624999 0.9409937890625001 0.846153846875 0.9223602484375 0.846153846875 0.9099378874999999 0.834935896875 0.8944099375000001 0.8092948718749999 0.8944099375000001 0.7948717953125 0.9285714281249999 0.7948717953125 0.9596273296875 0.8092948718749999 0.9937888203125
0 0.6826923078125 0.9037267078125 0.6858974359375 0.9099378874999999 0.6858974359375 0.9223602484375 0.6939102562499999 0.9378881984375 0.7003205125 0.9378881984375 0.703525640625 0.944099378125 0.7051282046875 0.9409937890625001 0.7291666671875 0.9192546578125 0.7371794875 0.9037267078125 0.7371794875 0.8664596265625001 0.733974359375 0.8540372671875 0.7259615390625 0.8385093171875001 0.7195512828124999 0.8385093171875001 0.716346153125 0.8322981359374999 0.6907051281250001 0.8447204968750001 0.6826923078125 0.8664596265625001 0.6826923078125 0.9037267078125
0 0.7483974359375 0.2981366453125 0.7371794875 0.32608695625 0.7387820515625 0.3726708078125 0.8173076921875 0.3695652171875 0.8173076921875 0.3571428578125 0.8205128203125 0.3509316765625 0.8205128203125 0.32608695625 0.8173076921875 0.3198757765625 0.8173076921875 0.307453415625 0.80608974375 0.28571428593750003 0.79326923125 0.273291925 0.7676282046875 0.273291925 0.7516025640625 0.2981366453125 0.7483974359375 0.2981366453125
0 0.73076923125 0.3695652171875 0.733974359375 0.3633540375 0.733974359375 0.3322981359375 0.7467948718749999 0.3012422359375 0.7435897437500001 0.276397515625 0.7195512828124999 0.254658384375 0.7003205125 0.254658384375 0.6875 0.26708074531250003 0.6794871796875 0.2826086953125 0.6794871796875 0.3695652171875 0.73076923125 0.3695652171875
0 0.7083333328125 0.170807453125 0.7083333328125 0.1832298140625 0.7051282046875 0.18944099375 0.7083333328125 0.22049689374999998 0.7227564109375 0.254658384375 0.7355769234375 0.26708074531250003 0.7564102562499999 0.2639751546875 0.7676282046875 0.254658384375 0.772435896875 0.24534161562499998 0.772435896875 0.22670807499999998 0.7628205125 0.19565217343750002 0.7628205125 0.15838509375 0.7548076921875 0.1428571421875 0.7451923078125 0.1428571421875 0.7419871796875 0.1366459625 0.7259615390625 0.1366459625 0.7083333328125 0.170807453125
0 0.6794871796875 0.17701863281250002 0.6875 0.1801242234375 0.6907051281250001 0.18633540312500002 0.7051282046875 0.1832298140625 0.7115384609375 0.15838509375 0.7227564109375 0.1366459625 0.727564103125 0.1335403734375 0.727564103125 0.12111801250000001 0.7179487171875001 0.0900621125 0.7179487171875001 0.0776397515625 0.703525640625 0.049689440625 0.6875 0.049689440625 0.6794871796875 0.06521739062500001 0.6794871796875 0.17701863281250002
0 0.790064103125 0.09937888125 0.7804487171875001 0.11801242187500001 0.7772435890625 0.11801242187500001 0.7628205125 0.1521739125 0.7628205125 0.18944099375 0.772435896875 0.22670807499999998 0.7772435890625 0.2360248453125 0.790064103125 0.2484472046875 0.8141025640624999 0.24534161562499998 0.81891025625 0.24223602500000002 0.8365384609375001 0.20807453437499998 0.8365384609375001 0.19565217343750002 0.8397435890624999 0.18944099375 0.8397435890624999 0.1521739125 0.8333333328125001 0.1273291921875 0.8221153843750001 0.1055900625 0.8157051281250001 0.1055900625 0.8125 0.09937888125 0.790064103125 0.09937888125
0 0.7179487171875001 0.05279503125 0.7179487171875001 0.08385093125000001 0.724358975 0.10869565156250001 0.7387820515625 0.1366459625 0.7483974359375 0.1366459625 0.7516025640625 0.1428571421875 0.7628205125 0.139751553125 0.7676282046875 0.1366459625 0.7884615390625 0.0962732921875 0.7884615390625 0.059006210937500005 0.7852564109375 0.05279503125 0.7852564109375 0.0403726703125 0.7708333328125 0.0124223609375 0.7644230765625 0.0062111796875 0.7419871796875 0.0062111796875 0.724358975 0.0279503109375 0.7179487171875001 0.05279503125
0 0.8397435890624999 0.15838509375 0.8445512828125 0.1677018640625 0.849358975 0.1645962734375 0.8573717953125 0.1490683234375 0.8733974359375001 0.1366459625 0.8782051281250001 0.1273291921875 0.8782051281250001 0.08385093125000001 0.8605769234375 0.055900621875 0.841346153125 0.049689440625 0.8237179484375 0.0776397515625 0.8205128203125 0.10248447187500001 0.8365384609375001 0.1335403734375 0.8397435890624999 0.15838509375
0 0.8429487171875 0.1832298140625 0.8429487171875 0.20807453437499998 0.846153846875 0.2142857140625 0.846153846875 0.2329192546875 0.849358975 0.24534161562499998 0.8605769234375 0.26708074531250003 0.8766025640624999 0.26708074531250003 0.8798076921875 0.273291925 0.8878205124999999 0.27018633593749997 0.8990384609375001 0.260869565625 0.9166666671874999 0.22670807499999998 0.9166666671874999 0.170807453125 0.9134615390624999 0.15838509375 0.8990384609375001 0.1366459625 0.8733974359375001 0.1366459625 0.8701923078125 0.1428571421875 0.8637820515625 0.1428571421875 0.846153846875 0.170807453125 0.8429487171875 0.1832298140625
0 0.900641025 0.3370621125 0.908653846875 0.35259006249999997 0.9423076921875 0.349484471875 0.9487179484375 0.3370621125 0.9583333328125001 0.29979503125 0.9583333328125001 0.2749503109375 0.94391025625 0.2407888203125 0.91826923125 0.2345776390625 0.911858975 0.2407888203125 0.89423076875 0.2749503109375 0.89423076875 0.29979503125 0.897435896875 0.3060062109375 0.900641025 0.3370621125
0 0.900641025 0.3322981359375 0.8878205124999999 0.288819875 0.8798076921875 0.273291925 0.8509615390624999 0.273291925 0.8269230765625 0.313664596875 0.8269230765625 0.32608695625 0.8237179484375 0.3322981359375 0.8253205124999999 0.3726708078125 0.897435896875 0.3695652171875 0.900641025 0.3322981359375
0 1 0.3509316765625 0.9967948718749999 0.3385093171875 0.9855769234375 0.3167701859375 0.9727564109375001 0.30434782656250003 0.959935896875 0.30434782656250003 0.9519230765625 0.3198757765625 0.9519230765625 0.3385093171875 0.9391025640624999 0.3571428578125 0.9471153843750001 0.3726708078125 1 0.3695652171875 1 0.3509316765625
0 0.6137820515625 0.1614906828125 0.599358975 0.1832298140625 0.5897435890625 0.22049689374999998 0.5929487171875001 0.257763975 0.596153846875 0.2639751546875 0.596153846875 0.288819875 0.599358975 0.3012422359375 0.6105769234375 0.3167701859375 0.650641025 0.313664596875 0.658653846875 0.31055900625 0.6698717953125 0.2826086953125 0.6698717953125 0.25155279531249997 0.6666666671875 0.24534161562499998 0.6666666671875 0.2329192546875 0.6634615390625 0.22049689374999998 0.6554487171875001 0.20496894375000002 0.6522435890625 0.20496894375000002 0.6330128203125 0.1614906828125 0.6137820515625 0.1614906828125
0 0.516025640625 0.257763975 0.51923076875 0.2639751546875 0.51923076875 0.3012422359375 0.522435896875 0.307453415625 0.522435896875 0.32608695625 0.5272435890625 0.3354037265625 0.546474359375 0.34161490625 0.5625 0.360248446875 0.5673076921875 0.3571428578125 0.58173076875 0.3478260875 0.5929487171875001 0.313664596875 0.596153846875 0.276397515625 0.5929487171875001 0.27018633593749997 0.5897435890625 0.23913043437499998 0.578525640625 0.2173913046875 0.5657051281250001 0.20496894375000002 0.540064103125 0.20496894375000002 0.522435896875 0.2329192546875 0.516025640625 0.257763975
0 0.3878205125 0.29503105625 0.384615384375 0.3012422359375 0.384615384375 0.3633540375 0.3894230765625 0.3726708078125 0.4230769234375 0.3695652171875 0.42948717968750005 0.3509316765625 0.42948717968750005 0.3385093171875 0.43910256406250003 0.3012422359375 0.43910256406250003 0.2639751546875 0.43108974375000003 0.24223602500000002 0.4246794875 0.2360248453125 0.411858975 0.2360248453125 0.40544871718750003 0.24223602500000002 0.3878205125 0.2826086953125 0.3878205125 0.29503105625
0 0.3477564109375 0.36645962656250003 0.3509615390625 0.3726708078125 0.36858974375 0.3695652171875 0.375 0.3571428578125 0.375 0.3322981359375 0.384615384375 0.3012422359375 0.384615384375 0.288819875 0.37820512812499996 0.2639751546875 0.3637820515625 0.24223602500000002 0.33493589687499997 0.24223602500000002 0.3301282046875 0.25155279531249997 0.3301282046875 0.3633540375 0.3477564109375 0.36645962656250003
0 0.3669871796875 0.1055900625 0.3637820515625 0.09937888125 0.3509615390625 0.1055900625 0.3477564109375 0.11801242187500001 0.3365384609375 0.1273291921875 0.338141025 0.1428571421875 0.35256410312500003 0.1459627328125 0.35256410312500003 0.17701863281250002 0.349358975 0.1832298140625 0.349358975 0.2018633546875 0.35256410312500003 0.20807453437499998 0.349358975 0.2142857140625 0.3605769234375 0.24223602500000002 0.3669871796875 0.24223602500000002 0.3830128203125 0.26708074531250003 0.391025640625 0.2639751546875 0.40705128281249997 0.2329192546875 0.40705128281249997 0.17701863281250002 0.4102564109375 0.170807453125 0.4102564109375 0.1521739125 0.40544871718750003 0.1428571421875 0.4022435890625 0.1428571421875 0.3830128203125 0.1055900625 0.37339743593749997 0.1055900625 0.3701923078125 0.09937888125 0.3669871796875 0.1055900625
0 0.40544871718750003 0.24223602500000002 0.3878205125 0.2826086953125 0.3878205125 0.29503105625 0.384615384375 0.3012422359375 0.384615384375 0.3633540375 0.3894230765625 0.3726708078125 0.4375 0.3726708078125 0.440705128125 0.36645962656250003 0.447115384375 0.3726708078125 0.4519230765625 0.3695652171875 0.4615384609375 0.3633540375 0.4615384609375 0.2826086953125 0.453525640625 0.26708074531250003 0.44391025624999997 0.26708074531250003 0.4375 0.260869565625 0.43269230781249995 0.25155279531249997 0.43269230781249995 0.24534161562499998 0.4246794875 0.2360248453125 0.411858975 0.2360248453125 0.40544871718750003 0.24223602500000002
0 0.4246794875 0.124223603125 0.4102564109375 0.15838509375 0.4102564109375 0.22670807499999998 0.41826923125000004 0.2298136640625 0.421474359375 0.2360248453125 0.427884615625 0.2360248453125 0.440705128125 0.260869565625 0.4615384609375 0.257763975 0.46634615312500005 0.254658384375 0.47756410312500003 0.2329192546875 0.47756410312500003 0.22049689374999998 0.48076923125000004 0.2142857140625 0.48076923125000004 0.170807453125 0.47756410312500003 0.15838509375 0.45993589687499997 0.124223603125 0.453525640625 0.11801242187500001 0.43108974375000003 0.11801242187500001 0.4246794875 0.124223603125
0 0.49839743593749997 0.09937888125 0.49198717968750005 0.09937888125 0.474358975 0.1273291921875 0.474358975 0.1459627328125 0.48076923125000004 0.1645962734375 0.48076923125000004 0.20807453437499998 0.4855769234375 0.2173913046875 0.49198717968750005 0.2173913046875 0.5048076921875 0.2298136640625 0.5112179484375 0.24223602500000002 0.51923076875 0.23913043437499998 0.5384615390625 0.2018633546875 0.5416666671875 0.18944099375 0.5416666671875 0.1459627328125 0.5384615390625 0.139751553125 0.5352564109375 0.1149068328125 0.5304487171875001 0.1055900625 0.5272435890625 0.1055900625 0.5208333328125 0.09316770156250001 0.5016025640625 0.09316770156250001 0.49839743593749997 0.09937888125
0 0.615384615625 0.003105590625 0.5080128203125 0 0.5032051281250001 0.0093167703125 0.5032051281250001 0.071428571875 0.5112179484375 0.086956521875 0.536858975 0.11180124218750001 0.5544871796875 0.10869565156250001 0.5689102562499999 0.0807453421875 0.572115384375 0.0807453421875 0.578525640625 0.09316770156250001 0.5945512828124999 0.09937888125 0.5977564109375 0.1055900625 0.615384615625 0.071428571875 0.6185897437500001 0.059006210937500005 0.6185897437500001 0.0217391296875 0.615384615625 0.015527949999999999 0.615384615625 0.003105590625
0 0.6282051281250001 0.071428571875 0.6282051281250001 0.08385093125000001 0.6362179484375 0.09937888125 0.6378205125 0.0962732921875 0.6458333328125 0.0807453421875 0.658653846875 0.07453416093750001 0.6698717953125 0.059006210937500005 0.6698717953125 0.015527949999999999 0.665064103125 0.0062111796875 0.6426282046875 0.0062111796875 0.6282051281250001 0.0279503109375 0.625 0.0403726703125 0.625 0.06521739062500001 0.6282051281250001 0.071428571875
0 0.3445512828125 0.0248447203125 0.338141025 0.0248447203125 0.33493589687499997 0.018633540625 0.3333333328125 0.0217391296875 0.3333333328125 0.034161490625 0.3301282046875 0.0403726703125 0.3301282046875 0.0962732921875 0.33493589687499997 0.11180124218750001 0.349358975 0.10869565156250001 0.3573717953125 0.09937888125 0.38141025625 0.0962732921875 0.384615384375 0.08385093125000001 0.3830128203125 0.03726708125 0.3701923078125 0.031055899999999997 0.3669871796875 0.0248447203125 0.3605769234375 0.0248447203125 0.3573717953125 0.018633540625 0.3477564109375 0.018633540625 0.3445512828125 0.0248447203125
0 0.578525640625 0.3726708078125 0.6666666671875 0.3695652171875 0.6698717953125 0.3633540375 0.6666666671875 0.344720496875 0.6490384609375 0.3167701859375 0.6266025640625 0.3167701859375 0.6233974359375 0.32298136718750003 0.6169871796875 0.32298136718750003 0.6137820515625 0.3167701859375 0.5945512828124999 0.3167701859375 0.5769230765625 0.3571428578125 0.578525640625 0.3726708078125
0 0.5592948718749999 0.79503105625 0.54326923125 0.79503105625 0.540064103125 0.8012422359375 0.533653846875 0.8012422359375 0.51923076875 0.829192546875 0.516025640625 0.84161490625 0.5128205125 0.9720496890625 0.5304487171875001 1 0.5673076921875 0.9968944093750001 0.5897435890625 0.94720496875 0.5897435890625 0.9285714281249999 0.5929487171875001 0.9223602484375 0.5929487171875001 0.8788819875 0.5897435890625 0.8726708078125001 0.5897435890625 0.8602484468749999 0.5865384609375 0.8540372671875 0.5833333328125 0.829192546875 0.572115384375 0.807453415625 0.5592948718749999 0.79503105625
0 0.46955128281249997 0.79503105625 0.45673076874999996 0.807453415625 0.44230769218750005 0.8478260875 0.44230769218750005 0.8602484468749999 0.43910256406250003 0.8664596265625001 0.43910256406250003 0.91614906875 0.44230769218750005 0.9223602484375 0.43910256406250003 0.9285714281249999 0.43910256406250003 0.9596273296875 0.44551282031249995 0.9844720499999999 0.45673076874999996 1 0.5 0.9968944093750001 0.509615384375 0.9720496890625 0.509615384375 0.9534161484375 0.5128205125 0.94720496875 0.516025640625 0.8602484468749999 0.5128205125 0.8478260875 0.5032051281250001 0.8354037265625 0.5032051281250001 0.829192546875 0.49198717968750005 0.8012422359375 0.4855769234375 0.79503105625 0.46955128281249997 0.79503105625