0 0.5206043953124999 0.29333333281249996 0.50686813125 0.262222221875 0.465659340625 0.23333333281250002 0.43956043906250003 0.2311111109375 0.37087912031250003 0.2733333328125 0.3612637359375 0.29333333281249996 0.3626373625 0.35555555625 0.3763736265625 0.4511111109375 0.384615384375 0.47555555624999996 0.428571428125 0.5111111109375 0.4601648359375 0.51555555625 0.5 0.482222221875 0.502747253125 0.44000000000000006 0.5315934062500001 0.3466666671875 0.5206043953124999 0.29333333281249996
0 0.70234375 0.67421875 0.121875 0.259375
0 0.565625 0.6828125 0.1640625 0.21875
0 0.4921875 0.56796875 0.1078125 0.1625
0 0.575 0.45078125 0.15 0.2578125
0 0.74140625 0.55234375 0.109375 0.184375
0 0.86953125 0.6046875 0.134375 0.2265625
0 0.92890625 0.84765625 0.1421875 0.3046875
0 0.81015625 0.759375 0.121875 0.2390625
0 0.7328125 0.91171875 0.125 0.1765625
0 0.84921875 0.93984375 0.125 0.1203125
0 0.61953125 0.86015625 0.1546875 0.2625
0 0.4734375 0.87890625 0.153125 0.2421875
0 0.33203125 0.88671875 0.134375 0.2265625
0 0.17265625 0.9140625 0.1828125 0.171875
0 0.06015625 0.89765625 0.1 0.2046875
0 0.121875 0.6703125 0.16875 0.25625
0 0.26796875 0.715625 0.140625 0.259375
0 0.36953125 0.6234375 0.1578125 0.2296875
0 0.428125 0.7203125 0.1328125 0.16875
0 0.2515625 0.484375 0.1265625 0.209375
0 0.3265625 0.3796875 0.1140625 0.1546875
0 0.1078125 0.42265625 0.171875 0.25
0 0.221875 0.2640625 0.1203125 0.221875
0 0.10859375 0.209375 0.140625 0.1515625
0 0.14609375 0.1 0.146875 0.1515625
0 0.30234375 0.1703125 0.1625 0.225
0 0.47890625 0.15 0.15625 0.2375
0 0.62265625 0.2125 0.1453125 0.171875
0 0.721875 0.3421875 0.1578125 0.259375
0 0.57578125 0.0671875 0.115625 0.1296875
0 0.69296875 0.09296875 0.1109375 0.159375
0 0.80625 0.0953125 0.1109375 0.1859375
0 0.84296875 0.20625 0.1296875 0.19375
0 0.8890625 0.3953125 0.15 0.234375
0 0.959375 0.5390625 0.08125 0.2109375
0 0.9453125 0.196875 0.1078125 0.1890625