0 0.2647058828125 0.5388026609375001 0.19607843125 0.5321507765625 0.16176470625 0.5498891359375 0.14379085 0.5809312640625001 0.1405228765625 0.620842571875 0.15359477187499998 0.656319290625 0.187908496875 0.680709534375 0.23202614375000002 0.6784922390625 0.2549019609375 0.669623059375 0.3006535953125 0.6252771625 0.30882352968750004 0.5809312640625001 0.295751634375 0.5521064296875 0.2647058828125 0.5388026609375001
0 0.382352940625 0.6607538796875 0.3513071890625 0.6518847 0.32516339843750003 0.6541019953125 0.2565359484375 0.764966740625 0.2565359484375 0.7871396890625 0.26960784375 0.8248337031249999 0.292483659375 0.8470066515625 0.3235294125 0.8514412421875001 0.3513071890625 0.8425720625 0.3905228765625 0.7804878046875 0.40196078437500005 0.7206208421875 0.3986928109375 0.6829268296875 0.382352940625 0.6607538796875
0 0.2026143796875 0.729490021875 0.1764705875 0.7272727265625 0.1568627453125 0.7450110859375 0.135620915625 0.7915742796874999 0.114379084375 0.8691796015625 0.12254902031249999 0.9312638578125 0.135620915625 0.957871396875 0.16993464062500002 0.9356984484374999 0.215686275 0.9423503328124999 0.22875817031249998 0.8957871390625 0.23529411718749998 0.7849223953125 0.2271241828125 0.74722838125 0.2026143796875 0.729490021875
0 0.0669934640625 0.585365853125 0.045751634375 0.6119733921875 0.009803921875 0.7494456765625 0.009803921875 0.800443459375 0.026143790625000003 0.8425720625 0.045751634375 0.8292682921875001 0.08823529375 0.8226164078125 0.098039215625 0.8048780484375 0.1111111109375 0.74722838125 0.1078431375 0.6252771625 0.09640522812499999 0.5986696234375 0.0669934640625 0.585365853125
0 0.40359477187500004 0.6053215078124999 0.41013071874999996 0.6297117515624999 0.454248365625 0.6607538796875 0.46568627500000004 0.6607538796875 0.4852941171875 0.6474501109374999 0.5 0.5809312640625001 0.48366013125 0.5388026609375001 0.44444444375 0.5099778265625 0.4150326796875 0.5365853656249999 0.40359477187500004 0.6053215078124999
0 0.544117646875 0.5055432375 0.5326797390625 0.5210643015625 0.5147058828125 0.5742793796875 0.51797385625 0.6186252765625 0.5555555562500001 0.6430155203125001 0.5702614374999999 0.6407982265625 0.59150326875 0.6164079828125 0.6111111109375 0.5454545453125 0.6013071890624999 0.5077605328125 0.5653594765625 0.4966740578125 0.544117646875 0.5055432375
0 0.7189542484375 0.620842571875 0.66013071875 0.5565410203125001 0.6094771234375 0.5498891359375 0.6013071890624999 0.5565410203125001 0.596405228125 0.6119733921875 0.6127450984375 0.680709534375 0.6290849671875 0.7184035484375 0.64379085 0.7361419062500001 0.671568628125 0.7383592015625 0.6911764703125 0.753880265625 0.7205882359375 0.7450110859375 0.7369281046875 0.705099778125 0.7369281046875 0.6740576500000001 0.7189542484375 0.620842571875
0 0.903594771875 0.7804878046875 0.8839869281249999 0.7339246125 0.8823529406249999 0.7073170734375 0.8611111109375 0.68736141875 0.8218954249999999 0.6740576500000001 0.8055555562500001 0.691796009375 0.7908496734375 0.753880265625 0.784313725 0.79600886875 0.7892156859375 0.8580931265625 0.810457515625 0.884700665625 0.8447712421875 0.898004434375 0.8660130718750001 0.9002217296874999 0.89379085 0.8891352546875 0.90849673125 0.8669623062499999 0.91176470625 0.8203991125 0.903594771875 0.7804878046875
0 0.6470588234375 0.813747228125 0.6454248359375 0.8713968953125001 0.671568628125 0.9135254984375001 0.723856209375 0.9179600890625 0.7467320265625 0.898004434375 0.7630718953125 0.8647450109375001 0.7630718953125 0.849223946875 0.7532679734375 0.8203991125 0.7205882359375 0.7694013296875 0.6944444437499999 0.7694013296875 0.6470588234375 0.813747228125
0 0.5130718953125 0.813747228125 0.4983660125 0.9246119734375 0.5212418296875 0.9844789359374999 0.5375816999999999 0.9955654109375001 0.5588235296875 0.9955654109375001 0.6029411765625 0.9467849218750001 0.6094771234375 0.8957871390625 0.59150326875 0.8203991125 0.563725490625 0.7849223953125 0.5359477125 0.7804878046875 0.5130718953125 0.813747228125
0 0.4705882359375 0.7006651890625 0.436274509375 0.6984478937499999 0.4150326796875 0.7073170734375 0.4068627453125 0.7206208421875 0.4068627453125 0.7627494453125 0.42483660156249997 0.8536585359375 0.454248365625 0.9135254984375001 0.49509803906250005 0.9201773828125 0.5147058828125 0.8203991125 0.534313725 0.7849223953125 0.5326797390625 0.771618625 0.49509803906250005 0.716186253125 0.4705882359375 0.7006651890625
0 0.8088235296875 0.5764966734375 0.8202614374999999 0.662971175 0.8839869281249999 0.6984478937499999 0.8986928109375001 0.6962305984375 0.9264705875000001 0.6585365859375 0.9281045750000001 0.5986696234375 0.8970588234375001 0.5521064296875 0.848039215625 0.5388026609375001 0.8235294124999999 0.5498891359375 0.8088235296875 0.5764966734375
0 0.7434640515625001 0.4301552109375 0.7189542484375 0.45454545468749996 0.7009803921875 0.5055432375 0.7026143796875 0.5388026609375001 0.7205882359375 0.5942350328125 0.73366013125 0.5920177390625 0.7549019609375 0.560975609375 0.795751634375 0.54101995625 0.795751634375 0.498891353125 0.7875816999999999 0.463414634375 0.76960784375 0.43680709531249995 0.7434640515625001 0.4301552109375
0 0.7859477125 0.547671840625 0.76960784375 0.547671840625 0.7287581703125 0.5920177390625 0.7189542484375 0.6186252765625 0.7205882359375 0.6319290468750001 0.73202614375 0.656319290625 0.7369281046875 0.6962305984375 0.776143790625 0.6895787140625 0.7990196078125 0.6984478937499999 0.8251633984375 0.6607538796875 0.8202614374999999 0.6141906875 0.8022875812500001 0.5631929046875 0.7859477125 0.547671840625
0 0.1734375 0.73671875 0.1328125 0.1609375
0 0.059375 0.909375 0.11875 0.175
0 0.2859375 0.9390625 0.1140625 0.121875
0 0.42109375 0.9609375 0.175 0.078125
0 0.3953125 0.8921875 0.1203125 0.1671875
0 0.62421875 0.82265625 0.1171875 0.1734375
0 0.7859375 0.92734375 0.1109375 0.1421875
0 0.934375 0.9390625 0.13125 0.121875
0 0.54765625 0.69765625 0.13125 0.1921875
0 0.371875 0.61953125 0.1 0.0828125
0 0.034375 0.62890625 0.065625 0.1859375
0 0.821875 0.51015625 0.0828125 0.1171875
0 0.94140625 0.56015625 0.10625 0.1359375
0 0.92578125 0.78984375 0.09375 0.1703125
0 0.984375 0.76484375 0.03125 0.16875
0 0.28515625 0.71015625 0.103125 0.1640625
0 0.05 0.46953125 0.09375 0.10625
0 0.2375 0.31015625 0.134375 0.1890625
0 0.3859375 0.3546875 0.1375 0.16875
0 0.778125 0.3046875 0.13125 0.171875
0 0.75390625 0.1375 0.1421875 0.16875
0 0.9375 0.203125 0.125 0.16875
0 0.95625 0.31640625 0.0875 0.140625
0 0.96796875 0.4328125 0.0640625 0.084375
0 0.878125 0.07734375 0.146875 0.1546875
0 0.65625 0.04375 0.1390625 0.0875
0 0.35 0.078125 0.1359375 0.1515625
0 0.2625 0.18984375 0.1265625 0.1453125
0 0.0546875 0.35859375 0.1078125 0.1234375
0 0.15703125 0.41015625 0.128125 0.115625
0 0.44934640468750003 0.150776053125 0.4052287578125 0.137472284375 0.37254902031250003 0.161862528125 0.3513071890625 0.1906873609375 0.3447712421875 0.22394678437499999 0.34640522812499996 0.2616407984375 0.3529411765625 0.2793791578125 0.3970588234375 0.27716186249999997 0.43464052343750004 0.30155210625 0.4705882359375 0.27272727343750003 0.4754901953125 0.20620842499999997 0.4673202609375 0.17516629687500002 0.44934640468750003 0.150776053125
0 0.5833333328125 0.0864745015625 0.542483659375 0.0820399109375 0.51633986875 0.09534368125 0.49346405156250006 0.1419068734375 0.491830065625 0.1906873609375 0.5049019609375 0.2505543234375 0.51960784375 0.25277161875 0.55228758125 0.23059867031249998 0.6045751640625 0.23946784999999998 0.6209150328125 0.1951219515625 0.6209150328125 0.17516629687500002 0.6045751640625 0.10643015468749999 0.5833333328125 0.0864745015625
0 0.581699346875 0.23059867031249998 0.5490196078125 0.22838137500000003 0.51960784375 0.248337028125 0.5 0.2793791578125 0.49509803906250005 0.3813747234375 0.5392156859375 0.414634146875 0.571895425 0.416851440625 0.6078431375 0.390243903125 0.6323529406249999 0.3348115296875 0.6323529406249999 0.305986696875 0.62581699375 0.27494456718750004 0.6094771234375 0.248337028125 0.581699346875 0.23059867031249998
0 0.7369281046875 0.3658536578125 0.7107843140625 0.330376940625 0.6928104578125 0.319290465625 0.6650326796875 0.3170731703125 0.6372549015625 0.3281596453125 0.6209150328125 0.3481153 0.6094771234375 0.38359201718749997 0.6078431375 0.4301552109375 0.6405228765625 0.4966740578125 0.6732026140625 0.4855875828125 0.6993464046875 0.498891353125 0.7189542484375 0.45898004375 0.7450980390625 0.4301552109375 0.7467320265625 0.3946784921875 0.7369281046875 0.3658536578125
0 0.44444444375 0.4057649671875 0.42483660156249997 0.45454545468749996 0.419934640625 0.4722838140625 0.4232026140625 0.5144124171875 0.534313725 0.5210643015625 0.5653594765625 0.49445676250000004 0.562091503125 0.45454545468749996 0.5375816999999999 0.41019955625 0.508169934375 0.3880266078125 0.4673202609375 0.38359201718749997 0.44444444375 0.4057649671875
0 0.223856209375 0.4345898 0.2189542484375 0.5099778265625 0.22875817031249998 0.5210643015625 0.30228758125 0.5210643015625 0.3529411765625 0.45676275000000005 0.3529411765625 0.441241684375 0.3186274515625 0.403547671875 0.26797385625 0.3968957875 0.23856209218750002 0.41019955625 0.223856209375 0.4345898
0 0.784313725 0.463414634375 0.8267973859375 0.45676275000000005 0.8251633984375 0.40133037656250004 0.795751634375 0.392461196875 0.7516339875 0.3968957875 0.7434640515625001 0.427937915625 0.76960784375 0.441241684375 0.784313725 0.463414634375
0 0.936274509375 0.3348115296875 0.9232026140625 0.32594235 0.8774509796875 0.3215077609375 0.8529411765624999 0.3348115296875 0.8349673203125001 0.36141906874999996 0.828431371875 0.3813747234375 0.8251633984375 0.45676275000000005 0.8611111109375 0.5055432375 0.901960784375 0.5077605328125 0.9346405234375 0.4966740578125 0.954248365625 0.47006651875000005 0.9624183000000001 0.43680709531249995 0.9591503265625001 0.37250554375 0.936274509375 0.3348115296875
0 0.848039215625 0.2926829265625 0.8594771234374999 0.29046563124999997 0.87581699375 0.26607538750000004 0.8692810453125001 0.18403547656250002 0.8366013078125001 0.150776053125 0.8218954249999999 0.1485587578125 0.8022875812500001 0.2172949 0.828431371875 0.248337028125 0.848039215625 0.2926829265625
0 0.60620915 0.11751662968750001 0.6209150328125 0.19290465625 0.687908496875 0.18847006718749998 0.6944444437499999 0.18181818125 0.686274509375 0.126385809375 0.6764705875 0.10864745 0.6503267968750001 0.09534368125 0.6192810453125001 0.09534368125 0.6078431375 0.101995565625 0.60620915 0.11751662968750001
0 0.12254902031249999 0.0820399109375 0.1666666671875 0.0864745015625 0.20424836562499998 0.0022172953125 0.055555556250000006 0 0.052287581250000006 0.039911307812500005 0.0571895421875 0.055432371875 0.08823529375 0.0886917953125 0.12254902031249999 0.0820399109375
0 0.0375817 0.294900221875 0.080065359375 0.3215077609375 0.1078431375 0.36807095312500004 0.114379084375 0.305986696875 0.135620915625 0.26385809375 0.099673203125 0.248337028125 0.07679738593749999 0.21286031093750002 0.062091503125 0.2084257203125 0.0571895421875 0.24390243906250003 0.0375817 0.294900221875
0 0.19444444375 0.126385809375 0.1650326796875 0.0931263859375 0.117647059375 0.0820399109375 0.0931372546875 0.090909090625 0.071895425 0.11751662968750001 0.06535947656249999 0.14412416875 0.06535947656249999 0.1951219515625 0.08823529375 0.23059867031249998 0.1209150328125 0.22616407968750002 0.1290849671875 0.248337028125 0.13888888906250002 0.2505543234375 0.1764705875 0.2172949 0.17320261406249998 0.1773835921875 0.19444444375 0.126385809375