0 0.999 0.874 1 0.487 0.9730000000000001 0.488 0.968 0.5269999999999999 0.9960000000000001 0.661 0.99 0.807 0.999 0.874
0 0.994 0.645 0.982 0.581 0.969 0.5780000000000001 0.974 0.7150000000000001 0.9869999999999999 0.768 0.9960000000000001 0.733 0.994 0.645
0 0.915 0.45999999999999996 0.9039999999999999 0.475 0.908 0.617 0.9259999999999999 0.769 0.9480000000000001 0.8710000000000001 0.983 0.874 0.992 0.8550000000000001 0.968 0.657 0.9640000000000001 0.477 0.9550000000000001 0.45999999999999996 0.9289999999999999 0.458 0.915 0.45999999999999996
0 0.898 0.651 0.89 0.503 0.882 0.475 0.873 0.46799999999999997 0.849 0.47000000000000003 0.8400000000000001 0.479 0.836 0.5309999999999999 0.844 0.633 0.8640000000000001 0.749 0.8699999999999999 0.841 0.875 0.8619999999999999 0.8869999999999999 0.86 0.889 0.8720000000000001 0.9109999999999999 0.874 0.914 0.751 0.898 0.651
0 0.826 0.5509999999999999 0.8240000000000001 0.637 0.8320000000000001 0.7110000000000001 0.8539999999999999 0.8029999999999999 0.858 0.873 0.8710000000000001 0.876 0.876 0.865 0.8480000000000001 0.665 0.8400000000000001 0.5469999999999999 0.835 0.542 0.826 0.5509999999999999
0 0.786 0.807 0.8019999999999999 0.873 0.835 0.876 0.8400000000000001 0.857 0.8140000000000001 0.649 0.8160000000000001 0.545 0.8089999999999999 0.524 0.7929999999999999 0.52 0.782 0.5269999999999999 0.786 0.807
0 0.8019999999999999 0.43899999999999995 0.8039999999999999 0.421 0.776 0.397 0.774 0.379 0.757 0.366 0.734 0.381 0.734 0.393 0.724 0.399 0.74 0.46900000000000003 0.724 0.5309999999999999 0.728 0.633 0.754 0.869 0.775 0.874 0.784 0.8150000000000001 0.78 0.477 0.8019999999999999 0.43899999999999995
0 0.6759999999999999 0.413 0.6900000000000001 0.567 0.6900000000000001 0.8710000000000001 0.729 0.876 0.738 0.8550000000000001 0.742 0.773 0.724 0.593 0.732 0.46699999999999997 0.72 0.43899999999999995 0.718 0.385 0.6759999999999999 0.413
0 0.6679999999999999 0.679 0.6719999999999999 0.837 0.679 0.8619999999999999 0.688 0.745 0.6799999999999999 0.501 0.6679999999999999 0.46900000000000003 0.6679999999999999 0.43499999999999994 0.657 0.41600000000000004 0.648 0.41900000000000004 0.6679999999999999 0.679
0 0.638 0.339 0.625 0.33599999999999997 0.617 0.322 0.606 0.327 0.6 0.371 0.5980000000000001 0.465 0.64 0.8710000000000001 0.669 0.874 0.6759999999999999 0.8710000000000001 0.6759999999999999 0.8550000000000001 0.6679999999999999 0.665 0.654 0.479 0.642 0.421 0.6599999999999999 0.377 0.638 0.339
0 0.5900000000000001 0.325 0.5820000000000001 0.309 0.581 0.252 0.568 0.281 0.558 0.34700000000000003 0.54 0.371 0.538 0.477 0.558 0.629 0.562 0.769 0.576 0.829 0.5740000000000001 0.8710000000000001 0.585 0.874 0.61 0.615 0.5980000000000001 0.479 0.5820000000000001 0.413 0.5900000000000001 0.325
0 0.528 0.417 0.528 0.371 0.492 0.371 0.49400000000000005 0.341 0.514 0.341 0.483 0.32799999999999996 0.472 0.353 0.496 0.417 0.48200000000000004 0.45499999999999996 0.48 0.649 0.46799999999999997 0.841 0.47000000000000003 0.8710000000000001 0.495 0.876 0.504 0.8710000000000001 0.518 0.729 0.536 0.433 0.528 0.417
0 0.47800000000000004 0.475 0.49000000000000005 0.421 0.48600000000000004 0.409 0.479 0.40800000000000003 0.45199999999999996 0.43899999999999995 0.45 0.553 0.47300000000000003 0.704 0.47800000000000004 0.475
0 0.44800000000000006 0.479 0.438 0.445 0.46799999999999997 0.327 0.45499999999999996 0.306 0.425 0.288 0.389 0.282 0.37 0.29300000000000004 0.372 0.353 0.404 0.43499999999999994 0.394 0.477 0.396 0.533 0.438 0.805 0.45 0.8630000000000001 0.46699999999999997 0.8720000000000001 0.47000000000000003 0.705 0.44800000000000006 0.533 0.44800000000000006 0.479
0 0.361 0.33599999999999997 0.33399999999999996 0.375 0.33399999999999996 0.617 0.41 0.843 0.437 0.8619999999999999 0.426 0.849 0.44400000000000006 0.845 0.42800000000000005 0.745 0.378 0.571 0.368 0.465 0.376 0.44699999999999995 0.361 0.33599999999999997
0 0.32599999999999996 0.259 0.318 0.261 0.315 0.252 0.28700000000000003 0.252 0.26 0.275 0.258 0.29500000000000004 0.268 0.315 0.266 0.363 0.28700000000000003 0.382 0.327 0.36 0.339 0.33799999999999997 0.348 0.341 0.354 0.29900000000000004 0.32999999999999996 0.279 0.32599999999999996 0.259
0 0.305 0.874 0.32799999999999996 0.689 0.33199999999999996 0.421 0.321 0.376 0.313 0.39 0.27999999999999997 0.40700000000000003 0.27599999999999997 0.553 0.284 0.8710000000000001 0.305 0.874
0 0.248 0.515 0.242 0.399 0.236 0.381 0.22200000000000003 0.371 0.22799999999999998 0.29100000000000004 0.242 0.271 0.251 0.23199999999999998 0.24 0.23700000000000002 0.22599999999999998 0.263 0.202 0.365 0.2 0.42300000000000004 0.20800000000000002 0.43499999999999994 0.20400000000000001 0.475 0.21000000000000002 0.477 0.22200000000000003 0.673 0.254 0.829 0.27 0.867 0.281 0.8720000000000001 0.274 0.669 0.248 0.515
0 0.22000000000000003 0.655 0.21200000000000002 0.441 0.198 0.42300000000000004 0.16799999999999998 0.29100000000000004 0.158 0.28500000000000003 0.174 0.40099999999999997 0.174 0.41500000000000004 0.158 0.429 0.152 0.44699999999999995 0.16 0.609 0.21000000000000002 0.845 0.21800000000000003 0.869 0.231 0.874 0.24 0.7889999999999999 0.22000000000000003 0.655
0 0.144 0.533 0.13999999999999999 0.409 0.124 0.381 0.124 0.363 0.11000000000000001 0.355 0.099 0.33199999999999996 0.094 0.335 0.094 0.379 0.08399999999999999 0.41500000000000004 0.092 0.545 0.11599999999999999 0.647 0.152 0.753 0.174 0.8630000000000001 0.183 0.8720000000000001 0.19 0.849 0.188 0.745 0.144 0.533
0 0.074 0.8009999999999999 0.078 0.873 0.087 0.876 0.10400000000000001 0.867 0.146 0.751 0.146 0.733 0.118 0.655 0.08299999999999999 0.49400000000000005 0.074 0.521 0.074 0.8009999999999999
0 0.034 0.8310000000000001 0.04 0.873 0.059 0.876 0.074 0.771 0.072 0.553 0.078 0.495 0.061 0.476 0.05 0.491 0.036 0.585 0.034 0.8310000000000001
0 0.018 0.583 0 0.669 0.001 0.876 0.014000000000000002 0.8710000000000001 0.034 0.757 0.03 0.603 0.05 0.477 0.031 0.47400000000000003 0.022 0.483 0.018 0.583