0 0.33984375 0.37109375 0.0671875 0.1046875
0 0.42421875 0.4140625 0.0546875 0.1296875
0 0.4625 0.5 0.053125 0.1046875
0 0.5515625 0.47421875 0.084375 0.1515625
0 0.63671875 0.34609375 0.09375 0.153125
0 0.77734375 0.43359375 0.090625 0.14375
0 0.94140625 0.575 0.0828125 0.1328125
0 0.76875 0.58203125 0.10625 0.1328125
0 0.671875 0.57890625 0.0859375 0.128125
0 0.590625 0.5875 0.0703125 0.096875
0 0.1609375 0.465625 0.0765625 0.1328125
0 0.2359375 0.40625 0.065625 0.1375
0 0.2953125 0.4703125 0.0671875 0.13125
0 0.38125 0.4703125 0.059375 0.13125
0 0.42578125 0.2234375 0.065625 0.115625
0 0.39609375 0.3140625 0.0625 0.0875
0 0.46875 0.32265625 0.0734375 0.1171875