0 0.3421875 0.7671875 0.2 0.4546875
0 0.51015625 0.88203125 0.18125 0.23125
0 0.6953125 0.75546875 0.2578125 0.4890625
0 0.9 0.77265625 0.2 0.4515625
0 0.5953125 0.42890625 0.2 0.49375
0 0.44921875 0.21171875 0.1921875 0.4234375
0 0.3859375 0.41640625 0.11875 0.3375
0 0.4765625 0.515625 0.1140625 0.403125
0 0.5828125 0.09921875 0.1734375 0.1984375
0 0.728125 0.21171875 0.203125 0.4234375
0 0.73515625 0.5296875 0.1796875 0.403125
0 0.8546875 0.25546875 0.103125 0.30625
0 0.88515625 0.47890625 0.15625 0.3296875