0 0.66444444375 0.11928104531249999 0.71555555625 0.16013071875 0.7711111109375001 0.1813725484375 0.8177777781250001 0.186274509375 0.8511111109374999 0.171568628125 0.8577777781249999 0.13888888906250002 0.8866666671875001 0.1405228765625 0.902222221875 0.132352940625 0.9111111109375001 0.09150326875 0.902222221875 0.062091503125 0.8733333328124999 0.0245098046875 0.8400000000000001 0.008169934375 0.79555555625 0.008169934375 0.76 0.01960784375 0.7466666671875 0.01633986875 0.73555555625 0.0408496734375 0.6977777781250001 0.052287581250000006 0.6911111109375 0.0506535953125 0.69555555625 0.0375817 0.6866666671874999 0.026143790625000003 0.6688888890625 0.021241829687499998 0.64444444375 0.0359477125 0.6311111109375 0.06535947656249999 0.66444444375 0.11928104531249999
0 0.9444444437499999 0.2892156859375 0.92444444375 0.2728758171875 0.882222221875 0.259803921875 0.8711111109375 0.2483660125 0.8222222218749999 0.24019607812500002 0.7933333328125001 0.25 0.782222221875 0.26633986875 0.7511111109375 0.2859477125 0.7466666671875 0.30392156875 0.782222221875 0.3529411765625 0.8311111109375 0.3807189546875 0.8644444437500001 0.3807189546875 0.922222221875 0.348039215625 0.9400000000000001 0.35620915000000003 0.9488888890625 0.3071895421875 0.9444444437499999 0.2892156859375
0 0.3711111109375 0.313725490625 0.4 0.3071895421875 0.522222221875 0.22875817031249998 0.5266666671875 0.1911764703125 0.482222221875 0.14379085 0.46666666718750005 0.1405228765625 0.457777778125 0.1094771234375 0.40888888906250004 0.08823529375 0.3933333328125 0.08823529375 0.33555555625 0.099673203125 0.2666666671875 0.12581699375 0.22444444375 0.15359477187499998 0.202222221875 0.1813725484375 0.2066666671875 0.2205882359375 0.2533333328125 0.292483659375 0.24 0.30392156875 0.24 0.3169934640625 0.26 0.3169934640625 0.27777777812500004 0.30882352968750004 0.3711111109375 0.313725490625
0 0.3133333328125 0.5473856203125 0.35555555625 0.526143790625 0.3711111109375 0.5049019609375 0.38 0.44117647031249996 0.37555555625000003 0.40359477187500004 0.35555555625 0.385620915625 0.24444444375000002 0.367647059375 0.23777777812499998 0.348039215625 0.21111111093749999 0.37418300625 0.15111111093750001 0.3790849671875 0.11333333281249999 0.3954248359375 0.102222221875 0.4150326796875 0.10444444374999999 0.43137254843750006 0.142222221875 0.508169934375 0.1711111109375 0.5359477125 0.1888888890625 0.542483659375 0.24444444375000002 0.5392156859375 0.27777777812500004 0.5490196078125 0.3133333328125 0.5473856203125
0 0.742222221875 0.51960784375 0.76 0.5228758171875 0.7911111109375 0.5065359484374999 0.7933333328125001 0.490196078125 0.837777778125 0.454248365625 0.8444444437499999 0.437908496875 0.8222222218749999 0.38725490156250003 0.7911111109375 0.3611111109375 0.757777778125 0.31535947656249996 0.7288888890624999 0.3006535953125 0.6866666671874999 0.295751634375 0.622222221875 0.3006535953125 0.5933333328125 0.33823529375 0.58444444375 0.37581699375 0.5888888890625 0.48202614375 0.6 0.491830065625 0.6333333328124999 0.5016339875 0.6799999999999999 0.490196078125 0.7533333328125 0.49346405156250006 0.737777778125 0.5 0.73555555625 0.508169934375 0.742222221875 0.51960784375
0 0.58 0.4591503265625 0.577777778125 0.3807189546875 0.557777778125 0.367647059375 0.5355555562500001 0.367647059375 0.44888888906249996 0.37418300625 0.41333333281250006 0.385620915625 0.397777778125 0.4052287578125 0.397777778125 0.43137254843750006 0.42444444375 0.508169934375 0.43777777812499996 0.5147058828125 0.4688888890625 0.5114379078125 0.5133333328125 0.534313725 0.5466666671875 0.534313725 0.59555555625 0.5065359484374999 0.58 0.4591503265625
0 0.6 0.3267973859375 0.62 0.30228758125 0.64444444375 0.295751634375 0.662222221875 0.2810457515625 0.67555555625 0.2549019609375 0.6733333328125 0.2271241828125 0.617777778125 0.14379085 0.5377777781249999 0.1307189546875 0.497777778125 0.15849673125 0.5066666671875 0.1797385625 0.52444444375 0.18954248437500001 0.5266666671875 0.215686275 0.497777778125 0.2450980390625 0.45999999999999996 0.2647058828125 0.45999999999999996 0.2712418296875 0.5177777781249999 0.3235294125 0.5488888890625 0.3333333328125 0.5822222218750001 0.3333333328125 0.6 0.3267973859375
0 0.8711111109375 0.6650326796875 0.9400000000000001 0.65849673125 0.96 0.62418300625 0.96 0.578431371875 0.93555555625 0.51797385625 0.8888888890625 0.48039215625000004 0.8577777781249999 0.46568627500000004 0.8311111109375 0.46241830000000006 0.802222221875 0.48202614375 0.8044444437499999 0.491830065625 0.76444444375 0.5375816999999999 0.7488888890625 0.545751634375 0.757777778125 0.578431371875 0.8 0.6127450984375 0.8711111109375 0.64379085 0.9 0.6454248359375 0.8866666671875001 0.651960784375 0.8711111109375 0.6503267968750001 0.8711111109375 0.6650326796875
0 1 0.9493464046875 0.9866666671875001 0.9411764703125 0.9466666671875 0.937908496875 0.9333333328125001 0.9281045750000001 0.9288888890625 0.91176470625 0.8800000000000001 0.8774509796875 0.837777778125 0.8692810453125001 0.7977777781250001 0.87581699375 0.7755555562499999 0.901960784375 0.7311111109375 0.9346405234375 0.7244444437500001 0.9509803921875 0.7466666671875 0.9852941171875 0.76444444375 1 0.86 1 0.8688888890625 0.9950980390625 0.98444444375 0.9983660125 1 0.9852941171875 1 0.9493464046875
0 0.08984375 0.2078125 0.1796875 0.20625
0 0.26171875 0.628125 0.25625 0.2171875
0 0.6533333328125 0.6732026140625 0.6533333328125 0.6552287578125 0.6666666671875 0.6323529406249999 0.6599999999999999 0.596405228125 0.597777778125 0.55392156875 0.562222221875 0.5408496734375 0.51555555625 0.5408496734375 0.5111111109375 0.5326797390625 0.47555555624999996 0.51960784375 0.4533333328125 0.51797385625 0.41333333281250006 0.55228758125 0.4066666671875 0.5767973859375 0.4266666671875 0.616013071875 0.4266666671875 0.6454248359375 0.43777777812499996 0.6633986921874999 0.4688888890625 0.6911764703125 0.502222221875 0.705882353125 0.5555555562500001 0.7124183000000001 0.577777778125 0.7009803921875 0.6244444437500001 0.7026143796875 0.6533333328125 0.6732026140625
0 0.68359375 0.79765625 0.2296875 0.1515625
0 0.58125 0.91640625 0.221875 0.153125
0 0.3266666671875 0.8251633984375 0.32444444375 0.784313725 0.3066666671875 0.7516339875 0.2733333328125 0.723856209375 0.20888888906249997 0.73039215625 0.17333333281250002 0.707516340625 0.13999999999999999 0.704248365625 0.10888888906250001 0.7205882359375 0.12 0.7467320265625 0.1 0.7712418296875 0.1066666671875 0.8251633984375 0.15555555625 0.8676470593750001 0.2311111109375 0.8823529406249999 0.26444444375 0.8774509796875 0.28444444375 0.8643790843750001 0.2888888890625 0.8513071890624999 0.3111111109375 0.848039215625 0.3266666671875 0.8251633984375
0 0.23777777812499998 0.8839869281249999 0.20444444375 0.8823529406249999 0.12 0.8594771234374999 0.077777778125 0.8725490203125 0.06444444375 0.8839869281249999 0.0688888890625 0.9248366015625 0.0933333328125 0.965686275 0.13555555625 0.965686275 0.17555555625000002 0.9477124187499999 0.2533333328125 0.9477124187499999 0.2666666671875 0.9411764703125 0.282222221875 0.903594771875 0.27999999999999997 0.87581699375 0.23777777812499998 0.8839869281249999
0 0.3066666671875 0.0228758171875 0.23333333281250002 0.01797385625 0.2133333328125 0.0228758171875 0.19555555625 0.0375817 0.17555555625000002 0.063725490625 0.16 0.1094771234375 0.157777778125 0.151960784375 0.1911111109375 0.17810457500000001 0.20444444375 0.17810457500000001 0.257777778125 0.1372549015625 0.39555555625 0.07679738593749999 0.36444444374999996 0.0473856203125 0.3066666671875 0.0228758171875
0 0.5511111109375 0.060457515625 0.56444444375 0.0392156859375 0.5599999999999999 0.026143790625000003 0.5488888890625 0.01960784375 0.5 0.0245098046875 0.41555555625 0.0065359484374999995 0.377777778125 0.021241829687499998 0.36222222187500003 0.0375817 0.36444444374999996 0.0490196078125 0.3866666671875 0.062091503125 0.39555555625 0.078431371875 0.42222222187499997 0.08496732031250001 0.48444444375 0.117647059375 0.5 0.14215686249999998 0.52 0.14215686249999998 0.5466666671875 0.114379084375 0.5511111109375 0.060457515625
0 0.09111111093749999 0.021241829687499998 0.06 0.0375817 0.0511111109375 0.08333333281250001 0.06444444375 0.117647059375 0.15111111093750001 0.135620915625 0.16444444375 0.114379084375 0.17333333281250002 0.071895425 0.20888888906249997 0.01960784375 0.177777778125 0.0049019609375 0.1488888890625 0.0049019609375 0.09111111093749999 0.021241829687499998
0 0 0.87418300625 0.017777778124999997 0.8839869281249999 0.0533333328125 0.8823529406249999 0.06 0.8725490203125 0.102222221875 0.8725490203125 0.1266666671875 0.8545751640624999 0.097777778125 0.7908496734375 0.10888888906250001 0.7467320265625 0.0733333328125 0.740196078125 0.017777778124999997 0.7516339875 0 0.7647058828125 0 0.87418300625
0 0.5088888890625001 0.8431372546875 0.5488888890625 0.8055555562500001 0.5311111109375 0.7745098046875001 0.49555555625 0.75 0.43333333281249997 0.7450980390625 0.3888888890625 0.759803921875 0.3533333328125 0.7859477125 0.3111111109375 0.846405228125 0.3111111109375 0.8627450984375 0.3288888890625 0.8888888890625 0.36222222187500003 0.9150326796874999 0.4 0.9150326796874999 0.43777777812499996 0.903594771875 0.46444444375 0.85620915 0.48444444375 0.8447712421875 0.5088888890625001 0.8431372546875