0 0.33484848437500003 0.825 0.40606060624999996 0.8 0.49393939375 0.71818181875 0.525757575 0.6386363640625 0.540909090625 0.5681818187500001 0.5454545453125 0.48181818125 0.5424242421875001 0.4272727265625 0.53181818125 0.38181818125 0.509090909375 0.3272727265625 0.48333333281249996 0.29318181875 0.4484848484375 0.26818181874999997 0.4075757578125 0.2613636359375 0.3621212125 0.2772727265625 0.3106060609375 0.3227272734375 0.25 0.4227272734375 0.221212121875 0.4863636359375 0.2015151515625 0.5772727265625 0.2015151515625 0.6477272734375 0.225757575 0.7613636359375 0.2545454546875 0.80681818125 0.274242425 0.80681818125 0.3075757578125 0.825 0.33484848437500003 0.825
0 0.8045454546874999 0.690909090625 0.8166666671874999 0.64318181875 0.809090909375 0.5113636359375 0.8106060609375 0.4045454546875 0.7803030296875 0.3636363640625 0.746969696875 0.3454545453125 0.6303030296875 0.3386363640625 0.5893939390625 0.35227272656249997 0.5636363640625001 0.3727272734375 0.540909090625 0.4045454546875 0.55 0.5681818187500001 0.5363636359374999 0.65 0.55 0.6954545453125001 0.5803030296875 0.734090909375 0.6727272734375 0.7613636359375 0.7333333328125 0.7522727265625 0.7727272734375 0.7363636359375 0.8045454546874999 0.690909090625
0 0.6863636359374999 1 0.696969696875 0.9522727265625001 0.696969696875 0.9 0.674242425 0.8409090906250001 0.6575757578125 0.81818181875 0.624242425 0.79318181875 0.5575757578125 0.765909090625 0.5484848484375 0.7272727265625 0.5333333328125 0.7159090906250001 0.5151515156250001 0.7159090906250001 0.48333333281249996 0.765909090625 0.36666666718749996 0.81818181875 0.3424242421875 0.8409090906250001 0.3106060609375 0.90681818125 0.30606060625 1 0.6863636359374999 1
0 1 0.8931818187499999 0.9893939390625001 0.834090909375 0.9363636359375 0.7954545453125 0.8575757578125 0.7613636359375 0.8196969703124999 0.75681818125 0.79393939375 0.775 0.7378787875 0.79318181875 0.70606060625 0.81818181875 0.696969696875 0.9386363640625 0.703030303125 1 1 1 1 0.8931818187499999
0 1 0.290909090625 0.9742424249999999 0.2772727265625 0.9515151515625 0.2772727265625 0.8833333328125 0.29545454531250004 0.8606060609374999 0.3136363640625 0.8333333328125001 0.3545454546875 0.8136363640625 0.4272727265625 0.815151515625 0.5477272734375 0.8287878781250001 0.6477272734375 0.859090909375 0.74318181875 0.8863636359375 0.7454545453125 0.9181818187499999 0.78181818125 0.971212121875 0.8136363640625 0.9893939390625001 0.815909090625 1 0.8113636359375 1 0.290909090625
0 0.8409090906250001 0.3363636359375 0.8848484843750001 0.28181818125 0.9242424249999999 0.2636363640625 0.9893939390625001 0.26818181874999997 0.9863636359375001 0.2022727265625 0.9696969703124999 0.1363636359375 0.9272727265625 0.06136363593750001 0.878787878125 0.0272727265625 0.8242424249999999 0.0113636359375 0.7878787875000001 0.0113636359375 0.7454545453125 0.034090909375 0.7015151515625 0.09318181875 0.690909090625 0.1295454546875 0.696969696875 0.19318181875 0.671212121875 0.240909090625 0.6590909093749999 0.2795454546875 0.6575757578125 0.33181818125 0.75 0.35 0.7803030296875 0.36818181875 0.8121212124999999 0.4022727265625 0.8409090906250001 0.3363636359375
0 0.5454545453125 0.39772727343750003 0.5803030296875 0.3613636359375 0.6545454546875 0.33181818125 0.674242425 0.225 0.6727272734375 0.184090909375 0.6575757578125 0.10909090937499999 0.624242425 0.05 0.59393939375 0.025 0.559090909375 0.0113636359375 0.5106060609374999 0.0113636359375 0.4484848484375 0.0386363640625 0.396969696875 0.10454545468750001 0.36969697031250004 0.1863636359375 0.36818181875 0.2272727265625 0.374242425 0.2545454546875 0.36969697031250004 0.265909090625 0.425757575 0.2636363640625 0.474242425 0.2886363640625 0.5060606062499999 0.325 0.5333333328125 0.390909090625 0.5454545453125 0.39772727343750003
0 0.190909090625 0.42045454531250004 0.2045454546875 0.4272727265625 0.2878787875 0.3136363640625 0.303030303125 0.3227272734375 0.31818181874999996 0.31818181874999996 0.35606060624999997 0.2795454546875 0.3621212125 0.2136363640625 0.353030303125 0.1272727265625 0.31818181874999996 0.059090909375 0.275757575 0.0272727265625 0.190909090625 0.0136363640625 0.14393939375 0.03181818125 0.128787878125 0.05 0.128787878125 0.065909090625 0.14393939375 0.0954545453125 0.15909090937499998 0.1545454546875 0.15606060625 0.2 0.140909090625 0.26818181874999997 0.140909090625 0.33181818125 0.16060606093750002 0.3545454546875 0.165151515625 0.38181818125 0.190909090625 0.42045454531250004
0 0 0.32954545468749996 0.025757574999999998 0.38181818125 0.0393939390625 0.39318181874999997 0.0878787875 0.3477272734375 0.1393939390625 0.33181818125 0.140909090625 0.2772727265625 0.1575757578125 0.1545454546875 0.1424242421875 0.0886363640625 0.10606060625 0.0363636359375 0.065151515625 0.009090909375000001 0.0121212125 0.0022727265625 0 0.006818181249999999 0 0.32954545468749996
0 0.2 0.7363636359375 0.2045454546875 0.6818181812499999 0.2 0.5909090906250001 0.21969697031250002 0.47727272656249997 0.2075757578125 0.44090909062500006 0.16060606093750002 0.359090909375 0.1378787875 0.3477272734375 0.0863636359375 0.3545454546875 0.034848484375 0.4022727265625 0.0363636359375 0.5568181812499999 0.0106060609375 0.6590909093749999 0.009090909375000001 0.70681818125 0.046969696875 0.7295454546875 0.05 0.75681818125 0.065151515625 0.7704545453125 0.1484848484375 0.79318181875 0.1878787875 0.76818181875 0.2 0.7363636359375
0 0.15 1 0.1666666671875 0.9454545453125001 0.1515151515625 0.8681818187499999 0.10454545468750001 0.8 0.04393939375 0.76818181875 0.0378787875 0.73181818125 0.0136363640625 0.7295454546875 0 0.740909090625 0 0.7840909093749999 0.0106060609375 0.8386363640625 0.0075757578125 0.875 0 0.884090909375 0 0.9886363640625 0.009090909375000001 1 0.065151515625 1 0.0772727265625 0.975 0.090909090625 1 0.15 1
0 0.284848484375 1 0.2772727265625 0.9568181812500001 0.25757575781250003 0.9022727265625001 0.21515151562499998 0.8409090906250001 0.1727272734375 0.80681818125 0.1378787875 0.80681818125 0.054545454687499995 0.7704545453125 0.0454545453125 0.759090909375 0.0424242421875 0.73181818125 0.00606060625 0.7136363640625001 0 0.7159090906250001 0 1 0.284848484375 1