0 0.6094771234375 0.6470588234375 0.6176470593750001 0.5955882359375 0.6127450984375 0.5171568625 0.598039215625 0.4607843140625 0.5555555562500001 0.38725490156250003 0.51633986875 0.35049019531250003 0.3954248359375 0.31617647031249996 0.35620915000000003 0.33823529375 0.33986928125000004 0.3799019609375 0.34150326875000003 0.4142156859375 0.3578431375 0.44117647031249996 0.3545751640625 0.5245098046875001 0.385620915625 0.6200980390625 0.43464052343750004 0.6911764703125 0.4771241828125 0.7254901953124999 0.545751634375 0.7279411765625 0.58823529375 0.7083333328125 0.6094771234375 0.6470588234375
0 0.7973856203125 0.6323529406249999 0.830065359375 0.5833333328125 0.846405228125 0.534313725 0.8496732031249999 0.4509803921875 0.8431372546875 0.38725490156250003 0.8202614374999999 0.311274509375 0.7908496734375 0.259803921875 0.7630718953125 0.23774509843749997 0.686274509375 0.21323529375 0.64379085 0.24019607812500002 0.6274509796875 0.2647058828125 0.59150326875 0.3578431375 0.581699346875 0.43137254843750006 0.6029411765625 0.48039215625000004 0.6176470593750001 0.578431371875 0.6405228765625 0.615196078125 0.6944444437499999 0.669117646875 0.777777778125 0.6813725484375001 0.792483659375 0.6666666671875 0.7973856203125 0.6323529406249999
0 0.83823529375 0.76960784375 0.8088235296875 0.7107843140625 0.784313725 0.688725490625 0.73366013125 0.669117646875 0.687908496875 0.6666666671875 0.64379085 0.6985294125 0.6176470593750001 0.759803921875 0.6094771234375 0.8651960781250001 0.62418300625 0.9436274515624999 0.64379085 0.9754901953124999 0.6928104578125 0.9975490203125 0.7875816999999999 0.9950980390625 0.8267973859375 0.9485294124999999 0.8431372546875 0.909313725 0.8513071890624999 0.8357843140625001 0.83823529375 0.76960784375
0 0.5702614374999999 1 0.58986928125 0.9705882359375 0.6045751640625 0.9264705875000001 0.6078431375 0.7720588234375 0.581699346875 0.7524509796875 0.560457515625 0.7205882359375 0.48039215625000004 0.723039215625 0.428104575 0.6911764703125 0.3692810453125 0.7377450984375 0.3267973859375 0.8161764703125 0.3071895421875 0.89460784375 0.31535947656249996 0.9877450984375 0.32516339843750003 1 0.5702614374999999 1
0 0.26633986875 1 0.26797385625 0.89460784375 0.2434640515625 0.784313725 0.20915032656250002 0.7352941171875 0.187908496875 0.723039215625 0.17320261406249998 0.6936274515624999 0.1470588234375 0.686274509375 0.060457515625 0.7671568625 0.0359477125 0.8161764703125 0.013071895312500002 0.9166666671874999 0.0114379078125 1 0.26633986875 1
0 0.23692810468749997 0.5735294125 0.2990196078125 0.5563725484375001 0.32516339843750003 0.5 0.330065359375 0.4166666671875 0.30392156875 0.3897058828125 0.2810457515625 0.35049019531250003 0.258169934375 0.28676470625 0.2434640515625 0.21323529375 0.18954248437500001 0.1764705875 0.1928104578125 0.13970588281250002 0.187908496875 0.12745097968750002 0.1813725484375 0.1470588234375 0.186274509375 0.17892156875 0.1372549015625 0.188725490625 0.1111111109375 0.17892156875 0.08496732031250001 0.21323529375 0.07679738593749999 0.3357843140625 0.09477124218750001 0.421568628125 0.1290849671875 0.48039215625000004 0.1454248359375 0.5294117640625 0.186274509375 0.563725490625 0.23692810468749997 0.5735294125
0 0.37254902031250003 0.3333333328125 0.40849673124999997 0.3259803921875 0.43300653593750005 0.3431372546875 0.4771241828125 0.33823529375 0.4852941171875 0.30392156875 0.4852941171875 0.2671568625 0.47385620937499995 0.20588235312499997 0.42973856250000003 0.0857843140625 0.383986928125 0.0392156859375 0.34150326875000003 0.034313725 0.2875817 0.0514705875 0.2826797390625 0.07107843124999999 0.26797385625 0.08333333281250001 0.2516339875 0.14215686249999998 0.2467320265625 0.20098039218750002 0.2565359484375 0.276960784375 0.2826797390625 0.3578431375 0.31535947656249996 0.4044117640625 0.34640522812499996 0.421568628125 0.3545751640625 0.36274509843749997 0.37254902031250003 0.3333333328125
0 0.671568628125 0.2107843140625 0.6568627453125 0.14215686249999998 0.6111111109375 0.044117646875 0.578431371875 0.0122549015625 0.545751634375 0.0122549015625 0.490196078125 0.0490196078125 0.46405228750000005 0.09068627500000001 0.44934640468750003 0.1470588234375 0.4771241828125 0.23774509843749997 0.4787581703125 0.3357843140625 0.5147058828125 0.35049019531250003 0.5702614374999999 0.39950980468749997 0.580065359375 0.39950980468749997 0.6323529406249999 0.2671568625 0.6650326796875 0.23039215624999998 0.671568628125 0.2107843140625
0 0.9983660125 0.37745097968749997 1 0.0245098046875 0.9640522875 0.007352940625 0.9150326796874999 0.0024509796875 0.8905228765625001 0.0122549015625 0.83823529375 0.0563725484375 0.8071895421875 0.09068627500000001 0.7875816999999999 0.1299019609375 0.7565359484374999 0.1495098046875 0.7450980390625 0.1764705875 0.741830065625 0.23039215624999998 0.7892156859375 0.26225490156250003 0.84150326875 0.37254902031250003 0.8986928109375001 0.38725490156250003 0.9983660125 0.37745097968749997
0 0 0.73039215625 0.060457515625 0.7279411765625 0.1568627453125 0.67892156875 0.17810457500000001 0.6274509796875 0.1797385625 0.5588235296875 0.151960784375 0.534313725 0.1307189546875 0.48039215625000004 0.09150326875 0.42892156875 0.0392156859375 0.3921568625 0 0.382352940625 0 0.55392156875 0.0065359484374999995 0.580882353125 0 0.5931372546875 0 0.73039215625
0 0.3125 0.73046875 0.209375 0.34375
0 0.89609375 0.528125 0.2 0.3703125
0 0.89140625 0.8265625 0.2109375 0.325
0 0.725 0.075 0.2375 0.15