0 0.3369140625 0.19097222187500001 0.3193359375 0.20138888906250002 0.3037109375 0.1666666671875 0.294921875 0.17881944375 0.294921875 0.203125 0.2734375 0.22395833281250002 0.271484375 0.27256944375000003 0.28125 0.30381944375000003 0.263671875 0.3489583328125 0.25 0.4322916671875 0.2578125 0.5260416671875 0.2783203125 0.5694444437499999 0.2890625 0.5677083328125 0.3291015625 0.534722221875 0.3662109375 0.5381944437499999 0.375 0.519097221875 0.380859375 0.46006944375 0.375 0.3732638890625 0.34765625 0.3072916671875 0.349609375 0.21354166718749998 0.3369140625 0.19097222187500001
0 0.41015625 0.637152778125 0.396484375 0.581597221875 0.3837890625 0.5625 0.3642578125 0.5416666671875 0.3291015625 0.534722221875 0.2978515625 0.5520833328125 0.27734375 0.5954861109375 0.267578125 0.6475694437499999 0.26953125 0.769097221875 0.306640625 0.8663194437499999 0.30859375 0.921875 0.328125 0.918402778125 0.318359375 0.956597221875 0.3046875 0.9600694437499999 0.302734375 0.9982638890625 0.375 0.9982638890625 0.376953125 0.9635416671874999 0.369140625 0.956597221875 0.365234375 0.9149305562500001 0.373046875 0.8663194437499999 0.3935546875 0.847222221875 0.408203125 0.8107638890625 0.4140625 0.765625 0.41015625 0.637152778125
0 0.15234375 0.7170138890625 0.1142578125 0.659722221875 0.0927734375 0.6458333328125 0.0478515625 0.659722221875 0.029296875 0.7413194437499999 0.037109375 0.831597221875 0.0732421875 0.875 0.1240234375 0.8819444437499999 0.1396484375 0.9131944437499999 0.1796875 0.9288194437499999 0.201171875 0.9079861109375 0.2021484375 0.8854166671874999 0.224609375 0.8802083328125001 0.189453125 0.8454861109375 0.2021484375 0.8368055562500001 0.20703125 0.8142361109375 0.1748046875 0.8125 0.15234375 0.7170138890625
0 0 0.668402778125 0.00390625 0.6927083328125 0.013671875 0.6927083328125 0.0166015625 0.6701388890625 0.0537109375 0.6493055562500001 0.0703125 0.6232638890625 0.095703125 0.5399305562500001 0.08984375 0.46006944375 0.0791015625 0.43055555625 0.0537109375 0.40277777812500004 0.0263671875 0.39930555624999997 0 0.41840277812500004 0 0.668402778125
0 0.17578125 0.42534722187499996 0.173828125 0.550347221875 0.150390625 0.5954861109375 0.138671875 0.6475694437499999 0.138671875 0.6857638890625 0.173828125 0.769097221875 0.201171875 0.7760416671875 0.216796875 0.6857638890625 0.23828125 0.644097221875 0.232421875 0.605902778125 0.255859375 0.5364583328125 0.2373046875 0.3923611109375 0.2255859375 0.40972222187499996 0.2021484375 0.40625 0.17578125 0.42534722187499996
0 0.63671875 0.4392361109375 0.63671875 0.390625 0.61328125 0.3802083328125 0.6171875 0.30381944375000003 0.607421875 0.3107638890625 0.5927734375 0.3611111109375 0.583984375 0.2517361109375 0.5654296875 0.246527778125 0.55859375 0.3072916671875 0.5361328125 0.2951388890625 0.5361328125 0.3298611109375 0.5068359375 0.30902777812500004 0.494140625 0.3142361109375 0.51171875 0.35590277812500004 0.494140625 0.3697916671875 0.498046875 0.4114583328125 0.5322265625 0.4270833328125 0.52734375 0.44965277812500004 0.5517578125 0.46180555625 0.552734375 0.484375 0.59375 0.550347221875 0.58984375 0.6232638890625 0.62890625 0.7482638890625 0.6455078125 0.7673611109375 0.669921875 0.765625 0.7236328125 0.7118055562500001 0.736328125 0.6857638890625 0.744140625 0.6336805562500001 0.740234375 0.5954861109375 0.7021484375 0.5138888890625 0.65234375 0.48784722187499996 0.6484375 0.44965277812500004 0.63671875 0.4392361109375
0 0.4501953125 0.5 0.427734375 0.5399305562500001 0.416015625 0.5989583328125 0.423828125 0.7517361109375 0.4404296875 0.7743055562500001 0.47265625 0.7829861109375 0.5009765625 0.7708333328125 0.51953125 0.737847221875 0.548828125 0.6163194437499999 0.541015625 0.543402778125 0.5224609375 0.5104166671875 0.4912109375 0.4861111109375 0.4638671875 0.4861111109375 0.4501953125 0.5
0 0.740234375 0.6822916671875 0.734375 0.7795138890625 0.7236328125 0.784722221875 0.6953125 0.8489583328125001 0.6875 0.9947916671874999 0.814453125 0.9982638890625 0.822265625 0.887152778125 0.810546875 0.824652778125 0.794921875 0.793402778125 0.806640625 0.730902778125 0.8046875 0.6788194437499999 0.7822265625 0.6423611109375 0.7529296875 0.6354166671875 0.740234375 0.6822916671875
0 1 0.859375 0.9892578125 0.84375 0.9638671875 0.84375 0.9150390625 0.8854166671874999 0.87890625 0.9427083328125001 0.8671875 0.987847221875 0.8681640625 1 1 0.9982638890625 1 0.859375
0 0.8310546875 1 0.865234375 0.9982638890625 0.876953125 0.9427083328125001 0.931640625 0.859375 0.8916015625 0.8020833328125001 0.8466796875 0.7881944437499999 0.81640625 0.831597221875 0.826171875 0.894097221875 0.82421875 0.9600694437499999 0.8310546875 1
0 0.9248046875 0.6041666671875 0.9443359375 0.5833333328125 0.9482421875 0.621527778125 0.990234375 0.6267361109375 1 0.6197916671875 0.9990234375 0.39930555624999997 0.9326171875 0.40972222187499996 0.875 0.4739583328125 0.8671875 0.550347221875 0.8857421875 0.59375 0.9111328125 0.590277778125 0.9248046875 0.6041666671875
0 0.95703125 0.2552083328125 0.931640625 0.22048611093749998 0.9306640625 0.18055555625 0.91796875 0.18923611093749998 0.8994140625 0.23958333281250002 0.89453125 0.21006944375 0.892578125 0.24131944375 0.8994140625 0.2604166671875 0.8955078125 0.25 0.888671875 0.25868055624999997 0.8857421875 0.22569444375 0.87890625 0.230902778125 0.8837890625 0.25 0.8642578125 0.25 0.84375 0.28993055624999997 0.8349609375 0.35069444375000003 0.8193359375 0.34722222187499996 0.7900390625 0.36805555624999997 0.744140625 0.4392361109375 0.736328125 0.4670138890625 0.7421875 0.5260416671875 0.7744140625 0.5833333328125 0.798828125 0.5850694437499999 0.8271484375 0.5694444437499999 0.85546875 0.5225694437499999 0.875 0.45659722187499996 0.875 0.4114583328125 0.9091796875 0.37847222187499996 0.9443359375 0.2916666671875 0.958984375 0.29340277812500004 0.95703125 0.2552083328125
0 0.7216796875 0.19444444375 0.701171875 0.234375 0.6953125 0.32118055624999997 0.705078125 0.3767361109375 0.7177734375 0.39930555624999997 0.75 0.41493055625 0.7685546875 0.39930555624999997 0.798828125 0.3420138890625 0.80859375 0.30381944375000003 0.80859375 0.2552083328125 0.798828125 0.22048611093749998 0.7783203125 0.19444444375 0.7373046875 0.18402777812499999 0.7216796875 0.19444444375
0 0.685546875 0.09895833281250001 0.65625 0.16840277812499999 0.6484375 0.24131944375 0.626953125 0.2760416671875 0.61328125 0.36284722187499996 0.6181640625 0.3854166671875 0.6318359375 0.38194444375000003 0.640625 0.39756944375000003 0.63671875 0.4357638890625 0.6484375 0.44618055625 0.654296875 0.48090277812500004 0.669921875 0.48784722187499996 0.689453125 0.453125 0.69921875 0.38715277812500004 0.693359375 0.26215277812500004 0.716796875 0.18923611093749998 0.744140625 0.14756944375 0.7275390625 0.1111111109375 0.6943359375 0.097222221875 0.685546875 0.09895833281250001
0 0.5771484375 0.23611111093749998 0.5859375 0.25868055624999997 0.587890625 0.328125 0.59765625 0.3454861109375 0.62109375 0.2795138890625 0.62109375 0.21006944375 0.6826171875 0.097222221875 0.697265625 0.08506944375 0.701171875 0.0295138890625 0.712890625 0.00868055625 0.7080078125 0 0.6064453125 0.0034722218749999997 0.599609375 0.078125 0.58203125 0.11631944375 0.5771484375 0.15972222187500001 0.5458984375 0.15625 0.5185546875 0.20138888906250002 0.46875 0.24479166718749998 0.453125 0.3072916671875 0.45703125 0.359375 0.4697265625 0.3888888890625 0.4921875 0.4079861109375 0.4921875 0.36631944375000003 0.5078125 0.35590277812500004 0.494140625 0.3072916671875 0.5302734375 0.3229166671875 0.5341796875 0.2951388890625 0.5537109375 0.30555555624999997 0.560546875 0.2517361109375 0.5771484375 0.23611111093749998
0 0.5185546875 0.15972222187500001 0.533203125 0.1614583328125 0.572265625 0.140625 0.59765625 0.06770833281250001 0.603515625 0.00868055625 0.4560546875 0 0.447265625 0.0295138890625 0.453125 0.078125 0.4970703125 0.1111111109375 0.5185546875 0.15972222187500001
0 0.4208984375 0.1145833328125 0.41015625 0.171875 0.38671875 0.206597221875 0.38671875 0.2864583328125 0.4169921875 0.3229166671875 0.4326171875 0.3229166671875 0.42578125 0.3489583328125 0.447265625 0.3767361109375 0.45703125 0.26215277812500004 0.4736328125 0.22569444375 0.5068359375 0.20486111093749998 0.513671875 0.17534722187500001 0.5009765625 0.121527778125 0.4638671875 0.090277778125 0.4443359375 0.090277778125 0.4208984375 0.1145833328125
0 0.34765625 0.16840277812499999 0.35546875 0.09201388906249999 0.3388671875 0.059027778125 0.2939453125 0.055555556250000006 0.2783203125 0.0416666671875 0.2548828125 0.0486111109375 0.2216796875 0.027777778125000003 0.22265625 0.06423611093750001 0.1982421875 0.08680555625 0.1875 0.078125 0.1865234375 0.055555556250000006 0.15625 0.06423611093750001 0.18359375 0.10243055625 0.1787109375 0.121527778125 0.146484375 0.13715277812499999 0.181640625 0.1614583328125 0.162109375 0.21006944375 0.1767578125 0.22916666718749998 0.2294921875 0.23263888906250002 0.23828125 0.30381944375000003 0.244140625 0.24826388906250002 0.2568359375 0.215277778125 0.2685546875 0.23263888906250002 0.29296875 0.19618055625 0.29296875 0.17534722187500001 0.3017578125 0.16319444375 0.3330078125 0.18402777812499999 0.34765625 0.16840277812499999
0 0.2216796875 0.3263888890625 0.1669921875 0.3333333328125 0.150390625 0.36631944375000003 0.140625 0.421875 0.15234375 0.4739583328125 0.169921875 0.5017361109375 0.1787109375 0.4201388890625 0.2119140625 0.40277777812500004 0.2236328125 0.40972222187499996 0.2353515625 0.3923611109375 0.2412109375 0.40972222187499996 0.2490234375 0.40625 0.2578125 0.35590277812500004 0.2216796875 0.3263888890625
0 0.099609375 0.41840277812500004 0.1142578125 0.4548611109375 0.12890625 0.4635416671875 0.142578125 0.4357638890625 0.140625 0.4079861109375 0.15234375 0.359375 0.169921875 0.328125 0.1611328125 0.31597222187499996 0.1279296875 0.3125 0.1015625 0.35243055624999997 0.099609375 0.41840277812500004
0 0 0.390625 0.0048828125 0.40277777812500004 0.01953125 0.4010416671875 0.0537109375 0.3958333328125 0.0830078125 0.3298611109375 0.0927734375 0.34027777812500004 0.1044921875 0.3333333328125 0.15625 0.25868055624999997 0.162109375 0.171875 0.1376953125 0.11805555625 0.1005859375 0.1111111109375 0.0830078125 0.121527778125 0.044921875 0.21006944375 0.037109375 0.27256944375000003 0 0.296875 0 0.390625
0 0.1640625 0.296875 0.1767578125 0.3229166671875 0.2314453125 0.3263888890625 0.26171875 0.3454861109375 0.275390625 0.296875 0.2509765625 0.24305555625 0.244140625 0.2517361109375 0.2373046875 0.31597222187499996 0.2275390625 0.23958333281250002 0.1826171875 0.23263888906250002 0.1640625 0.265625 0.1640625 0.296875
0 0.1455078125 0.4583333328125 0.10546875 0.5017361109375 0.09375 0.5607638890625 0.099609375 0.612847221875 0.134765625 0.644097221875 0.173828125 0.5295138890625 0.1455078125 0.4583333328125
0 0.216796875 0.8142361109375 0.2353515625 0.8541666671874999 0.287109375 0.8697916671874999 0.296875 0.859375 0.283203125 0.793402778125 0.26953125 0.769097221875 0.267578125 0.644097221875 0.2353515625 0.652777778125 0.22265625 0.668402778125 0.208984375 0.734375 0.216796875 0.8142361109375
0 0.2470703125 1 0.26953125 0.949652778125 0.2470703125 0.8993055562500001 0.2255859375 0.8819444437499999 0.2060546875 0.8888888890625 0.203125 0.9079861109375 0.1826171875 0.934027778125 0.1630859375 0.9201388890625 0.1416015625 0.9236111109375 0.1328125 0.9392361109375 0.130859375 0.987847221875 0.1376953125 1 0.220703125 1 0.2470703125 1
0 0.68359375 0.9982638890625 0.6796875 0.887152778125 0.6162109375 0.815972221875 0.5869140625 0.809027778125 0.548828125 0.8732638890625 0.54296875 0.9288194437499999 0.5576171875 0.9861111109375 0.6064453125 1 0.68359375 0.9982638890625
0 0.505859375 0.769097221875 0.5166015625 0.8055555562500001 0.552734375 0.8385416671874999 0.5693359375 0.8333333328125001 0.603515625 0.7829861109375 0.59765625 0.7586805562500001 0.599609375 0.671875 0.5810546875 0.6423611109375 0.5537109375 0.625 0.51171875 0.769097221875 0.505859375 0.769097221875
0 0.4755859375 0.40277777812500004 0.4287109375 0.36805555624999997 0.4169921875 0.375 0.3955078125 0.34027777812500004 0.3857421875 0.3541666671875 0.375 0.3385416671875 0.3857421875 0.5 0.4384765625 0.5138888890625 0.4619140625 0.4861111109375 0.5029296875 0.4895833328125 0.546875 0.5538194437499999 0.5576171875 0.621527778125 0.583984375 0.6302083328125 0.587890625 0.546875 0.552734375 0.48784722187499996 0.5498046875 0.46180555625 0.525390625 0.44965277812500004 0.5263671875 0.4270833328125 0.5107421875 0.4236111109375 0.4951171875 0.4513888890625 0.4755859375 0.40277777812500004
0 0.7578125 0.12673611093749998 0.7685546875 0.1354166671875 0.7724609375 0.1145833328125 0.7939453125 0.17013888906250002 0.82421875 0.17881944375 0.8388671875 0.1666666671875 0.853515625 0.12673611093749998 0.853515625 0.06770833281250001 0.8330078125 0.027777778125000003 0.8173828125 0.0173611109375 0.7705078125 0.0208333328125 0.751953125 0.0607638890625 0.7578125 0.12673611093749998
0 0.8759765625 0.034722221875 0.861328125 0.02256944375 0.865234375 0.081597221875 0.859375 0.08506944375 0.853515625 0.1614583328125 0.869140625 0.17534722187500001 0.8740234375 0.15972222187500001 0.8994140625 0.17013888906250002 0.92578125 0.1197916671875 0.9345703125 0.027777778125000003 0.9208984375 0.0173611109375 0.9013671875 0.0486111109375 0.8876953125 0 0.8759765625 0.034722221875
0 0.35546875 0.16840277812499999 0.3662109375 0.20138888906250002 0.380859375 0.19965277812499999 0.408203125 0.16840277812499999 0.41796875 0.1197916671875 0.439453125 0.09201388906249999 0.435546875 0.06770833281250001 0.4169921875 0.0451388890625 0.3818359375 0.03819444375 0.359375 0.074652778125 0.35546875 0.16840277812499999
0 0.87890625 0.4114583328125 0.87890625 0.4392361109375 0.888671875 0.44618055625 0.9384765625 0.40625 0.9931640625 0.40277777812500004 1 0.3697916671875 0.9716796875 0.31944444375000003 0.9501953125 0.31944444375000003 0.9345703125 0.3333333328125 0.9169921875 0.37847222187499996 0.87890625 0.4114583328125
0 0 0.9982638890625 0.0703125 1 0.08203125 0.9982638890625 0.083984375 0.9739583328125001 0.068359375 0.9079861109375 0.0283203125 0.8576388890625 0.015625 0.8663194437499999 0.0126953125 0.8888888890625 0.0009765625 0.875 0 0.9982638890625