0 0.553125 0.334375 0.0625 0.175
0 0.159375 0.35625 0.0625 0.2078125
0 0.3890625 0.425 0.0515625 0.1875
0 0.871875 0.48515625 0.040625 0.278125
0 0.26015625 0.51171875 0.05625 0.34375
0 0.5546875 0.53828125 0.1140625 0.25
0 0.6984375 0.5625 0.0578125 0.221875
0 0.06875 0.5984375 0.053125 0.3
0 0.47109375 0.60859375 0.046875 0.2828125
0 0.4 0.71171875 0.0359375 0.2796875
0 0.67265625 0.7125 0.09375 0.2640625
0 0.1171875 0.71484375 0.0546875 0.24375
0 0.1390625 0.07734375 0.1703125 0.0953125
0 0.5328125 0.76171875 0.0390625 0.2109375
0 0.4703125 0.853125 0.0578125 0.24375
0 0.2875 0.27890625 0.078125 0.1546875
0 0.69375 0.2828125 0.1234375 0.246875