0 0.311 0.5505 0.312 0.6002500000000001 0.315 0.62175 0.3263333328125 0.6457499999999999 0.33399999999999996 0.6585 0.341 0.6685 0.3543333328125 0.6815 0.3803333328125 0.6995 0.403 0.71025 0.42833333281249997 0.7195 0.44166666718750003 0.726 0.454 0.72825 0.4933333328125 0.73225 0.5223333328125 0.7335 0.5456666671875 0.7315 0.5816666671874999 0.7252500000000001 0.5940000000000001 0.722 0.629 0.71 0.646 0.70125 0.6626666671875 0.6900000000000001 0.6833333328125 0.6725 0.6993333328125 0.65425 0.7123333328125 0.63475 0.7190000000000001 0.621 0.7263333328125 0.5995 0.7286666671875001 0.5845 0.7296666671875001 0.5285 0.7273333328125 0.5165 0.7203333328125 0.50175 0.714 0.49024999999999996 0.6990000000000001 0.46950000000000003 0.6813333328125 0.45225 0.6483333328125 0.43125 0.622 0.41900000000000004 0.5943333328125 0.41025 0.5516666671875 0.4035 0.5326666671875 0.40199999999999997 0.5183333328125 0.40199999999999997 0.4806666671875 0.40549999999999997 0.45199999999999996 0.41 0.43099999999999994 0.41475 0.40499999999999997 0.42575 0.367 0.44525 0.36 0.45149999999999996 0.341 0.47525000000000006 0.3286666671875 0.49375 0.3173333328125 0.51475 0.312 0.5315000000000001 0.311 0.5505
0 0.1846666671875 0.34199999999999997 0.2013333328125 0.3415 0.2173333328125 0.34325 0.24900000000000003 0.3435 0.2793333328125 0.341 0.3036666671875 0.3305 0.308 0.33175 0.31433333281250003 0.33575 0.318 0.3365 0.3203333328125 0.33525 0.3273333328125 0.32875 0.3293333328125 0.2885 0.323 0.26475 0.3166666671875 0.254 0.3043333328125 0.2405 0.2916666671875 0.23325 0.2773333328125 0.2285 0.24133333281249997 0.22549999999999998 0.2 0.22525 0.1796666671875 0.22825 0.1633333328125 0.23500000000000001 0.1546666671875 0.24275000000000002 0.148 0.25425 0.1453333328125 0.26575000000000004 0.1453333328125 0.27725 0.1486666671875 0.29500000000000004 0.1563333328125 0.31875 0.1646666671875 0.33425 0.17366666718749998 0.3395 0.1846666671875 0.34199999999999997
0 0.2126666671875 0.445 0.25433333281250003 0.44475 0.2663333328125 0.438 0.2856666671875 0.417 0.3043333328125 0.404 0.3163333328125 0.40199999999999997 0.327 0.40425000000000005 0.3313333328125 0.403 0.3343333328125 0.396 0.335 0.39075000000000004 0.32966666718750004 0.376 0.3266666671875 0.3725 0.3083333328125 0.35924999999999996 0.2956666671875 0.3525 0.2906666671875 0.35075 0.27799999999999997 0.34900000000000003 0.251 0.34900000000000003 0.217 0.3465 0.20433333281250002 0.343 0.20099999999999998 0.343 0.187 0.34725 0.1786666671875 0.35350000000000004 0.17033333281250002 0.366 0.16499999999999998 0.38 0.1656666671875 0.39125 0.17433333281250002 0.41574999999999995 0.177 0.43125 0.1813333328125 0.43724999999999997 0.1866666671875 0.44075 0.194 0.44299999999999995 0.2126666671875 0.445
0 0.4703333328125 0.281 0.5216666671875 0.27675 0.5296666671875 0.2745 0.5336666671875 0.27225 0.5423333328125 0.26425 0.5466666671875 0.2575 0.5496666671875 0.24625 0.5503333328125 0.23975 0.549 0.22925 0.5453333328125 0.21549999999999997 0.532 0.20625 0.5183333328125 0.20625 0.507 0.20325000000000001 0.49733333281250003 0.199 0.48166666718749995 0.1955 0.4436666671875 0.1925 0.4183333328125 0.1925 0.4046666671875 0.1905 0.3993333328125 0.19575 0.3913333328125 0.20125 0.38733333281250004 0.21549999999999997 0.391 0.24175 0.40099999999999997 0.26525 0.40133333281250005 0.27925 0.40433333281249995 0.2885 0.41100000000000003 0.28325 0.42800000000000005 0.27875 0.45466666718750004 0.281 0.4703333328125 0.281
0 0.6769999999999999 0.32525 0.682 0.33075 0.6976666671875 0.34375 0.7083333328125 0.34875 0.7316666671875 0.35175 0.7456666671875001 0.357 0.761 0.36124999999999996 0.7683333328125 0.36425 0.7856666671875 0.3745 0.7953333328125 0.376 0.7996666671875 0.375 0.8093333328125001 0.37025 0.8123333328125 0.36675 0.8226666671875 0.3435 0.825 0.329 0.8286666671875 0.31675 0.8240000000000001 0.2905 0.8293333328125 0.27749999999999997 0.8366666671875 0.2665 0.836 0.26075 0.833 0.254 0.8186666671875 0.246 0.792 0.23975 0.7313333328125 0.2375 0.7096666671875 0.2355 0.6950000000000001 0.2355 0.683 0.23675000000000002 0.6586666671875 0.24225 0.6453333328124999 0.24975 0.643 0.25525000000000003 0.64 0.28025 0.642 0.29025 0.6453333328124999 0.2965 0.6536666671875 0.3065 0.663 0.3135 0.6683333328125001 0.31925 0.6769999999999999 0.32525
0 0.63828125 0.2203125 0.1640625 0.10625
0 0.80234375 0.2015625 0.18125 0.10625
0 0.91015625 0.28359375 0.1796875 0.1203125
0 0.903125 0.3953125 0.19375 0.096875
0 0.12890625 0.253125 0.1453125 0.09375
0 0.08203125 0.43828125 0.134375 0.153125
0 0.7875 0.9140625 0.1359375 0.171875
0 0.94453125 0.90546875 0.1046875 0.1890625
0 0.640625 0.93359375 0.1265625 0.1328125