0 0.1796875 0.6640625 0.35625 0.425
0 0.48515625 0.8703125 0.5109375 0.25625
0 0.259375 0.8796875 0.21875 0.228125
0 0.93828125 0.67890625 0.1203125 0.40625
0 0.82265625 0.89296875 0.35 0.2109375
0 0.734375 0.5953125 0.36875 0.403125
0 0.45703125 0.6296875 0.265625 0.2765625
0 0.39375 0.328125 0.396875 0.428125
0 0.68125 0.3421875 0.2859375 0.271875
0 0.87421875 0.2046875 0.2390625 0.334375
0 0.58671875 0.16328125 0.25 0.1703125
0 0.3578125 0.07734375 0.2765625 0.1390625
0 0.17734375 0.196875 0.2828125 0.2390625