0 0.51171875 0.4942528734375 0.509765625 0.5555555562500001 0.568359375 0.6704980843749999 0.626953125 0.7049808421875 0.673828125 0.6896551718749999 0.67578125 0.65900383125 0.6640625 0.6206896546875 0.603515625 0.5670498078125 0.560546875 0.49042145625 0.533203125 0.4750957859375 0.51171875 0.4942528734375
0 0.59375 0.36015325625 0.62890625 0.50957854375 0.677734375 0.6168582375 0.69140625 0.628352490625 0.69921875 0.605363984375 0.650390625 0.329501915625 0.630859375 0.26819923437500004 0.619140625 0.26819923437500004 0.59375 0.3026819921875 0.59375 0.36015325625
0 0.671875 0.4214559390625 0.6875 0.5517241375 0.703125 0.6130268203125 0.716796875 0.6091954015625001 0.7265625 0.455938696875 0.75390625 0.3141762453125 0.74609375 0.222222221875 0.724609375 0.21072796875000002 0.693359375 0.26819923437500004 0.671875 0.4214559390625
0 0.873046875 0.7624521078125001 0.953125 0.7164750953125 0.984375 0.6704980843749999 0.990234375 0.6168582375 0.982421875 0.5938697312500001 0.951171875 0.5900383140625001 0.794921875 0.6819923375 0.8046875 0.7624521078125001 0.873046875 0.7624521078125001
0 0.8203125 0.2605363984375 0.79296875 0.32567049843749996 0.734375 0.5823754796875 0.736328125 0.628352490625 0.75 0.628352490625 0.802734375 0.50957854375 0.861328125 0.32567049843749996 0.865234375 0.26819923437500004 0.849609375 0.24137931093749998 0.837890625 0.24137931093749998 0.8203125 0.2605363984375
0 0.087890625 0.22988505781250002 0.078125 0.26819923437500004 0.080078125 0.348659003125 0.10546875 0.46743294999999996 0.150390625 0.5670498078125 0.197265625 0.5823754796875 0.208984375 0.5134099609375 0.15234375 0.3869731796875 0.126953125 0.264367815625 0.11328125 0.24904214531250002 0.111328125 0.22988505781250002 0.087890625 0.22988505781250002
0 0.15625 0.19157088125 0.15625 0.363984675 0.169921875 0.436781609375 0.2265625 0.544061303125 0.244140625 0.521072796875 0.228515625 0.47892720312500003 0.21875 0.4099616859375 0.212890625 0.1992337171875 0.201171875 0.1417624515625 0.173828125 0.13409961718750002 0.15625 0.19157088125
0 0.22265625 0.44827586249999996 0.25 0.5287356328125 0.26171875 0.5172413796875001 0.296875 0.2068965515625 0.291015625 0.1111111109375 0.26953125 0.0996168578125 0.236328125 0.160919540625 0.21875 0.3141762453125 0.22265625 0.44827586249999996
0 0.330078125 0.10727969374999999 0.29296875 0.1647509578125 0.28515625 0.21072796875000002 0.259765625 0.44827586249999996 0.263671875 0.50957854375 0.271484375 0.5172413796875001 0.2890625 0.5057471265625 0.3203125 0.4214559390625 0.35546875 0.264367815625 0.361328125 0.14559387031249998 0.345703125 0.1111111109375 0.330078125 0.10727969374999999
0 0.162109375 0.6666666671875 0.1640625 0.72413793125 0.232421875 0.923371646875 0.251953125 0.9655172406249999 0.26171875 0.9616858234375 0.259765625 0.881226053125 0.2421875 0.754789271875 0.216796875 0.6743295015624999 0.201171875 0.6436781609375 0.185546875 0.636015325 0.162109375 0.6666666671875
0 0.2578125 0.9272030656249999 0.28125 0.9501915703125 0.298828125 0.773946359375 0.296875 0.6896551718749999 0.28515625 0.605363984375 0.259765625 0.5900383140625001 0.2421875 0.6206896546875 0.240234375 0.701149425 0.2578125 0.9272030656249999
0 0.287109375 0.9501915703125 0.302734375 0.9501915703125 0.328125 0.885057471875 0.376953125 0.6896551718749999 0.373046875 0.6206896546875 0.34375 0.59770115 0.328125 0.6245210734375 0.302734375 0.7509578546875 0.287109375 0.9501915703125
0 0.111328125 0.8352490421875001 0.16015625 0.9118773953125 0.244140625 0.9923371640624999 0.25 0.9655172406249999 0.244140625 0.9425287359375 0.197265625 0.80842911875 0.15625 0.7509578546875 0.123046875 0.7394636015625 0.103515625 0.766283525 0.111328125 0.8352490421875001
0 0.26328125 0.3765625 0.421875 0.53125
0 0.7359375 0.47890625 0.4953125 0.553125
0 0.71875 0.85546875 0.41875 0.2859375
0 0.27109375 0.80625 0.425 0.3875