0 0.0065359484374999995 0.852611940625 0.014705882812500001 0.8563432828125 0.044934640625 0.85074626875 0.0588235296875 0.7817164171875 0.0686274515625 0.554104478125 0.0866013078125 0.3899253734375 0.0866013078125 0.3675373140625 0.0743464046875 0.3432835828125 0.0392156859375 0.375 0.01960784375 0.494402984375 0.0016339875000000001 0.7108208953124999 0.0065359484374999995 0.852611940625
0 0.07679738593749999 0.804104478125 0.10375817031250001 0.7425373140625 0.12336601250000001 0.7313432828125 0.14379085 0.748134328125 0.14379085 0.4347014921875 0.12336601250000001 0.38432835781249997 0.0939542484375 0.4104477609375 0.07679738593749999 0.47574626875000003 0.0686274515625 0.6436567171875 0.0686274515625 0.77425373125 0.07679738593749999 0.804104478125
0 0.1405228765625 0.7630597015625 0.1299019609375 0.7388059703125001 0.10375817031250001 0.74626865625 0.080065359375 0.7966417906250001 0.0375817 0.9869402984375 0.0383986921875 1 0.1209150328125 0.998134328125 0.14215686249999998 0.8861940296874999 0.1405228765625 0.7630597015625
0 0 0.998134328125 0.032679739062500004 0.998134328125 0.0571895421875 0.8824626859375 0.0400326796875 0.8544776125 0.025326796875 0.85074626875 0 0.875 0 0.998134328125
0 0.2140522875 0.7705223875 0.2124183 0.3675373140625 0.1952614375 0.3097014921875 0.169117646875 0.30223880625 0.1486928109375 0.33022388125 0.1454248359375 0.4384328359375 0.1552287578125 0.744402984375 0.1723856203125 0.7761194031249999 0.1797385625 0.77425373125 0.2140522875 0.7705223875
0 0.0245098046875 0.29291044843749997 0.0294117640625 0.277985075 0.034313725 0.001865671875 0.0024509796875 0 0 0.277985075 0.0245098046875 0.29291044843749997
0 0.0383986921875 0 0.0294117640625 0.1623134328125 0.0310457515625 0.2854477609375 0.0596405234375 0.3395522390625 0.080065359375 0.3414179109375 0.0931372546875 0.24440298437500002 0.0931372546875 0.005597015625 0.0383986921875 0
0 0.09640522812499999 0.22947761249999998 0.10212418281249999 0.25373134375 0.1307189546875 0.25932835781249997 0.1372549015625 0.2182835828125 0.1372549015625 0.001865671875 0.10539215625000001 0 0.09640522812499999 0.22947761249999998
0 0.16176470625 0.304104478125 0.150326796875 0.32649253749999996 0.1470588234375 0.3563432828125 0.151960784375 0.6847014921875 0.15931372500000002 0.75 0.1723856203125 0.772388059375 0.1911764703125 0.7705223875 0.2140522875 0.7630597015625 0.20915032656250002 0.67723880625 0.2124183 0.3824626859375 0.20588235312499997 0.32649253749999996 0.2189542484375 0.31902985 0.223856209375 0.2817164171875 0.2271241828125 0.0093283578125 0.1576797390625 0 0.15359477187499998 0.19589552187499998 0.16176470625 0.304104478125
0 0.2483660125 0.8227611937500001 0.2794117640625 0.7705223875 0.2875817 0.4645522390625 0.2826797390625 0.345149253125 0.2671568625 0.30223880625 0.242647059375 0.2873134328125 0.2254901953125 0.32276119375 0.2173202609375 0.3824626859375 0.2124183 0.695895521875 0.2205882359375 0.7817164171875 0.2483660125 0.8227611937500001
0 0.2647058828125 0.0093283578125 0.25326797343749996 0.1324626859375 0.25 0.25932835781249997 0.2557189546875 0.2873134328125 0.2794117640625 0.3152985078125 0.30228758125 0.22574626874999998 0.329248365625 0 0.2647058828125 0.0093283578125
0 0.2344771234375 0 0.23039215624999998 0.0167910453125 0.2271241828125 0.2108208953125 0.24019607812500002 0.23320895468749997 0.2483660125 0.2108208953125 0.26225490156250003 0 0.2344771234375 0
0 0.28431372499999996 0.7779850749999999 0.31617647031249996 0.8395522390625001 0.32516339843750003 0.8376865671875 0.348039215625 0.744402984375 0.3545751640625 0.58022388125 0.37418300625 0.37873134375 0.37254902031250003 0.3339552234375 0.35702614375 0.2873134328125 0.3390522875 0.2873134328125 0.30555555624999997 0.32649253749999996 0.2973856203125 0.352611940625 0.2908496734375 0.4608208953125 0.28431372499999996 0.7779850749999999
0 0.2883986921875 0.7910447765625 0.2671568625 0.7910447765625 0.23529411718749998 0.87126865625 0.223856209375 0.994402984375 0.30228758125 0.998134328125 0.31535947656249996 0.9235074624999999 0.3169934640625 0.845149253125 0.2883986921875 0.7910447765625
0 0.21323529375 0.7761194031249999 0.18055555625 0.7761194031249999 0.1568627453125 0.8339552234375001 0.12745097968750002 0.994402984375 0.2140522875 0.998134328125 0.222222221875 0.9832089546875 0.23856209218750002 0.8227611937500001 0.21323529375 0.7761194031249999
0 0.33823529375 0.2705223875 0.3333333328125 0.255597015625 0.33986928125000004 0.251865671875 0.33823529375 0.18097015 0.3602941171875 0 0.33169934687499997 0.005597015625 0.3006535953125 0.248134328125 0.2990196078125 0.300373134375 0.3071895421875 0.3115671640625 0.33823529375 0.2705223875
0 0.3790849671875 0.1735074625 0.3864379078125 0 0.37254902031250003 0.0093283578125 0.3513071890625 0.147388059375 0.35539215625 0.171641790625 0.3790849671875 0.1735074625
0 0.39379084999999997 0.27425373125 0.4044117640625 0.2611940296875 0.43218954218750005 0.272388059375 0.437908496875 0.25932835781249997 0.437908496875 0.2406716421875 0.4166666671875 0.1921641796875 0.42892156875 0 0.3888888890625 0.005597015625 0.3807189546875 0.199626865625 0.38725490156250003 0.26305970156249997 0.39379084999999997 0.27425373125
0 0.3529411765625 0.6847014921875 0.366830065625 0.7126865671875 0.3888888890625 0.7182835828125 0.4052287578125 0.695895521875 0.428104575 0.625 0.44281045781249995 0.5167910453125 0.44934640468750003 0.3115671640625 0.438725490625 0.2835820890625 0.41748365937500004 0.2649253734375 0.3978758171875 0.2686567171875 0.383986928125 0.3078358203125 0.35620915000000003 0.57276119375 0.3529411765625 0.6847014921875
0 0.321895425 0.8563432828125 0.30882352968750004 0.998134328125 0.3986928109375 0.998134328125 0.40849673124999997 0.8264925375000001 0.383169934375 0.75 0.3521241828125 0.7611940296874999 0.321895425 0.8563432828125
0 0.4150326796875 0.8339552234375001 0.42483660156249997 0.8376865671875 0.43464052343750004 0.7817164171875 0.4689542484375 0.7220149250000001 0.4697712421875 0.39179104531250003 0.45669934687499997 0.39179104531250003 0.44771241875 0.41231343281250005 0.439542484375 0.5578358203125 0.42483660156249997 0.6436567171875 0.41013071874999996 0.6884328359375 0.41013071874999996 0.7966417906250001 0.4150326796875 0.8339552234375001
0 0.4697712421875 0.727611940625 0.45016339843750003 0.75 0.43137254843750006 0.804104478125 0.4150326796875 0.994402984375 0.5049019609375 0.998134328125 0.5130718953125 0.804104478125 0.4844771234375 0.7313432828125 0.4697712421875 0.727611940625
0 0.5228758171875 0.7891791046875001 0.5326797390625 0.72574626875 0.5359477125 0.6361940296874999 0.534313725 0.3115671640625 0.5204248359375 0.2686567171875 0.49918300625 0.2686567171875 0.4852941171875 0.29664179062499996 0.47222222187499996 0.3824626859375 0.4689542484375 0.695895521875 0.47303921562499995 0.7238805968750001 0.5228758171875 0.7891791046875001
0 0.508169934375 0.24440298437500002 0.5204248359375 0 0.46405228750000005 0.005597015625 0.439542484375 0.277985075 0.4509803921875 0.3115671640625 0.4509803921875 0.3861940296875 0.4689542484375 0.3861940296875 0.48366013125 0.29664179062499996 0.508169934375 0.24440298437500002
0 0.509803921875 0.22574626874999998 0.509803921875 0.26305970156249997 0.527777778125 0.2817164171875 0.5359477125 0.20708955156250003 0.5416666671875 0 0.5228758171875 0.001865671875 0.509803921875 0.22574626874999998
0 0.5686274515624999 0.1735074625 0.5686274515624999 0.199626865625 0.5751633984375 0.199626865625 0.5947712421875 0.19589552187499998 0.615196078125 0 0.580065359375 0.001865671875 0.5686274515624999 0.1735074625
0 0.6013071890624999 0.7220149250000001 0.6127450984375 0.5764925375 0.616013071875 0.29291044843749997 0.598039215625 0.2108208953125 0.5759803921875 0.20149253749999999 0.55392156875 0.23320895468749997 0.5359477125 0.33022388125 0.5392156859375 0.699626865625 0.5416666671875 0.7126865671875 0.561274509375 0.70522388125 0.6013071890624999 0.7220149250000001
0 0.597222221875 0.7313432828125 0.579248365625 0.720149253125 0.5653594765625 0.77425373125 0.55392156875 0.994402984375 0.614379084375 0.998134328125 0.6192810453125001 0.9832089546875 0.6176470593750001 0.7854477609375 0.597222221875 0.7313432828125
0 0.6552287578125 0.8264925375000001 0.66176470625 0.875 0.687908496875 0.87873134375 0.6993464046875 0.77425373125 0.6944444437499999 0.397388059375 0.687908496875 0.348880596875 0.6642156859375 0.3171641796875 0.65849673125 0.2705223875 0.651143790625 0.2649253734375 0.6176470593750001 0.37873134375 0.6192810453125001 0.7033582093749999 0.6225490203125 0.7332089546875 0.6552287578125 0.8264925375000001
0 0.633986928125 0.32276119375 0.64133986875 0.2686567171875 0.6560457515625 0.2611940296875 0.66013071875 0.29291044843749997 0.6650326796875 0.29291044843749997 0.7116013078125001 0 0.6421568625 0.001865671875 0.6127450984375 0.23320895468749997 0.6209150328125 0.3376865671875 0.633986928125 0.32276119375
0 0.76633986875 0.251865671875 0.7826797390625 0.001865671875 0.7181372546875 0 0.7124183000000001 0.23320895468749997 0.7442810453125001 0.223880596875 0.76633986875 0.251865671875
0 0.69771241875 0.2705223875 0.6911764703125 0.352611940625 0.704248365625 0.755597015625 0.7181372546875 0.8022388062499999 0.7385620921875 0.8003731343749999 0.7557189546874999 0.7910447765625 0.7647058828125 0.7593283578125 0.7745098046875001 0.5578358203125 0.7745098046875001 0.40858208906250004 0.7630718953125 0.25932835781249997 0.75081699375 0.2313432828125 0.7328431375 0.223880596875 0.7181372546875 0.2313432828125 0.7116013078125001 0.2574626859375 0.69771241875 0.2705223875
0 0.78513071875 0 0.7826797390625 0.013059701562500001 0.76797385625 0.26679104531250003 0.777777778125 0.352611940625 0.8235294124999999 0.26305970156249997 0.8210784312499999 0 0.78513071875 0
0 0.7728758171875 0.7630597015625 0.7900326796875 0.8395522390625001 0.8169934640625 0.8414179109375001 0.83986928125 0.7369402984375 0.8545751640624999 0.47947761250000004 0.8545751640624999 0.345149253125 0.848039215625 0.3078358203125 0.8341503265625001 0.279850746875 0.814542484375 0.279850746875 0.793300653125 0.3134328359375 0.7826797390625 0.3414179109375 0.7794117640625 0.40111940312499994 0.7728758171875 0.7630597015625
0 0.776960784375 0.828358209375 0.7483660125 0.897388059375 0.7434640515625001 0.9570895515625001 0.74918300625 1 0.84150326875 0.998134328125 0.83823529375 0.9011194031249999 0.8194444437499999 0.8544776125 0.776960784375 0.828358209375
0 0.8897058828125 0 0.8717320265625 0.011194029687499999 0.8668300656250001 0.029850746875 0.8602941171875 0.022388059374999998 0.8513071890624999 0.0429104484375 0.8545751640624999 0.18097015 0.85866013125 0.1902985078125 0.8602941171875 0.17910447812500002 0.8643790843750001 0.20708955156250003 0.8864379078125 0.25373134375 0.89460784375 0.23507462656250003 0.9281045750000001 0.2705223875 0.89133986875 0.25373134375 0.8676470593750001 0.29291044843749997 0.8578431375 0.352611940625 0.8578431375 0.695895521875 0.8676470593750001 0.8003731343749999 0.8905228765625001 0.8339552234375001 0.9281045750000001 0.8003731343749999 0.939542484375 0.654850746875 0.9411764703125 0.345149253125 0.9281045750000001 0.24440298437500002 0.936274509375 0.2182835828125 0.9297385625000001 0.20708955156250003 0.937908496875 0.199626865625 0.9428104578125 0.0764925375 0.938725490625 0.00373134375 0.8897058828125 0
0 1 0.3152985078125 0.9795751640624999 0.279850746875 0.9583333328125001 0.279850746875 0.939542484375 0.3115671640625 0.9444444437499999 0.47201492500000003 0.9640522875 0.5578358203125 0.972222221875 0.7332089546875 1 0.804104478125 1 0.3152985078125
0 0.937908496875 0.9720149250000001 0.919117646875 0.8395522390625001 0.9109477125 0.8544776125 0.85702614375 0.876865671875 0.8496732031249999 0.897388059375 0.8504901953124999 1 0.921568628125 0.998134328125 0.937091503125 0.99626865625 0.937908496875 0.9720149250000001
0 1 0.8600746265625 0.9681372546875 0.8395522390625001 0.9485294124999999 0.8619402984375 0.936274509375 0.9160447765624999 0.9411764703125 0.994402984375 1 0.998134328125 1 0.8600746265625
0 0.7263071890624999 0.8917910453125 0.670751634375 0.8843283578125 0.6650326796875 0.897388059375 0.669117646875 0.99626865625 0.7369281046875 0.998134328125 0.741830065625 0.994402984375 0.741830065625 0.9608208953125 0.7263071890624999 0.8917910453125
0 1 0.001865671875 0.9485294124999999 0 0.957516340625 0.26305970156249997 1 0.3078358203125 1 0.001865671875