0 0.41960784375 0.5984848484375 0.4470588234375 0.6893939390625 0.4764705875 0.722222221875 0.5705882359375 0.777777778125 0.6980392156249999 0.7803030296875 0.7274509796874999 0.7727272734375 0.7764705875 0.7146464640625 0.8 0.628787878125 0.8 0.553030303125 0.7568627453125 0.46212121249999993 0.6568627453125 0.3636363640625 0.5078431375 0.409090909375 0.4568627453125 0.45454545468749996 0.41960784375 0.5378787875000001 0.41960784375 0.5984848484375
0 0.6352941171875 0.3358585859375 0.6352941171875 0.35606060624999997 0.6725490203125 0.36868686875 0.71960784375 0.409090909375 0.784313725 0.502525253125 0.8 0.5429292921875 0.8039215687500001 0.6035353531250001 0.8215686281249999 0.621212121875 0.8392156859375 0.61868686875 0.91960784375 0.565656565625 0.9333333328125001 0.5429292921875 0.9294117640625 0.43181818125 0.898039215625 0.3106060609375 0.8647058828124999 0.2626262625 0.8294117640625001 0.23737373750000001 0.7549019609375 0.2272727265625 0.7 0.24242424218749997 0.6549019609375 0.290404040625 0.6352941171875 0.3358585859375
0 0.5117647062499999 0.24747474687499998 0.4490196078125 0.24747474687499998 0.3392156859375 0.31818181874999996 0.313725490625 0.3510101015625 0.294117646875 0.4015151515625 0.278431371875 0.5176767671875 0.294117646875 0.6035353531250001 0.315686275 0.6363636359375 0.378431371875 0.6767676765624999 0.42352941250000004 0.684343434375 0.41176470624999995 0.5580808078125 0.43137254843750006 0.45707070781250003 0.46862745156249996 0.434343434375 0.4725490203125 0.4040404046875 0.4764705875 0.4141414140625 0.49607843125000006 0.4141414140625 0.6 0.371212121875 0.58823529375 0.30555555624999997 0.5509803921875001 0.2626262625 0.5117647062499999 0.24747474687499998
0 0.1294117640625 0.12373737343749999 0.1647058828125 0.21969697031250002 0.22941176406250002 0.2878787875 0.2647058828125 0.303030303125 0.305882353125 0.30050505 0.3235294125 0.2979797984375 0.41372549062499997 0.23737373750000001 0.43137254843750006 0.21464646406250001 0.4470588234375 0.1641414140625 0.4470588234375 0.1085858578125 0.42352941250000004 0.0075757578125 0.417647059375 0 0.1470588234375 0.0050505046875000004 0.1294117640625 0.0580808078125 0.1294117640625 0.12373737343749999
0 0 0.6035353531250001 0.052941176562500004 0.6414141421874999 0.098039215625 0.6388888890625 0.194117646875 0.5858585859375001 0.2372549015625 0.5858585859375001 0.2549019609375 0.5631313125 0.2549019609375 0.34090909062499997 0.209803921875 0.2828282828125 0.1588235296875 0.252525253125 0.08431372499999999 0.252525253125 0.025490195312500002 0.2878787875 0 0.315656565625 0 0.6035353531250001
0 0.0686274515625 0 0.0647058828125 0.0050505046875000004 0.0607843140625 0 0 0.0025252531250000002 0 0.2702020203125 0.01176470625 0.2702020203125 0.0450980390625 0.25757575781250003 0.0607843140625 0.24242424218749997 0.08431372499999999 0.2323232328125 0.101960784375 0.2045454546875 0.10980392187500002 0.15909090937499998 0.10980392187500002 0.08333333281250001 0.101960784375 0.0580808078125 0.098039215625 0.0075757578125 0.08823529375 0 0.0686274515625 0
0 0.315686275 0.6414141421874999 0.2372549015625 0.6111111109375 0.1705882359375 0.616161615625 0.1235294125 0.6464646468749999 0.090196078125 0.6944444437499999 0.0745098046875 0.7550505046875 0.08235294062500001 0.866161615625 0.117647059375 0.9671717171875001 0.1470588234375 1 0.3450980390625 0.9974747468749999 0.38039215625 0.9419191921875001 0.39607843125 0.8106060609375 0.41960784375 0.739898990625 0.4352941171875 0.7348484843749999 0.415686275 0.7297979796875 0.41960784375 0.709595959375 0.41176470624999995 0.69949495 0.42352941250000004 0.6944444437499999 0.3745098046875 0.6818181812499999 0.315686275 0.6414141421874999
0 0.415686275 0.9267676765624999 0.42352941250000004 0.972222221875 0.44117647031249996 1 0.721568628125 0.9974747468749999 0.7529411765625 0.9621212124999999 0.7647058828125 0.9267676765624999 0.7647058828125 0.8611111109375 0.7568627453125 0.8257575750000001 0.7235294125 0.7828282828125 0.5627450984375 0.7828282828125 0.48823529375 0.7424242421875 0.4431372546875 0.790404040625 0.4274509796875 0.8257575750000001 0.415686275 0.9267676765624999
0 1 0.578282828125 0.9784313718750001 0.575757575 0.9352941171875001 0.5959595953125 0.8823529406249999 0.6540404046875 0.8431372546875 0.7449494953125 0.8274509796875 0.8257575750000001 0.8431372546875 0.8510101015625 0.8431372546875 0.871212121875 0.8705882359375 0.9621212124999999 0.9 1 1 0.9974747468749999 1 0.578282828125
0 0.813725490625 0 0.8039215687500001 0.0075757578125 0.8274509796875 0.09848484843750001 0.8431372546875 0.11868686875000001 0.8588235296875 0.1540404046875 0.8745098046875001 0.16919191875 0.8745098046875001 0.1893939390625 0.8843137249999999 0.20202020156249997 0.91960784375 0.2171717171875 0.984313725 0.21464646406250001 1 0.209595959375 0.998039215625 0 0.813725490625 0
0 0.5313725484375 0.23737373750000001 0.5666666671875 0.25757575781250003 0.6078431375 0.2550505046875 0.7921568625 0.19949495 0.7921568625 0.15909090937499998 0.8039215687500001 0.1489898984375 0.8078431374999999 0.1085858578125 0.7901960781249999 0.0050505046875000004 0.484313725 0 0.47450980468750004 0.012626262499999999 0.4705882359375 0.09848484843750001 0.48235294062499995 0.1641414140625 0.5313725484375 0.23737373750000001