0 0.15859375 0.4765625 0.1859375 0.2171875
0 0.234375 0.73046875 0.1984375 0.1984375
0 0.4453125 0.74453125 0.165625 0.221875
0 0.6078125 0.7484375 0.1375 0.2296875
0 0.7796875 0.73984375 0.203125 0.2640625
0 0.81171875 0.5125 0.1953125 0.1875
0 0.5390625 0.55078125 0.1578125 0.203125
0 0.49765625 0.3125 0.203125 0.2296875
0 0.3171875 0.33984375 0.178125 0.1625
0 0.65234375 0.4046875 0.1328125 0.1921875
0 0.8671875 0.353125 0.215625 0.24375
0 0.9078125 0.19140625 0.184375 0.1609375
0 0.93203125 0.7484375 0.1359375 0.2734375
0 0.9515625 0.5515625 0.096875 0.2359375
0 0.07109375 0.7015625 0.1390625 0.23125
0 0.296875 0.17265625 0.1078125 0.1453125
0 0.471875 0.1609375 0.1328125 0.0875
0 0.6125 0.15 0.0828125 0.0953125