0 0.184375 0.69296875 0.30625 0.3109375
0 0.440625 0.87734375 0.25 0.1828125
0 0.4265625 0.6125 0.2921875 0.3015625
0 0.66484375 0.69921875 0.21875 0.3046875
0 0.87109375 0.86171875 0.2578125 0.2765625
0 0.86328125 0.6203125 0.215625 0.271875
0 0.74765625 0.46328125 0.259375 0.153125
0 0.4953125 0.384375 0.2359375 0.2078125
0 0.334375 0.3375 0.278125 0.1859375
0 0.1203125 0.3640625 0.1890625 0.240625
0 0.22890625 0.20234375 0.1921875 0.1203125
0 0.34921875 0.1453125 0.1375 0.1390625
0 0.47890625 0.19765625 0.1671875 0.15625
0 0.49140625 0.06484375 0.2109375 0.1203125
0 0.67421875 0.2359375 0.2734375 0.2234375
0 0.871875 0.18125 0.1609375 0.175
0 0.90859375 0.3046875 0.1828125 0.1734375
0 0.71875 0.0859375 0.246875 0.1453125