0 0.1890625 0.7390625 0.3 0.44375
0 0.478125 0.728125 0.2953125 0.43125
0 0.3203125 0.40703125 0.278125 0.396875
0 0.671875 0.57890625 0.2859375 0.5
0 0.025 0.625 0.05 0.3453125
0 0.11015625 0.54453125 0.2203125 0.4609375
0 0.07421875 0.29453125 0.1484375 0.2890625
0 0.24921875 0.2171875 0.25 0.3640625
0 0.48671875 0.24921875 0.265625 0.396875
0 0.72265625 0.30234375 0.2390625 0.3328125
0 0.76015625 0.11875 0.2734375 0.2375
0 0.9375 0.0546875 0.125 0.109375
0 0.465625 0.45390625 0.11875 0.190625