0 1 0.8099999999999999 0.976 0.842 0.9946666671875001 0.798 0.9853333328125 0.776 0.9426666671874999 0.86 0.892 0.868 0.7386666671875 0.994 1 1 1 0.8099999999999999
0 0.8573333328125001 0.64 0.7506666671875 0.712 0.5693333328125 0.86 0.4453333328125 0.994 0.728 0.998 0.9213333328125 0.8400000000000001 0.9466666671875 0.794 0.9506666671874999 0.748 0.9613333328125 0.76 1 0.75 0.9986666671875 0.588 0.9266666671875001 0.632 0.9293333328125 0.6639999999999999 0.892 0.636 0.8573333328125001 0.64
0 0.5986666671875 0.8240000000000001 0.7106666671874999 0.74 0.8400000000000001 0.5940000000000001 0.8560000000000001 0.5660000000000001 0.86 0.492 0.8653333328124999 0.512 0.8773333328125 0.51 0.8640000000000001 0.534 0.8786666671875001 0.5519999999999999 0.9480000000000001 0.528 0.9653333328124999 0.502 0.9586666671874999 0.488 0.9173333328125001 0.49400000000000005 0.9413333328125001 0.45 0.924 0.44800000000000006 0.9066666671875 0.418 0.9119999999999999 0.382 0.8946666671875001 0.376 0.892 0.352 0.8493333328125001 0.376 0.8253333328125001 0.43200000000000005 0.7586666671875 0.43200000000000005 0.5533333328125 0.592 0.25466666718750003 0.8720000000000001 0.2293333328125 0.914 0.2293333328125 0.95 0.24133333281249997 0.9640000000000001 0.24666666718750002 0.9400000000000001 0.256 0.986 0.2666666671875 0.982 0.268 0.944 0.2706666671875 0.984 0.2826666671875 0.982 0.284 0.9400000000000001 0.2946666671875 0.9400000000000001 0.3026666671875 0.9640000000000001 0.3426666671875 0.968 0.3986666671875 0.9199999999999999 0.5986666671875 0.8240000000000001
0 0.8640000000000001 0.19 0.8626666671875001 0.16799999999999998 0.8066666671875 0.16 0.7786666671875 0.202 0.8119999999999999 0.268 0.7853333328125001 0.244 0.7373333328125 0.248 0.36666666718749996 0.508 0.3133333328125 0.5559999999999999 0.2746666671875 0.622 0.2813333328125 0.636 0.27999999999999997 0.618 0.3 0.588 0.324 0.596 0.2986666671875 0.638 0.312 0.65 0.2906666671875 0.674 0.31066666718749997 0.704 0.33599999999999997 0.702 0.516 0.616 0.748 0.43600000000000005 0.8093333328125001 0.41200000000000003 0.8333333328125001 0.364 0.8386666671875 0.384 0.884 0.33999999999999997 0.9106666671875001 0.33199999999999996 0.9119999999999999 0.29 0.8906666671875 0.22200000000000003 0.8640000000000001 0.19
0 0.2893333328125 0.46399999999999997 0.33599999999999997 0.47400000000000003 0.4493333328125 0.44000000000000006 0.7133333328125 0.26 0.784 0.22999999999999998 0.7586666671875 0.184 0.708 0.16 0.604 0.172 0.5053333328125 0.21600000000000003 0.40933333281250006 0.27999999999999997 0.27999999999999997 0.41 0.2893333328125 0.46399999999999997
0 0.7106666671874999 0.048 0.6626666671875 0.028000000000000004 0.5693333328125 0.05600000000000001 0.316 0.16399999999999998 0.2813333328125 0.188 0.272 0.21000000000000002 0.2773333328125 0.242 0.308 0.268 0.3973333328125 0.282 0.58 0.176 0.7053333328125 0.16 0.748 0.128 0.7773333328125 0.128 0.768 0.10600000000000001 0.792 0.078 0.7626666671875 0.066 0.7973333328125001 0.022 0.7506666671875 0.004 0.7106666671874999 0.048
0 0.10800000000000001 0.176 0.1613333328125 0.20400000000000001 0.248 0.21400000000000002 0.3 0.16799999999999998 0.5933333328125 0.048 0.624 0.022 0.6013333328125 0 0.3586666671875 0.008 0.20400000000000001 0.036 0.1613333328125 0.068 0.09066666718750001 0.09 0.0853333328125 0.13799999999999998 0.10800000000000001 0.176
0 0.9493333328125001 0.414 0.9493333328125001 0.47800000000000004 0.9813333328124999 0.514 1 0.47800000000000004 0.9986666671875 0.22000000000000003 0.9706666671875 0.294 0.9493333328125001 0.414
0 0.8946666671875001 0.23199999999999998 0.9039999999999999 0.22999999999999998 0.9279999999999999 0.194 0.9306666671875 0.134 0.9546666671875 0.038 0.9733333328124999 0.01 0.9666666671874999 0 0.9293333328125 0.004 0.8480000000000001 0.15 0.8693333328125 0.16999999999999998 0.8693333328125 0.19 0.8946666671875001 0.23199999999999998
0 0.9800000000000001 0.004 0.96 0.038 0.9306666671875 0.146 0.9333333328125001 0.22200000000000003 0.968 0.246 1 0.20600000000000002 0.9986666671875 0 0.9800000000000001 0.004
0 0.8160000000000001 0.006 0.792 0.13799999999999998 0.8400000000000001 0.154 0.9213333328125 0 0.8160000000000001 0.006
0 0.1106666671875 0.808 0.132 0.756 0.22799999999999998 0.6759999999999999 0.2666666671875 0.618 0.1586666671875 0.596 0.044 0.692 0 0.766 0.013333332812500001 0.8300000000000001 0.04 0.8460000000000001 0.1106666671875 0.808
0 0.024 0.514 0.036 0.532 0.128 0.55 0.148 0.544 0.152 0.51 0.172 0.484 0.25466666718750003 0.42000000000000004 0.2533333328125 0.394 0.236 0.38 0.1586666671875 0.388 0.049333332812500005 0.45199999999999996 0.024 0.48200000000000004 0.024 0.514
0 0.2133333328125 0.246 0.2253333328125 0.22000000000000003 0.1613333328125 0.20800000000000002 0.10133333281250001 0.246 0.096 0.274 0.10800000000000001 0.292 0.192 0.32999999999999996 0.22400000000000003 0.302 0.2133333328125 0.246
0 0.1853333328125 0.38 0.184 0.35 0.1373333328125 0.344 0.0653333328125 0.376 0.0266666671875 0.446 0.0266666671875 0.462 0.037333332812499995 0.462 0.1213333328125 0.404 0.1853333328125 0.38
0 0.0333333328125 0.628 0.0186666671875 0.666 0.0346666671875 0.6980000000000001 0.156 0.596 0.1493333328125 0.554 0.11333333281249999 0.5599999999999999 0.0333333328125 0.628
0 0.096 1 0.1373333328125 0.9960000000000001 0.144 0.958 0.20800000000000002 0.8859999999999999 0.08399999999999999 0.8880000000000001 0.0426666671875 0.97 0.06 1 0.096 1
0 0.1813333328125 1 0.2186666671875 0.974 0.22000000000000003 0.9 0.19866666718749998 0.9039999999999999 0.144 0.962 0.1453333328125 1 0.1813333328125 1