0 0.90076923125 0.24738493749999999 0.9069230765625 0.25052301250000003 0.904615384375 0.2567991625 0.9130769234375 0.2934100421875 0.9180769234374999 0.2960251046875 0.9219230765624999 0.2918410046875 0.9561538468749999 0.341527196875 0.9469230765625 0.350941421875 0.9430769234374999 0.36140167343749996 0.9423076921875 0.3917364015625 0.9461538468749999 0.4252092046875 0.9630769234375001 0.5005230125 1 0.6166317984374999 0.99923076875 0.3927824265625 0.986153846875 0.3561715484375 0.973846153125 0.337343096875 0.974615384375 0.32165272031250003 0.9653846156249999 0.29864016718749997 0.9365384609375 0.2594142265625 0.929615384375 0.257322175 0.92576923125 0.26046025156249997 0.9019230765625 0.2395397484375 0.90076923125 0.24738493749999999
0 0.9726923078124999 0.3347280328125 0.974615384375 0.3206066953125 0.9607692312499999 0.2913179921875 0.93423076875 0.257322175 0.929615384375 0.26359832656250004 0.9103846156250001 0.24581590000000003 0.9019230765625 0.24267782499999999 0.9023076921875001 0.24947698749999997 0.9069230765625 0.24947698749999997 0.9030769234375 0.2536610875 0.9030769234375 0.2599372390625 0.90923076875 0.286087865625 0.9061538468749999 0.3038702921875 0.90923076875 0.336297071875 0.9176923078125 0.3593096234375 0.9276923078125 0.3634937234375 0.9199999999999999 0.373953975 0.9169230765625 0.3865062765625 0.926153846875 0.475418409375 0.9615384609375001 0.590481171875 0.9815384609375 0.6427824265625001 1 0.716004184375 0.99923076875 0.617677825 0.9623076921875 0.4973849375 0.9476923078124999 0.43357740624999996 0.9423076921875 0.3875523015625 0.94076923125 0.36140167343749996 0.9469230765625 0.34466527187499996 0.9469230765625 0.3289748953125 0.95576923125 0.3326359828125 0.9688461531250001 0.3305439328125 0.9726923078124999 0.3347280328125
0 1 0.714958159375 0.996153846875 0.69403765625 0.9246153843749999 0.47437238437499996 0.9061538468749999 0.39696652656250003 0.8976923078124999 0.340481171875 0.89076923125 0.3237447703125 0.8930769234374999 0.29864016718749997 0.8869230765625 0.2557531375 0.8684615390625 0.2076359828125 0.8519230765625 0.19456066875 0.8473076921875 0.1997907953125 0.8396153843749999 0.19142259374999998 0.8369230765625 0.1992677828125 0.8400000000000001 0.2316945609375 0.8446153843750001 0.2369246859375 0.8434615390625 0.2395397484375 0.8396153843749999 0.23535564843749998 0.836153846875 0.24006276093749998 0.8384615390624999 0.2609832640625 0.8511538468750001 0.2928870296875 0.8569230765625001 0.286087865625 0.854615384375 0.2714435140625 0.8580769234375 0.2656903765625 0.8623076921875 0.283995815625 0.8676923078125001 0.288179915625 0.8669230765625 0.2965481171875 0.8607692312499999 0.29864016718749997 0.8584615390625 0.31119246875 0.8634615390624999 0.30857740625 0.87076923125 0.3206066953125 0.865 0.3211297078125 0.8634615390624999 0.32635983281250003 0.8596153843750001 0.32008368125 0.8507692312499999 0.3206066953125 0.853846153125 0.32165272031250003 0.856153846875 0.3310669453125 0.8530769234375001 0.3352510453125 0.8530769234375001 0.34466527187499996 0.8584615390625 0.373953975 0.863846153125 0.470188284375 0.8800000000000001 0.5444560671875001 0.9184615390624999 0.660564853125 0.94923076875 0.7390167359375 0.9623076921875 0.7620292890625 0.9692307687499999 0.7683054390625 0.98076923125 0.7923640171875 0.9903846156249999 0.80543933125 1 0.8101464437500001 1 0.714958159375
0 0.8438461531250001 0.3038702921875 0.8338461531249999 0.30491631875 0.835384615625 0.31537656875 0.8319230765625001 0.3232217578125 0.8280769234375001 0.2939330546875 0.82423076875 0.2991631796875 0.8084615390625001 0.2934100421875 0.8165384609374999 0.2928870296875 0.825 0.28661087812499997 0.8292307687499999 0.278765690625 0.8276923078125 0.2714435140625 0.8080769234374999 0.2332635984375 0.8030769234375 0.25156903750000004 0.8015384609374999 0.22541840937500002 0.7965384609374999 0.21861924687499998 0.788846153125 0.217573221875 0.784615384375 0.2285564859375 0.786153846875 0.279811715625 0.7884615390625 0.2934100421875 0.796153846875 0.3028242671875 0.78923076875 0.3226987453125 0.793846153125 0.39592050156249997 0.7923076921875001 0.45972803281249996 0.8076923078125 0.5005230125 0.8169230765625001 0.5758368203125 0.8315384609375001 0.6082635984375 0.8330769234375 0.6291841 0.836153846875 0.6344142265625 0.8430769234375 0.6051255234374999 0.8400000000000001 0.5925732218750001 0.8415384609375 0.5768828453125 0.8515384609375 0.56746861875 0.8623076921875 0.5015690375 0.8623076921875 0.4461297078125 0.8576923078125 0.373953975 0.8523076921875001 0.341527196875 0.845384615625 0.3300209203125 0.8438461531250001 0.3038702921875
0 0.743846153125 0.211820084375 0.743846153125 0.22646443437500002 0.75 0.288179915625 0.755 0.2960251046875 0.763846153125 0.2996861921875 0.75076923125 0.31642259375 0.743846153125 0.35198744843749996 0.75923076875 0.40428870312500004 0.78923076875 0.4524058578125 0.7923076921875001 0.4471757328125 0.793846153125 0.4231171546875 0.7884615390625 0.346757321875 0.79076923125 0.30910041875 0.7807692312500001 0.29864016718749997 0.7807692312500001 0.288179915625 0.7738461531249999 0.273535565625 0.7607692312500001 0.26516736406249997 0.7488461531249999 0.2071129703125 0.743846153125 0.211820084375
0 0.760384615625 0.411087865625 0.75923076875 0.4199790796875 0.764615384375 0.44403765625 0.7669230765624999 0.47437238437499996 0.763846153125 0.598849371875 0.774615384375 0.6281380750000001 0.77 0.6720711296874999 0.774615384375 0.69089958125 0.7815384609375 0.7024058578125 0.7838461531250001 0.7463389125 0.7965384609374999 0.7625523015625 0.8126923078124999 0.7698744765625001 0.820384615625 0.783472803125 0.8284615390625 0.783995815625 0.835384615625 0.774581590625 0.836153846875 0.7630753140625 0.8215384609375 0.68985355625 0.8338461531249999 0.6406903765624999 0.8323076921875 0.6134937234375 0.816153846875 0.5747907953125 0.8146153843749999 0.5423640171875 0.8069230765625001 0.49843096249999996 0.79 0.4565899578125 0.760384615625 0.411087865625
0 0.7115384609375 0.277719665625 0.7223076921875 0.2714435140625 0.7246153843750001 0.22437238437499998 0.7069230765625 0.18462343125 0.6976923078125 0.1741631796875 0.6826923078125 0.1422594140625 0.6665384609375 0.148535565625 0.6557692312500001 0.157949790625 0.6530769234375 0.1783472796875 0.656153846875 0.19089958125 0.6569230765625 0.25156903750000004 0.6684615390624999 0.2630753140625 0.6599999999999999 0.277719665625 0.65923076875 0.31014644375 0.6869230765625 0.405334728125 0.6961538468749999 0.46809623437500003 0.69076923125 0.5726987453125 0.68923076875 0.7013598328125 0.6976923078125 0.7044979078125 0.6900000000000001 0.7065899578125 0.6715384609374999 0.7536610875 0.6723076921875 0.786087865625 0.6799999999999999 0.8049163187499999 0.68923076875 0.8091004187499999 0.720384615625 0.8023012546875 0.7523076921875 0.7515690375 0.7530769234375 0.7044979078125 0.7607692312500001 0.6992677828125 0.7607692312500001 0.6281380750000001 0.7669230765624999 0.5005230125 0.763846153125 0.4471757328125 0.754615384375 0.3938284515625 0.7369230765625 0.337343096875 0.7115384609375 0.277719665625
0 0.655 0.3608786609375 0.65 0.3624476984375 0.6523076921875 0.3655857734375 0.655 0.3608786609375
0 0.6569230765625 0.277719665625 0.6476923078125 0.2724895390625 0.644615384375 0.2609832640625 0.6465384609375 0.25627615000000004 0.6303846156249999 0.25313807499999996 0.6284615390625 0.277719665625 0.6369230765625 0.30910041875 0.6315384609375 0.31537656875 0.636153846875 0.3258368203125 0.6284615390625 0.340481171875 0.624615384375 0.36140167343749996 0.6261538468750001 0.4252092046875 0.6207692312499999 0.48169456093749996 0.6207692312499999 0.5151673640625 0.6276923078125 0.5726987453125 0.6530769234375 0.68776150625 0.654615384375 0.721234309375 0.6653846156250001 0.7547071125 0.6715384609374999 0.7578451890625 0.6900000000000001 0.6950836812500001 0.6900000000000001 0.5444560671875001 0.6823076921875 0.4963389125 0.686153846875 0.41370292812500004 0.6730769234375 0.35407949843750003 0.6615384609375 0.31851464375 0.6376923078125001 0.30491631875 0.640384615625 0.3002092046875 0.656153846875 0.2955020921875 0.6569230765625 0.277719665625
0 0.5580769234375 0.27301255156250004 0.56076923125 0.2672594140625 0.5565384609375 0.2594142265625 0.5526923078125 0.2677824265625 0.55 0.2536610875 0.545 0.25523012500000003 0.5430769234375 0.2442468625 0.534615384375 0.2348326359375 0.5380769234375 0.22907949843750003 0.541153846875 0.23744769843750002 0.5484615390625 0.2358786609375 0.544615384375 0.23064853593749998 0.544615384375 0.22332635937499998 0.53923076875 0.219142259375 0.538846153125 0.2102510453125 0.5165384609375 0.22175732187500002 0.514615384375 0.22646443437500002 0.5169230765624999 0.23274058593750002 0.5219230765625 0.2322175734375 0.54 0.26516736406249997 0.5538461531250001 0.277719665625 0.545384615625 0.2996861921875 0.5476923078125 0.31851464375 0.5776923078125 0.36976987499999997 0.624615384375 0.43043933125 0.624615384375 0.3624476984375 0.63 0.3289748953125 0.6215384609375 0.31642259375 0.62 0.3028242671875 0.608846153125 0.2991631796875 0.5934615390625 0.278242678125 0.578846153125 0.2667364015625 0.5650000000000001 0.2646443515625 0.561153846875 0.27301255156250004 0.5580769234375 0.27301255156250004
0 0.62 0.5057531375 0.6215384609375 0.45449790781250005 0.555384615625 0.3321129703125 0.541153846875 0.31694560625 0.528846153125 0.31694560625 0.524615384375 0.3279288703125 0.54076923125 0.37813807499999996 0.575384615625 0.4293933046875 0.6176923078125001 0.5088912140625 0.62 0.5057531375
0 0.461153846875 0.2092050203125 0.44192307656249996 0.19874477031249999 0.431153846875 0.2008368203125 0.42346153906249995 0.20815899531249998 0.42076923125 0.1982217578125 0.424615384375 0.18671548124999998 0.420384615625 0.18096234375 0.4134615390625 0.17991631875 0.404615384375 0.156380753125 0.3973076921875 0.1453974890625 0.39269230781250003 0.1443514640625 0.38923076874999996 0.152196653125 0.41 0.2107740578125 0.41076923125000003 0.219142259375 0.4069230765625 0.22541840937500002 0.46230769218749995 0.3258368203125 0.49230769218750003 0.41893305468750003 0.50076923125 0.43253138125 0.5023076921875 0.44194560625 0.5057692312500001 0.44142259375000004 0.5084615390625 0.4471757328125 0.50923076875 0.469142259375 0.5169230765624999 0.4869246859375 0.5630769234375 0.56642259375 0.5880769234375001 0.595188284375 0.593846153125 0.595711296875 0.6023076921875 0.5925732218750001 0.6023076921875 0.5810669453124999 0.5976923078125 0.5716527203124999 0.5969230765625 0.533995815625 0.5930769234375 0.5088912140625 0.5776923078125 0.462866109375 0.55 0.40742677812499994 0.514615384375 0.2975941421875 0.5015384609375 0.2703974890625 0.461153846875 0.2092050203125
0 0.5373076921875 0.6663179921875 0.5423076921875001 0.6647489546875 0.5423076921875001 0.6699790796875 0.5380769234375 0.6694560671875001 0.536153846875 0.6773012546875 0.541153846875 0.6746861921875 0.546153846875 0.6856694562500001 0.549615384375 0.6317991625 0.5515384609375 0.6469665265625 0.554615384375 0.649058578125 0.5538461531250001 0.6291841 0.55 0.6260460250000001 0.546153846875 0.596757321875 0.5338461531250001 0.56851464375 0.53 0.5455020921875 0.5169230765624999 0.5088912140625 0.5076923078125 0.470188284375 0.50076923125 0.46495815937499996 0.50076923125 0.43776150625000004 0.49230769218750003 0.4252092046875 0.455384615625 0.31956066875 0.41 0.23378661093750003 0.395 0.217573221875 0.38076923125 0.21391213437499998 0.39192307656250003 0.2071129703125 0.4080769234375 0.21234309687500003 0.41 0.20658995781249997 0.4069230765625 0.2024058578125 0.4069230765625 0.19194560624999998 0.4130769234375 0.19089958125 0.4130769234375 0.18148535625 0.3784615390625 0.1082635984375 0.3769230765625 0.0852510453125 0.3534615390625 0.08472803281249999 0.325 0.1359832640625 0.3073076921875 0.1380753140625 0.30384615312499996 0.1459205015625 0.30076923125 0.1657949796875 0.30923076875 0.19299163125000002 0.31076923125 0.20345188281249998 0.3076923078125 0.219142259375 0.3123076921875 0.2379707109375 0.32576923125 0.2667364015625 0.33423076875 0.2646443515625 0.3380769234375 0.2688284515625 0.36 0.2463389125 0.36230769218750003 0.2348326359375 0.363846153125 0.2672594140625 0.3715384609375 0.283995815625 0.3769230765625 0.288179915625 0.376153846875 0.3007322171875 0.3819230765625 0.2991631796875 0.3884615390625 0.3038702921875 0.38923076874999996 0.3352510453125 0.40307692343749996 0.367677825 0.424615384375 0.44299163124999996 0.435384615625 0.5057531375 0.4415384609375 0.5172594140625 0.4576923078125 0.5716527203124999 0.5030769234375 0.7003138078125 0.5084615390625 0.7055439328124999 0.5107692312500001 0.719142259375 0.516153846875 0.723326359375 0.5176923078125 0.7337866109375 0.5276923078125 0.7515690375 0.5307692312500001 0.7641213390625 0.5284615390625 0.7473849375 0.5315384609375 0.7442468625 0.5315384609375 0.723326359375 0.529615384375 0.716527196875 0.52576923125 0.721757321875 0.5215384609375 0.714958159375 0.52576923125 0.7039748953125 0.53 0.7107740578125 0.53423076875 0.662133890625 0.5373076921875 0.6663179921875
0 0.334615384375 0.28190376562499997 0.336153846875 0.30700836875 0.35153846093749996 0.342573221875 0.43615384687500003 0.5047071125 0.42153846093749997 0.43253138125 0.39076923125 0.3352510453125 0.38923076874999996 0.31956066875 0.37923076875 0.31746861875 0.37923076875 0.29864016718749997 0.3669230765625 0.27562761562500004 0.3615384609375 0.2578451890625 0.35423076875000004 0.257322175 0.3434615390625 0.2656903765625 0.334615384375 0.28190376562499997
0 0.4980769234375 0.7416317984374999 0.486153846875 0.7421548109375 0.486153846875 0.725418409375 0.49423076874999994 0.724895396875 0.49384615312499996 0.712866109375 0.5026923078125 0.7102510453125 0.5030769234375 0.7034518828125 0.44461538437500003 0.530857740625 0.38384615312500003 0.40428870312500004 0.3734615390625 0.3922594140625 0.3634615390625 0.39121338906249997 0.3376923078125 0.41474895468749995 0.3376923078125 0.44299163124999996 0.39 0.5758368203125 0.39846153906250004 0.6051255234374999 0.42538461562499996 0.6668410046875 0.43615384687500003 0.7044979078125 0.466153846875 0.780857740625 0.47000000000000003 0.8007322171875 0.4865384609375 0.8315899578125 0.49923076875000005 0.8321129703125001 0.5134615390625 0.81799163125 0.51923076875 0.80700836875 0.52076923125 0.7902719671875 0.5269230765625 0.778765690625 0.5230769234375 0.7494769875 0.514615384375 0.7369246859375 0.5065384609375 0.714435146875 0.5030769234375 0.720188284375 0.504615384375 0.7327405859375 0.4980769234375 0.7416317984374999
0 0.32923076875 0.4858786609375 0.334615384375 0.533995815625 0.35 0.6114016734375001 0.3576923078125 0.6783472796875001 0.406153846875 0.8101464437500001 0.41423076875 0.8263598328124999 0.43 0.8342050203125 0.43576923125 0.8326359828125 0.445384615625 0.8174686187500001 0.4476923078125 0.8028242671875001 0.43076923125000005 0.68776150625 0.39076923125 0.589435146875 0.3476923078125 0.466004184375 0.33576923125 0.44874477031250004 0.32423076875 0.4476987453125 0.3215384609375 0.45449790781250005 0.32923076875 0.4858786609375
0 0.30423076875 0.43305439375 0.29576923125 0.43305439375 0.2834615390625 0.44142259375000004 0.2730769234375 0.4607740578125 0.2715384609375 0.4806485359375 0.274615384375 0.532949790625 0.29076923125 0.658472803125 0.294615384375 0.7296025109375 0.30615384687499997 0.81537656875 0.32 0.867677825 0.326153846875 0.904288703125 0.3415384609375 0.907426778125 0.374615384375 0.904288703125 0.374615384375 0.846757321875 0.35615384687499996 0.721234309375 0.35615384687499996 0.6720711296874999 0.35 0.6134937234375 0.334615384375 0.535041840625 0.32461538437500004 0.463912134375 0.32076923125 0.45031380781249997 0.31192307656249996 0.43828451875 0.30423076875 0.43305439375
0 0.22153846093750001 0.4220711296875 0.20538461562500002 0.4806485359375 0.20076923125 0.530857740625 0.20384615312499998 0.617677825 0.216153846875 0.68462343125 0.2476923078125 0.80805439375 0.2580769234375 0.8315899578125 0.2680769234375 0.8315899578125 0.2830769234375 0.841527196875 0.2969230765625 0.8101464437500001 0.29923076875 0.7777196656250001 0.294615384375 0.7348326359375 0.26692307656250003 0.6260460250000001 0.25538461562500003 0.5549163187499999 0.254615384375 0.5078451890625 0.263846153125 0.43043933125 0.2573076921875 0.41736401718750005 0.2373076921875 0.40794979062500003 0.22153846093750001 0.4220711296875
0 0.155384615625 0.47437238437499996 0.153846153125 0.4534518828125 0.14076923125000002 0.408472803125 0.13538461562499998 0.39592050156249997 0.125384615625 0.3844142265625 0.13076923125 0.36872384999999996 0.1269230765625 0.339435146875 0.106153846875 0.31642259375 0.09923076875 0.2934100421875 0.1 0.287133890625 0.1069230765625 0.280857740625 0.104615384375 0.26621338906249997 0.10192307656249999 0.2615062765625 0.09730769218749999 0.2615062765625 0.09807692343749999 0.27196652656250003 0.0869230765625 0.2567991625 0.0673076921875 0.1997907953125 0.0619230765625 0.19874477031249999 0.055769231249999995 0.20397489531250002 0.050384615625 0.1997907953125 0.021923076562499998 0.1997907953125 0.0169230765625 0.20868200781250001 0.023846153125 0.21391213437499998 0.026153846874999997 0.2296025109375 0.03076923125 0.2348326359375 0.03076923125 0.25889121406250004 0.0423076921875 0.288179915625 0.050769231250000005 0.3247907953125 0.083846153125 0.39592050156249997 0.07923076875 0.43253138125 0.083846153125 0.470188284375 0.095384615625 0.5172594140625 0.10076923125 0.595711296875 0.11076923125 0.6459205015625 0.13923076875 0.7107740578125 0.18076923125 0.778765690625 0.2015384609375 0.836297071875 0.230384615625 0.8702928875 0.24 0.869769875 0.245384615625 0.8603556484375 0.24615384687500003 0.8519874484375001 0.235384615625 0.7892259421875 0.2176923078125 0.7337866109375 0.164615384375 0.6019874484375001 0.1584615390625 0.56014644375 0.166153846875 0.523535565625 0.1669230765625 0.5015690375 0.16076923125 0.48169456093749996 0.155384615625 0.47437238437499996
0 0 0.346757321875 0.014615384375000002 0.3865062765625 0.028461539062500003 0.410564853125 0.02076923125 0.43253138125 0.018461539062499997 0.4806485359375 0.025384615625000002 0.56746861875 0.036153846875 0.630230125 0.036153846875 0.6469665265625 0.0469230765625 0.7013598328125 0.07076923125 0.7065899578125 0.0715384609375 0.7337866109375 0.0684615390625 0.7369246859375 0.07076923125 0.7411087859375 0.064615384375 0.7473849375 0.07076923125 0.7526150625 0.0715384609375 0.7620292890625 0.078846153125 0.7709205015625 0.093846153125 0.773535565625 0.1 0.7662133890625 0.1015384609375 0.7578451890625 0.1134615390625 0.7458159 0.128846153125 0.7646443515625 0.140384615625 0.7667364015625 0.146153846875 0.7609832640625 0.146153846875 0.7442468625 0.1376923078125 0.721234309375 0.11615384687500001 0.69089958125 0.10923076875 0.6668410046875 0.09923076875 0.589435146875 0.083846153125 0.526673640625 0.08 0.44508368125000003 0.0769230765625 0.42625522968749996 0.06923076875 0.410564853125 0.06923076875 0.36976987499999997 0.051538460937499996 0.339435146875 0.0430769234375 0.31746861875 0.029230768750000004 0.2578451890625 0.01923076875 0.2296025109375 0.0176923078125 0.21391213437499998 0.0080769234375 0.2029288703125 0.0007692312500000001 0.20868200781250001 0 0.22541840937500002 0.004615384375 0.2296025109375 0 0.2316945609375 0 0.346757321875