0 0.7676923078125 0.56328451875 0.7457692312499999 0.5303347281249999 0.721153846875 0.505230125 0.7019230765625 0.492677825 0.670384615625 0.4801255234375 0.639615384375 0.4769874484375 0.6034615390625 0.4905857734375 0.5700000000000001 0.5214435140625 0.5530769234374999 0.5528242671875 0.543846153125 0.5821129703125 0.54076923125 0.598849371875 0.54076923125 0.6375523015625 0.5538461531250001 0.6982217578125 0.57923076875 0.7536610875 0.595 0.775104603125 0.618846153125 0.7981171546875 0.6619230765624999 0.8221757328124999 0.7192307687499999 0.8321129703125001 0.7234615390625 0.8221757328124999 0.7419230765625 0.81694560625 0.76576923125 0.7928870296875 0.7823076921875 0.7651673640625 0.79076923125 0.7390167359375 0.795384615625 0.719142259375 0.7976923078125 0.68462343125 0.79076923125 0.625 0.7823076921875 0.596757321875 0.7676923078125 0.56328451875
0 0.4830769234375 0.336297071875 0.48 0.31642259375 0.474615384375 0.2944560671875 0.4615384609375 0.2672594140625 0.439615384375 0.24267782499999999 0.4080769234375 0.224895396875 0.3765384609375 0.21966527187499998 0.3534615390625 0.22175732187500002 0.325 0.2322175734375 0.28500000000000003 0.2594142265625 0.2680769234375 0.2656903765625 0.23807692343750003 0.287656903125 0.20192307656250003 0.3221757328125 0.1984615390625 0.336297071875 0.1880769234375 0.33995815937499996 0.18 0.35303347343749997 0.1676923078125 0.3833682015625 0.165384615625 0.4231171546875 0.16999999999999998 0.44194560625 0.18153846093749998 0.466004184375 0.19961538437499998 0.4864016734375 0.22884615312499998 0.49895397499999994 0.254615384375 0.5005230125 0.26192307656249997 0.49790795 0.2773076921875 0.471757321875 0.3134615390625 0.45083682031250005 0.3565384609375 0.45083682031250005 0.4065384609375 0.4769874484375 0.4273076921875 0.466527196875 0.4480769234375 0.4476987453125 0.47384615312499995 0.402196653125 0.48230769218749997 0.367677825 0.4830769234375 0.336297071875
0 0.6319230765625 0.0742677828125 0.6080769234375001 0.0711297078125 0.58576923125 0.0784518828125 0.5650000000000001 0.09414225937500001 0.5476923078125 0.1166317984375 0.5338461531250001 0.153242678125 0.53 0.17625522968750001 0.53 0.23274058593750002 0.54 0.28504184062500004 0.5599999999999999 0.336297071875 0.5973076921875 0.37447698749999997 0.615384615625 0.39801255156250004 0.638846153125 0.44456066875 0.669615384375 0.464435146875 0.6969230765625001 0.46809623437500003 0.708846153125 0.46548117187500004 0.7184615390625 0.45763598281249995 0.72923076875 0.408472803125 0.7584615390625 0.373953975 0.7576923078125 0.342573221875 0.7523076921875 0.30700836875 0.6976923078125 0.1459205015625 0.6830769234375 0.1208159 0.661153846875 0.09414225937500001 0.6319230765625 0.0742677828125
0 0.4365384609375 0.029288703125 0.41500000000000004 0.034518828125 0.36653846093750003 0.0711297078125 0.3415384609375 0.1072175734375 0.3284615390625 0.150104603125 0.32769230781249997 0.18148535625 0.3315384609375 0.21495815937499999 0.33576923125 0.224895396875 0.36653846093750003 0.21861924687499998 0.388846153125 0.21861924687499998 0.41038461562500006 0.223849371875 0.43884615312499997 0.2405857734375 0.4680769234375 0.27719665312499997 0.47153846093749996 0.277719665625 0.479615384375 0.274058578125 0.5015384609375 0.24947698749999997 0.524615384375 0.20031380781250002 0.5330769234375 0.1459205015625 0.5284615390625 0.10617154843750001 0.5215384609375 0.0821129703125 0.5107692312500001 0.06328451874999999 0.488846153125 0.0418410046875 0.4634615390625 0.029288703125 0.4365384609375 0.029288703125
0 0 0.220188284375 0.015 0.2405857734375 0.0634615390625 0.27719665312499997 0.0880769234375 0.281380753125 0.11269230781249999 0.2960251046875 0.119615384375 0.2928870296875 0.129615384375 0.2949790796875 0.1334615390625 0.285564853125 0.1380769234375 0.285564853125 0.1419230765625 0.2949790796875 0.1980769234375 0.2949790796875 0.204615384375 0.31433054375 0.2726923078125 0.26046025156249997 0.28076923125 0.2348326359375 0.2815384609375 0.2107740578125 0.2730769234375 0.18566945625 0.2715384609375 0.16684100468750002 0.2419230765625 0.12656903749999998 0.2134615390625 0.1025104609375 0.181153846875 0.0836820078125 0.1265384609375 0.06903765625 0.0480769234375 0.0753138078125 0.025 0.0826359828125 0 0.1019874484375 0 0.220188284375
0 0.16923076875 0.0758368203125 0.21423076874999997 0.101464434375 0.23807692343750003 0.12133891249999999 0.25576923125 0.1422594140625 0.2630769234375 0.1438284515625 0.29576923125 0.1244769875 0.323846153125 0.08943514687500001 0.335384615625 0.0496861921875 0.336153846875 0.0120292890625 0.3330769234375 0.0026150625 0.18653846093749998 0.0010460250000000001 0.18153846093749998 0.0224895390625 0.1723076921875 0.031903765625000004 0.17076923125000001 0.038179915625 0.16923076875 0.0758368203125
0 0.100384615625 0.2907949796875 0.0826923078125 0.282426778125 0.065 0.283472803125 0.0473076921875 0.2918410046875 0.029230768750000004 0.31014644375 0.0176923078125 0.3331589953125 0.008461539062499999 0.3634937234375 0.0023076921875 0.43566945625000003 0.004615384375 0.5109832640625 0.0169230765625 0.5768828453125 0.03076923125 0.6187238500000001 0.043846153124999995 0.6448744765625001 0.061153846874999994 0.6684100421875 0.08576923125 0.68828451875 0.09423076875 0.69246861875 0.1223076921875 0.69403765625 0.13884615312499998 0.68723849375 0.15423076875 0.6725941421875 0.164615384375 0.656380753125 0.1769230765625 0.625 0.18307692343749998 0.5852510453125 0.18307692343749998 0.5277196656250001 0.18 0.4942468625 0.1523076921875 0.3844142265625 0.1323076921875 0.3331589953125 0.100384615625 0.2907949796875
0 0.248846153125 0.5407949796875 0.1880769234375 0.6025104609375 0.18076923125 0.6134937234375 0.1615384609375 0.6647489546875 0.145 0.68410041875 0.11884615312499999 0.6997907953125 0.1069230765625 0.7327405859375 0.1080769234375 0.7416317984374999 0.135 0.7541841 0.16 0.780857740625 0.17538461562500002 0.81433054375 0.18307692343749998 0.8540794984375 0.19076923125 0.8561715484375 0.20884615312500002 0.8525104609374999 0.2130769234375 0.847803346875 0.2276923078125 0.7986401671875 0.2580769234375 0.757322175 0.2765384609375 0.7458159 0.316153846875 0.7369246859375 0.2876923078125 0.6950836812500001 0.2623076921875 0.6427824265625001 0.24923076875 0.590481171875 0.248846153125 0.5407949796875
0 0.025769231250000003 0.757322175 0 0.7777196656250001 0.00038461562500000004 0.9079497906249999 0.1684615390625 0.907426778125 0.17538461562500002 0.902196653125 0.18 0.8791841 0.18076923125 0.848849371875 0.1769230765625 0.8247907953125001 0.166153846875 0.7944560671875001 0.156153846875 0.776673640625 0.1334615390625 0.7541841 0.09576923125 0.7395397484374999 0.058076923437500004 0.742677825 0.025769231250000003 0.757322175
0 0.49230769218750003 0.8729079499999999 0.48769230781250006 0.8969665265625 0.48961538437499996 0.9079497906249999 0.734615384375 0.907426778125 0.7392307687499999 0.9053347281249999 0.734615384375 0.8917364015624999 0.6873076921875 0.8336820078124999 0.645 0.81799163125 0.595 0.785564853125 0.568846153125 0.7866108781250001 0.5526923078125 0.7928870296875 0.53576923125 0.80543933125 0.5023076921875 0.846757321875 0.49230769218750003 0.8729079499999999
0 0.78 0.7724895390625 0.7526923078125 0.81066945625 0.7257692312499999 0.8274058578125001 0.72076923125 0.8383891218749999 0.7184615390625 0.8645397484374999 0.7465384609375 0.906903765625 0.953846153125 0.907426778125 0.9569230765625001 0.904288703125 0.9569230765625001 0.8896443515625 0.9476923078124999 0.842573221875 0.9353846156250001 0.81328451875 0.9130769234375 0.774581590625 0.8396153843749999 0.6976987453125 0.8019230765625001 0.68096234375 0.7984615390625 0.68253138125 0.795384615625 0.725418409375 0.78 0.7724895390625
0 1 0.5277196656250001 0.9688461531250001 0.4864016734375 0.9311538468749999 0.4466527203125 0.9142307687500001 0.43305439375 0.881153846875 0.41527196718750004 0.860384615625 0.408995815625 0.828846153125 0.41004184062500004 0.789615384375 0.43200836875000004 0.7776923078125 0.4471757328125 0.7676923078125 0.470188284375 0.7630769234375 0.4900627609375 0.7615384609375 0.5172594140625 0.7684615390625 0.55805439375 0.8 0.6385983265624999 0.8473076921875 0.7039748953125 0.8865384609375001 0.7437238500000001 0.9503846156250001 0.7949790796875 0.979615384375 0.8085774062500001 0.9876923078125 0.80805439375 1 0.7955020921875 1 0.5277196656250001
0 0.930384615625 0.44351464375000005 0.9688461531250001 0.4832635984375 0.9723076921875 0.4492677828125 0.9676923078125 0.41684100468749996 0.9561538468749999 0.3917364015625 0.929615384375 0.3577405859375 0.9103846156250001 0.34309623437500003 0.8926923078125 0.3357740578125 0.875 0.342050209375 0.868846153125 0.3326359828125 0.8403846156249999 0.3336820078125 0.81576923125 0.33995815937499996 0.781153846875 0.35878661093750003 0.758846153125 0.3786610875 0.7384615390625 0.408472803125 0.725384615625 0.44299163124999996 0.72076923125 0.470188284375 0.72 0.5015690375 0.765384615625 0.5507322171875 0.7615384609375 0.49843096249999996 0.766153846875 0.472280334375 0.7784615390625 0.44403765625 0.799615384375 0.4225941421875 0.83423076875 0.40794979062500003 0.879615384375 0.411087865625 0.9134615390624999 0.4288702921875 0.92576923125 0.44142259375000004 0.930384615625 0.43514644375 0.930384615625 0.44351464375000005
0 1 0.16997907968749998 0.9946153843750001 0.153242678125 0.9673076921874999 0.1317991625 0.9534615390625 0.12761506250000001 0.93423076875 0.1286610875 0.885 0.1453974890625 0.830384615625 0.18828451875000002 0.7807692312500001 0.2484309625 0.75923076875 0.288179915625 0.754615384375 0.31119246875 0.76 0.36872384999999996 0.7623076921874999 0.37081590000000003 0.7973076921875 0.347280334375 0.82423076875 0.3347280328125 0.8473076921875 0.3305439328125 0.875 0.3336820078125 0.8838461531249999 0.3258368203125 0.8823076921874999 0.3206066953125 0.8865384609375001 0.31589958125 0.889615384375 0.3336820078125 0.92423076875 0.350418409375 0.9334615390625001 0.347280334375 0.973846153125 0.283995815625 0.996153846875 0.2348326359375 1 0.219142259375 1 0.16997907968749998
0 0.8430769234375 0.1344142265625 0.8434615390625 0.14016736406250002 0.8476923078124999 0.1396443515625 0.8430769234375 0.1344142265625
0 0.67423076875 0.007322175 0.640384615625 0.024058578125 0.62576923125 0.036610878125 0.618846153125 0.0523012546875 0.6076923078124999 0.059100418749999994 0.603846153125 0.06956066875 0.60576923125 0.0711297078125 0.6265384609375 0.0721757328125 0.639615384375 0.0774058578125 0.6673076921875001 0.099372384375 0.6984615390625 0.14487447656250002 0.713846153125 0.18985355625 0.72923076875 0.19299163125000002 0.7765384609375 0.1694560671875 0.8069230765625001 0.12709204999999998 0.8146153843749999 0.097803346875 0.815384615625 0.0747907953125 0.8084615390625001 0.0486401671875 0.7965384609374999 0.027196653124999998 0.77576923125 0.0094142265625 0.761153846875 0.0031380749999999997 0.6980769234374999 0.0010460250000000001 0.67423076875 0.007322175
0 0.7565384609375 0.2416317984375 0.7530769234375 0.2463389125 0.7576923078125 0.25156903750000004 0.76 0.2463389125 0.7565384609375 0.2416317984375
0 0.565384615625 0.06223849375 0.561153846875 0.0512552296875 0.5615384609375 0.06746861875 0.565384615625 0.06223849375
0 0.5026923078125 0.42991631874999997 0.50076923125 0.466004184375 0.5076923078125 0.46705020937499997 0.51 0.43253138125 0.5026923078125 0.42991631874999997
0 0.41269230781250005 0.48744769843749997 0.38423076875 0.46548117187500004 0.351153846875 0.4518828453125 0.32423076875 0.45083682031250005 0.299615384375 0.45815899531250004 0.2834615390625 0.469665271875 0.2630769234375 0.5005230125 0.25 0.5475941421875 0.2515384609375 0.5978033468749999 0.2723076921875 0.663702928125 0.2984615390625 0.7097280328125 0.32115384687500004 0.7395397484374999 0.375 0.7949790796875 0.4319230765625 0.8336820078124999 0.45115384687500004 0.8410041843749999 0.474615384375 0.842573221875 0.4980769234375 0.838912134375 0.51423076875 0.8274058578125001 0.5323076921875 0.8049163187499999 0.53923076875 0.778765690625 0.5369230765624999 0.713912134375 0.5284615390625 0.6710251046875 0.5223076921875001 0.651150628125 0.4930769234375 0.5925732218750001 0.44346153906249997 0.5198744765625001 0.41269230781250005 0.48744769843749997
0 0.213846153125 0.8530334734375 0.213846153125 0.8791841 0.219615384375 0.9079497906249999 0.46461538437499994 0.907426778125 0.466153846875 0.901150628125 0.45923076875 0.8854602515625001 0.43269230781249995 0.839958159375 0.3680769234375 0.7918410046875 0.31884615312500003 0.742677825 0.27576923125 0.74790795 0.250384615625 0.7667364015625 0.2276923078125 0.8007322171875 0.2176923078125 0.8300209203125 0.213846153125 0.8530334734375
0 0.580384615625 0.35878661093750003 0.52576923125 0.31589958125 0.49115384687499997 0.2991631796875 0.4773076921875 0.2970711296875 0.483846153125 0.3342050203125 0.483846153125 0.3572175734375 0.475384615625 0.401150628125 0.46076923125 0.43253138125 0.4480769234375 0.45083682031250005 0.41076923125000003 0.4806485359375 0.4480769234375 0.5230125515624999 0.495 0.592050209375 0.519615384375 0.6066945609375 0.5384615390625 0.6103556484375 0.5423076921875001 0.5831589953125 0.5530769234374999 0.5496861921875 0.5765384609375 0.5115062765625 0.6011538468750001 0.4905857734375 0.615 0.48221757343749994 0.639615384375 0.475941421875 0.6423076921875001 0.470188284375 0.635384615625 0.44299163124999996 0.6207692312499999 0.40951882812499996 0.580384615625 0.35878661093750003