0 0.2425 0.5008333328125001 0.23500000000000001 0.5225 0.2241666671875 0.5883333328125 0.2258333328125 0.645 0.2308333328125 0.6591666671875 0.2641666671875 0.7091666671875 0.27999999999999997 0.7224999999999999 0.3275 0.7541666671875 0.38 0.775 0.4308333328125 0.7758333328125 0.5016666671875 0.7616666671875 0.5475 0.7408333328125 0.5775 0.7175 0.6041666671875 0.6849999999999999 0.6391666671875 0.6241666671874999 0.6558333328125 0.5891666671875 0.6933333328125 0.49083333281249997 0.7066666671874999 0.4683333328125 0.7091666671875 0.45583333281250005 0.7216666671875 0.465 0.7358333328125 0.45499999999999996 0.7366666671875 0.425 0.73 0.38416666718750003 0.7233333328125 0.36666666718749996 0.7224999999999999 0.32999999999999996 0.7166666671875 0.2975 0.6966666671875 0.24416666718750002 0.6675 0.20249999999999999 0.6591666671875 0.185 0.6125 0.1691666671875 0.5883333328125 0.16583333281249998 0.5433333328125001 0.13333333281249998 0.5175 0.125 0.5 0.1233333328125 0.4425 0.135 0.4108333328125 0.15 0.3891666671875 0.1633333328125 0.3433333328125 0.20166666718749998 0.32999999999999996 0.22000000000000003 0.3183333328125 0.2533333328125 0.31 0.2666666671875 0.2858333328125 0.3366666671875 0.2783333328125 0.3916666671875 0.24666666718750002 0.47083333281249995 0.2425 0.5008333328125001
0 0.80859375 0.06484375 0.1203125 0.121875
0 0.9359375 0.1015625 0.11875 0.1421875
0 0.85546875 0.215625 0.1125 0.1265625
0 0.9609375 0.234375 0.078125 0.1140625
0 0.0828125 0.065625 0.1046875 0.1171875
0 0.14453125 0.1546875 0.09375 0.11875
0 0.06796875 0.92890625 0.134375 0.1421875
0 0.11484375 0.8015625 0.15 0.0953125
0 0.30703125 0.80234375 0.109375 0.1265625
0 0.08828125 0.30234375 0.1234375 0.096875