0 0.4398496234375 0.7815789468750001 0.43609022499999994 0.7868421046875 0.43609022499999994 0.8131578953125 0.4398496234375 0.818421053125 0.4398496234375 0.82894736875 0.4567669171875 0.8578947375 0.49812029999999996 0.8578947375 0.509398496875 0.8684210531250001 0.5112781953125001 0.8657894734375 0.524436090625 0.8578947375 0.5375939843750001 0.82894736875 0.5375939843750001 0.7763157890625 0.5300751874999999 0.7552631578125 0.5131578953125 0.731578946875 0.5056390984375 0.7263157890625 0.4680451125 0.7263157890625 0.44360902187500006 0.7605263156250001 0.4398496234375 0.77105263125 0.4398496234375 0.7815789468750001
0 0.51691729375 1 0.5225563906249999 0.9921052625 0.5225563906249999 0.9763157890624999 0.5300751874999999 0.9552631578125 0.5300751874999999 0.9236842109375001 0.5263157890625 0.9184210531250001 0.5263157890625 0.9078947375 0.5187969921875 0.8868421046874999 0.5131578953125 0.8842105265625 0.5056390984375 0.8684210531250001 0.49812029999999996 0.8631578953125001 0.48684210468750005 0.8631578953125001 0.48308270625 0.8578947375 0.46428571406249997 0.8578947375 0.4492481203125 0.8684210531250001 0.43609022499999994 0.8868421046874999 0.428571428125 0.9078947375 0.428571428125 0.9184210531250001 0.42481202968750004 0.9236842109375001 0.42481202968750004 0.95 0.428571428125 0.9552631578125 0.428571428125 0.9657894734375001 0.43609022499999994 0.9868421046875 0.445488721875 1 0.45300751874999995 1 0.4567669171875 1 0.5037593984375001 1 0.51691729375 1
0 0.4586466171875 0.681578946875 0.4586466171875 0.6921052624999999 0.46240601562499994 0.6973684203125 0.46240601562499994 0.7184210531249999 0.4680451125 0.7263157890625 0.4943609015625 0.72105263125 0.49812029999999996 0.7263157890625 0.509398496875 0.7263157890625 0.524436090625 0.7421052625 0.5300751874999999 0.7394736843749999 0.5357142859375 0.7368421046875 0.5488721796875 0.7131578953125 0.5526315796875 0.681578946875 0.5488721796875 0.6763157890625 0.5451127812500001 0.6552631578125 0.5357142859375 0.6421052625 0.5206766921875 0.631578946875 0.48684210468750005 0.631578946875 0.4793233078125 0.6368421046875 0.4586466171875 0.681578946875
0 0.49812029999999996 0.5315789468750001 0.48120300781249997 0.560526315625 0.48120300781249997 0.5973684203125 0.48496240625000003 0.6026315796875 0.48496240625000003 0.618421053125 0.4943609015625 0.631578946875 0.524436090625 0.631578946875 0.5281954890625 0.6368421046875 0.5451127812500001 0.6342105265625 0.5563909781249999 0.618421053125 0.5601503765625 0.5973684203125 0.5639097750000001 0.5921052625 0.5639097750000001 0.5710526312499999 0.5601503765625 0.5657894734375 0.5563909781249999 0.5447368421875 0.539473684375 0.5315789468750001 0.5319548875 0.52105263125 0.5131578953125 0.52105263125 0.49812029999999996 0.5315789468750001
0 0.48120300781249997 0.3236842109375 0.5056390984375 0.35263157968750003 0.5131578953125 0.3578947375 0.5263157890625 0.3552631578125 0.5357142859375 0.3473684203125 0.5432330828125 0.3473684203125 0.5601503765625 0.3236842109375 0.5601503765625 0.2921052625 0.5563909781249999 0.2868421046875 0.5563909781249999 0.2763157890625 0.539473684375 0.2526315796875 0.5056390984375 0.2526315796875 0.48120300781249997 0.2973684203125 0.48120300781249997 0.3236842109375
0 0.5112781953125001 0.4026315796875 0.51503759375 0.40789473750000005 0.51503759375 0.418421053125 0.524436090625 0.43157894687500004 0.5319548875 0.4263157890625 0.562030075 0.4263157890625 0.5733082703125 0.43684210468750007 0.57894736875 0.43421052656250003 0.5902255640625 0.41315789531249997 0.5939849625 0.3868421046875 0.5902255640625 0.381578946875 0.5902255640625 0.37105263125 0.57706766875 0.35263157968750003 0.569548871875 0.3473684203125 0.539473684375 0.3473684203125 0.5319548875 0.35263157968750003 0.51503759375 0.3763157890625 0.5112781953125001 0.4026315796875
0 0.5187969921875 0.5026315796875 0.5187969921875 0.5131578953125 0.524436090625 0.52105263125 0.5357142859375 0.52105263125 0.5507518796875 0.5368421046875 0.5601503765625 0.5342105265625 0.5827067671874999 0.518421053125 0.586466165625 0.5078947375 0.586466165625 0.460526315625 0.5733082703125 0.43684210468750007 0.5582706765625 0.4263157890625 0.5357142859375 0.4263157890625 0.51503759375 0.45 0.5112781953125001 0.47105263124999996 0.507518796875 0.4763157890625 0.5187969921875 0.5026315796875
0 0.5639097750000001 0.3131578953125 0.5639097750000001 0.3342105265625 0.569548871875 0.3473684203125 0.5845864656249999 0.3578947375 0.5958646609375 0.3578947375 0.599624059375 0.3631578953125 0.601503759375 0.360526315625 0.6109022562499999 0.3578947375 0.62406015 0.33947368437500003 0.6278195484375 0.32894736875 0.6278195484375 0.30789473749999996 0.6146616546875 0.2842105265625 0.5958646609375 0.27894736875000004 0.5921052625 0.2842105265625 0.5808270671875 0.2842105265625 0.5676691734375 0.3026315796875 0.5639097750000001 0.3131578953125
0 0.554511278125 0.2052631578125 0.5413533828125 0.2236842109375 0.5375939843750001 0.2342105265625 0.5375939843750001 0.25 0.5432330828125 0.25789473749999997 0.54699248125 0.25789473749999997 0.554511278125 0.2736842109375 0.5676691734375 0.27105263125 0.57706766875 0.2631578953125 0.603383459375 0.2631578953125 0.6071428578125 0.26842105312500003 0.6127819546875 0.260526315625 0.6127819546875 0.22894736875000002 0.6071428578125 0.22105263125 0.5958646609375 0.21578947343750002 0.5845864656249999 0.2 0.562030075 0.2 0.554511278125 0.2052631578125
0 0.5845864656249999 0.2 0.5921052625 0.210526315625 0.6071428578125 0.22105263125 0.6127819546875 0.21842105312500001 0.6203007515625 0.2026315796875 0.6203007515625 0.17105263125 0.6071428578125 0.1473684203125 0.599624059375 0.1421052625 0.57706766875 0.1421052625 0.569548871875 0.1473684203125 0.5526315796875 0.1763157890625 0.554511278125 0.2052631578125 0.562030075 0.2 0.5845864656249999 0.2
0 0.618421053125 0.1631578953125 0.62406015 0.160526315625 0.6278195484375 0.15 0.6278195484375 0.1078947375 0.6221804515625 0.0947368421875 0.6146616546875 0.089473684375 0.5845864656249999 0.089473684375 0.5714285718750001 0.1078947375 0.5714285718750001 0.12894736874999999 0.5808270671875 0.1421052625 0.603383459375 0.1421052625 0.618421053125 0.1631578953125
0 0.6353383453125 0.09736842031250001 0.6390977437500001 0.0763157890625 0.631578946875 0.0552631578125 0.6221804515625 0.0473684203125 0.599624059375 0.0473684203125 0.5827067671874999 0.0657894734375 0.5827067671874999 0.081578946875 0.5921052625 0.089473684375 0.6146616546875 0.089473684375 0.6221804515625 0.1 0.6353383453125 0.09736842031250001
0 0.5714285718750001 0.1131578953125 0.5827067671874999 0.081578946875 0.5827067671874999 0.0657894734375 0.5733082703125 0.0526315796875 0.5507518796875 0.0526315796875 0.5432330828125 0.0578947375 0.5338345859375 0.0763157890625 0.5338345859375 0.09210526249999999 0.554511278125 0.1 0.5657894734375 0.11578947343749998 0.5714285718750001 0.1131578953125
0 0.524436090625 0.1578947375 0.5263157890625 0.1657894734375 0.5357142859375 0.17894736875 0.5488721796875 0.1763157890625 0.5714285718750001 0.1447368421875 0.5714285718750001 0.12894736874999999 0.554511278125 0.1 0.54699248125 0.0947368421875 0.5319548875 0.0947368421875 0.51691729375 0.1052631578125 0.507518796875 0.12894736874999999 0.5187969921875 0.15 0.5187969921875 0.1552631578125 0.524436090625 0.1578947375
0 0.6860902249999999 0.0263157890625 0.7048872187499999 0.0263157890625 0.7086466171875 0.031578946875 0.7161654140625 0.031578946875 0.7180451125 0.0026315796875 0.6748120296875 0 0.6654135343750001 0.013157895312500001 0.6654135343750001 0.039473684375 0.67293233125 0.039473684375 0.6860902249999999 0.0263157890625
0 0.6936090218750001 0.07894736875 0.7086466171875 0.0947368421875 0.7180451125 0.09210526249999999 0.7218045109375 0.0868421046875 0.7218045109375 0.05 0.7124060156249999 0.031578946875 0.7048872187499999 0.031578946875 0.7011278203125 0.0263157890625 0.6860902249999999 0.0263157890625 0.6691729328125 0.0447368421875 0.6654135343750001 0.0552631578125 0.6672932328125001 0.0842105265625 0.6936090218750001 0.07894736875
0 0.6541353390625 0.1236842109375 0.6597744359375 0.1421052625 0.6691729328125 0.13947368437500002 0.6785714281249999 0.131578946875 0.7048872187499999 0.131578946875 0.7124060156249999 0.1368421046875 0.7180451125 0.12894736874999999 0.7180451125 0.1026315796875 0.6936090218750001 0.07894736875 0.67105263125 0.0842105265625 0.6578947375 0.1078947375 0.6578947375 0.118421053125 0.6541353390625 0.1236842109375
0 0.6597744359375 0.1947368421875 0.67105263125 0.1842105265625 0.6973684203125 0.1842105265625 0.7124060156249999 0.2 0.7180451125 0.1973684203125 0.7218045109375 0.1868421046875 0.7218045109375 0.1657894734375 0.7180451125 0.160526315625 0.7180451125 0.15 0.7011278203125 0.131578946875 0.6785714281249999 0.131578946875 0.67105263125 0.1368421046875 0.6654135343750001 0.1447368421875 0.6541353390625 0.1763157890625 0.6597744359375 0.1947368421875
0 0.6522556390625 0.25789473749999997 0.6597744359375 0.2526315796875 0.6823308265625 0.2526315796875 0.6860902249999999 0.2473684203125 0.7011278203125 0.2526315796875 0.7048872187499999 0.25789473749999997 0.710526315625 0.25526315781250003 0.7180451125 0.239473684375 0.7180451125 0.2131578953125 0.7048872187499999 0.189473684375 0.6973684203125 0.189473684375 0.6936090218750001 0.1842105265625 0.67105263125 0.1842105265625 0.6541353390625 0.2026315796875 0.646616540625 0.2236842109375 0.646616540625 0.24473684218749997 0.6522556390625 0.25789473749999997
0 0.6522556390625 0.3 0.663533834375 0.3 0.6672932328125001 0.29473684218749996 0.6823308265625 0.29473684218749996 0.7048872187499999 0.310526315625 0.7067669171875 0.30789473749999996 0.710526315625 0.3026315796875 0.710526315625 0.27105263125 0.7011278203125 0.2526315796875 0.6597744359375 0.2526315796875 0.646616540625 0.27105263125 0.6428571421875 0.2921052625 0.6390977437500001 0.2973684203125 0.64097744375 0.3052631578125 0.648496240625 0.3052631578125 0.6522556390625 0.3
0 0.648496240625 0.3052631578125 0.6390977437500001 0.318421053125 0.6390977437500001 0.37105263125 0.6447368421874999 0.37894736875 0.67105263125 0.3736842109375 0.6748120296875 0.37894736875 0.6860902249999999 0.37894736875 0.6898496234375 0.3842105265625 0.6973684203125 0.3842105265625 0.7011278203125 0.389473684375 0.70300751875 0.3868421046875 0.710526315625 0.3763157890625 0.7142857140625 0.3447368421875 0.710526315625 0.33947368437500003 0.710526315625 0.3236842109375 0.7011278203125 0.3052631578125 0.6860902249999999 0.3 0.6823308265625 0.29473684218749996 0.6672932328125001 0.29473684218749996 0.663533834375 0.3 0.648496240625 0.3052631578125
0 0.6278195484375 0.42368421093749997 0.6278195484375 0.460526315625 0.6334586468750001 0.4736842109375 0.6447368421874999 0.46315789531249996 0.6823308265625 0.46315789531249996 0.6973684203125 0.4736842109375 0.70300751875 0.47105263124999996 0.710526315625 0.460526315625 0.710526315625 0.45 0.7142857140625 0.4447368421875 0.7142857140625 0.41315789531249997 0.7048872187499999 0.3947368421875 0.7011278203125 0.3947368421875 0.6860902249999999 0.37894736875 0.6522556390625 0.37894736875 0.6390977437500001 0.3921052625 0.6278195484375 0.42368421093749997
0 0.62406015 0.539473684375 0.6278195484375 0.5447368421875 0.6278195484375 0.560526315625 0.6334586468750001 0.568421053125 0.6823308265625 0.568421053125 0.6860902249999999 0.5736842109375 0.695488721875 0.5710526312499999 0.695488721875 0.560526315625 0.7067669171875 0.5342105265625 0.7067669171875 0.4921052625 0.6898496234375 0.468421053125 0.6823308265625 0.46315789531249996 0.648496240625 0.46315789531249996 0.6447368421874999 0.468421053125 0.6372180453125 0.468421053125 0.62406015 0.5078947375 0.62406015 0.539473684375
0 0.6372180453125 0.568421053125 0.6165413531249999 0.5973684203125 0.60902255625 0.618421053125 0.60902255625 0.6552631578125 0.6127819546875 0.6657894734375 0.6221804515625 0.6789473687500001 0.6296992484375 0.6736842109375 0.6597744359375 0.6736842109375 0.663533834375 0.6789473687500001 0.6785714281249999 0.6789473687500001 0.6898496234375 0.6947368421875 0.6917293234375 0.6921052624999999 0.6973684203125 0.689473684375 0.7067669171875 0.6763157890625 0.710526315625 0.6657894734375 0.710526315625 0.65 0.7142857140625 0.6447368421874999 0.710526315625 0.6342105265625 0.710526315625 0.618421053125 0.70300751875 0.5973684203125 0.6748120296875 0.568421053125 0.6372180453125 0.568421053125
0 0.6052631578125001 0.7026315796875 0.5977443609375 0.7236842109375 0.5977443609375 0.7394736843749999 0.5939849625 0.7447368421875 0.5939849625 0.7605263156250001 0.5902255640625 0.7657894734374999 0.5902255640625 0.7763157890625 0.5977443609375 0.7973684203125 0.6221804515625 0.8263157890624999 0.6372180453125 0.8263157890624999 0.64097744375 0.82105263125 0.6597744359375 0.8157894734375001 0.6785714281249999 0.8315789468749999 0.687969925 0.82894736875 0.7067669171875 0.7973684203125 0.7067669171875 0.7868421046875 0.710526315625 0.7815789468750001 0.710526315625 0.75 0.695488721875 0.7078947375 0.6748120296875 0.6789473687500001 0.6372180453125 0.6736842109375 0.6334586468750001 0.6789473687500001 0.618421053125 0.6842105265625 0.6052631578125001 0.7026315796875
0 0.6052631578125001 0.8657894734375 0.6052631578125001 0.8815789468749999 0.601503759375 0.8868421046874999 0.601503759375 0.9236842109375001 0.6052631578125001 0.92894736875 0.60902255625 0.95 0.6296992484375 0.9736842109375001 0.64097744375 0.9736842109375001 0.663533834375 0.9894736843749999 0.687969925 0.9868421046875 0.7067669171875 0.960526315625 0.710526315625 0.95 0.710526315625 0.9342105265624999 0.7142857140625 0.92894736875 0.70300751875 0.8657894734375 0.6860902249999999 0.8421052625 0.6672932328125001 0.8263157890624999 0.6372180453125 0.8263157890624999 0.6221804515625 0.8368421046875 0.6052631578125001 0.8657894734375
0 0.8571428578125 1 0.8609022562499999 0.9973684203125 0.8609022562499999 0.9657894734375001 0.8571428578125 0.960526315625 0.8571428578125 0.9447368421875 0.8458646609375 0.9184210531250001 0.8214285718750001 0.889473684375 0.806390978125 0.8842105265625 0.8026315796875 0.8789473687499999 0.7800751874999999 0.8789473687499999 0.7763157890625 0.8842105265625 0.76503759375 0.8842105265625 0.757518796875 0.889473684375 0.740601503125 0.9131578953125 0.7368421046875 0.9342105265624999 0.73308270625 0.939473684375 0.73496240625 1 0.75 1 0.7537593984375001 1 0.7913533828125 1 0.7951127812500001 1 0.8026315796875 1 0.813909775 1 0.8176691734375 1 0.8214285718750001 1 0.8571428578125 1
0 0.8214285718750001 0.7578947375 0.813909775 0.7578947375 0.8101503765625001 0.7631578953125 0.7951127812500001 0.768421053125 0.7781954890625 0.7973684203125 0.7781954890625 0.8447368421875 0.7819548875 0.8552631578125001 0.7951127812500001 0.8736842109375 0.8101503765625001 0.8789473687499999 0.8214285718750001 0.889473684375 0.82894736875 0.889473684375 0.8327067671874999 0.8947368421874999 0.853383459375 0.8921052625 0.8665413531249999 0.8842105265625 0.87593985 0.8710526312500001 0.8834586468750001 0.85 0.8834586468750001 0.818421053125 0.87593985 0.7973684203125 0.8552631578125001 0.7631578953125 0.8477443609374999 0.7631578953125 0.8327067671874999 0.7526315796875 0.8251879703125 0.7526315796875 0.8214285718750001 0.7578947375
0 0.759398496875 0.560526315625 0.7556390984375 0.5710526312499999 0.7556390984375 0.6236842109375 0.7725563906249999 0.6473684203125 0.7800751874999999 0.6526315796875 0.813909775 0.6526315796875 0.8176691734375 0.6578947375 0.834586465625 0.6552631578125 0.851503759375 0.6473684203125 0.8609022562499999 0.62894736875 0.8609022562499999 0.581578946875 0.8571428578125 0.5763157890625 0.8571428578125 0.5657894734375 0.8477443609374999 0.5473684203125 0.8176691734375 0.5263157890625 0.7875939843750001 0.5263157890625 0.7800751874999999 0.5315789468750001 0.759398496875 0.560526315625
0 0.8421052625 0.6921052624999999 0.8383458640624999 0.681578946875 0.8101503765625001 0.6526315796875 0.7875939843750001 0.6526315796875 0.7838345859375 0.6578947375 0.7763157890625 0.6578947375 0.7556390984375 0.681578946875 0.7518797 0.7026315796875 0.7481203 0.7078947375 0.7481203 0.7236842109375 0.7518797 0.72894736875 0.7518797 0.7394736843749999 0.759398496875 0.7605263156250001 0.7763157890625 0.77894736875 0.7857142859375 0.7763157890625 0.7988721796875 0.7631578953125 0.806390978125 0.7631578953125 0.8214285718750001 0.7526315796875 0.836466165625 0.7526315796875 0.8421052625 0.7447368421875 0.8421052625 0.7342105265625001 0.8458646609375 0.72894736875 0.8458646609375 0.7131578953125 0.8421052625 0.7078947375 0.8421052625 0.6921052624999999
0 0.7838345859375 0.43157894687500004 0.7800751874999999 0.43684210468750007 0.7725563906249999 0.43684210468750007 0.76503759375 0.4473684203125 0.7612781953125001 0.4473684203125 0.7481203 0.47105263124999996 0.7443609015625 0.481578946875 0.7443609015625 0.5078947375 0.7518797 0.52894736875 0.7612781953125001 0.5421052625 0.7706766921875 0.539473684375 0.7838345859375 0.5263157890625 0.8214285718750001 0.5263157890625 0.8251879703125 0.5315789468750001 0.834586465625 0.5236842109375 0.834586465625 0.4763157890625 0.82706766875 0.45526315781250004 0.8101503765625001 0.43684210468750007 0.8026315796875 0.43684210468750007 0.7988721796875 0.43157894687500004 0.7838345859375 0.43157894687500004
0 0.8101503765625001 0.2736842109375 0.806390978125 0.26842105312500003 0.7800751874999999 0.26842105312500003 0.76503759375 0.27894736875000004 0.7481203 0.30789473749999996 0.7481203 0.32894736875 0.7556390984375 0.35 0.7612781953125001 0.3578947375 0.7687969921875 0.3631578953125 0.7706766921875 0.360526315625 0.7913533828125 0.3473684203125 0.806390978125 0.3473684203125 0.8176691734375 0.3578947375 0.8251879703125 0.3578947375 0.8308270671875 0.35 0.8308270671875 0.33947368437500003 0.834586465625 0.3342105265625 0.834586465625 0.2973684203125 0.8176691734375 0.2736842109375 0.8101503765625001 0.2736842109375
0 0.76691729375 0.37105263125 0.76691729375 0.381578946875 0.7556390984375 0.40789473750000005 0.7556390984375 0.43421052656250003 0.7612781953125001 0.4421052625 0.7763157890625 0.43684210468750007 0.7800751874999999 0.43157894687500004 0.8026315796875 0.43157894687500004 0.813909775 0.4421052625 0.82706766875 0.43947368437499995 0.8308270671875 0.43421052656250003 0.8308270671875 0.418421053125 0.834586465625 0.41315789531249997 0.834586465625 0.3763157890625 0.8251879703125 0.3631578953125 0.8026315796875 0.3473684203125 0.7951127812500001 0.3473684203125 0.7913533828125 0.35263157968750003 0.7763157890625 0.3578947375 0.76691729375 0.37105263125
0 0.76503759375 0.27894736875000004 0.7800751874999999 0.26842105312500003 0.806390978125 0.26842105312500003 0.8101503765625001 0.2736842109375 0.8176691734375 0.2736842109375 0.8251879703125 0.2842105265625 0.834586465625 0.28157894687499996 0.8421052625 0.26578947343750003 0.8421052625 0.25526315781250003 0.834586465625 0.2342105265625 0.8214285718750001 0.21578947343750002 0.7951127812500001 0.21578947343750002 0.7875939843750001 0.2263157890625 0.7725563906249999 0.2263157890625 0.7631578953125 0.239473684375 0.759398496875 0.27105263125 0.76503759375 0.27894736875000004
0 0.7556390984375 0.12894736874999999 0.7518797 0.160526315625 0.7612781953125001 0.17894736875 0.76691729375 0.1763157890625 0.7725563906249999 0.168421053125 0.7838345859375 0.168421053125 0.7875939843750001 0.1631578953125 0.813909775 0.1736842109375 0.8157894734375001 0.13421052656250002 0.812030075 0.1236842109375 0.7988721796875 0.110526315625 0.7725563906249999 0.110526315625 0.76503759375 0.11578947343749998 0.7556390984375 0.12894736874999999
0 0.7951127812500001 0.168421053125 0.7913533828125 0.1631578953125 0.7763157890625 0.168421053125 0.76691729375 0.1763157890625 0.76691729375 0.181578946875 0.7556390984375 0.2026315796875 0.7556390984375 0.2236842109375 0.7612781953125001 0.23157894687499997 0.7706766921875 0.22894736875000002 0.7800751874999999 0.22105263125 0.7913533828125 0.22105263125 0.7951127812500001 0.21578947343750002 0.8176691734375 0.21578947343750002 0.8233082703125 0.20789473749999998 0.8233082703125 0.19210526249999998 0.8157894734375001 0.181578946875 0.8157894734375001 0.1763157890625 0.806390978125 0.168421053125 0.7951127812500001 0.168421053125
0 0.813909775 0.12631578906250002 0.8157894734375001 0.1236842109375 0.8233082703125 0.1131578953125 0.8233082703125 0.081578946875 0.813909775 0.0631578953125 0.806390978125 0.0578947375 0.7763157890625 0.0578947375 0.759398496875 0.07105263125 0.7612781953125001 0.11578947343749998 0.7687969921875 0.110526315625 0.7988721796875 0.110526315625 0.813909775 0.12631578906250002
0 1 0.960526315625 0.9830827062499999 0.9368421046875 0.9718045109375 0.9368421046875 0.960526315625 0.9263157890624999 0.9454887218750001 0.9263157890624999 0.9417293234375 0.92105263125 0.9266917296875 0.92105263125 0.9191729328125 0.9263157890624999 0.8947368421874999 0.9657894734375001 0.8947368421874999 0.9763157890624999 0.8872180453125 0.9973684203125 0.8928571421875 1 0.9924812031249999 1 1 0.9973684203125 1 0.960526315625
0 1 0.8131578953125 0.9830827062499999 0.8 0.9718045109375 0.8 0.9680451124999999 0.7947368421875 0.9492481203124999 0.7947368421875 0.9266917296875 0.810526315625 0.913533834375 0.8342105265624999 0.913533834375 0.8868421046874999 0.92105263125 0.8973684203125 0.92105263125 0.9026315796875 0.937969925 0.92105263125 0.95300751875 0.92105263125 0.9680451124999999 0.931578946875 0.9793233078125001 0.931578946875 0.9830827062499999 0.9368421046875 0.9943609015625 0.9368421046875 0.9981203000000001 0.9421052624999999 1 0.939473684375 1 0.8131578953125
0 0.8928571421875 0.6578947375 0.8703007515625 0.6736842109375 0.8571428578125 0.6973684203125 0.8571428578125 0.7342105265625001 0.8646616546875 0.7552631578125 0.8853383453125 0.7842105265625 0.8928571421875 0.789473684375 0.9041353390625 0.789473684375 0.9078947375 0.7947368421875 0.9172932328125001 0.7921052625 0.937969925 0.7842105265625 0.95488721875 0.7605263156250001 0.95488721875 0.7078947375 0.943609021875 0.6868421046875001 0.943609021875 0.681578946875 0.937969925 0.6789473687500001 0.9266917296875 0.6631578953124999 0.915413534375 0.6631578953124999 0.9116541359375001 0.6578947375 0.8928571421875 0.6578947375
0 0.89097744375 0.62894736875 0.89097744375 0.639473684375 0.9003759406249999 0.6526315796875 0.9304511281250001 0.6631578953124999 0.9454887218750001 0.6789473687500001 0.9812030078125 0.6763157890625 0.9962406015624999 0.6657894734375 0.9962406015624999 0.6026315796875 0.9924812031249999 0.5921052625 0.975563909375 0.568421053125 0.9492481203124999 0.5578947375000001 0.9454887218750001 0.5631578953124999 0.9116541359375001 0.568421053125 0.89097744375 0.5921052625 0.8872180453125 0.6236842109375 0.89097744375 0.62894736875
0 0.95300751875 0.47894736875 0.9041353390625 0.47894736875 0.89097744375 0.4921052625 0.8872180453125 0.5131578953125 0.8834586468750001 0.518421053125 0.8834586468750001 0.5552631578125 0.896616540625 0.5736842109375 0.9097744359375 0.5710526312499999 0.92293233125 0.568421053125 0.9266917296875 0.5631578953124999 0.937969925 0.5631578953124999 0.9417293234375 0.5578947375000001 0.9699248125000001 0.5552631578125 0.9699248125000001 0.518421053125 0.9736842109375001 0.5131578953125 0.9661654140625 0.5026315796875 0.960526315625 0.4842105265625 0.95300751875 0.47894736875
0 0.8928571421875 0.4842105265625 0.898496240625 0.481578946875 0.95300751875 0.47894736875 0.9624060156249999 0.45526315781250004 0.9624060156249999 0.42894736875 0.9586466171874999 0.418421053125 0.937969925 0.3947368421875 0.9041353390625 0.3947368421875 0.8872180453125 0.418421053125 0.87593985 0.45 0.8796992484375 0.4657894734375 0.8928571421875 0.4842105265625
0 0.87593985 0.3236842109375 0.8721804515624999 0.3447368421875 0.8684210531250001 0.35 0.8684210531250001 0.37105263125 0.8721804515624999 0.381578946875 0.8890977437500001 0.4052631578125 0.89097744375 0.4026315796875 0.9003759406249999 0.3947368421875 0.9417293234375 0.3947368421875 0.9473684203125 0.3868421046875 0.9473684203125 0.3236842109375 0.937969925 0.310526315625 0.9304511281250001 0.310526315625 0.9266917296875 0.3052631578125 0.8928571421875 0.3052631578125 0.8815789468749999 0.32105263125 0.87593985 0.3236842109375
0 0.8928571421875 0.2263157890625 0.8815789468749999 0.2263157890625 0.87406015 0.23157894687499997 0.8609022562499999 0.25 0.8609022562499999 0.260526315625 0.8571428578125 0.26578947343750003 0.8571428578125 0.2868421046875 0.8646616546875 0.2973684203125 0.8684210531250001 0.3131578953125 0.87406015 0.32105263125 0.8796992484375 0.318421053125 0.8890977437500001 0.3052631578125 0.943609021875 0.3026315796875 0.943609021875 0.26578947343750003 0.936090225 0.25 0.936090225 0.239473684375 0.9304511281250001 0.23157894687499997 0.92293233125 0.2263157890625 0.9041353390625 0.2263157890625 0.896616540625 0.22105263125 0.8928571421875 0.2263157890625
0 0.9323308265625 0.19210526249999998 0.9285714281249999 0.181578946875 0.9191729328125 0.168421053125 0.9116541359375001 0.168421053125 0.9078947375 0.1631578953125 0.8890977437500001 0.1631578953125 0.8853383453125 0.168421053125 0.8778195484375001 0.168421053125 0.8609022562499999 0.1973684203125 0.8609022562499999 0.22894736875000002 0.8665413531249999 0.2368421046875 0.8721804515624999 0.2342105265625 0.8815789468749999 0.2263157890625 0.8928571421875 0.2263157890625 0.896616540625 0.22105263125 0.9041353390625 0.22105263125 0.9078947375 0.2263157890625 0.9304511281250001 0.2263157890625 0.936090225 0.21842105312500001 0.936090225 0.2131578953125 0.9323308265625 0.20789473749999998 0.9323308265625 0.19210526249999998
0 0.9060150374999999 0.0447368421875 0.8928571421875 0.021052631250000002 0.87406015 0.021052631250000002 0.8665413531249999 0.0263157890625 0.8496240593750001 0.05 0.8458646609375 0.1026315796875 0.8496240593750001 0.1078947375 0.8496240593750001 0.118421053125 0.8571428578125 0.12894736874999999 0.853383459375 0.13947368437500002 0.853383459375 0.1552631578125 0.8571428578125 0.1657894734375 0.8665413531249999 0.17894736875 0.8684210531250001 0.1763157890625 0.8890977437500001 0.1631578953125 0.9116541359375001 0.1631578953125 0.9191729328125 0.168421053125 0.9285714281249999 0.15 0.9285714281249999 0.12894736874999999 0.9248120296875 0.118421053125 0.9097744359375 0.09736842031250001 0.9097744359375 0.0657894734375 0.9060150374999999 0.06052631562500001 0.9060150374999999 0.0447368421875
0 0.3458646609375 1 0.349624059375 0.9973684203125 0.3458646609375 0.9921052625 0.3458646609375 0.9710526312500001 0.3383458640625 0.95 0.32894736875 0.931578946875 0.313909775 0.92105263125 0.2838345859375 0.92105263125 0.2800751875 0.9263157890624999 0.26503759374999997 0.931578946875 0.240601503125 0.9710526312500001 0.240601503125 0.9921052625 0.2368421046875 0.9973684203125 0.24248120312500002 1 0.3458646609375 1
0 0.351503759375 0.77894736875 0.3477443609375 0.7736842109375 0.3251879703125 0.7736842109375 0.30827067656249996 0.7921052625 0.30827067656249996 0.7973684203125 0.29699248125 0.818421053125 0.2932330828125 0.8447368421875 0.28571428593750003 0.860526315625 0.28571428593750003 0.8973684203125 0.29511278124999996 0.9105263156250001 0.3101503765625 0.92105263125 0.3176691734375 0.92105263125 0.32142857187499996 0.9263157890624999 0.349624059375 0.9236842109375001 0.3552631578125 0.92105263125 0.3721804515625 0.8973684203125 0.3721804515625 0.8868421046874999 0.3796992484375 0.8657894734375 0.3796992484375 0.85 0.383458646875 0.8447368421875 0.3796992484375 0.8394736843749999 0.3796992484375 0.8078947375000001 0.35902255625 0.77894736875 0.351503759375 0.77894736875
0 0.3552631578125 0.6473684203125 0.334586465625 0.67105263125 0.32706766875 0.6921052624999999 0.3233082703125 0.7447368421875 0.32706766875 0.75 0.32706766875 0.7605263156250001 0.336466165625 0.7736842109375 0.3552631578125 0.7736842109375 0.35902255625 0.77894736875 0.3721804515625 0.7763157890625 0.3853383453125 0.7736842109375 0.40225563906249995 0.7552631578125 0.40977443593749996 0.7342105265625001 0.40977443593749996 0.7078947375 0.413533834375 0.7026315796875 0.413533834375 0.6921052624999999 0.4060150375 0.67105263125 0.3928571421875 0.6526315796875 0.3853383453125 0.6473684203125 0.3552631578125 0.6473684203125
0 0.3552631578125 0.5526315796875 0.3383458640625 0.5868421046875001 0.3383458640625 0.6026315796875 0.334586465625 0.6078947375 0.334586465625 0.62894736875 0.3383458640625 0.639473684375 0.3439849625 0.6473684203125 0.381578946875 0.6421052625 0.4041353390625 0.6631578953124999 0.4172932328125 0.6605263156250001 0.428571428125 0.639473684375 0.428571428125 0.6078947375 0.4323308265625 0.6026315796875 0.42481202968750004 0.560526315625 0.415413534375 0.5473684203125 0.4116541359375 0.5473684203125 0.396616540625 0.5315789468750001 0.37406015 0.5368421046875 0.35902255625 0.5526315796875 0.3552631578125 0.5526315796875
0 0.3796992484375 0.481578946875 0.37593985 0.5026315796875 0.3721804515625 0.5078947375 0.3721804515625 0.5342105265625 0.3778195484375 0.5368421046875 0.381578946875 0.5315789468750001 0.40037594062500004 0.5315789468750001 0.4266917296875 0.5631578953124999 0.4323308265625 0.560526315625 0.4473684203125 0.5342105265625 0.45488721875 0.5131578953125 0.45488721875 0.4973684203125 0.4586466171875 0.48684210468750005 0.45112782031250004 0.4657894734375 0.437969925 0.4473684203125 0.43045112812499997 0.4421052625 0.40789473750000005 0.4421052625 0.40037594062500004 0.4473684203125 0.3796992484375 0.481578946875
0 0.334586465625 0.3921052625 0.32706766875 0.41315789531249997 0.32706766875 0.43947368437499995 0.334586465625 0.45 0.3383458640625 0.4657894734375 0.35902255625 0.4842105265625 0.368421053125 0.481578946875 0.3778195484375 0.47894736875 0.4172932328125 0.42894736875 0.4172932328125 0.39736842031249997 0.4041353390625 0.3736842109375 0.38909774375 0.3631578953125 0.37406015 0.3631578953125 0.3703007515625 0.368421053125 0.3552631578125 0.368421053125 0.3477443609375 0.3736842109375 0.334586465625 0.3921052625
0 0.42293233125 0.4 0.437969925 0.4052631578125 0.45300751874999995 0.4263157890625 0.46240601562499994 0.42368421093749997 0.4680451125 0.42105263125 0.48120300781249997 0.39736842031249997 0.48120300781249997 0.3552631578125 0.4680451125 0.331578946875 0.445488721875 0.3157894734375 0.43045112812499997 0.32105263125 0.40977443593749996 0.3447368421875 0.4060150375 0.3552631578125 0.4060150375 0.3763157890625 0.42293233125 0.4
0 0.4172932328125 0.3026315796875 0.4172932328125 0.3236842109375 0.42481202968750004 0.3236842109375 0.44172932343750004 0.3052631578125 0.45300751874999995 0.3052631578125 0.4718045109375 0.32105263125 0.477443609375 0.3131578953125 0.477443609375 0.2973684203125 0.4567669171875 0.2736842109375 0.437969925 0.2736842109375 0.43045112812499997 0.2842105265625 0.4266917296875 0.2842105265625 0.4172932328125 0.3026315796875
0 0.4680451125 0.2842105265625 0.48120300781249997 0.28157894687499996 0.48684210468750005 0.27894736875000004 0.5 0.260526315625 0.49624060156249994 0.22894736875000002 0.48308270625 0.2052631578125 0.460526315625 0.2052631578125 0.4398496234375 0.2342105265625 0.43609022499999994 0.25526315781250003 0.445488721875 0.2736842109375 0.4567669171875 0.2736842109375 0.4680451125 0.2842105265625
0 0.45112782031250004 0.1973684203125 0.4567669171875 0.210526315625 0.460526315625 0.2052631578125 0.48308270625 0.2052631578125 0.49812029999999996 0.23157894687499997 0.5037593984375001 0.22894736875000002 0.5112781953125001 0.21842105312500001 0.5225563906249999 0.1868421046875 0.5225563906249999 0.17105263125 0.5018797 0.1368421046875 0.48684210468750005 0.131578946875 0.48308270625 0.1368421046875 0.4680451125 0.1421052625 0.4586466171875 0.1552631578125 0.45112782031250004 0.1763157890625 0.45112782031250004 0.1973684203125
0 0.49812029999999996 0.1368421046875 0.507518796875 0.13421052656250002 0.5187969921875 0.09736842031250001 0.509398496875 0.0842105265625 0.490601503125 0.0842105265625 0.48308270625 0.089473684375 0.4736842109375 0.1131578953125 0.4736842109375 0.12894736874999999 0.4793233078125 0.1368421046875 0.48308270625 0.131578946875 0.4943609015625 0.131578946875 0.49812029999999996 0.1368421046875
0 0.4398496234375 0.1236842109375 0.44360902187500006 0.118421053125 0.44360902187500006 0.09210526249999999 0.4266917296875 0.0631578953125 0.40789473750000005 0.0631578953125 0.3872180453125 0.0868421046875 0.3872180453125 0.1026315796875 0.3928571421875 0.110526315625 0.40789473750000005 0.110526315625 0.4266917296875 0.12631578906250002 0.4398496234375 0.1236842109375
0 0.4116541359375 0.189473684375 0.4172932328125 0.1868421046875 0.428571428125 0.1657894734375 0.4323308265625 0.13421052656250002 0.42293233125 0.12105263125000001 0.40789473750000005 0.110526315625 0.3853383453125 0.110526315625 0.368421053125 0.13947368437500002 0.368421053125 0.160526315625 0.37406015 0.168421053125 0.38909774375 0.168421053125 0.4116541359375 0.189473684375
0 0.3477443609375 0.24210526250000003 0.3703007515625 0.24210526250000003 0.37406015 0.2473684203125 0.381578946875 0.2473684203125 0.38909774375 0.25789473749999997 0.3947368421875 0.25526315781250003 0.40977443593749996 0.22894736875000002 0.40977443593749996 0.21842105312500001 0.413533834375 0.2131578953125 0.40977443593749996 0.19210526249999998 0.38909774375 0.168421053125 0.366541353125 0.168421053125 0.349624059375 0.1868421046875 0.3421052625 0.20789473749999998 0.3421052625 0.2342105265625 0.3477443609375 0.24210526250000003
0 0.3552631578125 0.310526315625 0.366541353125 0.32631578906250003 0.37593985 0.3236842109375 0.39097744375 0.30789473749999996 0.39097744375 0.2868421046875 0.3947368421875 0.28157894687499996 0.39097744375 0.260526315625 0.3703007515625 0.24210526250000003 0.3552631578125 0.24210526250000003 0.3402255640625 0.2526315796875 0.32706766875 0.2763157890625 0.32706766875 0.2973684203125 0.3552631578125 0.310526315625
0 0.306390978125 0.3052631578125 0.2932330828125 0.32894736875 0.2932330828125 0.3763157890625 0.3007518796875 0.39736842031249997 0.3101503765625 0.410526315625 0.3176691734375 0.41578947343749995 0.31954887187500003 0.41315789531249997 0.3251879703125 0.410526315625 0.3477443609375 0.3736842109375 0.3627819546875 0.368421053125 0.3721804515625 0.3552631578125 0.368421053125 0.3447368421875 0.368421053125 0.32894736875 0.3477443609375 0.3052631578125 0.3176691734375 0.3 0.313909775 0.3052631578125 0.306390978125 0.3052631578125
0 0.27255639062500003 0.43684210468750007 0.26503759374999997 0.43684210468750007 0.2481203 0.460526315625 0.24436090156249998 0.47105263124999996 0.24436090156249998 0.4921052625 0.240601503125 0.4973684203125 0.240601503125 0.5078947375 0.25 0.52105263125 0.26503759374999997 0.5263157890625 0.26879699218750003 0.5315789468750001 0.2763157890625 0.5315789468750001 0.29511278124999996 0.5473684203125 0.30827067656249996 0.5447368421875 0.3308270671875 0.518421053125 0.3383458640625 0.4973684203125 0.3383458640625 0.4763157890625 0.334586465625 0.47105263124999996 0.334586465625 0.460526315625 0.32706766875 0.45 0.32706766875 0.4447368421875 0.313909775 0.43157894687500004 0.2763157890625 0.43157894687500004 0.27255639062500003 0.43684210468750007
0 0.210526315625 0.5763157890625 0.2067669171875 0.581578946875 0.2067669171875 0.6131578953125 0.210526315625 0.6236842109375 0.2236842109375 0.6368421046875 0.257518796875 0.6368421046875 0.26127819531249996 0.6421052625 0.27819548906249997 0.639473684375 0.2932330828125 0.618421053125 0.29699248125 0.5973684203125 0.3007518796875 0.5921052625 0.3007518796875 0.5710526312499999 0.2932330828125 0.55 0.27255639062500003 0.5315789468750001 0.24248120312500002 0.5315789468750001 0.227443609375 0.5421052625 0.210526315625 0.5657894734375 0.210526315625 0.5763157890625
0 0.195488721875 0.6763157890625 0.195488721875 0.6868421046875001 0.1917293234375 0.6921052624999999 0.1917293234375 0.7236842109375 0.1973684203125 0.7368421046875 0.2161654140625 0.7421052625 0.23120300781249997 0.7578947375 0.24436090156249998 0.7552631578125 0.257518796875 0.7473684203125 0.27443609062499996 0.7184210531249999 0.27819548906249997 0.7078947375 0.27819548906249997 0.681578946875 0.26691729375 0.65 0.26127819531249996 0.6421052625 0.2537593984375 0.6368421046875 0.227443609375 0.6368421046875 0.2199248125 0.6421052625 0.195488721875 0.6763157890625
0 0.186090225 0.7421052625 0.1748120296875 0.7421052625 0.1672932328125 0.7526315796875 0.163533834375 0.7526315796875 0.1428571421875 0.7868421046875 0.13909774375 0.7973684203125 0.13909774375 0.85 0.1560150375 0.8789473687499999 0.1672932328125 0.8789473687499999 0.17105263125 0.8842105265625 0.20300751875 0.8815789468749999 0.2199248125 0.8684210531250001 0.22180451093750003 0.860526315625 0.240601503125 0.8342105265624999 0.240601503125 0.7868421046875 0.23308270625 0.7657894734374999 0.2236842109375 0.7526315796875 0.2199248125 0.7526315796875 0.212406015625 0.7421052625 0.1898496234375 0.7368421046875 0.186090225 0.7421052625
0 0.1823308265625 1 0.187969925 0.9921052625 0.1917293234375 0.9710526312500001 0.195488721875 0.9657894734375001 0.195488721875 0.95 0.1992481203125 0.9447368421875 0.1992481203125 0.9131578953125 0.195488721875 0.9026315796875 0.186090225 0.889473684375 0.178571428125 0.889473684375 0.1748120296875 0.8842105265625 0.148496240625 0.8842105265625 0.1447368421875 0.889473684375 0.133458646875 0.889473684375 0.12593985000000002 0.8947368421874999 0.1127819546875 0.9131578953125 0.0902255640625 0.9763157890624999 0.0902255640625 0.9973684203125 0.09962405937499999 1 0.17293233125000002 1 0.1823308265625 1
0 0.11090225625000001 0.7947368421875 0.10714285781249999 0.7947368421875 0.09210526249999999 0.77894736875 0.084586465625 0.77894736875 0.0808270671875 0.7736842109375 0.0657894734375 0.7736842109375 0.062030075 0.768421053125 0.04699248125 0.7736842109375 0.039473684375 0.77894736875 0.0187969921875 0.8078947375000001 0.0112781953125 0.82894736875 0.0112781953125 0.8815789468749999 0.01691729375 0.889473684375 0.024436090625 0.889473684375 0.0507518796875 0.9105263156250001 0.08646616562500001 0.9078947375 0.09210526249999999 0.9052631578125 0.0977443609375 0.8973684203125 0.0977443609375 0.8921052625 0.103383459375 0.889473684375 0.1127819546875 0.8763157890625 0.116541353125 0.8657894734375 0.116541353125 0.8552631578125001 0.1203007515625 0.85 0.1203007515625 0.8078947375000001 0.11090225625000001 0.7947368421875
0 0.04699248125 0.6526315796875 0.0319548875 0.6631578953124999 0.0187969921875 0.681578946875 0.01503759375 0.6921052624999999 0.01503759375 0.7394736843749999 0.024436090625 0.7578947375 0.0357142859375 0.768421053125 0.05451127812499999 0.768421053125 0.0657894734375 0.7578947375 0.07706766875 0.7736842109375 0.0958646609375 0.77894736875 0.118421053125 0.8 0.131578946875 0.7973684203125 0.13721804531249998 0.7947368421875 0.15413533906250002 0.7605263156250001 0.17293233125000002 0.7394736843749999 0.17293233125000002 0.6973684203125 0.1522556390625 0.6631578953124999 0.1447368421875 0.6578947375 0.10714285781249999 0.6578947375 0.09210526249999999 0.668421053125 0.07706766875 0.6526315796875 0.04699248125 0.6526315796875
0 0.0676691734375 0.618421053125 0.0676691734375 0.639473684375 0.0808270671875 0.6526315796875 0.09210526249999999 0.6526315796875 0.0958646609375 0.6578947375 0.1146616546875 0.6578947375 0.118421053125 0.6526315796875 0.133458646875 0.6526315796875 0.13721804531249998 0.6578947375 0.15413533906250002 0.6552631578125 0.1616541359375 0.639473684375 0.1616541359375 0.6026315796875 0.1447368421875 0.57894736875 0.1296992484375 0.5736842109375 0.12593985000000002 0.568421053125 0.1146616546875 0.568421053125 0.11090225625000001 0.5736842109375 0.09962405937499999 0.5736842109375 0.09210526249999999 0.57894736875 0.0676691734375 0.618421053125
0 0.10902255624999999 0.55 0.118421053125 0.568421053125 0.14097744375000001 0.5736842109375 0.15977443593750001 0.5947368421875 0.165413534375 0.5921052625 0.1748120296875 0.5894736843749999 0.187969925 0.5710526312499999 0.1917293234375 0.560526315625 0.1917293234375 0.518421053125 0.17105263125 0.48947368437499994 0.13721804531249998 0.48947368437499994 0.1296992484375 0.49473684218749997 0.1127819546875 0.518421053125 0.10902255624999999 0.52894736875 0.10902255624999999 0.55
0 0.163533834375 0.41578947343749995 0.146616540625 0.4447368421875 0.146616540625 0.47105263124999996 0.15037594062499998 0.481578946875 0.163533834375 0.4842105265625 0.178571428125 0.49473684218749997 0.1898496234375 0.5105263156250001 0.20300751875 0.5078947375 0.20864661718750002 0.5052631578125 0.21804511249999997 0.4921052625 0.21804511249999997 0.481578946875 0.225563909375 0.4657894734375 0.22180451093750003 0.43421052656250003 0.20112782031249998 0.410526315625 0.186090225 0.410526315625 0.1823308265625 0.4052631578125 0.178571428125 0.410526315625 0.163533834375 0.41578947343749995
0 0.1917293234375 0.360526315625 0.1842105265625 0.37105263125 0.1842105265625 0.3921052625 0.1898496234375 0.4052631578125 0.20488721875000002 0.410526315625 0.2199248125 0.4263157890625 0.240601503125 0.42368421093749997 0.25187970000000004 0.41315789531249997 0.2556390984375 0.39736842031249997 0.2631578953125 0.3868421046875 0.2631578953125 0.3552631578125 0.259398496875 0.3447368421875 0.24248120312500002 0.32105263125 0.23496240625000003 0.3157894734375 0.2236842109375 0.3157894734375 0.195488721875 0.3447368421875 0.1917293234375 0.360526315625
0 0.2462406015625 0.2526315796875 0.2537593984375 0.2526315796875 0.257518796875 0.2473684203125 0.27255639062500003 0.2473684203125 0.2763157890625 0.2526315796875 0.2838345859375 0.2526315796875 0.2913533828125 0.2631578953125 0.29511278124999996 0.2631578953125 0.2988721796875 0.2736842109375 0.3007518796875 0.27105263125 0.312030075 0.25 0.312030075 0.21842105312500001 0.30827067656249996 0.2131578953125 0.30827067656249996 0.2026315796875 0.3026315796875 0.1947368421875 0.29511278124999996 0.189473684375 0.257518796875 0.189473684375 0.240601503125 0.2131578953125 0.2368421046875 0.2342105265625 0.2462406015625 0.2526315796875
0 0.2462406015625 0.2526315796875 0.2368421046875 0.26578947343750003 0.2368421046875 0.2763157890625 0.22932330781250002 0.2973684203125 0.22932330781250002 0.3131578953125 0.25 0.32631578906250003 0.26127819531249996 0.3421052625 0.27819548906249997 0.33947368437500003 0.289473684375 0.32894736875 0.3007518796875 0.2973684203125 0.3007518796875 0.28157894687499996 0.29699248125 0.27105263125 0.2838345859375 0.2526315796875 0.2763157890625 0.2526315796875 0.27255639062500003 0.2473684203125 0.257518796875 0.2473684203125 0.2537593984375 0.2526315796875 0.2462406015625 0.2526315796875
0 0.2706766921875 0.160526315625 0.2706766921875 0.181578946875 0.3026315796875 0.1947368421875 0.30827067656249996 0.2026315796875 0.312030075 0.21842105312500001 0.3157894734375 0.21842105312500001 0.32142857187499996 0.21578947343750002 0.334586465625 0.1973684203125 0.3383458640625 0.1868421046875 0.3383458640625 0.160526315625 0.32894736875 0.1421052625 0.313909775 0.1368421046875 0.3101503765625 0.131578946875 0.3026315796875 0.131578946875 0.2800751875 0.1473684203125 0.2706766921875 0.160526315625
0 0.3176691734375 0.1368421046875 0.3251879703125 0.1368421046875 0.336466165625 0.15263157968750002 0.3458646609375 0.15 0.351503759375 0.1473684203125 0.3571428578125 0.13421052656250002 0.36090225625 0.1026315796875 0.3477443609375 0.0842105265625 0.33270676718750003 0.07368421093750001 0.3176691734375 0.07894736875 0.312030075 0.0868421046875 0.30827067656249996 0.118421053125 0.304511278125 0.1236842109375 0.3176691734375 0.1368421046875
0 0.2481203 0.1026315796875 0.259398496875 0.13421052656250002 0.27255639062500003 0.1473684203125 0.27819548906249997 0.1447368421875 0.29511278124999996 0.1368421046875 0.304511278125 0.1236842109375 0.304511278125 0.1131578953125 0.30827067656249996 0.1078947375 0.30827067656249996 0.09210526249999999 0.304511278125 0.081578946875 0.287593984375 0.0631578953125 0.2800751875 0.0631578953125 0.26503759374999997 0.07368421093750001 0.2481203 0.1026315796875
0 0.1973684203125 0.1578947375 0.20864661718750002 0.1578947375 0.2199248125 0.1473684203125 0.227443609375 0.1473684203125 0.23120300781249997 0.15263157968750002 0.24248120312500002 0.15263157968750002 0.2537593984375 0.168421053125 0.2556390984375 0.1657894734375 0.259398496875 0.160526315625 0.259398496875 0.13421052656250002 0.2556390984375 0.1236842109375 0.24248120312500002 0.110526315625 0.23120300781249997 0.110526315625 0.2199248125 0.12105263125000001 0.20112782031249998 0.12631578906250002 0.1917293234375 0.13947368437500002 0.1917293234375 0.15 0.1973684203125 0.1578947375
0 0.2161654140625 0.23157894687499997 0.22932330781250002 0.22894736875000002 0.23496240625000003 0.2263157890625 0.2368421046875 0.21842105312500001 0.2556390984375 0.19210526249999998 0.2556390984375 0.1763157890625 0.24248120312500002 0.15263157968750002 0.2199248125 0.1473684203125 0.20488721875000002 0.1578947375 0.195488721875 0.17105263125 0.195488721875 0.2026315796875 0.2161654140625 0.23157894687499997
0 0.1973684203125 0.2631578953125 0.210526315625 0.260526315625 0.2142857140625 0.25526315781250003 0.2142857140625 0.22894736875000002 0.20112782031249998 0.210526315625 0.163533834375 0.210526315625 0.146616540625 0.239473684375 0.146616540625 0.25 0.1560150375 0.2631578953125 0.186090225 0.2631578953125 0.1898496234375 0.25789473749999997 0.1973684203125 0.2631578953125
0 0.0827067671875 0.2921052625 0.0827067671875 0.30789473749999996 0.08646616562500001 0.318421053125 0.09962405937499999 0.32631578906250003 0.10714285781249999 0.3368421046875 0.1127819546875 0.3342105265625 0.12593985000000002 0.32105263125 0.1428571421875 0.318421053125 0.1428571421875 0.3026315796875 0.15413533906250002 0.2763157890625 0.15413533906250002 0.26578947343750003 0.13721804531249998 0.2473684203125 0.11090225625000001 0.2473684203125 0.103383459375 0.2526315796875 0.0902255640625 0.27105263125 0.0827067671875 0.2921052625
0 0.1578947375 0.30789473749999996 0.1578947375 0.32894736875 0.178571428125 0.3578947375 0.1917293234375 0.3552631578125 0.1917293234375 0.35 0.20112782031249998 0.3368421046875 0.2161654140625 0.32631578906250003 0.225563909375 0.3131578953125 0.225563909375 0.2868421046875 0.22180451093750003 0.2763157890625 0.20864661718750002 0.2631578953125 0.178571428125 0.2631578953125 0.1691729328125 0.2763157890625 0.1578947375 0.30789473749999996