0 0.7665384609375 0.332394365625 0.745 0.3173708921875 0.7134615390625 0.30798122031249997 0.6680769234375 0.307042253125 0.6380769234375 0.31267605625 0.6119230765625 0.3248826296875 0.5826923078124999 0.3521126765625 0.56923076875 0.37323943593750003 0.5630769234375 0.3995305171875 0.5630769234375 0.41549295781250006 0.5715384609374999 0.43521126718750003 0.565384615625 0.46431924843749994 0.566153846875 0.48309859218750006 0.56923076875 0.48873239375 0.5534615390625001 0.5032863843750001 0.539615384375 0.5098591546875 0.5338461531250001 0.5187793421875 0.5338461531250001 0.5234741781250001 0.538846153125 0.528638496875 0.561153846875 0.532394365625 0.563846153125 0.5244131453125 0.5711538468749999 0.518309859375 0.581153846875 0.5173708921875 0.59076923125 0.5497652578125 0.5973076921875 0.5558685453125001 0.6380769234375 0.5718309859375 0.6426923078125 0.5718309859375 0.6434615390625 0.565258215625 0.6438461531249999 0.571361503125 0.661153846875 0.586854459375 0.683846153125 0.5882629109375 0.710384615625 0.5737089203125 0.778846153125 0.516431925 0.805384615625 0.47840375625 0.815384615625 0.42769953125000004 0.815384615625 0.4173708921875 0.8084615390625001 0.39859155 0.79576923125 0.3849765265625 0.7769230765625 0.37323943593750003 0.7769230765625 0.350704225 0.7665384609375 0.332394365625
0 0.5180769234375 0.2882629109375 0.49423076874999994 0.2976525828125 0.48269230781249994 0.2938967140625 0.468846153125 0.29483568125000004 0.41653846093749997 0.3230046953125 0.3934615390625 0.34178403749999997 0.37 0.371361503125 0.3584615390625 0.3957746484375 0.354615384375 0.41173708906249995 0.353846153125 0.44929577500000006 0.35923076875 0.46713614999999997 0.36576923125 0.4769953046875 0.38423076875 0.48075117343749996 0.3976923078125 0.490610328125 0.406153846875 0.5084507046875 0.4076923078125 0.53661971875 0.43499999999999994 0.547417840625 0.45346153906250003 0.569014084375 0.47615384687500006 0.5694835687500001 0.510384615625 0.543661971875 0.516153846875 0.534741784375 0.5253846156249999 0.49530516406249997 0.5415384609375 0.47464788750000003 0.56076923125 0.4089201875 0.5700000000000001 0.35446009375 0.5684615390625 0.3262910796875 0.55423076875 0.303286384375 0.53576923125 0.289201878125 0.5180769234375 0.2882629109375
0 0.3265384609375 0.27605633749999997 0.301153846875 0.26948356875 0.2665384609375 0.2704225359375 0.238846153125 0.283568075 0.20423076875 0.2938967140625 0.1734615390625 0.31173708906250003 0.154615384375 0.33286384999999996 0.145384615625 0.3657277 0.13 0.38262910781250004 0.12 0.4023474171875 0.11615384687500001 0.42206572812500004 0.1169230765625 0.4483568078125 0.1315384609375 0.5 0.168846153125 0.518309859375 0.1769230765625 0.545070421875 0.1880769234375 0.5605633796875 0.20423076875 0.547417840625 0.21192307656249998 0.5605633796875 0.22153846093750001 0.563849765625 0.23807692343750003 0.5446009390625 0.2773076921875 0.5117370890624999 0.33576923125 0.47981220625 0.35153846093749996 0.4568075125 0.354615384375 0.4042253515625 0.37076923125 0.36384976562500004 0.3523076921875 0.34037558749999997 0.3523076921875 0.315962440625 0.343846153125 0.29154929531249996 0.3265384609375 0.27605633749999997
0 0.1419230765625 0.34741784062500003 0.121153846875 0.34741784062500003 0.1169230765625 0.3441314546875 0.1169230765625 0.334741784375 0.12076923125000001 0.330985915625 0.1169230765625 0.3244131453125 0.1176923078125 0.317840375 0.12307692343750001 0.315962440625 0.12307692343750001 0.3244131453125 0.1269230765625 0.3281690140625 0.12769230781250002 0.34037558749999997 0.130384615625 0.34178403749999997 0.1330769234375 0.309389671875 0.139615384375 0.314553990625 0.1430769234375 0.3122065734375 0.1384615390625 0.301877934375 0.129615384375 0.2938967140625 0.1165384609375 0.28732394375000003 0.09576923125 0.2882629109375 0.058846153125 0.30140845 0 0.32910798125 0.0007692312500000001 0.5469483562499999 0.0434615390625 0.5192488265625 0.09576923125 0.5023474171875 0.1169230765625 0.47464788750000003 0.11923076875000001 0.46901408437500003 0.11538461562499999 0.4417840375 0.1176923078125 0.4079812203125 0.1269230765625 0.385446009375 0.145384615625 0.360093896875 0.146153846875 0.3535211265625 0.1419230765625 0.34741784062500003
0 0 0.7769953046875 0.015769231249999998 0.7802816906250001 0.03423076875 0.801877934375 0.048846153125 0.8075117374999999 0.0684615390625 0.8079812203125 0.10576923125 0.79624413125 0.1419230765625 0.76338028125 0.16230769218750002 0.7338028171875 0.163846153125 0.7 0.1784615390625 0.6849765265625 0.183846153125 0.6737089203125 0.186153846875 0.64553990625 0.19923076875 0.607042253125 0.2 0.5938967140625 0.1930769234375 0.574178403125 0.18076923125 0.5610328640625 0.1723076921875 0.545070421875 0.16923076875 0.5262910796875 0.161153846875 0.5173708921875 0.13884615312499998 0.5070422531250001 0.101153846875 0.50516431875 0.0719230765625 0.5098591546875 0.0319230765625 0.52769953125 0 0.5516431921875 0 0.7769953046875
0 0.40499999999999997 0.5408450703125001 0.40538461562499994 0.5122065734375 0.4015384609375 0.5 0.391153846875 0.48732394375 0.3726923078125 0.47981220625 0.34423076875 0.47981220625 0.3080769234375 0.49483568125 0.2780769234375 0.5136150234375 0.2326923078125 0.55305164375 0.22000000000000003 0.5694835687500001 0.20846153906249998 0.59859155 0.19923076875 0.61267605625 0.18923076875 0.6586854453125001 0.18846153906250002 0.680281690625 0.19076923125 0.6849765265625 0.1765384609375 0.6901408453125 0.16230769218750002 0.7140845078125 0.166153846875 0.73286385 0.17423076875000001 0.7427230046875 0.21730769218749998 0.7483568078125 0.23500000000000001 0.7746478875 0.24807692343749999 0.7849765265624999 0.26423076874999996 0.7877934265625 0.278846153125 0.7812206578125 0.29423076875 0.801877934375 0.31115384687500003 0.8093896718750001 0.32461538437500004 0.8098591546874999 0.349615384375 0.80375586875 0.365 0.794366196875 0.39846153906250004 0.75446009375 0.4384615390625 0.6746478875 0.44230769218750005 0.6464788734375 0.45384615312500004 0.6098591546875001 0.4523076921875 0.58732394375 0.445384615625 0.563849765625 0.4280769234375 0.5464788734375 0.40499999999999997 0.5408450703125001
0 0.5980769234375 0.5596244125000001 0.561153846875 0.53802816875 0.5473076921875 0.5352112671875 0.5280769234375 0.5370892015625001 0.5011538468750001 0.5521126765625 0.485 0.56713615 0.4669230765625 0.5901408453125 0.4576923078125 0.6089201875 0.445384615625 0.64553990625 0.44230769218750005 0.6699530515625 0.44846153906249997 0.73286385 0.45999999999999996 0.76197183125 0.47384615312499995 0.7845070421875 0.4873076921875 0.7990610328125001 0.5065384609375 0.8122065734374999 0.53576923125 0.8169014078125001 0.5465384609374999 0.8140845078125001 0.5573076921875 0.805633803125 0.5765384609375 0.8169014078125001 0.593846153125 0.818309859375 0.6196153843750001 0.8103286390625 0.6357692312500001 0.8009389671875 0.6553846156249999 0.777934271875 0.6669230765624999 0.752582159375 0.673846153125 0.715962440625 0.6723076921875 0.639906103125 0.66923076875 0.6211267609375 0.6576923078125 0.5920187796875 0.6365384609375 0.572769953125 0.5980769234375 0.5596244125000001
0 0.829615384375 0.5342723 0.8142307687500001 0.52018779375 0.7926923078125 0.516431925 0.77576923125 0.5230046953125 0.7519230765625 0.5427230046875 0.708846153125 0.5812206578125 0.6930769234375 0.6004694828125 0.6799999999999999 0.6342723 0.676153846875 0.6830985921875 0.68076923125 0.7300469484375001 0.6869230765625 0.7553990609375 0.694615384375 0.7760563375 0.710384615625 0.8 0.7373076921874999 0.819718309375 0.7680769234375 0.8187793421875 0.7880769234375 0.8338028171874999 0.8130769234375 0.8370892015625 0.8511538468750001 0.82910798125 0.8523076921875001 0.8201877937500001 0.8719230765624999 0.8046948359374999 0.89076923125 0.77981220625 0.9015384609374999 0.745070421875 0.903846153125 0.676525821875 0.8892307687500001 0.5938967140625 0.8692307687499999 0.5553990609375 0.8534615390625 0.5427230046875 0.829615384375 0.5342723
0 0.91923076875 0.2211267609375 0.91923076875 0.19483568125 0.914615384375 0.17230046875 0.9069230765625 0.1535211265625 0.900384615625 0.14553990625 0.8826923078125001 0.1342723 0.860384615625 0.13051643125 0.830384615625 0.13333333281249998 0.791153846875 0.15305164375 0.769615384375 0.17089201874999999 0.7553846156249999 0.1910798125 0.75076923125 0.20422535156250002 0.729615384375 0.219718309375 0.7130769234375001 0.24835680781249997 0.7115384609375 0.2737089203125 0.715384615625 0.30375586875 0.7480769234375 0.316431925 0.771153846875 0.33427229999999997 0.7776923078125 0.34882629062500004 0.78 0.371361503125 0.801153846875 0.38685445937499996 0.8150000000000001 0.4065727703125 0.8230769234374999 0.40704225312500003 0.8465384609375001 0.3737089203125 0.860384615625 0.3643192484375 0.8865384609375001 0.3539906109375 0.9219230765624999 0.351173709375 0.9330769234374999 0.33286384999999996 0.94076923125 0.3103286390625 0.9438461531250001 0.29154929531249996 0.9423076921875 0.2605633796875 0.9376923078124999 0.247417840625 0.91923076875 0.2211267609375
0 0.6519230765625 0.149295775 0.6080769234375001 0.14741784062500002 0.561153846875 0.1586854453125 0.539615384375 0.17089201874999999 0.5230769234375 0.189201878125 0.515384615625 0.20422535156250002 0.5107692312500001 0.225821596875 0.49384615312499996 0.2464788734375 0.4884615390625 0.26713615 0.49230769218750003 0.290610328125 0.500384615625 0.292957746875 0.5334615390625 0.2845070421875 0.54576923125 0.2901408453125 0.5623076921875 0.309389671875 0.56923076875 0.323474178125 0.5715384609374999 0.360093896875 0.573846153125 0.3610328640625 0.6119230765625 0.322065728125 0.6488461531249999 0.30798122031249997 0.7065384609375001 0.30516431875 0.71076923125 0.3 0.71076923125 0.247417840625 0.6930769234375 0.2230046953125 0.694615384375 0.19859155 0.68923076875 0.17981220625 0.668846153125 0.1568075125 0.6519230765625 0.149295775
0 0.5330769234375 0.17511737031250002 0.5330769234375 0.167605634375 0.5230769234375 0.14507042187500002 0.5065384609375 0.1248826296875 0.4965384609375 0.12112676093750001 0.45269230781249997 0.12018779375 0.3973076921875 0.125821596875 0.370384615625 0.13708920156249998 0.361153846875 0.14741784062500002 0.341153846875 0.1539906109375 0.32076923125 0.171361503125 0.3123076921875 0.189201878125 0.3115384609375 0.21173708906250002 0.31461538437500003 0.22676056406249998 0.32461538437500004 0.2446009390625 0.325384615625 0.2718309859375 0.3476923078125 0.2934272296875 0.3530769234375 0.31126760625 0.3530769234375 0.3356807515625 0.361153846875 0.34366197187499997 0.368846153125 0.3446009390625 0.37769230781249996 0.35446009375 0.398846153125 0.33427229999999997 0.42576923125 0.3154929578125 0.46038461562500005 0.296713615625 0.4884615390625 0.290610328125 0.48769230781250006 0.2605633796875 0.49000000000000005 0.2521126765625 0.495384615625 0.24084507031250002 0.50923076875 0.2248826296875 0.516153846875 0.19953051718749998 0.5330769234375 0.17511737031250002
0 0.30923076875 0.247417840625 0.31384615312499997 0.23333333281250002 0.31 0.21173708906250002 0.31 0.192957746875 0.31384615312499997 0.1769953046875 0.27 0.11408450781249999 0.24961538437500003 0.092957746875 0.2319230765625 0.08544600937499999 0.21423076874999997 0.0845070421875 0.155 0.1023474171875 0.120384615625 0.1230046953125 0.11076923125 0.1338028171875 0.1015384609375 0.1516431921875 0.095384615625 0.177934271875 0.0815384609375 0.21267605625 0.08 0.23521126718750002 0.083846153125 0.2568075125 0.099615384375 0.28544600937500003 0.120384615625 0.28732394375000003 0.1373076921875 0.29859155 0.148846153125 0.31267605625 0.1630769234375 0.31408450781249997 0.168846153125 0.31361502343750003 0.19576923125 0.2957746484375 0.23576923125000002 0.2807511734375 0.24230769218749998 0.2737089203125 0.24346153906249998 0.267605634375 0.24384615312500002 0.2737089203125 0.24807692343749999 0.27605633749999997 0.2673076921875 0.26854460156250004 0.298846153125 0.2666666671875 0.30923076875 0.247417840625
0 0.045 0.10046948281250001 0.0119230765625 0.0995305171875 0 0.10375586875000001 0.0007692312500000001 0.21924882656250003 0.03423076875 0.186854459375 0.0626923078125 0.17183098593749999 0.078846153125 0.1746478875 0.0815384609375 0.171361503125 0.0869230765625 0.1582159625 0.08769230781250001 0.1431924875 0.083846153125 0.1300469484375 0.075 0.1173708921875 0.0665384609375 0.1098591546875 0.045 0.10046948281250001
0 0.09730769218749999 0 0.08538461562500001 0.024882629687499998 0.0823076921875 0.041784037499999996 0.06999999999999999 0.0558685453125 0.06769230781249999 0.06713615 0.07076923125 0.0793427234375 0.083846153125 0.0915492953125 0.083846153125 0.10187793437499999 0.0915384609375 0.1206572765625 0.101153846875 0.132394365625 0.1084615390625 0.1338028171875 0.125 0.1173708921875 0.149615384375 0.1023474171875 0.215 0.08356807499999999 0.23961538437500002 0.08638497656250001 0.2634615390625 0.10046948281250001 0.27999999999999997 0.07558685468750001 0.284615384375 0.060563379687499995 0.2876923078125 0.0267605640625 0.2815384609375 0.0023474171875 0.09730769218749999 0
0 0.30961538437499997 0.001877934375 0.30307692343750003 0.0154929578125 0.3015384609375 0.0342723 0.29076923125 0.056807512500000004 0.28923076875 0.076525821875 0.295384615625 0.10093896718749999 0.3123076921875 0.13661971875 0.32423076875 0.1521126765625 0.333846153125 0.156338028125 0.34576923125 0.149295775 0.35730769218749997 0.14741784062500002 0.36961538437499997 0.136150234375 0.388846153125 0.1267605640625 0.461153846875 0.11643192499999999 0.4723076921875 0.0934272296875 0.47076923125 0.057746478125 0.49230769218750003 0.02018779375 0.494615384375 0.00046948281249999997 0.30961538437499997 0.001877934375
0 0.5126923078125001 0 0.4969230765625 0.0154929578125 0.4815384609375 0.039906103124999995 0.47615384687500006 0.0521126765625 0.47615384687500006 0.07370892031250001 0.48230769218749997 0.0971830984375 0.4926923078125 0.0995305171875 0.4980769234375 0.09483568125 0.50923076875 0.09624413125 0.48269230781249994 0.103286384375 0.47384615312499995 0.1169014078125 0.49576923125 0.1192488265625 0.51423076875 0.12769953125 0.5349999999999999 0.16338028124999998 0.546153846875 0.1647887328125 0.5819230765625 0.1502347421875 0.6365384609375 0.14553990625 0.6523076921875 0.11971830937500001 0.663846153125 0.08873239375 0.6630769234375 0.0502347421875 0.6576923078125 0.036150234375 0.644615384375 0.023943662499999997 0.6380769234375 0 0.5126923078125001 0
0 0.6896153843749999 0.005633803125 0.6730769234375 0.02769953125 0.664615384375 0.0502347421875 0.6669230765624999 0.0812206578125 0.6615384609375 0.105633803125 0.6615384609375 0.1225352109375 0.6653846156250001 0.138497653125 0.675384615625 0.1591549296875 0.6919230765625 0.17746478906250002 0.7257692312499999 0.198122065625 0.73423076875 0.198122065625 0.7423076921875 0.20422535156250002 0.7515384609375 0.1976525828125 0.7576923078125 0.183568075 0.77576923125 0.1624413140625 0.7973076921875 0.14741784062500002 0.8469230765625 0.127230046875 0.854615384375 0.058685445312499994 0.8469230765625 0.024882629687499998 0.8334615390625 0.0009389671875 0.6980769234374999 0 0.6896153843749999 0.005633803125
0 0.855384615625 0.1244131453125 0.861153846875 0.128638496875 0.88576923125 0.13333333281249998 0.900384615625 0.14272300468750002 0.914615384375 0.1666666671875 0.9215384609375 0.21267605625 0.9273076921875001 0.2187793421875 0.9438461531250001 0.21924882656250003 0.9550000000000001 0.2169014078125 0.960384615625 0.2009389671875 0.97423076875 0.198122065625 1 0.17511737031250002 0.999615384375 0 0.8980769234375 0.001877934375 0.8830769234375 0.019248826562499998 0.854615384375 0.0793427234375 0.8530769234375001 0.11126760625000001 0.855384615625 0.1244131453125