0 0.45999999999999996 0.5245901640625 0.45272727343749997 0.5245901640625 0.430909090625 0.5464480875 0.40727272656249996 0.5819672125 0.3963636359375 0.6147540984375001 0.3963636359375 0.6639344265625 0.4 0.6693989078125 0.4 0.68032786875 0.41272727343750004 0.6994535515625 0.4272727265625 0.7103825140625 0.44000000000000006 0.7076502734375001 0.46363636406250003 0.6612021859375 0.5072727265625 0.6502732234375 0.5163636359375 0.636612021875 0.5163636359375 0.625683059375 0.5236363640625 0.6038251359375 0.5236363640625 0.5655737703125 0.5127272734375 0.5327868859375 0.4963636359375 0.5136612015625001 0.470909090625 0.5136612015625001 0.45999999999999996 0.5245901640625
0 0.27999999999999997 0.5 0.2763636359375 0.5163934421875 0.2763636359375 0.5327868859375 0.27999999999999997 0.538251365625 0.27999999999999997 0.592896175 0.2872727265625 0.6147540984375001 0.30727272656250004 0.64480874375 0.3545454546875 0.6393442625 0.3654545453125 0.64480874375 0.3727272734375 0.6557377046874999 0.3854545453125 0.6530054640625 0.39272727343749997 0.642076503125 0.39272727343749997 0.625683059375 0.4036363640625 0.592896175 0.4 0.543715846875 0.389090909375 0.5109289625 0.3727272734375 0.4808743171875 0.33999999999999997 0.45355191250000004 0.31818181874999996 0.45355191250000004 0.30727272656250004 0.45901639375 0.27999999999999997 0.5
0 0.4872727265625 0.3852459015625 0.4672727265625 0.3606557375 0.45999999999999996 0.3606557375 0.45636363593749996 0.35519125625000003 0.409090909375 0.3606557375 0.3945454546875 0.3715847 0.38181818125 0.3907103828125 0.370909090625 0.41803278749999995 0.370909090625 0.4344262296875 0.3672727265625 0.4398907109375 0.3672727265625 0.4672131140625 0.370909090625 0.47814207656249996 0.38181818125 0.4890710375 0.4 0.543715846875 0.409090909375 0.5573770484375 0.42181818125000003 0.5546448093749999 0.4454545453125 0.5300546453125 0.4745454546875 0.508196721875 0.48181818125 0.508196721875 0.4872727265625 0.5 0.4836363640625 0.4890710375 0.4836363640625 0.461748634375 0.48 0.45628415312500004 0.48 0.4234972671875 0.4872727265625 0.40163934375 0.4872727265625 0.3852459015625
0 0.22000000000000003 0.3497267765625 0.2036363640625 0.374316940625 0.1963636359375 0.3961748640625 0.1927272734375 0.4344262296875 0.2 0.461748634375 0.2054545453125 0.4699453546875 0.24545454531250002 0.47540983593749997 0.2672727265625 0.502732240625 0.2763636359375 0.5 0.27999999999999997 0.4890710375 0.29454545468750004 0.47267759531250003 0.29636363593750004 0.464480875 0.30727272656250004 0.45901639375 0.3127272734375 0.450819671875 0.3127272734375 0.3961748640625 0.28545454531250003 0.3497267765625 0.2636363640625 0.3333333328125 0.24181818124999999 0.3333333328125 0.22000000000000003 0.3497267765625
0 0.3472727265625 0.2513661203125 0.32181818125 0.2513661203125 0.310909090625 0.26229508125 0.3036363640625 0.26229508125 0.2763636359375 0.2978142078125 0.269090909375 0.31967213125 0.269090909375 0.3360655734375 0.28545454531250003 0.34426229531249997 0.29454545468750004 0.35792349687499997 0.30181818125 0.3797814203125 0.3127272734375 0.3907103828125 0.3127272734375 0.40163934375 0.3163636359375 0.407103825 0.3163636359375 0.44535519062500006 0.34181818124999996 0.44535519062500006 0.350909090625 0.4426229515625 0.3672727265625 0.41803278749999995 0.38181818125 0.374316940625 0.38181818125 0.3032786890625 0.37818181875 0.2978142078125 0.37818181875 0.27595628437499997 0.3654545453125 0.2513661203125 0.3545454546875 0.2513661203125 0.350909090625 0.25683060156250004 0.3472727265625 0.2513661203125
0 0.3745454546875 0.2595628421875 0.38181818125 0.28688524531250004 0.3854545453125 0.35792349687499997 0.390909090625 0.36612021875 0.40181818125 0.36612021875 0.40545454531249997 0.3606557375 0.44181818125000005 0.3497267765625 0.4454545453125 0.35519125625000003 0.46363636406250003 0.35519125625000003 0.48181818125 0.3715847 0.4872727265625 0.368852459375 0.509090909375 0.31420765 0.509090909375 0.2486338796875 0.49818181875 0.21038251406250003 0.47818181875 0.18032786875 0.4672727265625 0.1748633875 0.449090909375 0.15300546406249999 0.44181818125000005 0.16393442656249999 0.409090909375 0.18579235 0.37818181875 0.2322404375 0.3745454546875 0.2595628421875
0 0.3145454546875 0.08743169375 0.29818181875 0.1120218578125 0.29818181875 0.13387978125 0.29454545468750004 0.1393442625 0.29454545468750004 0.1994535515625 0.290909090625 0.20491803281249998 0.290909090625 0.2158469953125 0.28363636406250003 0.22677595625000002 0.27999999999999997 0.2540983609375 0.28545454531250003 0.26229508125 0.3054545453125 0.2595628421875 0.32181818125 0.2459016390625 0.3727272734375 0.2459016390625 0.37818181875 0.22677595625000002 0.39272727343749997 0.20491803281249998 0.4036363640625 0.1612021859375 0.4036363640625 0.1120218578125 0.3836363640625 0.0765027328125 0.369090909375 0.0655737703125 0.3363636359375 0.0710382515625 0.3145454546875 0.08743169375
0 0.20909090937500002 0.1584699453125 0.1727272734375 0.15300546406249999 0.149090909375 0.183060109375 0.13818181875 0.21038251406250003 0.1345454546875 0.2486338796875 0.1272727265625 0.27595628437499997 0.1272727265625 0.3306010921875 0.1545454546875 0.3934426234375 0.169090909375 0.40437158437500004 0.189090909375 0.40163934375 0.22000000000000003 0.34426229531249997 0.2272727265625 0.34426229531249997 0.24363636406250003 0.3306010921875 0.250909090625 0.3032786890625 0.250909090625 0.27595628437499997 0.24 0.2431693984375 0.23272727343750002 0.17759562812500002 0.2163636359375 0.1584699453125 0.2127272734375 0.16393442656249999 0.20909090937500002 0.1584699453125
0 0 0.352459015625 0.0272727265625 0.35519125625000003 0.049090909375000005 0.3715847 0.06 0.38797814218750004 0.07272727343749999 0.3852459015625 0.08545454531249999 0.3770491796875 0.10545454531250001 0.3469945359375 0.130909090625 0.265027321875 0.130909090625 0.21038251406250003 0.1236363640625 0.188524590625 0.11454545468749999 0.1748633875 0.0963636359375 0.16393442656249999 0.09272727343750001 0.1693989078125 0.089090909375 0.16393442656249999 0.08545454531249999 0.1693989078125 0.0236363640625 0.1748633875 0 0.1994535515625 0 0.352459015625
0 0.1454545453125 0.0245901640625 0.14181818125 0.0191256828125 0.14181818125 0.002732240625 0.0018181812499999997 0 0 0.183060109375 0.0072727265625 0.183060109375 0.0272727265625 0.1693989078125 0.0454545453125 0.1693989078125 0.06 0.1584699453125 0.0963636359375 0.1584699453125 0.11090909062500001 0.1693989078125 0.12181818124999999 0.1693989078125 0.14181818125 0.1229508203125 0.14181818125 0.101092896875 0.1454545453125 0.09562841562499999 0.1454545453125 0.0245901640625
0 0.14181818125 0.1393442625 0.1454545453125 0.14480874375 0.1454545453125 0.15573770468749998 0.1545454546875 0.1693989078125 0.1563636359375 0.1666666671875 0.169090909375 0.15300546406249999 0.2163636359375 0.15300546406249999 0.2254545453125 0.1393442625 0.22909090937499998 0.11748633906249999 0.23272727343750002 0.1120218578125 0.23090909062499998 0 0.1454545453125 0.002732240625 0.1454545453125 0.11748633906249999 0.14181818125 0.1229508203125 0.14181818125 0.1393442625
0 0.0236363640625 0.3606557375 0.02 0.35519125625000003 0.0018181812499999997 0.35519125625000003 0 0.5327868859375 0.018181818750000002 0.5327868859375 0.030909090625000003 0.5300546453125 0.03818181875 0.5191256828124999 0.04181818125 0.5191256828124999 0.069090909375 0.47814207656249996 0.0763636359375 0.45628415312500004 0.0763636359375 0.4289617484375 0.069090909375 0.407103825 0.0454545453125 0.3715847 0.030909090625000003 0.3606557375 0.0236363640625 0.3606557375
0 0 0.7240437156249999 0.009090909375000001 0.73770491875 0.016363635937500003 0.7431693984375001 0.02181818125 0.7404371578125 0.0527272734375 0.7049180328125 0.070909090625 0.7049180328125 0.0745454546875 0.6994535515625 0.09272727343750001 0.7049180328125 0.09818181875000001 0.6967213109375 0.09818181875000001 0.6584699453125 0.10545454531250001 0.636612021875 0.10545454531250001 0.6092896171875 0.0872727265625 0.5655737703125 0.070909090625 0.5464480875 0.0454545453125 0.5300546453125 0.030909090625000003 0.5300546453125 0.016363635937500003 0.54098360625 0.0054545453125 0.54098360625 0 0.5491803281250001 0 0.7240437156249999
0 0.10909090937499999 0.538251365625 0.10181818125 0.5874316937499999 0.11090909062500001 0.6120218578125 0.16181818125 0.6120218578125 0.17636363593749999 0.6229508203125 0.1836363640625 0.6174863390625001 0.20909090937500002 0.6174863390625001 0.24181818124999999 0.6666666671875 0.250909090625 0.6639344265625 0.2763636359375 0.5819672125 0.2763636359375 0.538251365625 0.2654545453125 0.50546448125 0.249090909375 0.4808743171875 0.23818181875 0.47540983593749997 0.1872727265625 0.47540983593749997 0.1727272734375 0.4808743171875 0.16181818125 0.491803278125 0.1363636359375 0.502732240625 0.10909090937499999 0.538251365625
0 0.0145454546875 0.76229508125 0.0072727265625 0.7950819671875 0.0072727265625 0.8278688531249999 0.02181818125 0.8770491796875 0.03818181875 0.8961748640625 0.049090909375000005 0.90163934375 0.08 0.8989071031250001 0.09272727343750001 0.8961748640625 0.1272727265625 0.8606557374999999 0.13818181875 0.8387978140625 0.1454545453125 0.811475409375 0.1454545453125 0.7677595625 0.12181818124999999 0.72677595625 0.0963636359375 0.7049180328125 0.0563636359375 0.7049180328125 0.03818181875 0.721311475 0.0145454546875 0.76229508125
0 0.13818181875 0.8387978140625 0.13818181875 0.8715847 0.150909090625 0.8961748640625 0.16545454531249998 0.8907103828125 0.169090909375 0.8852459015624999 0.18 0.8852459015624999 0.1836363640625 0.8797814203125001 0.22000000000000003 0.8852459015624999 0.2272727265625 0.8961748640625 0.2363636359375 0.8934426234374999 0.250909090625 0.8661202187500001 0.250909090625 0.8005464484375 0.23454545468750002 0.7595628421875 0.22000000000000003 0.7486338796875 0.190909090625 0.7486338796875 0.1872727265625 0.7540983609375 0.1727272734375 0.7595628421875 0.149090909375 0.7896174859375 0.1454545453125 0.822404371875 0.13818181875 0.8387978140625
0 0.270909090625 1 0.27272727343750003 0.9808743171875 0.26181818125 0.9426229515625 0.250909090625 0.9207650265625 0.2236363640625 0.8907103828125 0.2127272734375 0.8852459015624999 0.1727272734375 0.8852459015624999 0.1436363640625 0.9071038250000001 0.1272727265625 0.9316939890624999 0.10545454531250001 0.991803278125 0.1072727265625 1 0.17090909062499998 1 0.270909090625 1
0 0.269090909375 0.9426229515625 0.269090909375 0.9644808749999999 0.27818181875 1 0.450909090625 0.9972677593749999 0.450909090625 0.95901639375 0.44000000000000006 0.9207650265625 0.42000000000000004 0.8907103828125 0.40545454531249997 0.8797814203125001 0.3763636359375 0.8743169406250001 0.3654545453125 0.863387978125 0.32909090937499996 0.863387978125 0.310909090625 0.8743169406250001 0.2763636359375 0.9207650265625 0.269090909375 0.9426229515625
0 0.450909090625 0.7568306015624999 0.430909090625 0.72677595625 0.41636363593750003 0.721311475 0.41272727343750004 0.7158469953125 0.3945454546875 0.7158469953125 0.390909090625 0.721311475 0.3836363640625 0.721311475 0.3527272734375 0.76229508125 0.349090909375 0.77322404375 0.349090909375 0.816939890625 0.3527272734375 0.822404371875 0.3527272734375 0.8333333328125001 0.369090909375 0.863387978125 0.3836363640625 0.8743169406250001 0.40181818125 0.8743169406250001 0.40545454531249997 0.8797814203125001 0.410909090625 0.8770491796875 0.4236363640625 0.8743169406250001 0.43636363593749994 0.8606557374999999 0.44000000000000006 0.8442622953125 0.450909090625 0.8278688531249999 0.450909090625 0.816939890625 0.45454545468749996 0.811475409375 0.45818181874999997 0.7896174859375 0.45454545468749996 0.7841530046875 0.45454545468749996 0.7677595625 0.450909090625 0.7568306015624999
0 0.350909090625 0.6393442625 0.3363636359375 0.6393442625 0.3327272734375 0.64480874375 0.31818181874999996 0.64480874375 0.310909090625 0.6502732234375 0.2872727265625 0.68579235 0.2872727265625 0.6967213109375 0.27999999999999997 0.718579234375 0.27999999999999997 0.7568306015624999 0.2872727265625 0.778688525 0.29636363593750004 0.7923497265624999 0.3327272734375 0.81420765 0.3454545453125 0.811475409375 0.349090909375 0.8060109296875 0.349090909375 0.77322404375 0.3527272734375 0.7677595625 0.3527272734375 0.7568306015624999 0.38 0.721311475 0.3945454546875 0.7158469953125 0.3963636359375 0.7021857921875 0.389090909375 0.68032786875 0.3727272734375 0.6557377046874999 0.350909090625 0.6393442625
0 0.51818181875 0.6557377046874999 0.5145454546875 0.6502732234375 0.47818181875 0.6557377046874999 0.4745454546875 0.6612021859375 0.45999999999999996 0.6666666671875 0.4436363640625 0.7021857921875 0.4436363640625 0.7131147546875 0.44000000000000006 0.718579234375 0.44000000000000006 0.734972678125 0.45454545468749996 0.76229508125 0.45454545468749996 0.77322404375 0.45818181874999997 0.778688525 0.45818181874999997 0.8005464484375 0.45999999999999996 0.8032786890624999 0.4745454546875 0.7923497265624999 0.5 0.7923497265624999 0.52181818125 0.81420765 0.529090909375 0.8196721312499999 0.530909090625 0.816939890625 0.5454545453125 0.7896174859375 0.5454545453125 0.778688525 0.5527272734374999 0.76229508125 0.5527272734374999 0.734972678125 0.5563636359374999 0.729508196875 0.5563636359374999 0.718579234375 0.5527272734374999 0.7131147546875 0.5527272734374999 0.69125683125 0.5327272734374999 0.6612021859375 0.51818181875 0.6557377046874999
0 0.5327272734374999 0.6612021859375 0.5145454546875 0.6502732234375 0.5 0.6502732234375 0.46363636406250003 0.6666666671875 0.4436363640625 0.7076502734375001 0.44000000000000006 0.734972678125 0.45454545468749996 0.76229508125 0.45818181874999997 0.811475409375 0.43636363593749994 0.8661202187500001 0.43636363593749994 0.904371584375 0.4472727265625 0.9316939890624999 0.45999999999999996 0.9453551906250001 0.5072727265625 0.9562841531249999 0.51818181875 0.9672131140625 0.530909090625 0.9644808749999999 0.5654545453125001 0.9289617484375 0.5709090906250001 0.9153005468750001 0.5672727265625 0.8770491796875 0.5472727265625 0.857923496875 0.530909090625 0.8278688531249999 0.530909090625 0.816939890625 0.549090909375 0.77322404375 0.5563636359374999 0.718579234375 0.549090909375 0.68579235 0.5327272734374999 0.6612021859375
0 0.5836363640625 0.6393442625 0.55818181875 0.6557377046874999 0.5527272734374999 0.6693989078125 0.5527272734374999 0.69125683125 0.5563636359374999 0.6967213109375 0.5563636359374999 0.7513661203125 0.5527272734374999 0.7568306015624999 0.549090909375 0.7896174859375 0.5763636359375 0.8360655734375 0.5945454546875 0.8469945359375 0.6036363640625 0.8442622953125 0.6236363640625 0.8306010921875 0.6363636359375 0.811475409375 0.6545454546875 0.7459016390625 0.6545454546875 0.718579234375 0.6436363640625 0.6967213109375 0.64 0.6748633875000001 0.6272727265625 0.6557377046874999 0.62 0.6557377046874999 0.59818181875 0.6393442625 0.5836363640625 0.6393442625
0 0.670909090625 0.5683060109375 0.6436363640625 0.6092896171875 0.64 0.6202185796874999 0.64 0.6748633875000001 0.6563636359375 0.7049180328125 0.6672727265625 0.7103825140625 0.6781818187499999 0.72677595625 0.709090909375 0.7240437156249999 0.7363636359375 0.6994535515625 0.7454545453125 0.68579235 0.749090909375 0.647540984375 0.73818181875 0.6092896171875 0.7254545453125 0.584699453125 0.7072727265625 0.5683060109375 0.6890909093750001 0.5683060109375 0.6854545453124999 0.5628415296875 0.6781818187499999 0.5628415296875 0.670909090625 0.5683060109375
0 0.5836363640625 0.5300546453125 0.5690909093750001 0.5300546453125 0.5654545453125001 0.535519125 0.54 0.54098360625 0.5236363640625 0.5601092890625 0.5236363640625 0.5765027328125 0.5272727265625 0.5819672125 0.5236363640625 0.5874316937499999 0.5236363640625 0.6092896171875 0.5272727265625 0.6147540984375001 0.5272727265625 0.625683059375 0.5472727265625 0.64480874375 0.5709090906250001 0.642076503125 0.58 0.6393442625 0.5872727265625 0.6284153 0.5909090906250001 0.6284153 0.6 0.6147540984375001 0.6 0.6038251359375 0.6036363640625 0.59836065625 0.6036363640625 0.5874316937499999 0.6 0.5819672125 0.6 0.5601092890625 0.5836363640625 0.5300546453125
0 0.64181818125 0.4426229515625 0.63818181875 0.43715847031250005 0.6272727265625 0.43715847031250005 0.6236363640625 0.4426229515625 0.6127272734375 0.4426229515625 0.6 0.461748634375 0.6 0.47267759531250003 0.5927272734375 0.4890710375 0.5927272734375 0.5218579234375 0.6072727265625 0.5655737703125 0.6127272734375 0.5737704921875 0.6163636359375 0.5737704921875 0.6236363640625 0.584699453125 0.6345454546875 0.584699453125 0.63818181875 0.590163934375 0.6436363640625 0.5874316937499999 0.6527272734375 0.584699453125 0.6599999999999999 0.5737704921875 0.6636363640625 0.5737704921875 0.6799999999999999 0.5491803281250001 0.6872727265624999 0.5273224046875 0.6872727265624999 0.50546448125 0.6727272734375 0.4672131140625 0.6636363640625 0.45355191250000004 0.649090909375 0.4426229515625 0.64181818125 0.4426229515625
0 0.529090909375 0.3606557375 0.5036363640625 0.3770491796875 0.49090909062500004 0.3961748640625 0.4836363640625 0.41803278749999995 0.4836363640625 0.4672131140625 0.4945454546875 0.5 0.510909090625 0.5245901640625 0.51818181875 0.5245901640625 0.52181818125 0.5300546453125 0.5363636359374999 0.5300546453125 0.54 0.535519125 0.5454545453125 0.5327868859375 0.5690909093750001 0.5245901640625 0.5890909093750001 0.49453551874999996 0.5963636359375 0.47267759531250003 0.6 0.44535519062500006 0.5963636359375 0.4398907109375 0.5927272734375 0.407103825 0.5727272734375 0.3770491796875 0.5654545453125001 0.3770491796875 0.5436363640625 0.3606557375 0.529090909375 0.3606557375
0 0.6127272734375 0.31147540937499996 0.609090909375 0.316939890625 0.59818181875 0.316939890625 0.5909090906250001 0.322404371875 0.57818181875 0.34153005468750003 0.5745454546875 0.352459015625 0.5745454546875 0.368852459375 0.5927272734375 0.40163934375 0.6 0.4234972671875 0.6 0.4344262296875 0.6054545453125 0.4426229515625 0.61818181875 0.4398907109375 0.6563636359375 0.43715847031250005 0.669090909375 0.407103825 0.669090909375 0.3797814203125 0.6581818187499999 0.3469945359375 0.6581818187499999 0.3360655734375 0.649090909375 0.322404371875 0.64181818125 0.316939890625 0.6236363640625 0.316939890625 0.62 0.31147540937499996 0.6127272734375 0.31147540937499996
0 0.6781818187499999 0.3825136609375 0.669090909375 0.41256830625 0.669090909375 0.450819671875 0.6727272734375 0.45628415312500004 0.6727272734375 0.4672131140625 0.6963636359375001 0.508196721875 0.7036363640625 0.508196721875 0.7072727265625 0.5136612015625001 0.730909090625 0.5109289625 0.74181818125 0.49453551874999996 0.7527272734375 0.461748634375 0.7527272734375 0.450819671875 0.7563636359375 0.44535519062500006 0.7563636359375 0.4344262296875 0.749090909375 0.41256830625 0.7363636359375 0.3934426234375 0.7145454546875001 0.3770491796875 0.6854545453124999 0.3770491796875 0.6781818187499999 0.3825136609375
0 0.6618181812499999 0.34153005468750003 0.6818181812499999 0.3715847 0.6890909093750001 0.3770491796875 0.7127272734375001 0.374316940625 0.7254545453125 0.36612021875 0.73818181875 0.34153005468750003 0.73818181875 0.2923497265625 0.71818181875 0.2677595625 0.710909090625 0.2677595625 0.7072727265625 0.26229508125 0.6854545453124999 0.26229508125 0.6781818187499999 0.2677595625 0.6618181812499999 0.2978142078125 0.6618181812499999 0.34153005468750003
0 0.7654545453125 0.16393442656249999 0.750909090625 0.16393442656249999 0.7472727265625 0.1693989078125 0.7363636359375 0.1693989078125 0.729090909375 0.1748633875 0.7127272734375001 0.1994535515625 0.7127272734375001 0.20491803281249998 0.70181818125 0.22677595625000002 0.70181818125 0.2595628421875 0.7145454546875001 0.26229508125 0.729090909375 0.278688525 0.7327272734375 0.278688525 0.73818181875 0.28688524531250004 0.7436363640625 0.31147540937499996 0.7527272734375 0.30874316875 0.790909090625 0.3060109296875 0.8036363640624999 0.28688524531250004 0.8109090906249999 0.265027321875 0.8109090906249999 0.2486338796875 0.8145454546875 0.2431693984375 0.8145454546875 0.21038251406250003 0.790909090625 0.18032786875 0.7763636359375 0.1693989078125 0.769090909375 0.1693989078125 0.7654545453125 0.16393442656249999
0 0.7963636359375 0.084699453125 0.7963636359375 0.0792349734375 0.78 0.054644809375000006 0.7727272734375 0.049180328125 0.76181818125 0.049180328125 0.75818181875 0.043715846875 0.7436363640625 0.043715846875 0.71818181875 0.0655737703125 0.7163636359375001 0.07377049218750001 0.70181818125 0.09562841562499999 0.70181818125 0.1666666671875 0.710909090625 0.1748633875 0.730909090625 0.172131146875 0.74 0.1693989078125 0.7436363640625 0.16393442656249999 0.769090909375 0.16393442656249999 0.7727272734375 0.1693989078125 0.7872727265624999 0.1693989078125 0.8036363640624999 0.1502732234375 0.8036363640624999 0.1393442625 0.8072727265624999 0.13387978125 0.8072727265624999 0.1065573765625 0.7963636359375 0.084699453125
0 0.7872727265624999 0 0.7745454546875 0.0245901640625 0.7745454546875 0.0464480875 0.78 0.049180328125 0.7963636359375 0.07377049218750001 0.7963636359375 0.0792349734375 0.809090909375 0.092896175 0.8363636359375001 0.090163934375 0.8527272734375 0.08743169375 0.86181818125 0.0683060109375 0.86181818125 0.05191256875 0.8654545453125 0.04098360625 0.86181818125 0.035519125 0.85818181875 0.008196721875 0.8527272734375 0 0.82 0 0.8163636359374999 0.00546448125 0.8127272734375 0 0.7872727265624999 0
0 0.76181818125 0.3060109296875 0.74181818125 0.3306010921875 0.7345454546875 0.352459015625 0.7345454546875 0.368852459375 0.730909090625 0.374316940625 0.7345454546875 0.3852459015625 0.749090909375 0.407103825 0.75818181875 0.43715847031250005 0.769090909375 0.43715847031250005 0.7727272734375 0.4426229515625 0.7836363640624999 0.4426229515625 0.7872727265624999 0.44808743125 0.8036363640624999 0.44535519062500006 0.8127272734375 0.4426229515625 0.82181818125 0.4289617484375 0.8327272734375001 0.3961748640625 0.8327272734375001 0.35792349687499997 0.82181818125 0.3360655734375 0.82181818125 0.3306010921875 0.809090909375 0.31147540937499996 0.80181818125 0.31147540937499996 0.79818181875 0.3060109296875 0.76181818125 0.3060109296875
0 0.8127272734375 0.45355191250000004 0.79818181875 0.464480875 0.790909090625 0.4808743171875 0.7836363640624999 0.4808743171875 0.7745454546875 0.4890710375 0.7745454546875 0.50546448125 0.770909090625 0.5109289625 0.770909090625 0.538251365625 0.7745454546875 0.543715846875 0.77818181875 0.5655737703125 0.790909090625 0.584699453125 0.79818181875 0.590163934375 0.8127272734375 0.590163934375 0.8163636359374999 0.595628415625 0.8436363640625 0.592896175 0.85818181875 0.5710382515625 0.86181818125 0.5546448093749999 0.8690909093749999 0.543715846875 0.8690909093749999 0.4890710375 0.86181818125 0.47814207656249996 0.86181818125 0.47267759531250003 0.8418181812500001 0.44808743125 0.8345454546875001 0.4426229515625 0.82 0.4426229515625 0.8127272734375 0.45355191250000004
0 0.8818181812500001 0.5300546453125 0.86181818125 0.5601092890625 0.85818181875 0.5765027328125 0.850909090625 0.5874316937499999 0.850909090625 0.59836065625 0.8472727265625 0.6038251359375 0.8472727265625 0.642076503125 0.86181818125 0.6693989078125 0.86181818125 0.68032786875 0.8672727265625 0.6885245906249999 0.8945454546875 0.68579235 0.9 0.6830601093750001 0.9036363640625 0.672131146875 0.9254545453125 0.6666666671875 0.9345454546875 0.6530054640625 0.9345454546875 0.631147540625 0.9381818187500001 0.625683059375 0.9381818187500001 0.5765027328125 0.9109090906249999 0.535519125 0.9036363640625 0.5300546453125 0.8818181812500001 0.5300546453125
0 0.7563636359375 0.6639344265625 0.7527272734375 0.6693989078125 0.7527272734375 0.68579235 0.7654545453125 0.6994535515625 0.7763636359375 0.6994535515625 0.7836363640624999 0.7049180328125 0.8054545453124999 0.73770491875 0.8109090906249999 0.734972678125 0.82 0.721311475 0.8309090906250001 0.7158469953125 0.8472727265625 0.69125683125 0.8436363640625 0.642076503125 0.8363636359375001 0.6202185796874999 0.82 0.6065573765625001 0.8127272734375 0.595628415625 0.790909090625 0.595628415625 0.76 0.631147540625 0.7563636359375 0.6639344265625
0 0.7127272734375001 0.7677595625 0.730909090625 0.822404371875 0.7363636359375 0.8306010921875 0.7436363640625 0.8306010921875 0.7472727265625 0.8360655734375 0.7563636359375 0.8333333328125001 0.790909090625 0.8306010921875 0.8072727265624999 0.7950819671875 0.8072727265624999 0.7513661203125 0.8036363640624999 0.7404371578125 0.7872727265624999 0.7103825140625 0.7727272734375 0.6994535515625 0.74 0.6994535515625 0.7327272734375 0.7049180328125 0.7127272734375001 0.734972678125 0.7127272734375001 0.7677595625
0 0.6963636359375001 0.7486338796875 0.670909090625 0.7486338796875 0.6472727265625 0.778688525 0.6472727265625 0.7896174859375 0.64 0.811475409375 0.64 0.8387978140625 0.649090909375 0.857923496875 0.6527272734375 0.857923496875 0.670909090625 0.8797814203125001 0.7054545453125 0.8770491796875 0.7163636359375001 0.8661202187500001 0.7163636359375001 0.8606557374999999 0.7272727265625 0.8387978140625 0.7272727265625 0.816939890625 0.7236363640625 0.811475409375 0.7236363640625 0.8005464484375 0.7127272734375001 0.778688525 0.7127272734375001 0.7677595625 0.7072727265625 0.765027321875 0.6963636359375001 0.7486338796875
0 0.750909090625 0.8360655734375 0.7436363640625 0.8415300546875001 0.7272727265625 0.8661202187500001 0.72 0.8879781421875 0.72 0.9207650265625 0.7272727265625 0.9316939890624999 0.7272727265625 0.9371584703125 0.7472727265625 0.961748634375 0.75818181875 0.961748634375 0.76181818125 0.9672131140625 0.789090909375 0.9644808749999999 0.7945454546875 0.961748634375 0.8109090906249999 0.9316939890624999 0.8145454546875 0.909836065625 0.81818181875 0.904371584375 0.81818181875 0.8934426234374999 0.8109090906249999 0.8715847 0.78 0.8306010921875 0.76181818125 0.8306010921875 0.75818181875 0.8360655734375 0.750909090625 0.8360655734375
0 0.8454545453125 0.7759562843750001 0.8236363640625 0.7923497265624999 0.809090909375 0.81420765 0.8054545453124999 0.81420765 0.7927272734375 0.8333333328125001 0.7927272734375 0.8387978140625 0.8109090906249999 0.8661202187500001 0.81818181875 0.8879781421875 0.8381818187500001 0.9180327875 0.8527272734375 0.9234972671874999 0.8563636359375 0.9289617484375 0.8690909093749999 0.9262295078125 0.8745454546874999 0.9234972671874999 0.8872727265625 0.904371584375 0.890909090625 0.8715847 0.8945454546875 0.8661202187500001 0.8945454546875 0.816939890625 0.890909090625 0.8060109296875 0.8745454546874999 0.7868852453125 0.86 0.781420765625 0.8563636359375 0.7759562843750001 0.8454545453125 0.7759562843750001
0 0.929090909375 0.8306010921875 0.9181818187499999 0.8306010921875 0.9054545453125 0.8442622953125 0.89818181875 0.8661202187500001 0.89818181875 0.8770491796875 0.890909090625 0.8934426234374999 0.890909090625 0.9207650265625 0.9145454546874999 0.961748634375 0.929090909375 0.9672131140625 0.9327272734375001 0.9726775953125 0.9436363640625001 0.9726775953125 0.9472727265625001 0.9781420765625001 0.9636363640625 0.9754098359375 0.970909090625 0.9644808749999999 0.9745454546874999 0.9426229515625 0.9781818187500001 0.9371584703125 0.9781818187500001 0.904371584375 0.9818181812500001 0.8989071031250001 0.9818181812500001 0.8770491796875 0.96181818125 0.8306010921875 0.9472727265625001 0.8196721312499999 0.9363636359375 0.8196721312499999 0.929090909375 0.8306010921875
0 0.5709090906250001 0.8715847 0.5709090906250001 0.8825136609375 0.5745454546875 0.8879781421875 0.5745454546875 0.9262295078125 0.5872727265625 0.9344262296875 0.59818181875 0.9344262296875 0.6127272734375 0.9453551906250001 0.6363636359375 0.9754098359375 0.64181818125 1 0.6945454546875001 0.9972677593749999 0.70181818125 0.991803278125 0.7163636359375001 0.95901639375 0.7163636359375001 0.9207650265625 0.7 0.8907103828125 0.6927272734375001 0.8852459015624999 0.6745454546875 0.8852459015624999 0.630909090625 0.8469945359375 0.59818181875 0.8469945359375 0.58 0.857923496875 0.5709090906250001 0.8715847
0 0.6163636359375 0.0765027328125 0.5945454546875 0.0765027328125 0.5909090906250001 0.0710382515625 0.5545454546874999 0.0765027328125 0.54 0.08743169375 0.509090909375 0.14480874375 0.509090909375 0.15573770468749998 0.50181818125 0.172131146875 0.50181818125 0.22131147499999998 0.5127272734375 0.2540983609375 0.5254545453125 0.27322404375 0.5327272734374999 0.278688525 0.5527272734374999 0.27595628437499997 0.5763636359375 0.27322404375 0.58 0.2677595625 0.6054545453125 0.27322404375 0.62 0.26229508125 0.6472727265625 0.2158469953125 0.6545454546875 0.188524590625 0.650909090625 0.13387978125 0.64 0.1065573765625 0.6236363640625 0.0819672125 0.6163636359375 0.0765027328125
0 0.43818181875000006 0 0.429090909375 0.0245901640625 0.43272727343749995 0.090163934375 0.45818181874999997 0.1502732234375 0.4745454546875 0.1748633875 0.4872727265625 0.17759562812500002 0.50181818125 0.1666666671875 0.509090909375 0.1393442625 0.5436363640625 0.0765027328125 0.60181818125 0.0710382515625 0.6345454546875 0.0819672125 0.64 0.04098360625 0.59818181875 0 0.43818181875000006 0
0 0.3236363640625 0.07377049218750001 0.33999999999999997 0.0710382515625 0.34363636406250003 0.0655737703125 0.38 0.0655737703125 0.3963636359375 0.0300546453125 0.4 0.002732240625 0.269090909375 0.002732240625 0.27272727343750003 0.0245901640625 0.3 0.0655737703125 0.3145454546875 0.0765027328125 0.3236363640625 0.07377049218750001
0 0.1745454546875 0.642076503125 0.1745454546875 0.6639344265625 0.17090909062499998 0.6693989078125 0.17090909062499998 0.68579235 0.1672727265625 0.69125683125 0.17090909062499998 0.7240437156249999 0.1872727265625 0.7486338796875 0.22181818125000002 0.7459016390625 0.2272727265625 0.7431693984375001 0.24363636406250003 0.7131147546875 0.24363636406250003 0.6693989078125 0.23272727343750002 0.6530054640625 0.23272727343750002 0.647540984375 0.2127272734375 0.6229508203125 0.2054545453125 0.6174863390625001 0.20181818125 0.6229508203125 0.1836363640625 0.6229508203125 0.1745454546875 0.642076503125
0 0.11090909062500001 0.6120218578125 0.10909090937499999 0.631147540625 0.09818181875000001 0.6639344265625 0.09818181875000001 0.68579235 0.10181818125 0.69125683125 0.10181818125 0.7021857921875 0.1327272734375 0.73770491875 0.13999999999999999 0.7431693984375001 0.1527272734375 0.7404371578125 0.16 0.729508196875 0.16 0.7131147546875 0.1672727265625 0.6967213109375 0.1672727265625 0.68032786875 0.17090909062499998 0.6748633875000001 0.17090909062499998 0.642076503125 0.1745454546875 0.636612021875 0.17090909062499998 0.625683059375 0.15818181874999998 0.6120218578125 0.11090909062500001 0.6120218578125