0 0.109375 0.26015625 0.209375 0.20625
0 0.259375 0.2 0.215625 0.39375
0 0.07109375 0.09140625 0.1421875 0.1828125
0 0.42265625 0.15 0.146875 0.3
0 0.7875 0.08046875 0.4234375 0.153125
0 0.80390625 0.53203125 0.2609375 0.478125
0 0.89453125 0.8015625 0.2109375 0.396875
0 0.72265625 0.76484375 0.2734375 0.3875
0 0.68671875 0.55859375 0.3546875 0.8828125
0 0.49609375 0.28515625 0.4625 0.4140625
0 0.4875 0.62578125 0.2921875 0.4875
0 0.18671875 0.4609375 0.2 0.2578125
0 0.21796875 0.60234375 0.1578125 0.3546875
0 0.29609375 0.62578125 0.2328125 0.459375
0 0.2453125 0.91796875 0.3265625 0.1640625
0 0.10234375 0.81640625 0.159375 0.2765625
0 0.10625 0.60625 0.1515625 0.1984375
0 0.09765625 0.42421875 0.1390625 0.134375