0 0.33399999999999996 0.37775 0.3346666671875 0.37425 0.31 0.3195 0.3036666671875 0.30325 0.3026666671875 0.29525 0.29933333281249996 0.294 0.29300000000000004 0.28125 0.288 0.27525 0.2753333328125 0.26549999999999996 0.2726666671875 0.26425 0.2676666671875 0.26425 0.262 0.2665 0.26 0.2685 0.2553333328125 0.28175 0.256 0.29100000000000004 0.2626666671875 0.3075 0.2823333328125 0.344 0.2946666671875 0.36225 0.31433333281250003 0.37975 0.32 0.3815 0.3286666671875 0.38125 0.33399999999999996 0.37775
0 0.38533333281250004 0.3795 0.3963333328125 0.37075 0.40133333281250005 0.36575 0.4046666671875 0.359 0.4113333328125 0.35175 0.41600000000000004 0.3285 0.4233333328125 0.31074999999999997 0.42933333281249997 0.29100000000000004 0.42833333281249997 0.27875 0.4233333328125 0.26825 0.4186666671875 0.2645 0.40833333281249995 0.26125 0.40433333281249995 0.261 0.3933333328125 0.2665 0.3883333328125 0.2705 0.38533333281250004 0.275 0.37966666718750003 0.29300000000000004 0.3783333328125 0.30425 0.365 0.34275 0.3613333328125 0.368 0.367 0.3775 0.37733333281250003 0.3815 0.382 0.38125 0.38533333281250004 0.3795
0 1 0.4 0.9943333328125 0.39775 0.99 0.39449999999999996 0.9753333328125 0.38 0.9606666671875 0.37374999999999997 0.9503333328125001 0.371 0.9446666671875 0.3705 0.9126666671875 0.3705 0.909 0.36875 0.9003333328125 0.36025 0.8826666671875 0.355 0.8766666671875001 0.3485 0.8683333328125 0.34225 0.845 0.33475 0.826 0.331 0.8099999999999999 0.32999999999999996 0.8043333328125 0.32825000000000004 0.788 0.32575 0.749 0.32175 0.733 0.318 0.7213333328125 0.31775000000000003 0.714 0.3205 0.7086666671875 0.32125 0.696 0.3165 0.6833333328125 0.30874999999999997 0.6723333328125001 0.304 0.6683333328125001 0.30375 0.6586666671875 0.3055 0.6563333328125001 0.30674999999999997 0.6456666671875 0.316 0.6376666671875 0.3285 0.6326666671875001 0.3315 0.619 0.33625 0.6146666671875 0.34025 0.6136666671875 0.343 0.6136666671875 0.35425 0.6183333328125 0.368 0.625 0.37725 0.6383333328125 0.40475000000000005 0.6433333328125 0.409 0.648 0.41100000000000003 0.6716666671875 0.4165 0.687 0.41875 0.732 0.42300000000000004 0.7763333328125 0.42525 0.8353333328125 0.43174999999999997 0.9213333328125 0.437 0.9663333328125001 0.4375 0.9763333328125 0.43674999999999997 0.9890000000000001 0.433 0.994 0.42874999999999996 0.9966666671875 0.42474999999999996 1 0.42275 1 0.4
0 0.1676666671875 0.47125000000000006 0.154 0.47750000000000004 0.143 0.48600000000000004 0.1266666671875 0.49124999999999996 0.123 0.49424999999999997 0.1146666671875 0.50875 0.10133333281250001 0.517 0.097 0.52175 0.0926666671875 0.52925 0.0923333328125 0.53275 0.097 0.5387500000000001 0.10333333281249998 0.54225 0.123 0.54575 0.1543333328125 0.549 0.21033333281250002 0.5519999999999999 0.2286666671875 0.5565 0.254 0.5589999999999999 0.2923333328125 0.56125 0.317 0.56125 0.33166666718750004 0.5589999999999999 0.33599999999999997 0.5535 0.341 0.532 0.341 0.5275000000000001 0.33799999999999997 0.52125 0.3306666671875 0.5165 0.32766666718750004 0.50825 0.331 0.50475 0.3373333328125 0.5015 0.3393333328125 0.49874999999999997 0.343 0.48025 0.3453333328125 0.47424999999999995 0.3496666671875 0.46675000000000005 0.355 0.46175 0.3586666671875 0.45625 0.36066666718749996 0.44675000000000004 0.3603333328125 0.44075 0.3546666671875 0.42800000000000005 0.3416666671875 0.42175 0.324 0.42525 0.31766666718750003 0.42874999999999996 0.31466666718749997 0.41675000000000006 0.31 0.40549999999999997 0.3036666671875 0.40175 0.29100000000000004 0.40099999999999997 0.2766666671875 0.40925 0.25433333281250003 0.4255 0.24066666718750002 0.42400000000000004 0.2273333328125 0.42675 0.219 0.434 0.2113333328125 0.43775000000000003 0.20400000000000001 0.44400000000000006 0.1913333328125 0.4505 0.1816666671875 0.45999999999999996 0.172 0.4665 0.1676666671875 0.47125000000000006
0 0.3713333328125 0.71325 0.37733333281250003 0.7205 0.3926666671875 0.73 0.399 0.733 0.41566666718749995 0.7365 0.42699999999999994 0.7365 0.43333333281249997 0.738 0.45499999999999996 0.73675 0.47133333281249995 0.73225 0.4863333328125 0.726 0.496 0.72 0.506 0.7110000000000001 0.5143333328125 0.6990000000000001 0.517 0.6835 0.512 0.67 0.5106666671875 0.657 0.5083333328124999 0.6519999999999999 0.506 0.65 0.49400000000000005 0.64775 0.485 0.6485000000000001 0.475 0.64675 0.457 0.64675 0.4386666671875 0.64825 0.40099999999999997 0.63925 0.34900000000000003 0.6207499999999999 0.3376666671875 0.61975 0.329 0.62225 0.3246666671875 0.62775 0.325 0.64125 0.3283333328125 0.65075 0.333 0.657 0.3453333328125 0.6675 0.3456666671875 0.67675 0.3496666671875 0.687 0.353 0.692 0.36833333281249997 0.7025 0.3713333328125 0.71325
0 0.6533333328125 0.94575 0.67 0.9475 0.6833333328125 0.94475 0.7013333328125 0.9375 0.7033333328125 0.93575 0.7223333328125 0.92875 0.7256666671875001 0.9244999999999999 0.724 0.9175000000000001 0.7133333328125 0.917 0.7093333328125 0.92075 0.7073333328125 0.92125 0.6986666671874999 0.9205 0.6803333328125001 0.91375 0.6593333328125001 0.8995 0.6556666671875 0.8947499999999999 0.6533333328125 0.8862500000000001 0.6416666671875 0.8712500000000001 0.6293333328124999 0.8435 0.6246666671875001 0.83575 0.6133333328125 0.8237500000000001 0.6076666671875001 0.8215 0.6036666671875001 0.82125 0.5956666671875 0.8252499999999999 0.5876666671875 0.8375 0.584 0.852 0.5853333328125 0.86825 0.5903333328125 0.8852499999999999 0.5980000000000001 0.9015000000000001 0.6056666671875 0.91225 0.6236666671875 0.93225 0.6313333328125 0.9385 0.64 0.94275 0.6533333328125 0.94575
0 0.6769999999999999 0.913 0.6876666671875 0.9179999999999999 0.6980000000000001 0.9215 0.7086666671875 0.9225 0.7116666671874999 0.92125 0.7116666671874999 0.9179999999999999 0.714 0.9167500000000001 0.7313333328125 0.91525 0.7346666671875 0.91425 0.735 0.913 0.7236666671875 0.9005000000000001 0.71 0.8787499999999999 0.701 0.867 0.6953333328125 0.85275 0.6856666671875 0.81925 0.6753333328125 0.79775 0.6646666671875 0.78625 0.6633333328125001 0.78 0.6616666671875 0.7777499999999999 0.6566666671875 0.77525 0.6523333328125 0.775 0.6466666671875 0.7787499999999999 0.6386666671875 0.782 0.6353333328125 0.7847500000000001 0.6293333328124999 0.796 0.628 0.80175 0.628 0.8147500000000001 0.6323333328125 0.84175 0.64 0.8692500000000001 0.6493333328124999 0.8885 0.661 0.9029999999999999 0.6769999999999999 0.913
0 0.42433333281249996 0.9045 0.4476666671875 0.9119999999999999 0.4606666671875 0.9145 0.4716666671875 0.9145 0.48200000000000004 0.9125 0.49800000000000005 0.9067500000000001 0.505 0.89275 0.505 0.8845000000000001 0.501 0.88125 0.49733333281250003 0.881 0.49400000000000005 0.88425 0.4916666671875 0.885 0.47933333281249996 0.8845000000000001 0.475 0.88225 0.4703333328125 0.8815 0.47000000000000003 0.8797499999999999 0.4726666671875 0.8787499999999999 0.4723333328125 0.8779999999999999 0.466 0.8787499999999999 0.465 0.8779999999999999 0.4646666671875 0.87575 0.46266666718750005 0.875 0.4533333328125 0.8615 0.45133333281250004 0.8560000000000001 0.4446666671875 0.84575 0.44266666718750003 0.8380000000000001 0.442 0.8247500000000001 0.43966666718749997 0.8247500000000001 0.438 0.8230000000000001 0.4363333328125 0.8185 0.43433333281250003 0.7935 0.42933333281249997 0.79 0.42433333281249996 0.78325 0.4206666671875 0.78175 0.4143333328125 0.78125 0.3966666671875 0.7995 0.3926666671875 0.8067500000000001 0.39 0.8160000000000001 0.38733333281250004 0.835 0.38733333281250004 0.849 0.3886666671875 0.858 0.3933333328125 0.8705 0.4016666671875 0.88475 0.40833333281249995 0.893 0.41566666718749995 0.89925 0.42433333281249996 0.9045
0 0.2966666671875 0.885 0.3116666671875 0.88425 0.32 0.882 0.327 0.8775000000000001 0.3393333328125 0.876 0.3426666671875 0.8724999999999999 0.3443333328125 0.85875 0.3356666671875 0.86 0.33166666718750004 0.8619999999999999 0.32566666718750004 0.86175 0.3166666671875 0.8557499999999999 0.309 0.853 0.29500000000000004 0.84375 0.286 0.8352499999999999 0.27799999999999997 0.825 0.2683333328125 0.8082499999999999 0.2593333328125 0.78725 0.2553333328125 0.78075 0.24933333281249997 0.776 0.248 0.77325 0.24500000000000002 0.77175 0.23399999999999999 0.7735000000000001 0.23199999999999998 0.772 0.2276666671875 0.77175 0.2236666671875 0.773 0.221 0.77575 0.2153333328125 0.7855000000000001 0.215 0.8005000000000001 0.2246666671875 0.8317500000000001 0.23333333281250002 0.8477499999999999 0.2403333328125 0.8552500000000001 0.266 0.8744999999999999 0.2773333328125 0.8805 0.2863333328125 0.8835000000000001 0.2966666671875 0.885
0 0.7623333328124999 0.92125 0.773 0.9175000000000001 0.7796666671875 0.91225 0.7816666671875 0.897 0.8029999999999999 0.833 0.8046666671875 0.8237500000000001 0.8046666671875 0.8105 0.8023333328125 0.79925 0.8006666671874999 0.79625 0.7963333328125 0.7929999999999999 0.7853333328125001 0.7905 0.7793333328125 0.792 0.7693333328125 0.7969999999999999 0.7573333328125 0.8089999999999999 0.753 0.8162499999999999 0.7463333328124999 0.837 0.7406666671875 0.8717499999999999 0.743 0.909 0.746 0.9172499999999999 0.751 0.92025 0.758 0.92175 0.7623333328124999 0.92125
0 0.8166666671874999 0.9265000000000001 0.8246666671874999 0.92325 0.8403333328124999 0.9115 0.8526666671875001 0.9045 0.8683333328125 0.89075 0.881 0.87375 0.8939999999999999 0.842 0.8960000000000001 0.8335000000000001 0.8960000000000001 0.8265 0.8926666671874999 0.8150000000000001 0.8896666671875 0.8095000000000001 0.8863333328125 0.8065 0.8779999999999999 0.806 0.865 0.81125 0.8573333328125001 0.818 0.8433333328125 0.8397500000000001 0.8356666671875 0.8585 0.8243333328125001 0.8782500000000001 0.8033333328125 0.9029999999999999 0.7956666671875 0.9147500000000001 0.7943333328125 0.9179999999999999 0.7956666671875 0.9199999999999999 0.8096666671875001 0.9262499999999999 0.8166666671874999 0.9265000000000001
0 0.437 0.845 0.4413333328125 0.8542500000000001 0.449 0.8654999999999999 0.45999999999999996 0.87575 0.46900000000000003 0.8805 0.477 0.88325 0.48566666718749996 0.885 0.5 0.885 0.5093333328125 0.881 0.5146666671875 0.87675 0.5146666671875 0.87425 0.501 0.86425 0.49066666718749996 0.852 0.483 0.8390000000000001 0.47800000000000004 0.8255000000000001 0.475 0.8085000000000001 0.47066666718750005 0.7595 0.46900000000000003 0.7577499999999999 0.4646666671875 0.75625 0.46266666718750005 0.75225 0.4596666671875 0.7497499999999999 0.45133333281250004 0.7485 0.44566666718750003 0.75 0.44266666718750003 0.752 0.43499999999999994 0.761 0.4306666671875 0.76875 0.4286666671875 0.77575 0.42800000000000005 0.7889999999999999 0.4296666671875 0.7917500000000001 0.4336666671875 0.7945 0.4346666671875 0.79825 0.4346666671875 0.8237500000000001 0.437 0.845
0 0.5366666671875 0.8755000000000001 0.5423333328125 0.875 0.545 0.8734999999999999 0.5476666671875 0.8634999999999999 0.5469999999999999 0.8477499999999999 0.549 0.8275 0.55 0.7655000000000001 0.5486666671875 0.75625 0.5443333328125 0.74725 0.536 0.74325 0.528 0.7424999999999999 0.5183333328125 0.745 0.5153333328125 0.74725 0.5103333328125 0.75475 0.5076666671875001 0.762 0.5043333328124999 0.78575 0.5036666671875001 0.833 0.5073333328125 0.8480000000000001 0.517 0.86525 0.5276666671875 0.874 0.5309999999999999 0.87525 0.5366666671875 0.8755000000000001
0 0.8216666671875 0.9417500000000001 0.827 0.944 0.8396666671874999 0.9460000000000001 0.8633333328124999 0.94675 0.8683333328125 0.9460000000000001 0.8813333328124999 0.94275 0.8949999999999999 0.9375 0.9126666671875 0.92425 0.9336666671874999 0.90075 0.9339999999999999 0.89625 0.9383333328125 0.8905 0.9396666671875 0.8852499999999999 0.9480000000000001 0.8712500000000001 0.9516666671875 0.8625 0.9526666671875 0.8542500000000001 0.9496666671874999 0.8400000000000001 0.9456666671875 0.836 0.9380000000000001 0.83475 0.9313333328125 0.83575 0.9176666671874999 0.8412499999999999 0.9039999999999999 0.8505 0.874 0.8852499999999999 0.86 0.8975 0.8453333328125 0.90725 0.8276666671875 0.9155 0.8226666671875 0.9192500000000001 0.8086666671874999 0.92425 0.8133333328125 0.9324999999999999 0.8216666671875 0.9417500000000001
0 0.36953125 0.3234375 0.36875 0.1609375
0 0.16171875 0.315625 0.146875 0.1140625
0 0.415625 0.17421875 0.2859375 0.0734375
0 0.27578125 0.0203125 0.2984375 0.040625
0 0.490625 0.54609375 0.3359375 0.1015625
0 0.828125 0.5640625 0.34375 0.140625
0 0.265625 0.6328125 0.1484375 0.0984375
0 0.11015625 0.61171875 0.1703125 0.096875
0 0.73515625 0.70234375 0.2171875 0.121875
0 0.328125 0.80625 0.19375 0.1609375
0 0.4921875 0.8265625 0.2046875 0.18125
0 0.778125 0.87265625 0.390625 0.2125