0 0.6076923078124999 0.447222221875 0.65 0.46851851875 0.7012820515625 0.48518518593750004 0.7512820515625 0.48425925937500003 0.8384615390624999 0.4509259265625 0.8641025640625 0.4138888890625 0.8641025640625 0.3416666671875 0.8269230765625 0.30555555624999997 0.7858974359374999 0.2870370375 0.6858974359375 0.2851851859375 0.6307692312500001 0.315740740625 0.5871794875 0.3916666671875 0.5897435890625 0.42129629687500003 0.6076923078124999 0.447222221875
0 0.34102564062499996 0.36944444375 0.32564102500000003 0.4138888890625 0.32564102500000003 0.4453703703125 0.3487179484375 0.4601851859375 0.346153846875 0.478703703125 0.44358974375000004 0.5175925921875 0.5371794875 0.4888888890625 0.574358975 0.4675925921875 0.5871794875 0.44907407343749994 0.5794871796875001 0.4046296296875 0.541025640625 0.3453703703125 0.5115384609375 0.32592592656249997 0.4628205125 0.3166666671875 0.4141025640625 0.3203703703125 0.365384615625 0.34444444375 0.34102564062499996 0.36944444375
0 0.21538461562500003 0.2546296296875 0.2487179484375 0.3120370375 0.296153846875 0.3518518515625 0.3333333328125 0.3620370375 0.408974359375 0.31851851875000003 0.47820512812500005 0.309259259375 0.5102564109375 0.27870370312500004 0.5128205125 0.252777778125 0.48974358906250004 0.184259259375 0.42435897499999997 0.1518518515625 0.3576923078125 0.15370370312499998 0.3269230765625 0.172222221875 0.26025641093749996 0.190740740625 0.21538461562500003 0.2546296296875
0 0.58076923125 0.11851851875 0.5474358968749999 0.1296296296875 0.5230769234375 0.147222221875 0.5 0.197222221875 0.5230769234375 0.2675925921875 0.5884615390625 0.29814814843750004 0.641025640625 0.302777778125 0.691025640625 0.28148148125 0.7679487171875 0.2740740734375 0.7871794875 0.2546296296875 0.8051282046875 0.20833333281250002 0.7974358968749999 0.16388888906250001 0.76923076875 0.1268518515625 0.7423076921875 0.109259259375 0.6679487171875 0.08333333281250001 0.6115384609375 0.0925925921875 0.58076923125 0.11851851875
0 0.3897435890625 0.075 0.402564103125 0.1268518515625 0.43205128281249994 0.1518518515625 0.48461538437499996 0.1601851859375 0.578205128125 0.1148148140625 0.625641025 0.06944444375 0.625641025 0.0268518515625 0.608974359375 0.0296296296875 0.597435896875 0.013888889062500001 0.5679487171875001 0 0.45 0.0018518515625 0.425641025 0.015740740625 0.402564103125 0.04351851875 0.3897435890625 0.075
0 0.12564102500000002 0.0916666671875 0.12564102500000002 0.12870370312499999 0.1423076921875 0.146296296875 0.191025640625 0.172222221875 0.2820512828125 0.178703703125 0.32948717968749996 0.1648148140625 0.3769230765625 0.13981481406250001 0.3820512828125 0.0638888890625 0.374358975 0.039814814062499995 0.3397435890625 0.0148148140625 0.30641025625 0.00555555625 0.22692307656250002 0.0018518515625 0.178205128125 0.0203703703125 0.14358974375 0.052777778124999994 0.12564102500000002 0.0916666671875
0 0 0.33055555625 0.0269230765625 0.3425925921875 0.08974358906249999 0.3490740734375 0.1820512828125 0.29722222187499997 0.20512820468749998 0.23611111093749998 0.1923076921875 0.1861111109375 0.1371794875 0.15 0.10384615312500001 0.146296296875 0.075641025 0.13333333281249998 0.008974359375000001 0.13148148125 0 0.1379629625 0 0.33055555625
0 0.0871794875 0.39351851875 0.10512820468749999 0.4175925921875 0.11538461562499999 0.46388888906250003 0.15769230781250002 0.48703703750000005 0.2179487171875 0.4953703703125 0.26025641093749996 0.47407407343749997 0.30641025625 0.46851851875 0.3230769234375 0.4583333328125 0.33076923125 0.3768518515625 0.2448717953125 0.3148148140625 0.18076923125 0.3111111109375 0.1423076921875 0.3240740734375 0.11025641093750001 0.34722222187499996 0.08974358906249999 0.3731481484375 0.0871794875 0.39351851875
0 0.2128205125 0.5305555562500001 0.1923076921875 0.5453703703125 0.1923076921875 0.565740740625 0.1769230765625 0.5824074078125 0.1897435890625 0.647222221875 0.23461538437499999 0.6851851859375 0.26538461562500004 0.6944444437499999 0.32564102500000003 0.6972222218749999 0.3551282046875 0.690740740625 0.428205128125 0.6231481484375 0.46666666718750005 0.6009259265625 0.474358975 0.5694444437499999 0.4641025640625 0.5398148140625 0.41923076875 0.5129629625 0.3320512828125 0.47592592656250005 0.275641025 0.47407407343749997 0.2179487171875 0.5009259265625 0.2128205125 0.5305555562500001
0 0 0.6546296296875 0.008974359375000001 0.6666666671875 0.0358974359375 0.6675925921875 0.0705128203125 0.6648148140625 0.1141025640625 0.65 0.1820512828125 0.5675925921875 0.1871794875 0.515740740625 0.1769230765625 0.497222221875 0.1269230765625 0.4796296296875 0.10384615312500001 0.4611111109375 0.0397435890625 0.46296296249999996 0 0.4768518515625 0 0.6546296296875
0 0.037179487500000004 0.6703703703125 0.015384615625 0.6824074078125 0 0.70648148125 0.00641025625 0.8018518515625 0.021794871875 0.8018518515625 0.06282051250000001 0.7796296296875 0.10641025625 0.76851851875 0.1730769234375 0.7796296296875 0.21538461562500003 0.8009259265625 0.2641025640625 0.7731481484375 0.28974358906250003 0.7379629624999999 0.28974358906250003 0.715740740625 0.2705128203125 0.7 0.2371794875 0.6888888890625 0.191025640625 0.6574074078125001 0.1602564109375 0.65 0.108974359375 0.6537037031249999 0.0705128203125 0.66851851875 0.037179487500000004 0.6703703703125
0 0 0.902777778125 0.0102564109375 0.9305555562500001 0.0551282046875 0.9611111109375001 0.09487179531249999 0.9638888890624999 0.1294871796875 0.9611111109375001 0.16282051250000001 0.940740740625 0.19615384687499998 0.93148148125 0.2487179484375 0.884259259375 0.24102564062499998 0.8379629625 0.19743589687500002 0.7953703703125 0.16794871718749999 0.7796296296875 0.10384615312500001 0.7703703703125 0.06282051250000001 0.7814814812499999 0.0102564109375 0.8138888890624999 0 0.847222221875 0 0.902777778125
0 0.37820512812499996 0.9629629625 0.4230769234375 0.9638888890624999 0.4641025640625 0.9416666671874999 0.4871794875 0.9138888890624999 0.47179487187499997 0.8379629625 0.3705128203125 0.7629629625 0.3115384609375 0.7574074078125 0.2179487171875 0.80648148125 0.2487179484375 0.8435185187500001 0.2512820515625 0.902777778125 0.3320512828125 0.9259259265625 0.37820512812499996 0.9629629625
0 0.5 0.9064814812499999 0.5551282046875 0.9629629625 0.802564103125 0.9638888890624999 0.8230769234374999 0.9509259265625 0.841025640625 0.902777778125 0.8358974359375001 0.852777778125 0.8102564109375001 0.8175925921875 0.7320512828125 0.76851851875 0.6730769234375 0.7574074078125 0.6397435890625001 0.7611111109375 0.5679487171875001 0.796296296875 0.5102564109375 0.847222221875 0.5 0.9064814812499999
0 0.6512820515625 0.6546296296875 0.64358974375 0.6861111109375 0.6589743593749999 0.7268518515625 0.691025640625 0.7574074078125 0.7423076921875 0.7703703703125 0.7858974359374999 0.7925925921875 0.8230769234374999 0.7916666671875 0.875641025 0.7740740734375 0.9076923078125001 0.7509259265625 0.93076923125 0.7175925921874999 0.925641025 0.675 0.9102564109375001 0.6453703703125 0.8782051281250001 0.627777778125 0.834615384375 0.6296296296875 0.778205128125 0.6111111109375 0.724358975 0.6129629624999999 0.6512820515625 0.6546296296875
0 0.3948717953125 0.6601851859375001 0.36923076875 0.747222221875 0.3897435890625 0.7787037031249999 0.4397435890625 0.809259259375 0.528205128125 0.8194444437499999 0.5551282046875 0.7981481484375 0.64358974375 0.75648148125 0.646153846875 0.7138888890625 0.6282051281250001 0.6638888890625 0.608974359375 0.64444444375 0.5397435890625 0.622222221875 0.51923076875 0.6018518515625 0.48333333281249996 0.5981481484375 0.4397435890625 0.61851851875 0.3948717953125 0.6601851859375001
0 0.5474358968749999 0.622222221875 0.60641025625 0.640740740625 0.6564102562499999 0.6398148140625 0.703846153125 0.6203703703125 0.725641025 0.602777778125 0.7358974359375 0.5824074078125 0.7333333328125 0.5046296296875 0.724358975 0.49259259218749996 0.603846153125 0.45555555625000005 0.5102564109375 0.5046296296875 0.5 0.534259259375 0.5205128203125 0.5916666671875 0.5474358968749999 0.622222221875
0 0.765384615625 0.60555555625 0.81923076875 0.6240740734375 0.9076923078125001 0.625 0.9564102562500001 0.5898148140624999 0.9589743593750001 0.5527777781250001 0.9897435890624999 0.51944444375 0.9897435890624999 0.5046296296875 0.934615384375 0.44444444375 0.8602564109375 0.43148148124999997 0.8371794875 0.45555555625000005 0.746153846875 0.49351851875 0.741025640625 0.5768518515625 0.765384615625 0.60555555625
0 1 0.2768518515625 0.978205128125 0.2648148140625 0.9269230765625001 0.2629629625 0.875641025 0.27777777812500004 0.8512820515625 0.302777778125 0.8487179484375 0.31759259218749997 0.8641025640625 0.33055555625 0.8692307687499999 0.3990740734375 0.90641025625 0.43333333281249997 0.9589743593750001 0.44351851875000003 0.9833333328125 0.4388888890625 1 0.415740740625 1 0.2768518515625
0 1 0.165740740625 0.9730769234375 0.1629629625 0.8948717953124999 0.2101851859375 0.897435896875 0.22870370312500002 0.903846153125 0.2388888890625 0.9115384609375001 0.2148148140625 0.93076923125 0.22870370312500002 0.9269230765625001 0.25740740781250004 0.9679487171875 0.25740740781250004 1 0.2675925921875 1 0.165740740625
0 0.8589743593750001 0.1601851859375 0.8871794875000001 0.197222221875 0.902564103125 0.1990740734375 0.9820512828125001 0.15092592656249998 0.997435896875 0.1268518515625 0.9948717953124999 0.097222221875 0.95 0.046296296875 0.8858974359375 0.022222221875 0.8679487171875 0.022222221875 0.815384615625 0.04351851875 0.8205128203125 0.078703703125 0.8102564109375001 0.1324074078125 0.8589743593750001 0.1601851859375
0 0.624358975 0 0.641025640625 0.028703703125 0.6307692312500001 0.0824074078125 0.691025640625 0.0870370375 0.7794871796875 0.125 0.8076923078125 0.1046296296875 0.8179487171875 0.060185185937499996 0.774358975 0.0175925921875 0.734615384375 0 0.624358975 0
0 0.8333333328125001 0.2953703703125 0.8897435890625 0.2601851859375 0.8948717953124999 0.221296296875 0.85641025625 0.1601851859375 0.821794871875 0.140740740625 0.7884615390625 0.140740740625 0.8051282046875 0.165740740625 0.8102564109375001 0.20648148125 0.784615384375 0.271296296875 0.8064102562500001 0.2925925921875 0.8333333328125001 0.2953703703125
0 0.8820512828125 0.865740740625 0.9371794875000001 0.8481481484375 1 0.8416666671874999 0.996153846875 0.7259259265625 0.9602564109375 0.7203703703125 0.9320512828125 0.727777778125 0.875641025 0.7796296296875 0.8179487171875 0.8027777781250001 0.8384615390624999 0.8453703703125001 0.8551282046875001 0.859259259375 0.8820512828125 0.865740740625
0 1 0.8444444437499999 0.9294871796875 0.8518518515625001 0.8589743593750001 0.8824074078124999 0.8384615390624999 0.921296296875 0.8320512828125001 0.9629629625 0.903846153125 0.9629629625 0.8987179484375 0.9574074078124999 0.9371794875000001 0.953703703125 1 0.9638888890624999 1 0.8444444437499999
0 1 0.5203703703125 0.9666666671874999 0.55648148125 0.9589743593750001 0.5935185187500001 0.9205128203124999 0.625 0.915384615625 0.6453703703125 0.9384615390625 0.684259259375 0.9833333328125 0.7148148140624999 1 0.715740740625 1 0.5203703703125
0 0.057692307812499996 0.072222221875 0 0.0824074078125 0.0012820515625000001 0.13148148125 0.0320512828125 0.12592592656249998 0.1128205125 0.1416666671875 0.12307692343750001 0.0916666671875 0.10641025625 0.0740740734375 0.057692307812499996 0.072222221875
0 0.0615384609375 0.0009259265625 0.048717948437500005 0.0361111109375 0.053846153125 0.052777778124999994 0.0705128203125 0.0648148140625 0.12051282031249999 0.075 0.15641025625 0.0324074078125 0.2115384609375 0 0.0615384609375 0.0009259265625
0 0.0012820515625000001 0.33703703749999997 0 0.465740740625 0.0128205125 0.4675925921875 0.0769230765625 0.43981481406249995 0.07948717968749999 0.3990740734375 0.053846153125 0.3583333328125 0.0012820515625000001 0.33703703749999997