0 0.515 0.54025 0.5213333328124999 0.54225 0.5323333328125 0.5427500000000001 0.5553333328125001 0.546 0.5733333328125 0.546 0.5953333328125 0.5427500000000001 0.6183333328125 0.537 0.6356666671875 0.534 0.6586666671875 0.5277499999999999 0.6753333328125 0.52225 0.705 0.509 0.7383333328125 0.48375 0.745 0.47675 0.7513333328125 0.4725 0.758 0.465 0.7666666671875 0.45899999999999996 0.773 0.45149999999999996 0.7786666671875 0.44075 0.7913333328125 0.42374999999999996 0.7996666671875 0.404 0.8143333328125 0.3795 0.828 0.341 0.8310000000000001 0.32925 0.8316666671874999 0.2945 0.8283333328125 0.27799999999999997 0.8206666671875 0.26775000000000004 0.8140000000000001 0.26225 0.7686666671875 0.24 0.762 0.23374999999999999 0.7496666671875001 0.21775000000000003 0.746 0.21525 0.738 0.213 0.7196666671874999 0.21225 0.708 0.21425 0.659 0.21725 0.6213333328124999 0.22200000000000003 0.5946666671874999 0.2265 0.562 0.2375 0.5509999999999999 0.24325000000000002 0.5389999999999999 0.2475 0.526 0.25575000000000003 0.5123333328124999 0.262 0.49133333281249997 0.27475 0.4623333328125 0.29925 0.449 0.312 0.43833333281250003 0.32425000000000004 0.41900000000000004 0.354 0.4106666671875 0.37174999999999997 0.40366666718750005 0.39075000000000004 0.4016666671875 0.40025000000000005 0.4016666671875 0.42000000000000004 0.40499999999999997 0.44125 0.4106666671875 0.45375 0.4146666671875 0.46849999999999997 0.42033333281249996 0.47874999999999995 0.4286666671875 0.484 0.4453333328125 0.48975 0.46900000000000003 0.503 0.487 0.51525 0.499 0.52625 0.5066666671875 0.5355000000000001 0.515 0.54025
0 0.1903333328125 0.757 0.2046666671875 0.76 0.2173333328125 0.76775 0.2673333328125 0.77625 0.29300000000000004 0.77825 0.3203333328125 0.7787499999999999 0.3406666671875 0.7769999999999999 0.391 0.77525 0.40499999999999997 0.7725 0.41233333281249995 0.76825 0.43499999999999994 0.76125 0.44666666718750003 0.7542500000000001 0.45866666718750004 0.74925 0.465 0.744 0.48266666718750006 0.73375 0.49233333281249997 0.72675 0.5 0.71825 0.508 0.71175 0.5293333328125 0.682 0.5356666671875 0.669 0.5413333328125 0.64675 0.542 0.6315000000000001 0.5406666671875 0.6195 0.5366666671875 0.5965 0.5316666671875 0.579 0.5156666671875 0.5445 0.5073333328125 0.5325 0.496 0.51925 0.47533333281249995 0.5035000000000001 0.45533333281250005 0.4915 0.442 0.48525 0.4166666671875 0.4755 0.3806666671875 0.46675000000000005 0.36866666718749996 0.46525 0.3516666671875 0.46449999999999997 0.31466666718749997 0.46575 0.281 0.46925 0.255 0.47424999999999995 0.24066666718750002 0.47824999999999995 0.209 0.49175 0.1896666671875 0.5035000000000001 0.17333333281250002 0.51675 0.1603333328125 0.5287499999999999 0.1496666671875 0.54075 0.136 0.564 0.127 0.58525 0.1213333328125 0.606 0.121 0.629 0.1233333328125 0.6475 0.1316666671875 0.6725 0.14466666718750001 0.696 0.14666666718750002 0.7115 0.1543333328125 0.71875 0.1583333328125 0.72575 0.1676666671875 0.7325 0.172 0.74 0.17433333281250002 0.74175 0.1876666671875 0.74725 0.1903333328125 0.757
0 0.7313333328125 1 0.7393333328125 0.9884999999999999 0.744 0.975 0.7456666671875001 0.9605 0.741 0.9385 0.7353333328125 0.92675 0.7203333328125 0.9075 0.7126666671875 0.9005000000000001 0.6966666671875 0.89225 0.675 0.88475 0.655 0.88025 0.6356666671875 0.8782500000000001 0.6196666671875 0.8787499999999999 0.6093333328125 0.88025 0.5943333328125 0.8845000000000001 0.5713333328125 0.8957499999999999 0.5586666671875 0.9077500000000001 0.5513333328125001 0.92175 0.5476666671875 0.93725 0.5466666671875 0.9582499999999999 0.5496666671875 0.9730000000000001 0.5559999999999999 0.9875 0.5676666671875 1 0.7313333328125 1
0 0.5043333328124999 0.9715 0.5206666671875 0.966 0.5266666671875 0.96325 0.5336666671875 0.9582499999999999 0.5393333328125001 0.9512499999999999 0.5443333328125 0.9375 0.5473333328125001 0.91525 0.5469999999999999 0.8977499999999999 0.5453333328125 0.8869999999999999 0.5426666671875 0.8792500000000001 0.5366666671875 0.8695 0.5216666671875 0.857 0.4926666671875 0.84275 0.4603333328125 0.833 0.44666666718750003 0.8307499999999999 0.4026666671875 0.8310000000000001 0.38733333281250004 0.8327500000000001 0.36633333281249997 0.842 0.3483333328125 0.8547499999999999 0.3356666671875 0.8699999999999999 0.3306666671875 0.88375 0.3303333328125 0.88825 0.3346666671875 0.9099999999999999 0.3406666671875 0.9255000000000001 0.3533333328125 0.9412499999999999 0.3693333328125 0.9564999999999999 0.3823333328125 0.9652499999999999 0.3916666671875 0.96975 0.40700000000000003 0.9734999999999999 0.42800000000000005 0.97625 0.4573333328125 0.97675 0.48200000000000004 0.975 0.5043333328124999 0.9715
0 0.306 0.907 0.3213333328125 0.893 0.32799999999999996 0.88425 0.3403333328125 0.8619999999999999 0.3443333328125 0.8494999999999999 0.3433333328125 0.8320000000000001 0.33799999999999997 0.81225 0.3263333328125 0.79575 0.318 0.7885 0.3136666671875 0.7865 0.3036666671875 0.7835 0.2673333328125 0.7795 0.24133333281249997 0.7715 0.2246666671875 0.77125 0.21400000000000002 0.775 0.20566666718749999 0.7805 0.192 0.7929999999999999 0.181 0.806 0.1706666671875 0.825 0.16699999999999998 0.83625 0.16499999999999998 0.85175 0.1653333328125 0.8720000000000001 0.16899999999999998 0.8865000000000001 0.177 0.89975 0.1893333328125 0.9105000000000001 0.2066666671875 0.91975 0.22633333281249998 0.9262499999999999 0.238 0.92775 0.2553333328125 0.92775 0.2683333328125 0.9262499999999999 0.28300000000000003 0.921 0.2956666671875 0.91425 0.306 0.907
0 0.7633333328125 0.8935000000000001 0.7833333328125 0.8792500000000001 0.794 0.8654999999999999 0.8026666671875 0.83575 0.8063333328125 0.8140000000000001 0.8063333328125 0.80625 0.8019999999999999 0.7845 0.7969999999999999 0.772 0.7863333328125 0.75875 0.7746666671875 0.75075 0.7586666671875 0.7434999999999999 0.7396666671875 0.74025 0.6980000000000001 0.7382500000000001 0.6849999999999999 0.73875 0.6766666671875 0.74175 0.6553333328125001 0.7555 0.6413333328124999 0.7705 0.6266666671875 0.79625 0.622 0.8147500000000001 0.6216666671875 0.8244999999999999 0.625 0.84975 0.6313333328125 0.8644999999999999 0.6386666671875 0.8744999999999999 0.6456666671875 0.8787499999999999 0.6523333328125 0.88125 0.682 0.8885 0.7073333328125 0.89825 0.7233333328125 0.9005000000000001 0.7343333328125 0.9005000000000001 0.7486666671875 0.89825 0.7633333328125 0.8935000000000001
0 0.9562379999999999 0.9013745 0.9645713328125 0.8951245 0.9705713328125001 0.8888745 0.9809046671875 0.8738745 0.9925713328124999 0.8483745 0.9959046671875 0.8301244999999999 0.9949046671874999 0.8076245 0.9912380000000001 0.7938745 0.9819046671875 0.7761245 0.9712379999999999 0.7663745 0.9459046671875001 0.7533745 0.935238 0.7498745 0.9229046671875001 0.7481245000000001 0.8999046671875 0.7481245000000001 0.8875713328125 0.7491245 0.8789046671875 0.7518745 0.8562379999999999 0.7621245 0.8469046671875 0.7678745 0.833238 0.7778745 0.818238 0.7936245000000001 0.8095713328125 0.8081244999999999 0.8052379999999999 0.8323745 0.7995713328125 0.8523745 0.7999046671875 0.8608745000000001 0.8089046671875 0.8841245000000001 0.826238 0.8986245 0.8392379999999999 0.9053745 0.8662380000000001 0.9148745 0.8745713328125 0.9171245000000001 0.887238 0.9188745 0.903238 0.9188745 0.9162380000000001 0.9176245 0.9285713328125 0.9148745 0.9392379999999999 0.9106245 0.9562379999999999 0.9013745
0 0.9992143328124999 0.716964 0.9992143328124999 0.602214 0.993881 0.598714 0.9772143328125 0.591214 0.962881 0.5857140000000001 0.9492143328125 0.582714 0.9212143328125 0.584464 0.9112143328125001 0.586714 0.9012143328125 0.590464 0.8665476671875 0.607214 0.853881 0.614964 0.844881 0.6222139999999999 0.8325476671875001 0.639464 0.8292143328125 0.646464 0.8262143328124999 0.6562140000000001 0.8225476671875 0.678964 0.8222143328125 0.693714 0.829881 0.717214 0.8398809999999999 0.732214 0.8495476671875 0.739964 0.8635476671875001 0.744964 0.876881 0.747964 0.891881 0.748964 0.9275476671874999 0.749214 0.9435476671874999 0.746964 0.9648809999999999 0.739714 0.9812143328125 0.731964 0.9992143328124999 0.716964
0 0.8066666671875 0.7112499999999999 0.8163333328125001 0.6990000000000001 0.819 0.692 0.8246666671874999 0.65825 0.8240000000000001 0.63475 0.8210000000000001 0.63125 0.8146666671875 0.62825 0.7996666671875 0.62425 0.7826666671875 0.62175 0.7606666671875 0.615 0.7483333328125 0.6092500000000001 0.7323333328125 0.6 0.7183333328125 0.599 0.7086666671875 0.6002500000000001 0.671 0.6134999999999999 0.655 0.6224999999999999 0.6363333328125 0.646 0.6316666671875 0.65725 0.6283333328125 0.67075 0.6283333328125 0.68475 0.6313333328125 0.6955 0.6373333328124999 0.70775 0.645 0.71825 0.658 0.7275 0.6796666671875 0.73625 0.6966666671875 0.73875 0.7213333328125 0.73925 0.7586666671875 0.73625 0.772 0.733 0.792 0.72375 0.8066666671875 0.7112499999999999
0 0.8887856671875 0.5943925 0.9024523328124999 0.5813925 0.9124523328125 0.5681425 0.9181190000000001 0.5568925 0.919119 0.5436425 0.915119 0.5261425 0.9074523328125 0.5016425 0.8967856671875 0.48714250000000003 0.8874523328125001 0.4796425 0.874119 0.47289250000000005 0.8604523328125 0.46964249999999996 0.8257856671875 0.4653925 0.8077856671875001 0.46489250000000004 0.7944523328125 0.4671425 0.7757856671875001 0.47364249999999997 0.7564523328125 0.48414250000000003 0.7427856671875 0.49639249999999996 0.738119 0.5026425 0.7307856671875 0.5168925 0.7254523328125 0.5518925 0.7257856671875 0.5686424999999999 0.7287856671874999 0.5813925 0.7367856671874999 0.5948925 0.7447856671875 0.6048924999999999 0.7574523328125 0.6123925 0.7734523328125 0.6193925 0.7894523328124999 0.6208925 0.810119 0.6211425 0.8314523328125001 0.6186425 0.850119 0.6151424999999999 0.8674523328125 0.6073925 0.8887856671875 0.5943925
0 0.3795713328125 0.1981425 0.3955713328125 0.1931425 0.402238 0.1896425 0.41457133281249997 0.1811425 0.426238 0.1666425 0.4309046671875 0.15314250000000001 0.4315713328125 0.1351425 0.42957133281250004 0.11364250000000001 0.42390466718750003 0.0986425 0.41323800000000005 0.08164249999999999 0.40257133281249996 0.0711425 0.3939046671875 0.0656425 0.36790466718750003 0.053892499999999996 0.33957133281249996 0.0443925 0.3189046671875 0.0398925 0.304238 0.039392500000000004 0.27990466718749996 0.0446425 0.2645713328125 0.053892499999999996 0.24990466718749998 0.0696425 0.241238 0.0836425 0.2365713328125 0.09714249999999999 0.236238 0.1111425 0.23990466718749998 0.1316425 0.24157133281249998 0.1378925 0.24857133281250002 0.1526425 0.2599046671875 0.1676425 0.2719046671875 0.1791425 0.2889046671875 0.1896425 0.296238 0.1926425 0.3439046671875 0.20239250000000003 0.354238 0.2036425 0.369238 0.2026425 0.3795713328125 0.1981425
0 0.1359375 0.2328125 0.165625 0.14375
0 0.17890625 0.1078125 0.175 0.1515625
0 0.1078125 0.3609375 0.165625 0.1328125
0 0.08671875 0.80859375 0.1734375 0.1546875
0 0.8625 0.39140625 0.1828125 0.1625
0 0.31484375 0.25234375 0.1796875 0.1375
0 0.89921875 0.2578125 0.178125 0.1453125
0 0.9578125 0.5125 0.084375 0.16875
0 0.834375 0.9453125 0.2015625 0.109375