0 0.335 0.22925 0.361 0.21825 0.374 0.209 0.3783333328125 0.2045 0.3866666671875 0.1885 0.3946666671875 0.17725 0.4026666671875 0.16275 0.4066666671875 0.15075 0.40499999999999997 0.12450000000000001 0.403 0.11274999999999999 0.396 0.09725 0.3843333328125 0.08149999999999999 0.371 0.06975 0.358 0.061 0.3473333328125 0.05550000000000001 0.3283333328125 0.04875 0.318 0.04625 0.3046666671875 0.0445 0.274 0.04375 0.24900000000000003 0.0455 0.23766666718749999 0.048 0.20633333281250002 0.060250000000000005 0.1866666671875 0.07225000000000001 0.16833333281250001 0.08825 0.15 0.11299999999999999 0.14566666718750002 0.12475 0.14466666718750001 0.13274999999999998 0.145 0.15225 0.1483333328125 0.16825 0.1596666671875 0.191 0.1716666671875 0.20600000000000002 0.188 0.219 0.20800000000000002 0.2285 0.2176666671875 0.23174999999999998 0.2403333328125 0.236 0.2513333328125 0.23700000000000002 0.3153333328125 0.23349999999999999 0.3243333328125 0.23224999999999998 0.335 0.22925
0 0.398 0 0.3913333328125 0.01125 0.388 0.02525 0.3876666671875 0.03825 0.3896666671875 0.0505 0.4006666671875 0.075 0.41600000000000004 0.092 0.43533333281250003 0.10625 0.4423333328125 0.10925 0.4583333328125 0.11000000000000001 0.466 0.11499999999999999 0.47133333281249995 0.11625 0.511 0.11599999999999999 0.548 0.11725000000000001 0.5589999999999999 0.11625 0.5683333328125 0.11399999999999999 0.5953333328125 0.10325 0.6086666671875001 0.09275 0.6153333328125 0.08425 0.6256666671875 0.074 0.6396666671875 0.063 0.6516666671875 0.050249999999999996 0.6533333328125 0.0125 0.6503333328124999 0 0.5349999999999999 0 0.5309999999999999 0.0017500000000000003 0.5223333328125 0.003 0.5146666671875 0.0025 0.5046666671875 0 0.398 0
0 0.5186666671875 0.31124999999999997 0.5523333328125 0.2895 0.5773333328125 0.27825 0.5876666671875 0.26949999999999996 0.6023333328125 0.24325000000000002 0.6066666671875 0.22749999999999998 0.6086666671875001 0.205 0.6076666671875001 0.19075 0.605 0.17875000000000002 0.5986666671875 0.16299999999999998 0.5896666671874999 0.14650000000000002 0.5826666671875 0.1395 0.5740000000000001 0.134 0.5493333328125 0.12450000000000001 0.5336666671875 0.12125 0.5043333328124999 0.12025 0.4773333328125 0.12225 0.46799999999999997 0.12425 0.445 0.134 0.4326666671875 0.142 0.42133333281249996 0.14750000000000002 0.41166666718749995 0.15575 0.40433333281249995 0.1645 0.3846666671875 0.2 0.38166666718750003 0.21525 0.3803333328125 0.22549999999999998 0.38133333281250004 0.25425 0.3863333328125 0.26625 0.3956666671875 0.2765 0.40499999999999997 0.29125 0.41233333281249995 0.29825 0.4256666671875 0.3075 0.44166666718750003 0.31375000000000003 0.45466666718750004 0.3175 0.472 0.31875 0.5046666671875 0.3165 0.5186666671875 0.31124999999999997
0 0.7456666671875001 0.23650000000000002 0.771 0.22200000000000003 0.8029999999999999 0.20875 0.8130000000000001 0.20125 0.818 0.19524999999999998 0.828 0.17875000000000002 0.8333333328125001 0.16275 0.834 0.13625 0.8310000000000001 0.11525 0.819 0.09025 0.8109999999999999 0.07975 0.8006666671874999 0.06999999999999999 0.7893333328125001 0.062 0.7633333328125 0.048 0.749 0.042249999999999996 0.7333333328125 0.03775 0.7113333328125 0.034499999999999996 0.6910000000000001 0.03625 0.6616666671875 0.046 0.6416666671875 0.059750000000000004 0.6243333328125 0.0745 0.6146666671875 0.086 0.6063333328125 0.10124999999999999 0.6026666671875 0.1145 0.5996666671875001 0.14225000000000002 0.5993333328125 0.15275 0.608 0.19025 0.6126666671875001 0.20325000000000001 0.6166666671875001 0.20875 0.6323333328125 0.22200000000000003 0.6473333328125 0.23075 0.6593333328125001 0.23500000000000001 0.6823333328125 0.2405 0.6933333328125 0.24175 0.7226666671875 0.2415 0.733 0.24 0.7456666671875001 0.23650000000000002
0 0.8993333328125 0.39275000000000004 0.9166666671874999 0.38625 0.9236666671875 0.37875000000000003 0.9303333328125 0.3745 0.9359999999999999 0.365 0.944 0.35625 0.9503333328125001 0.32975 0.951 0.318 0.9506666671874999 0.28925 0.9486666671874999 0.279 0.944 0.26725 0.9400000000000001 0.25975000000000004 0.9276666671875 0.24275000000000002 0.9133333328125 0.22925 0.899 0.21974999999999997 0.874 0.20825 0.861 0.20675 0.8463333328125 0.207 0.7983333328125 0.21075 0.7853333328125001 0.21375000000000002 0.7693333328125 0.22075 0.7536666671875001 0.231 0.7406666671875 0.24525000000000002 0.7263333328125 0.26749999999999996 0.7223333328125 0.27875 0.7203333328125 0.29175 0.7186666671874999 0.318 0.7206666671875 0.3285 0.7453333328125 0.3735 0.7506666671875 0.37975 0.756 0.38375 0.7843333328125001 0.39525 0.8216666671875 0.40325 0.8436666671875 0.40625 0.8593333328125 0.40549999999999997 0.881 0.40075000000000005 0.892 0.3975 0.8993333328125 0.39275000000000004
0 0.6696666671875 0.45099999999999996 0.6846666671875 0.44699999999999995 0.6946666671874999 0.44275000000000003 0.7036666671875 0.4365 0.712 0.4285 0.7286666671875001 0.42000000000000004 0.7403333328125 0.41125 0.7463333328124999 0.404 0.7496666671875001 0.394 0.7496666671875001 0.38 0.7436666671875 0.36575 0.7276666671875 0.33999999999999997 0.7066666671874999 0.3135 0.6940000000000001 0.30225 0.6726666671875 0.288 0.646 0.27799999999999997 0.6326666671875001 0.27549999999999997 0.6053333328125 0.27425 0.5820000000000001 0.2765 0.5636666671875 0.2815 0.5453333328125 0.29075 0.5273333328125 0.3035 0.517 0.31225 0.511 0.319 0.49800000000000005 0.34125 0.49366666718749996 0.35275 0.4926666671875 0.36025 0.49233333281249997 0.36724999999999997 0.4943333328125 0.37875000000000003 0.5033333328125 0.40025000000000005 0.5143333328125 0.41574999999999995 0.529 0.4285 0.562 0.45025000000000004 0.5803333328125 0.457 0.5900000000000001 0.45949999999999996 0.6176666671875 0.46375 0.629 0.46399999999999997 0.6366666671875 0.46275000000000005 0.6696666671875 0.45099999999999996
0 0.29300000000000004 0.41425 0.327 0.421 0.3413333328125 0.4185 0.3486666671875 0.41325 0.38533333281250004 0.39375 0.40133333281250005 0.38125 0.4056666671875 0.3745 0.413 0.35724999999999996 0.41733333281249996 0.34225 0.417 0.32725 0.41166666718749995 0.3055 0.40499999999999997 0.28925 0.3943333328125 0.27375 0.3776666671875 0.259 0.3603333328125 0.24925000000000003 0.33999999999999997 0.24175 0.32999999999999996 0.23900000000000002 0.3183333328125 0.23725000000000002 0.2883333328125 0.23700000000000002 0.2656666671875 0.24 0.2416666671875 0.2465 0.22599999999999998 0.2545 0.2096666671875 0.26525 0.197 0.27799999999999997 0.1876666671875 0.29025 0.1806666671875 0.3055 0.177 0.32375 0.177 0.3415 0.18 0.35550000000000004 0.1856666671875 0.37 0.1963333328125 0.3855 0.2033333328125 0.39125 0.21033333281250002 0.39925 0.223 0.40875000000000006 0.2476666671875 0.41624999999999995 0.26433333281250004 0.41974999999999996 0.2773333328125 0.41875 0.28900000000000003 0.41425 0.29300000000000004 0.41425
0 0 0.44125 0.007666667187499999 0.44575 0.0366666671875 0.45549999999999996 0.0636666671875 0.4615 0.074 0.46175 0.08 0.45899999999999996 0.1076666671875 0.438 0.1246666671875 0.429 0.1403333328125 0.42374999999999996 0.16699999999999998 0.4185 0.17366666718749998 0.41600000000000004 0.178 0.41275000000000006 0.1843333328125 0.40499999999999997 0.1886666671875 0.39175 0.1896666671875 0.38025000000000003 0.1856666671875 0.36625 0.179 0.35325 0.16933333281250001 0.32825000000000004 0.1603333328125 0.3145 0.1473333328125 0.3015 0.1256666671875 0.2885 0.0943333328125 0.27775 0.0773333328125 0.274 0.0653333328125 0.27275 0.05 0.27275 0.03 0.2745 0.014333332812499999 0.27775 0.001 0.282 0 0.28250000000000003 0 0.33525 0.01 0.34075 0.0106666671875 0.3465 0.009 0.35575 0 0.36775 0 0.44125
0 0.254 0.5900000000000001 0.2686666671875 0.5860000000000001 0.2916666671875 0.5730000000000001 0.3046666671875 0.5589999999999999 0.31466666718749997 0.54425 0.3223333328125 0.5295 0.3273333328125 0.50925 0.3283333328125 0.484 0.32566666718750004 0.46475 0.3203333328125 0.45225 0.3086666671875 0.44025 0.29133333281249996 0.429 0.2783333328125 0.42374999999999996 0.2423333328125 0.4145 0.229 0.41275000000000006 0.1826666671875 0.41425 0.1673333328125 0.41600000000000004 0.1476666671875 0.41974999999999996 0.128 0.42525 0.12 0.42874999999999996 0.099 0.441 0.0843333328125 0.4535 0.0726666671875 0.466 0.058333332812500006 0.49124999999999996 0.0543333328125 0.5075000000000001 0.0546666671875 0.5295 0.061 0.5445 0.073 0.5585 0.0913333328125 0.57575 0.0993333328125 0.5862499999999999 0.1136666671875 0.5955 0.1396666671875 0.6012500000000001 0.1593333328125 0.6035 0.1673333328125 0.6035 0.1903333328125 0.6005 0.24 0.59675 0.254 0.5900000000000001
0 0.491 0.54 0.5056666671875 0.5377500000000001 0.5203333328124999 0.5325 0.5363333328125 0.522 0.548 0.50925 0.5559999999999999 0.49400000000000005 0.5599999999999999 0.48 0.561 0.46525 0.5589999999999999 0.45499999999999996 0.5516666671875 0.44225000000000003 0.5433333328125001 0.43574999999999997 0.522 0.42300000000000004 0.489 0.40025000000000005 0.47366666718749995 0.391 0.4646666671875 0.387 0.4463333328125 0.38225 0.42833333281249997 0.381 0.414 0.38325 0.4016666671875 0.38675000000000004 0.3776666671875 0.398 0.3536666671875 0.4125 0.3403333328125 0.42374999999999996 0.3343333328125 0.43125 0.3273333328125 0.44775 0.3263333328125 0.46275000000000005 0.3283333328125 0.481 0.3283333328125 0.49625 0.3313333328125 0.509 0.33799999999999997 0.516 0.357 0.5315000000000001 0.368 0.53625 0.3896666671875 0.54075 0.40700000000000003 0.54325 0.4216666671875 0.544 0.44266666718750003 0.542 0.491 0.54
0 0.787 0.6144999999999999 0.7929999999999999 0.6092500000000001 0.7933333328125001 0.6042500000000001 0.7873333328125 0.57225 0.788 0.55775 0.7906666671875 0.5455 0.7966666671875 0.52975 0.8013333328125001 0.52225 0.8150000000000001 0.50625 0.8276666671875 0.496 0.829 0.49175 0.8193333328125 0.47824999999999995 0.8053333328125 0.46699999999999997 0.799 0.46349999999999997 0.7733333328125 0.45325 0.734 0.445 0.6950000000000001 0.44375 0.673 0.44800000000000006 0.658 0.453 0.6426666671875 0.45949999999999996 0.6296666671875 0.46825 0.6173333328124999 0.479 0.604 0.49450000000000005 0.5946666671874999 0.5117499999999999 0.5906666671874999 0.5287499999999999 0.5906666671874999 0.55425 0.5946666671874999 0.57075 0.6083333328125 0.595 0.619 0.60725 0.6273333328125 0.61375 0.6433333328125 0.62275 0.6716666671875 0.632 0.686 0.634 0.7353333328125 0.63525 0.7453333328125 0.63325 0.7736666671875 0.62175 0.787 0.6144999999999999
0 1 0.48 0.9793333328125 0.47450000000000003 0.9630000000000001 0.46875 0.9490000000000001 0.46725000000000005 0.9339999999999999 0.46675000000000005 0.9003333328125 0.46849999999999997 0.8859999999999999 0.47225 0.8333333328125001 0.49275 0.8099999999999999 0.5065000000000001 0.795 0.5275000000000001 0.79 0.54525 0.7896666671875 0.56925 0.7946666671875 0.60575 0.7976666671875 0.616 0.806 0.636 0.819 0.65525 0.8230000000000001 0.6599999999999999 0.8373333328125 0.67225 0.8506666671875 0.68025 0.859 0.68675 0.8796666671875 0.69625 0.8913333328125 0.6995 0.9096666671875001 0.7025 0.959 0.708 0.9710000000000001 0.70675 1 0.70075 1 0.48
0 0.4676666671875 0.7264999999999999 0.48166666718749995 0.7255 0.497 0.72175 0.5266666671875 0.70925 0.536 0.70225 0.5473333328125001 0.69675 0.5586666671875 0.68675 0.572 0.66975 0.577 0.65675 0.5806666671875 0.634 0.5803333328125 0.6195 0.5783333328125 0.60875 0.567 0.58475 0.5566666671875 0.57125 0.5443333328125 0.5627500000000001 0.532 0.5559999999999999 0.5183333328125 0.55325 0.49533333281249997 0.5507500000000001 0.44299999999999995 0.55025 0.40499999999999997 0.55425 0.38166666718750003 0.5675 0.37733333281250003 0.571 0.3736666671875 0.57625 0.36666666718749996 0.58125 0.3543333328125 0.6002500000000001 0.3513333328125 0.60875 0.352 0.64675 0.3593333328125 0.6839999999999999 0.3633333328125 0.696 0.3723333328125 0.71025 0.3866666671875 0.7252500000000001 0.3913333328125 0.72875 0.4046666671875 0.734 0.42766666718749996 0.736 0.442 0.73575 0.44733333281250004 0.7342500000000001 0.458 0.7285 0.4676666671875 0.7264999999999999
0 0.312 0.76025 0.329 0.75075 0.33599999999999997 0.745 0.3506666671875 0.7264999999999999 0.3593333328125 0.70875 0.3593333328125 0.6950000000000001 0.3553333328125 0.67325 0.348 0.6447499999999999 0.3423333328125 0.6305 0.3323333328125 0.6214999999999999 0.31266666718749997 0.6105 0.30533333281249997 0.605 0.2876666671875 0.6 0.2673333328125 0.59925 0.233 0.607 0.17466666718749999 0.61275 0.1616666671875 0.6155 0.145 0.62825 0.133 0.6407499999999999 0.11233333281249999 0.66975 0.1086666671875 0.68125 0.10833333281249999 0.6965 0.1126666671875 0.7162499999999999 0.12166666718750001 0.735 0.135 0.7537499999999999 0.142 0.7595 0.1636666671875 0.771 0.189 0.7805 0.2013333328125 0.783 0.2286666671875 0.782 0.26233333281250004 0.7775000000000001 0.2906666671875 0.76925 0.312 0.76025
0 0.6826666671875 0.8547499999999999 0.6963333328125 0.84575 0.705 0.8365 0.7143333328125 0.8227499999999999 0.7193333328125 0.8085000000000001 0.721 0.7975 0.7206666671875 0.7887500000000001 0.717 0.774 0.6943333328125 0.728 0.6883333328125001 0.71875 0.6716666671875 0.706 0.6483333328125 0.69425 0.6083333328125 0.68525 0.5940000000000001 0.68525 0.577 0.6875 0.5693333328125 0.689 0.5583333328125 0.693 0.491 0.7304999999999999 0.4843333328125 0.73575 0.4766666671875 0.7457499999999999 0.46966666718749994 0.7595 0.465 0.779 0.4653333328125 0.7965 0.47066666718750005 0.8099999999999999 0.4806666671875 0.825 0.503 0.8484999999999999 0.5173333328124999 0.85925 0.5266666671875 0.8644999999999999 0.5436666671875 0.8702500000000001 0.5700000000000001 0.87575 0.5913333328125 0.8772500000000001 0.609 0.876 0.6599999999999999 0.8632500000000001 0.6826666671875 0.8547499999999999
0 0.38933333281250004 0.9179999999999999 0.41 0.9097500000000001 0.42133333281249996 0.9057499999999999 0.4443333328125 0.90025 0.45466666718750004 0.8965 0.45899999999999996 0.8942500000000001 0.46900000000000003 0.88575 0.47866666718750006 0.875 0.483 0.866 0.48733333281249996 0.8477499999999999 0.4863333328125 0.83575 0.48 0.8225 0.47066666718750005 0.8087500000000001 0.4563333328125 0.7715 0.4493333328125 0.76375 0.43600000000000005 0.7537499999999999 0.41733333281249996 0.74425 0.40533333281250006 0.74075 0.37966666718750003 0.7375 0.3673333328125 0.73775 0.3536666671875 0.74025 0.344 0.74375 0.3326666671875 0.7505 0.3183333328125 0.75725 0.266 0.7775000000000001 0.2556666671875 0.784 0.25 0.78975 0.2396666671875 0.8095000000000001 0.2383333328125 0.81775 0.2383333328125 0.8474999999999999 0.2403333328125 0.8595 0.2456666671875 0.876 0.2526666671875 0.8869999999999999 0.266 0.9022500000000001 0.2873333328125 0.9172499999999999 0.306 0.9257500000000001 0.32799999999999996 0.9317500000000001 0.3393333328125 0.9332499999999999 0.3516666671875 0.9332499999999999 0.365 0.931 0.38933333281250004 0.9179999999999999
0 0 0.93225 0.0096666671875 0.94025 0.0193333328125 0.9455 0.025333332812499998 0.9502499999999999 0.038 0.9555 0.05 0.959 0.0716666671875 0.9635 0.0846666671875 0.9650000000000001 0.10300000000000001 0.9652499999999999 0.1266666671875 0.96175 0.151 0.96075 0.1656666671875 0.9570000000000001 0.1776666671875 0.952 0.186 0.9460000000000001 0.19966666718749998 0.9385 0.2156666671875 0.9252499999999999 0.22833333281249998 0.9102499999999999 0.23500000000000001 0.90025 0.24 0.88575 0.24100000000000002 0.8720000000000001 0.2366666671875 0.84825 0.23533333281250002 0.8225 0.23199999999999998 0.80975 0.22833333281249998 0.80325 0.22033333281249998 0.7935 0.2106666671875 0.78625 0.197 0.7805 0.178 0.7745 0.1396666671875 0.75675 0.1223333328125 0.7537499999999999 0.101 0.753 0.0773333328125 0.75725 0.061333332812499995 0.76525 0.049333332812500005 0.769 0.038333332812499996 0.7765 0.0206666671875 0.78425 0.0006666671875 0.7967500000000001 0 0.859 0.0073333328125 0.85775 0.013333332812500001 0.858 0.0163333328125 0.8615 0.0163333328125 0.86775 0.013000000000000001 0.883 0.0103333328125 0.885 0 0.8852499999999999 0 0.93225