0 1 0.17250000000000001 0.976875 0.155 0.9637499999999999 0.1641666671875 0.9800000000000001 0.1991666671875 0.9650000000000001 0.21916666718750002 0.9574999999999999 0.25916666718750003 0.9712500000000001 0.3241666671875 0.9775 0.5341666671875 1 0.6791666671875001 1 0.17250000000000001
0 0.9512499999999999 0.2208333328125 0.9625 0.1541666671875 0.959375 0.145 0.953125 0.145 0.9337500000000001 0.17250000000000001 0.9037499999999999 0.2658333328125 0.909375 0.2783333328125 0.9262499999999999 0.2925 0.9349999999999999 0.3241666671875 0.9425000000000001 0.4725 0.9425000000000001 0.6091666671875 0.93125 0.7058333328125 0.9225 0.7375 0.89875 0.7541666671875 0.8949999999999999 0.7808333328125 0.9 0.7908333328125 0.8862500000000001 0.8525 0.899375 0.8533333328125 0.906875 0.8616666671875001 0.9193749999999999 0.85 0.929375 0.8533333328125 0.934375 0.8416666671874999 0.9418749999999999 0.8533333328125 0.945625 0.8400000000000001 0.9625 0.8625 0.978125 0.8166666671874999 0.985625 0.8166666671874999 0.999375 0.8383333328125 1 0.8141666671875001 0.97625 0.7491666671874999 0.99125 0.6591666671875 0.9724999999999999 0.5291666671875 0.96875 0.31416666718749997 0.9525 0.2475 0.9512499999999999 0.2208333328125
0 0.8631249999999999 0.11499999999999999 0.8618750000000001 0.1233333328125 0.8550000000000001 0.12250000000000001 0.85 0.1525 0.8612500000000001 0.1608333328125 0.8775000000000001 0.2808333328125 0.8925000000000001 0.2908333328125 0.9075 0.3391666671875 0.9037499999999999 0.5608333328125 0.8887499999999999 0.7375 0.8931250000000001 0.7433333328125 0.9125 0.7441666671875 0.9199999999999999 0.7391666671875 0.93125 0.7025 0.9425000000000001 0.6041666671875 0.93625 0.34249999999999997 0.925 0.2908333328125 0.9 0.26749999999999996 0.89875 0.2475 0.89125 0.22916666718749998 0.89 0.1891666671875 0.8631249999999999 0.11499999999999999
0 0.8556250000000001 0.175 0.838125 0.175 0.8162499999999999 0.1875 0.81875 0.2225 0.81375 0.2491666671875 0.82 0.2625 0.80625 0.31916666718750003 0.8099999999999999 0.6825 0.8175000000000001 0.7991666671875 0.8225 0.8141666671875001 0.840625 0.8316666671874999 0.8525 0.8308333328125 0.8887499999999999 0.7224999999999999 0.9025000000000001 0.5591666671875 0.9075 0.3541666671875 0.9 0.30416666718749996 0.891875 0.29333333281249996 0.8793749999999999 0.2916666671875 0.8712500000000001 0.2658333328125 0.8724999999999999 0.2475 0.8625 0.18416666718750002 0.8556250000000001 0.175
0 0.705 0.3241666671875 0.70875 0.6041666671875 0.7212500000000001 0.7175 0.745 0.7775000000000001 0.7625 0.7825 0.77625 0.7708333328125 0.79125 0.7158333328125 0.79 0.31083333281250003 0.77 0.2725 0.7625 0.20750000000000002 0.744375 0.1866666671875 0.73 0.20249999999999999 0.7224999999999999 0.2875 0.7112499999999999 0.2958333328125 0.705 0.3241666671875
0 0.625 0.0375 0.6131249999999999 0.0216666671875 0.61 0.0375 0.6025 0.042499999999999996 0.61 0.0491666671875 0.6 0.0475 0.6012500000000001 0.0591666671875 0.5962500000000001 0.057499999999999996 0.585 0.1158333328125 0.57875 0.1275 0.56875 0.1941666671875 0.55125 0.2508333328125 0.55 0.2975 0.58 0.5458333328125 0.60375 0.6708333328125 0.62625 0.7291666671875 0.65 0.7341666671875 0.6725 0.7208333328125 0.67875 0.6908333328125 0.6799999999999999 0.5758333328125 0.65625 0.2941666671875 0.64375 0.2208333328125 0.62375 0.1891666671875 0.6287499999999999 0.17916666718750002 0.6174999999999999 0.1325 0.62375 0.1008333328125 0.625 0.0375
0 0.41937499999999994 0.1183333328125 0.41875 0.1541666671875 0.45375 0.2425 0.45999999999999996 0.28250000000000003 0.47750000000000004 0.4841666671875 0.48125 0.6058333328125001 0.48875 0.6608333328125 0.50625 0.7208333328125 0.5131249999999999 0.7283333328125 0.54 0.7325 0.55 0.7191666671875 0.55 0.6908333328125 0.57625 0.6841666671875 0.585 0.6358333328125 0.58 0.5491666671875 0.54875 0.3258333328125 0.52625 0.2725 0.50625 0.2575 0.45999999999999996 0.1708333328125 0.41937499999999994 0.1183333328125
0 0.365625 0.0216666671875 0.356875 0.025 0.34562499999999996 0.015 0.33125 0.0258333328125 0.32875 0.0491666671875 0.3525 0.0958333328125 0.3525 0.11416666718749999 0.32375 0.2058333328125 0.32875 0.20750000000000002 0.34125 0.1575 0.35125 0.1508333328125 0.356875 0.1183333328125 0.365 0.17916666718750002 0.35750000000000004 0.2058333328125 0.34625 0.2225 0.33875 0.2841666671875 0.37124999999999997 0.5974999999999999 0.38375 0.6541666671875 0.39249999999999996 0.6641666671875 0.4175 0.7275 0.43499999999999994 0.7391666671875 0.46624999999999994 0.6525000000000001 0.475 0.5958333328125 0.475 0.48250000000000004 0.45999999999999996 0.2975 0.45125000000000004 0.2408333328125 0.44375 0.2208333328125 0.40875000000000006 0.17250000000000001 0.38375 0.0791666671875 0.38125 0.052500000000000005 0.365625 0.0216666671875
0 0.325 0.30583333281249997 0.31375000000000003 0.2208333328125 0.305 0.1941666671875 0.28250000000000003 0.17250000000000001 0.24625 0.0841666671875 0.23562500000000003 0.075 0.224375 0.075 0.22125 0.0941666671875 0.22749999999999998 0.11916666718749999 0.22625 0.1358333328125 0.20625 0.1925 0.2 0.2491666671875 0.21000000000000002 0.5158333328125 0.22000000000000003 0.5974999999999999 0.22875 0.6125 0.22000000000000003 0.6275000000000001 0.22125 0.6391666671875 0.25375000000000003 0.7175 0.25875 0.7641666671875 0.2725 0.7925 0.27625 0.7741666671874999 0.2725 0.7691666671874999 0.27999999999999997 0.7675 0.28125 0.7458333328125 0.29500000000000004 0.7458333328125 0.2925 0.7208333328125 0.31375000000000003 0.6441666671874999 0.32625000000000004 0.5608333328125 0.32875 0.3958333328125 0.325 0.30583333281249997
0 0 0.5041666671875 0.005 0.5058333328125 0.023125 0.49833333281250003 0.06875 0.4458333328125 0.10124999999999999 0.3791666671875 0.12 0.3541666671875 0.14125000000000001 0.2841666671875 0.15437499999999998 0.2783333328125 0.15812500000000002 0.2666666671875 0.171875 0.2783333328125 0.19624999999999998 0.2375 0.21749999999999997 0.14750000000000002 0.2225 0.1125 0.22000000000000003 0.0775 0.22749999999999998 0.0691666671875 0.2325 0.0458333328125 0.2325 0.030833332812499996 0.21812499999999999 0.005 0.21125 0.0075 0.20125 0.057499999999999996 0.185 0.0875 0.173125 0.10166666718749999 0.15687500000000001 0.10500000000000001 0.128125 0.13 0.0325 0.2891666671875 0.020624999999999998 0.2916666671875 0.01625 0.31083333281250003 0.00375 0.3225 0 0.3441666671875 0 0.5041666671875
0 0.16375 0.3158333328125 0.16375 0.2725 0.159375 0.2683333328125 0.15437499999999998 0.2816666671875 0.145625 0.27999999999999997 0.14125000000000001 0.2875 0.12125 0.3625 0.10500000000000001 0.3775 0.09125 0.4125 0.08 0.47416666718749995 0.0775 0.5341666671875 0.08625000000000001 0.6541666671875 0.10874999999999999 0.7691666671874999 0.13374999999999998 0.8525 0.153125 0.8866666671875001 0.17375000000000002 0.8975 0.185 0.8708333328125001 0.1925 0.8091666671875 0.195 0.6691666671875 0.1875 0.5808333328125 0.195 0.5025000000000001 0.18625 0.4258333328125 0.17375000000000002 0.4025 0.17124999999999999 0.3858333328125 0.15875 0.3691666671875 0.16375 0.3158333328125