0 0.16583333281249998 0.6592039796875 0.1591666671875 0.6641791046875001 0.155 0.670398009375 0.155 0.6878109453125 0.1566666671875 0.6902985078125 0.1566666671875 0.69527363125 0.16 0.70522388125 0.16583333281249998 0.7139303484374999 0.17333333281250002 0.7126865671875 0.17916666718750002 0.7114427859375 0.18416666718750002 0.7064676609375 0.1891666671875 0.7064676609375 0.195 0.69527363125 0.195 0.6853233828125 0.1933333328125 0.6828358203125 0.1933333328125 0.6778606968750001 0.1825 0.6616915421875 0.17916666718750002 0.6592039796875 0.16583333281249998 0.6592039796875
0 0.0908333328125 0.5970149250000001 0.0883333328125 0.60572139375 0.0933333328125 0.6106965171875001 0.0933333328125 0.6131840796875 0.0983333328125 0.620646765625 0.0983333328125 0.623134328125 0.1041666671875 0.6318407953125 0.1108333328125 0.6368159203125 0.12166666718750001 0.6355721390625 0.1258333328125 0.6343283578125 0.135 0.6156716421875 0.135 0.60572139375 0.13333333281249998 0.6032338312500001 0.13333333281249998 0.59825870625 0.1241666671875 0.5845771140625 0.11750000000000001 0.579601990625 0.1058333328125 0.579601990625 0.1008333328125 0.5895522390625 0.0908333328125 0.5970149250000001
0 0.05500000000000001 0.5907960203125 0.05500000000000001 0.6032338312500001 0.058333332812500006 0.6082089546875 0.058333332812500006 0.6106965171875001 0.060833332812499995 0.6144278609375 0.0625 0.6144278609375 0.075 0.6330845765625 0.0758333328125 0.6368159203125 0.08 0.6355721390625 0.0816666671875 0.625621890625 0.08333333281250001 0.623134328125 0.08333333281250001 0.60572139375 0.0816666671875 0.6032338312500001 0.08 0.5932835828125 0.07083333281250001 0.5820895515625 0.0675 0.5820895515625 0.0658333328125 0.579601990625 0.0591666671875 0.5820895515625 0.05500000000000001 0.5907960203125
0 0.0491666671875 0.6318407953125 0.0433333328125 0.6430348265625 0.0433333328125 0.64800995 0.0416666671875 0.6504975125 0.0416666671875 0.6654228859375 0.0433333328125 0.670398009375 0.0458333328125 0.6716417906250001 0.055833332812500004 0.6865671640625 0.0625 0.6915422890625 0.065 0.6902985078125 0.0675 0.6890547265625 0.06999999999999999 0.6828358203125 0.0716666671875 0.6529850749999999 0.06999999999999999 0.6504975125 0.06999999999999999 0.6455223875 0.0666666671875 0.6355721390625 0.0625 0.629353234375 0.057499999999999996 0.629353234375 0.055833332812500004 0.626865671875 0.0491666671875 0.6318407953125
0 0.034999999999999996 0.670398009375 0.04 0.6654228859375 0.04 0.6455223875 0.0358333328125 0.6393034828124999 0.0325 0.6368159203125 0.0208333328125 0.6368159203125 0.0116666671875 0.6455223875 0.01 0.6504975125 0.0108333328125 0.6616915421875 0.0225 0.6716417906250001 0.034999999999999996 0.670398009375
0 0.0908333328125 0.6592039796875 0.0958333328125 0.6641791046875001 0.1 0.6629353234375001 0.10166666718749999 0.6604477609375 0.10166666718749999 0.6355721390625 0.0941666671875 0.621890546875 0.0875 0.619402984375 0.0816666671875 0.628109453125 0.0816666671875 0.6330845765625 0.08 0.6355721390625 0.0816666671875 0.64800995 0.0875 0.6592039796875 0.0908333328125 0.6592039796875
0 0.0858333328125 0.6616915421875 0.0808333328125 0.6616915421875 0.0783333328125 0.6654228859375 0.0783333328125 0.670398009375 0.07666666718750001 0.672885571875 0.07666666718750001 0.6778606968750001 0.0733333328125 0.6878109453125 0.075 0.7077114421874999 0.0841666671875 0.7238805968750001 0.0916666671875 0.722636815625 0.0941666671875 0.721393034375 0.10333333281249998 0.7077114421874999 0.10500000000000001 0.70273631875 0.10333333281249998 0.69776119375 0.10333333281249998 0.6828358203125 0.1 0.675373134375 0.1 0.670398009375 0.0975 0.6666666671875 0.0908333328125 0.6666666671875 0.0858333328125 0.6616915421875
0 0.1308333328125 0.64427860625 0.1275 0.6417910453125 0.11416666718749999 0.6393034828124999 0.11000000000000001 0.6455223875 0.11000000000000001 0.672885571875 0.1116666671875 0.675373134375 0.1116666671875 0.6828358203125 0.1208333328125 0.7014925375 0.12250000000000001 0.7014925375 0.1258333328125 0.7064676609375 0.12833333281249998 0.70522388125 0.14416666718749999 0.7039801 0.14666666718750002 0.7002487562499999 0.14666666718750002 0.69527363125 0.1483333328125 0.6927860703125 0.14666666718750002 0.6878109453125 0.14666666718750002 0.680348259375 0.145 0.6778606968750001 0.145 0.672885571875 0.1416666671875 0.6629353234375001 0.1308333328125 0.64427860625
0 0.10333333281249998 0.75 0.10333333281249998 0.7649253734375 0.10500000000000001 0.7674129359374999 0.10500000000000001 0.772388059375 0.1108333328125 0.781094528125 0.11750000000000001 0.7835820890625 0.11916666718749999 0.7860696515625001 0.1233333328125 0.7848258703125001 0.13 0.777363184375 0.1316666671875 0.7574626859375 0.13 0.754975125 0.13 0.75 0.12833333281249998 0.7475124375 0.1266666671875 0.7375621890625 0.1208333328125 0.728855721875 0.1158333328125 0.728855721875 0.1066666671875 0.7400497515625 0.10333333281249998 0.75
0 0.13333333281249998 0.75 0.1408333328125 0.7611940296874999 0.14666666718750002 0.7599502484375 0.14666666718750002 0.75 0.1483333328125 0.7475124375 0.1483333328125 0.7425373140625 0.1533333328125 0.7325870640625001 0.1533333328125 0.7176616921875001 0.14750000000000002 0.7114427859375 0.1308333328125 0.7114427859375 0.1275 0.7139303484374999 0.1266666671875 0.730099503125 0.13333333281249998 0.75
0 0.1866666671875 0.7176616921875001 0.1866666671875 0.722636815625 0.185 0.7251243781250001 0.185 0.745024875 0.1866666671875 0.7475124375 0.1883333328125 0.7599502484375 0.1941666671875 0.7761194031249999 0.1975 0.778606965625 0.2066666671875 0.777363184375 0.21000000000000002 0.772388059375 0.2133333328125 0.7624378109375 0.2133333328125 0.7574626859375 0.215 0.754975125 0.2133333328125 0.7400497515625 0.2116666671875 0.7350746265625 0.2008333328125 0.718905471875 0.1941666671875 0.7139303484374999 0.1891666671875 0.7139303484374999 0.1866666671875 0.7176616921875001
0 0.12 0.8246268656250001 0.1166666671875 0.8370646765625 0.1166666671875 0.8843283578125 0.1183333328125 0.8868159203125 0.1183333328125 0.8917910453125 0.1241666671875 0.9004975125 0.1275 0.9004975125 0.1375 0.9104477609374999 0.1433333328125 0.9092039796875 0.1583333328125 0.8843283578125 0.1583333328125 0.876865671875 0.16 0.874378109375 0.16 0.8470149250000001 0.1583333328125 0.8420398015625 0.1541666671875 0.8383084578125001 0.14416666718749999 0.8358208953125 0.1308333328125 0.8184079609375001 0.1258333328125 0.8184079609375001 0.12 0.8246268656250001
0 0.08333333281250001 0.8420398015625 0.0816666671875 0.8445273625 0.0816666671875 0.8544776125 0.08 0.8569651734375 0.08 0.8917910453125 0.0816666671875 0.89427860625 0.0816666671875 0.89925373125 0.08499999999999999 0.9067164171875 0.08499999999999999 0.9116915421874999 0.0875 0.9154228859375 0.095 0.9141791046875 0.1066666671875 0.8967661687499999 0.1116666671875 0.8818407953125 0.1116666671875 0.8470149250000001 0.10833333281249999 0.8370646765625 0.1041666671875 0.8308457718750001 0.0991666671875 0.8308457718750001 0.0975 0.828358209375 0.0875 0.8308457718750001 0.08333333281250001 0.8370646765625 0.08333333281250001 0.8420398015625
0 0.05500000000000001 0.745024875 0.0566666671875 0.75 0.0658333328125 0.7636815921875 0.0725 0.7661691546875 0.07416666718750001 0.7686567171875 0.0775 0.7686567171875 0.0791666671875 0.771144278125 0.08 0.769900496875 0.08499999999999999 0.7599502484375 0.08499999999999999 0.745024875 0.08333333281250001 0.7425373140625 0.0816666671875 0.730099503125 0.0758333328125 0.721393034375 0.0725 0.721393034375 0.07083333281250001 0.718905471875 0.0625 0.721393034375 0.05500000000000001 0.7350746265625 0.05500000000000001 0.745024875
0 0.25916666718750003 0.579601990625 0.2558333328125 0.579601990625 0.2483333328125 0.5883084578125 0.24500000000000002 0.59825870625 0.24500000000000002 0.6032338312500001 0.2383333328125 0.6156716421875 0.23500000000000001 0.628109453125 0.2391666671875 0.6368159203125 0.2491666671875 0.6393034828124999 0.25916666718750003 0.64925373125 0.2658333328125 0.64925373125 0.26749999999999996 0.65174129375 0.275 0.6504975125 0.28250000000000003 0.6467661687499999 0.29 0.6355721390625 0.29333333281249996 0.625621890625 0.29333333281249996 0.6032338312500001 0.29 0.5932835828125 0.28250000000000003 0.5820895515625 0.2725 0.579601990625 0.2708333328125 0.577114428125 0.2608333328125 0.577114428125 0.25916666718750003 0.579601990625
0 0.2758333328125 0.65174129375 0.2608333328125 0.64925373125 0.25666666718750003 0.6554726375000001 0.25 0.6778606968750001 0.25 0.6927860703125 0.25166666718749997 0.69527363125 0.25166666718749997 0.70522388125 0.2533333328125 0.7077114421874999 0.2533333328125 0.7126865671875 0.2575 0.718905471875 0.2766666671875 0.7176616921875001 0.28250000000000003 0.7139303484374999 0.2908333328125 0.7014925375 0.2925 0.7014925375 0.2983333328125 0.6927860703125 0.30333333281249997 0.680348259375 0.30333333281249997 0.6604477609375 0.3 0.6504975125 0.2925 0.6417910453125 0.2875 0.6417910453125 0.2758333328125 0.65174129375
0 0.2983333328125 0.630597015625 0.3075 0.6417910453125 0.3166666671875 0.6405472640625 0.31916666718750003 0.6393034828124999 0.3266666671875 0.628109453125 0.3266666671875 0.6032338312500001 0.3241666671875 0.5995024875 0.32083333281250004 0.5995024875 0.31916666718750003 0.5970149250000001 0.3075 0.5970149250000001 0.30416666718749996 0.5995024875 0.2983333328125 0.6106965171875001 0.2983333328125 0.630597015625
0 0.3091666671875 0.6417910453125 0.3066666671875 0.6455223875 0.3066666671875 0.6654228859375 0.305 0.6679104484375 0.305 0.672885571875 0.31083333281250003 0.6815920390625 0.3225 0.6915422890625 0.3266666671875 0.6902985078125 0.3341666671875 0.6890547265625 0.3416666671875 0.6778606968750001 0.34500000000000003 0.6679104484375 0.34500000000000003 0.6579601984375001 0.3416666671875 0.64800995 0.3308333328125 0.6318407953125 0.3275 0.629353234375 0.31916666718750003 0.6393034828124999 0.3158333328125 0.6417910453125 0.3091666671875 0.6417910453125
0 0.3408333328125 0.5870646765624999 0.3333333328125 0.59825870625 0.3333333328125 0.60572139375 0.33166666718750004 0.6082089546875 0.3333333328125 0.625621890625 0.3366666671875 0.6355721390625 0.3441666671875 0.65174129375 0.3541666671875 0.6592039796875 0.3591666671875 0.6592039796875 0.3608333328125 0.6616915421875 0.3716666671875 0.6604477609375 0.3775 0.6567164171875 0.385 0.6405472640625 0.385 0.628109453125 0.3783333328125 0.6032338312500001 0.36583333281249997 0.5845771140625 0.3625 0.5820895515625 0.3525 0.5820895515625 0.3508333328125 0.5845771140625 0.3441666671875 0.5845771140625 0.3408333328125 0.5870646765624999
0 0.3525 0.5099502484375 0.34249999999999997 0.5099502484375 0.3408333328125 0.5124378109375 0.3375 0.5124378109375 0.3366666671875 0.5161691546875 0.3341666671875 0.5174129359374999 0.32999999999999996 0.5261194031249999 0.32999999999999996 0.531094528125 0.3266666671875 0.5410447765625 0.3266666671875 0.55597015 0.32999999999999996 0.5659203984375 0.32999999999999996 0.575870646875 0.3341666671875 0.5820895515625 0.35 0.580845771875 0.3541666671875 0.579601990625 0.3633333328125 0.570895521875 0.3633333328125 0.5659203984375 0.36666666718749996 0.55597015 0.36666666718749996 0.5360696515625001 0.365 0.5335820890625 0.365 0.528606965625 0.3616666671875 0.5186567171875 0.3591666671875 0.5149253734375 0.3525 0.5099502484375
0 0.31083333281250003 0.5398009953125 0.3091666671875 0.5373134328125 0.3008333328125 0.5373134328125 0.2975 0.5422885578125001 0.2958333328125 0.5422885578125001 0.2916666671875 0.550995025 0.2883333328125 0.5609452734375 0.2883333328125 0.5783582093749999 0.29 0.580845771875 0.29 0.5858208953124999 0.2941666671875 0.5920398015624999 0.3016666671875 0.5907960203125 0.3075 0.5845771140625 0.31083333281250003 0.5845771140625 0.3125 0.5820895515625 0.31916666718750003 0.5820895515625 0.325 0.575870646875 0.3266666671875 0.5534825875 0.325 0.550995025 0.325 0.5435323390625 0.3225 0.5398009953125 0.31083333281250003 0.5398009953125
0 0.28250000000000003 0.504975125 0.2808333328125 0.5074626859375 0.2741666671875 0.5074626859375 0.2708333328125 0.5099502484375 0.265 0.521144278125 0.2633333328125 0.531094528125 0.2616666671875 0.5335820890625 0.2633333328125 0.5634328359375 0.26916666718750004 0.569651740625 0.2741666671875 0.569651740625 0.2758333328125 0.5721393031249999 0.2833333328125 0.570895521875 0.2866666671875 0.5684079609375 0.2916666671875 0.550995025 0.2983333328125 0.5385572140625 0.2983333328125 0.531094528125 0.29500000000000004 0.523631840625 0.29333333281249996 0.5111940296874999 0.2908333328125 0.5074626859375 0.2875 0.5074626859375 0.2858333328125 0.504975125 0.28250000000000003 0.504975125
0 0.2966666671875 0.528606965625 0.3025 0.5373134328125 0.3075 0.5373134328125 0.3091666671875 0.5398009953125 0.32 0.5385572140625 0.3225 0.5373134328125 0.32999999999999996 0.523631840625 0.32999999999999996 0.50124378125 0.3266666671875 0.49626865625 0.3266666671875 0.49378109375 0.31916666718750003 0.4850746265625 0.30583333281249997 0.4850746265625 0.2991666671875 0.4900497515625 0.2916666671875 0.50373134375 0.2966666671875 0.528606965625
0 0.3183333328125 0.45895522343749995 0.3183333328125 0.47636815937500004 0.32 0.47885572187500003 0.32 0.48383084531250004 0.3341666671875 0.5074626859375 0.3525 0.5074626859375 0.3541666671875 0.5099502484375 0.3566666671875 0.5087064671875 0.36 0.50373134375 0.36 0.45646766093749996 0.3583333328125 0.45149253749999996 0.3491666671875 0.4378109453125 0.3458333328125 0.4378109453125 0.3441666671875 0.4353233828125 0.3341666671875 0.4353233828125 0.3308333328125 0.4402985078125 0.3241666671875 0.44527363124999997 0.3183333328125 0.45895522343749995
0 0.2741666671875 0.430348259375 0.2575 0.430348259375 0.25 0.4415422890625 0.24666666718750002 0.45149253749999996 0.24666666718750002 0.471393034375 0.2483333328125 0.47388059687500006 0.2483333328125 0.47885572187500003 0.25916666718750003 0.49502487500000003 0.2625 0.49502487500000003 0.2658333328125 0.5 0.2708333328125 0.5 0.2725 0.5024875625 0.2833333328125 0.50124378125 0.2958333328125 0.49502487500000003 0.3008333328125 0.48756218906250004 0.3075 0.4850746265625 0.3133333328125 0.47636815937500004 0.31 0.45646766093749996 0.30416666718749996 0.44776119375 0.2991666671875 0.44527363124999997 0.2908333328125 0.4353233828125 0.2758333328125 0.4328358203125 0.2741666671875 0.430348259375
0 0.2983333328125 0.39427860625 0.2983333328125 0.3893034828125 0.2875 0.3681592046875 0.2791666671875 0.3606965171875 0.2725 0.3606965171875 0.2708333328125 0.35820895468749997 0.2575 0.3606965171875 0.2558333328125 0.3631840796875 0.2525 0.3631840796875 0.23333333281250002 0.39427860625 0.2316666671875 0.39925373125 0.2316666671875 0.4141791046875 0.23333333281250002 0.4166666671875 0.23500000000000001 0.429104478125 0.2408333328125 0.4328358203125 0.25166666718749997 0.4315920390625 0.2575 0.427860696875 0.2658333328125 0.427860696875 0.26749999999999996 0.430348259375 0.2708333328125 0.427860696875 0.2725 0.430348259375 0.2758333328125 0.430348259375 0.27749999999999997 0.427860696875 0.29333333281249996 0.42661691562500004 0.2916666671875 0.40671641718749996 0.2983333328125 0.39427860625
0 0.30583333281249997 0.3830845765625 0.2983333328125 0.39179104531250003 0.2983333328125 0.39427860625 0.29333333281249996 0.40422885624999993 0.29500000000000004 0.42661691562500004 0.2966666671875 0.4315920390625 0.30416666718749996 0.4427860703125 0.31083333281250003 0.44776119375 0.3233333328125 0.4465174125 0.3258333328125 0.4427860703125 0.3275 0.4427860703125 0.335 0.429104478125 0.335 0.40920397968750005 0.3333333328125 0.40422885624999993 0.3258333328125 0.3930348265625 0.3233333328125 0.39179104531250003 0.3225 0.38805970156249997 0.3158333328125 0.3830845765625 0.30583333281249997 0.3830845765625
0 0.34750000000000003 0.378109453125 0.3408333328125 0.3855721390625 0.3391666671875 0.3855721390625 0.3333333328125 0.39925373125 0.3366666671875 0.429104478125 0.3391666671875 0.4328358203125 0.3458333328125 0.4353233828125 0.34750000000000003 0.4378109453125 0.3583333328125 0.4365671640625 0.3641666671875 0.4328358203125 0.36833333281249997 0.42661691562500004 0.37 0.421641790625 0.37 0.40671641718749996 0.36833333281249997 0.40422885624999993 0.36666666718749996 0.39427860625 0.3625 0.3855721390625 0.3608333328125 0.3855721390625 0.3541666671875 0.378109453125 0.34750000000000003 0.378109453125
0 0.38416666718750003 0.64427860625 0.3758333328125 0.6592039796875 0.3725 0.6616915421875 0.3675 0.6616915421875 0.3633333328125 0.6679104484375 0.3633333328125 0.6853233828125 0.3691666671875 0.6965174125 0.3775 0.7039801 0.3891666671875 0.721393034375 0.395 0.720149253125 0.40083333281250005 0.718905471875 0.40833333281249995 0.7077114421874999 0.41333333281250006 0.6927860703125 0.41333333281250006 0.672885571875 0.41166666718749995 0.670398009375 0.41 0.6604477609375 0.40416666718750005 0.65174129375 0.3891666671875 0.6417910453125 0.3875 0.64427860625 0.38416666718750003 0.64427860625
0 0.3525 0.6965174125 0.3458333328125 0.699004975 0.3383333328125 0.7126865671875 0.335 0.722636815625 0.335 0.727611940625 0.3333333328125 0.730099503125 0.3333333328125 0.7475124375 0.3391666671875 0.75373134375 0.36 0.7524875625 0.3641666671875 0.75124378125 0.37 0.7425373140625 0.3716666671875 0.7325870640625001 0.37333333281250003 0.730099503125 0.37333333281250003 0.7126865671875 0.36583333281249997 0.699004975 0.3591666671875 0.6965174125 0.35750000000000004 0.69402985 0.3541666671875 0.69402985 0.3525 0.6965174125
0 0.3025 0.6965174125 0.2958333328125 0.699004975 0.28500000000000003 0.7126865671875 0.2833333328125 0.7350746265625 0.2908333328125 0.74626865625 0.3075 0.7587064671875 0.3116666671875 0.7574626859375 0.3225 0.74875621875 0.32999999999999996 0.7350746265625 0.3333333328125 0.7251243781250001 0.3333333328125 0.720149253125 0.3366666671875 0.7126865671875 0.3366666671875 0.7077114421874999 0.3383333328125 0.70522388125 0.3341666671875 0.69402985 0.30416666718749996 0.69402985 0.3025 0.6965174125
0 0.39249999999999996 0.781094528125 0.3791666671875 0.781094528125 0.3775 0.7835820890625 0.3741666671875 0.7835820890625 0.36833333281249997 0.7922885578125001 0.36666666718749996 0.7997512437500001 0.3633333328125 0.8047263687499999 0.3616666671875 0.8196517406250001 0.36833333281249997 0.8420398015625 0.3708333328125 0.8457711437500001 0.3741666671875 0.84825870625 0.3791666671875 0.84825870625 0.3808333328125 0.85074626875 0.3866666671875 0.8495024875 0.39249999999999996 0.84825870625 0.4025 0.8407960203125 0.40833333281249995 0.8320895515625001 0.41166666718749995 0.822139303125 0.41166666718749995 0.8072139296874999 0.41 0.8047263687499999 0.40833333281249995 0.79477611875 0.40083333281250005 0.7860696515625001 0.39416666718750004 0.7835820890625 0.39249999999999996 0.781094528125
0 0.3458333328125 0.771144278125 0.3325 0.7686567171875 0.3258333328125 0.7761194031249999 0.3241666671875 0.7761194031249999 0.32 0.7823383078124999 0.32 0.7873134328125 0.3183333328125 0.7898009953125 0.3183333328125 0.8022388062499999 0.32 0.8047263687499999 0.32166666718750003 0.8146766171875001 0.3241666671875 0.8184079609375001 0.3308333328125 0.8233830843750001 0.3358333328125 0.8233830843750001 0.3375 0.8258706468750001 0.3441666671875 0.8258706468750001 0.3458333328125 0.828358209375 0.35 0.827114428125 0.3541666671875 0.8258706468750001 0.3583333328125 0.8196517406250001 0.36 0.8097014921874999 0.365 0.7997512437500001 0.36666666718749996 0.7898009953125 0.36833333281249997 0.7873134328125 0.36666666718749996 0.7748756218749999 0.3591666671875 0.7636815921875 0.3541666671875 0.7636815921875 0.3458333328125 0.771144278125
0 0.3291666671875 0.820895521875 0.32083333281250004 0.820895521875 0.31916666718750003 0.8184079609375001 0.3125 0.8233830843750001 0.31 0.827114428125 0.31 0.8296019906250001 0.3016666671875 0.8420398015625 0.3016666671875 0.8544776125 0.30333333281249997 0.8569651734375 0.305 0.871890546875 0.3066666671875 0.874378109375 0.3075 0.880597015625 0.32166666718750003 0.879353234375 0.3325 0.878109453125 0.3383333328125 0.871890546875 0.3383333328125 0.869402984375 0.3433333328125 0.8619402984375 0.3466666671875 0.85199005 0.3466666671875 0.8370646765625 0.34500000000000003 0.8320895515625001 0.3391666671875 0.8258706468750001 0.3358333328125 0.8258706468750001 0.3291666671875 0.820895521875
0 0.3158333328125 0.880597015625 0.3083333328125 0.8893034828124999 0.3083333328125 0.9092039796875 0.31 0.9116915421874999 0.3116666671875 0.921641790625 0.3175 0.927860696875 0.325 0.9266169156249999 0.3391666671875 0.922885571875 0.34249999999999997 0.9203980093749999 0.3466666671875 0.9116915421874999 0.3466666671875 0.89427860625 0.34500000000000003 0.8917910453125 0.34500000000000003 0.8868159203125 0.3375 0.878109453125 0.3225 0.878109453125 0.32083333281250004 0.880597015625 0.3158333328125 0.880597015625
0 0.2733333328125 0.8967661687499999 0.27 0.9067164171875 0.27 0.9166666671874999 0.2683333328125 0.9191542281249999 0.27 0.921641790625 0.2716666671875 0.9315920390624999 0.27749999999999997 0.9402985078125001 0.28250000000000003 0.9402985078125001 0.2841666671875 0.9427860703125001 0.2916666671875 0.9415422890625 0.3008333328125 0.9353233828124999 0.3066666671875 0.9266169156249999 0.3066666671875 0.90174129375 0.305 0.89925373125 0.305 0.89427860625 0.2975 0.8855721390625 0.2858333328125 0.8855721390625 0.2841666671875 0.8880597015625 0.2791666671875 0.8880597015625 0.2733333328125 0.8967661687499999
0 0.3541666671875 0.8407960203125 0.35 0.8470149250000001 0.3466666671875 0.8569651734375 0.3466666671875 0.879353234375 0.3483333328125 0.8843283578125 0.35750000000000004 0.8955223875 0.37333333281250003 0.89427860625 0.3758333328125 0.8905472640625 0.3775 0.8905472640625 0.385 0.876865671875 0.3866666671875 0.8569651734375 0.3808333328125 0.85074626875 0.3758333328125 0.85074626875 0.3741666671875 0.84825870625 0.3708333328125 0.84825870625 0.3608333328125 0.8407960203125 0.3541666671875 0.8407960203125
0 0.3508333328125 0.9104477609374999 0.3416666671875 0.9315920390624999 0.3416666671875 0.9365671640625 0.3433333328125 0.9390547265625001 0.34500000000000003 0.949004975 0.3491666671875 0.95522388125 0.3591666671875 0.9626865671875 0.375 0.9614427859375001 0.3775 0.9601990046875001 0.385 0.949004975 0.385 0.9266169156249999 0.38166666718750003 0.9191542281249999 0.38 0.9092039796875 0.3741666671875 0.9029850749999999 0.3675 0.9029850749999999 0.3625 0.9079601984375 0.3541666671875 0.9079601984375 0.3508333328125 0.9104477609374999
0 0.3933333328125 0.8868159203125 0.3916666671875 0.89427860625 0.3883333328125 0.89925373125 0.3883333328125 0.9067164171875 0.3866666671875 0.9092039796875 0.3866666671875 0.921641790625 0.3891666671875 0.9253731343749999 0.3958333328125 0.9253731343749999 0.3975 0.927860696875 0.40833333281249995 0.9266169156249999 0.41916666718749995 0.9203980093749999 0.4216666671875 0.9166666671874999 0.4216666671875 0.9116915421874999 0.4233333328125 0.9092039796875 0.4216666671875 0.8917910453125 0.4166666671875 0.876865671875 0.4108333328125 0.870646765625 0.40750000000000003 0.870646765625 0.40083333281250005 0.875621890625 0.3933333328125 0.8868159203125
0 0.4441666671875 0.8258706468750001 0.43583333281250003 0.8258706468750001 0.4291666671875 0.8308457718750001 0.4183333328125 0.8495024875 0.4183333328125 0.8569651734375 0.41500000000000004 0.8644278609375 0.4166666671875 0.876865671875 0.42000000000000004 0.8818407953125 0.4216666671875 0.8917910453125 0.42750000000000005 0.9004975125 0.4308333328125 0.9004975125 0.4325 0.9029850749999999 0.44000000000000006 0.90174129375 0.44749999999999995 0.9004975125 0.4525 0.8955223875 0.46166666718749994 0.8818407953125 0.465 0.869402984375 0.4683333328125 0.8644278609375 0.46666666718750005 0.8569651734375 0.4641666671875 0.8532338312500001 0.4516666671875 0.8445273625 0.4483333328125 0.8296019906250001 0.4441666671875 0.8258706468750001
0 0.43833333281250003 0.79726368125 0.44166666718750003 0.8072139296874999 0.44166666718750003 0.8146766171875001 0.4458333328125 0.820895521875 0.4483333328125 0.8196517406250001 0.45 0.8146766171875001 0.45 0.8072139296874999 0.4533333328125 0.79726368125 0.4533333328125 0.7873134328125 0.45499999999999996 0.7848258703125001 0.45416666718750004 0.7686567171875 0.4491666671875 0.7686567171875 0.44000000000000006 0.777363184375 0.44000000000000006 0.7922885578125001 0.43833333281250003 0.79726368125
0 0.47750000000000004 0.74626865625 0.4733333328125 0.7524875625 0.4733333328125 0.7599502484375 0.48166666718749995 0.777363184375 0.48333333281249996 0.7848258703125001 0.4875 0.7910447765625 0.5 0.7898009953125 0.5033333328125 0.7848258703125001 0.5066666671875 0.7748756218749999 0.5066666671875 0.7624378109375 0.505 0.7599502484375 0.5033333328125 0.75 0.5008333328125001 0.74626865625 0.49749999999999994 0.74626865625 0.49583333281249997 0.74378109375 0.4808333328125 0.74378109375 0.47750000000000004 0.74626865625
0 0.5025000000000001 0.676616915625 0.49916666718749997 0.679104478125 0.49416666718749996 0.6890547265625 0.4875 0.6915422890625 0.48333333281249996 0.69776119375 0.48166666718749995 0.70273631875 0.48166666718749995 0.7101990046875 0.48333333281249996 0.7126865671875 0.48333333281249996 0.7251243781250001 0.485 0.727611940625 0.485 0.7325870640625001 0.4875 0.7363184078125 0.4933333328125 0.7350746265625 0.49749999999999994 0.7313432828125 0.5075000000000001 0.7313432828125 0.5175 0.7238805968750001 0.525 0.7101990046875 0.525 0.7002487562499999 0.5216666671875 0.6902985078125 0.5141666671875 0.679104478125 0.5108333328125 0.679104478125 0.5091666671875 0.676616915625 0.5025000000000001 0.676616915625
0 0.4575 0.64427860625 0.45083333281250004 0.64925373125 0.4483333328125 0.6554726375000001 0.4483333328125 0.6654228859375 0.45499999999999996 0.6853233828125 0.4641666671875 0.69402985 0.4725 0.69402985 0.47416666718749995 0.6965174125 0.4766666671875 0.69527363125 0.4841666671875 0.6890547265625 0.49083333281249997 0.6865671640625 0.4933333328125 0.6828358203125 0.495 0.670398009375 0.4925 0.6666666671875 0.48250000000000004 0.6666666671875 0.48 0.6579601984375001 0.47083333281249995 0.64427860625 0.46749999999999997 0.6417910453125 0.4575 0.64427860625
0 0.48250000000000004 0.5970149250000001 0.4808333328125 0.5995024875 0.47750000000000004 0.5995024875 0.47000000000000003 0.6131840796875 0.47000000000000003 0.6380597015625 0.475 0.64800995 0.475 0.6504975125 0.48 0.6579601984375001 0.48 0.6629353234375001 0.48250000000000004 0.6666666671875 0.4925 0.6666666671875 0.49416666718749996 0.669154228125 0.4966666671875 0.6679104484375 0.5016666671875 0.6604477609375 0.5033333328125 0.6504975125 0.5083333328124999 0.6355721390625 0.5083333328124999 0.623134328125 0.5066666671875 0.620646765625 0.5066666671875 0.6156716421875 0.49916666718749997 0.6044776125 0.49749999999999994 0.6044776125 0.49083333281249997 0.5970149250000001 0.48250000000000004 0.5970149250000001
0 0.44749999999999995 0.5721393031249999 0.4458333328125 0.574626865625 0.4408333328125 0.574626865625 0.4341666671875 0.5820895515625 0.4325 0.5820895515625 0.4266666671875 0.5957711437500001 0.4266666671875 0.6032338312500001 0.425 0.60572139375 0.4266666671875 0.6330845765625 0.43166666718749996 0.6405472640625 0.43166666718749996 0.6430348265625 0.4341666671875 0.6467661687499999 0.4408333328125 0.6467661687499999 0.4425 0.64925373125 0.44666666718750003 0.64800995 0.4525 0.6467661687499999 0.4625 0.6393034828124999 0.4683333328125 0.625621890625 0.4683333328125 0.6156716421875 0.47000000000000003 0.6131840796875 0.47000000000000003 0.5932835828125 0.4683333328125 0.5883084578125 0.4591666671875 0.574626865625 0.45583333281250005 0.5721393031249999 0.44749999999999995 0.5721393031249999
0 0.42000000000000004 0.5335820890625 0.42000000000000004 0.5460199 0.42416666718749996 0.55223880625 0.4325 0.5497512437500001 0.4375 0.5572139296875 0.4408333328125 0.5572139296875 0.4425 0.5597014921875 0.45083333281250004 0.5597014921875 0.4525 0.5621890546875 0.46166666718749994 0.5609452734375 0.465 0.55597015 0.465 0.5435323390625 0.46333333281250005 0.5410447765625 0.46333333281250005 0.521144278125 0.4608333328125 0.5174129359374999 0.4575 0.5174129359374999 0.45083333281250004 0.5124378109375 0.4408333328125 0.5124378109375 0.42416666718749996 0.5248756218749999 0.42000000000000004 0.5335820890625
0 0.5483333328125 0.49378109375 0.5391666671875 0.4825870640625 0.5341666671875 0.4825870640625 0.5258333328125 0.49502487500000003 0.5225 0.4975124375 0.5175 0.4975124375 0.5158333328125 0.5 0.5041666671875 0.5 0.5016666671875 0.50373134375 0.5016666671875 0.523631840625 0.5033333328125 0.5261194031249999 0.505 0.5360696515625001 0.51 0.5460199 0.51 0.5534825875 0.5141666671875 0.55472636875 0.5191666671874999 0.5597014921875 0.5233333328125 0.5584577109375 0.5291666671875 0.5572139296875 0.5308333328125 0.55472636875 0.5341666671875 0.55472636875 0.5358333328125 0.55223880625 0.5425 0.5497512437500001 0.5516666671875 0.5335820890625 0.5516666671875 0.50621890625 0.55 0.50373134375 0.55 0.49875621875 0.5483333328125 0.49378109375
0 0.465 0.5460199 0.4683333328125 0.55597015 0.4725 0.5621890546875 0.485 0.5609452734375 0.49583333281249997 0.5597014921875 0.49916666718749997 0.5572139296875 0.5033333328125 0.5485074625 0.5016666671875 0.50373134375 0.49916666718749997 0.5 0.47583333281250006 0.5 0.46666666718750005 0.5111940296874999 0.46333333281250005 0.5360696515625001 0.465 0.5385572140625 0.465 0.5460199
0 0.5625 0.39800995 0.5541666671875001 0.40298507499999997 0.5483333328125 0.40920397968750005 0.545 0.421641790625 0.545 0.4465174125 0.5466666671875 0.449004975 0.5466666671875 0.4539801 0.5508333328125 0.4577114421875 0.5549999999999999 0.468905471875 0.5608333328125 0.475124378125 0.5708333328124999 0.4825870640625 0.5833333328125 0.48134328281250005 0.5875 0.48009950312500005 0.5966666671875 0.46641791093749996 0.6016666671875 0.45149253749999996 0.6016666671875 0.44402985 0.6 0.4415422890625 0.6 0.43407960156250003 0.5966666671875 0.421641790625 0.5858333328125 0.40547263750000007 0.5741666671875 0.39800995 0.5625 0.39800995
0 0.5758333328125 0.4850746265625 0.5658333328125 0.4850746265625 0.5625 0.48756218906250004 0.5549999999999999 0.50124378125 0.5549999999999999 0.521144278125 0.5583333328125 0.531094528125 0.5650000000000001 0.5410447765625 0.5650000000000001 0.5435323390625 0.5708333328124999 0.54726368125 0.5716666671875 0.550995025 0.5775 0.5597014921875 0.585 0.5584577109375 0.5875 0.5572139296875 0.595 0.5460199 0.5966666671875 0.5385572140625 0.6 0.5335820890625 0.6 0.523631840625 0.5983333328125 0.521144278125 0.5983333328125 0.5161691546875 0.595 0.50621890625 0.5858333328125 0.4925373140625 0.5758333328125 0.4850746265625
0 0.5025000000000001 0.425373134375 0.5008333328125001 0.427860696875 0.49749999999999994 0.427860696875 0.4916666671875 0.43407960156250003 0.485 0.4539801 0.485 0.471393034375 0.48666666718749996 0.47388059687500006 0.48666666718749996 0.47885572187500003 0.4925 0.4925373140625 0.5025000000000001 0.5 0.5183333328125 0.49875621875 0.5258333328125 0.49502487500000003 0.5366666671875 0.47885572187500003 0.5366666671875 0.47388059687500006 0.5383333328125001 0.471393034375 0.5383333328125001 0.4614427859375 0.5366666671875 0.45895522343749995 0.5349999999999999 0.4465174125 0.5275000000000001 0.4328358203125 0.5191666671874999 0.425373134375 0.5025000000000001 0.425373134375
0 0.5891666671875 0.619402984375 0.5516666671875 0.6604477609375 0.5483333328125 0.6853233828125 0.5591666671875 0.6965174125 0.5641666671875 0.7064676609375 0.5808333328125 0.7139303484374999 0.6 0.7126865671875 0.6174999999999999 0.7064676609375 0.635 0.6902985078125 0.64 0.6654228859375 0.6466666671875 0.6529850749999999 0.6466666671875 0.6380597015625 0.6391666671875 0.619402984375 0.6308333328125 0.6144278609375 0.6108333328125 0.6144278609375 0.6008333328125001 0.619402984375 0.5891666671875 0.619402984375
0 0.6950000000000001 0.49378109375 0.6950000000000001 0.5136815921875 0.6983333328125 0.5261194031249999 0.7058333328125 0.5373134328125 0.7108333328125 0.5373134328125 0.7116666671874999 0.5460199 0.7158333328125 0.5497512437500001 0.7341666671875 0.55223880625 0.7391666671875 0.5572139296875 0.7533333328125 0.55597015 0.7683333328125 0.5360696515625001 0.7766666671875 0.5186567171875 0.7816666671875 0.50124378125 0.7783333328125 0.4863184078125 0.7641666671875 0.46517412968749994 0.7474999999999999 0.45273631875 0.7275 0.45273631875 0.7125 0.46019900468749997 0.7 0.47885572187500003 0.6950000000000001 0.49378109375
0 0.7108333328125 0.55472636875 0.7058333328125 0.54726368125 0.7008333328125 0.54726368125 0.6908333328125 0.55223880625 0.6783333328125 0.5684079609375 0.6716666671875 0.5858208953124999 0.6716666671875 0.60572139375 0.6783333328125 0.6355721390625 0.6900000000000001 0.6504975125 0.6900000000000001 0.6579601984375001 0.6958333328124999 0.6666666671875 0.7116666671874999 0.6654228859375 0.7308333328125001 0.6641791046875001 0.7441666671875 0.6542288562499999 0.7583333328124999 0.628109453125 0.76 0.60074626875 0.7533333328125 0.573383084375 0.7474999999999999 0.5646766171875 0.7325 0.5572139296875 0.7241666671875 0.5572139296875 0.7141666671875 0.55223880625 0.7108333328125 0.55472636875
0 0.6775 0.4402985078125 0.6708333328125 0.44527363124999997 0.6625 0.4577114421875 0.6575 0.46019900468749997 0.65 0.471393034375 0.6433333328125 0.49626865625 0.6433333328125 0.50124378125 0.6483333328125 0.5136815921875 0.6483333328125 0.521144278125 0.6541666671875 0.529850746875 0.6641666671875 0.5348258703125001 0.6658333328125 0.5323383078124999 0.6691666671875 0.5348258703125001 0.6883333328125001 0.5335820890625 0.6941666671875 0.5323383078124999 0.6983333328125 0.5261194031249999 0.6950000000000001 0.5161691546875 0.6950000000000001 0.50373134375 0.6933333328125 0.50124378125 0.6983333328125 0.48134328281250005 0.7150000000000001 0.45646766093749996 0.7091666671875 0.44527363124999997 0.6925 0.4378109453125 0.6775 0.4402985078125
0 0.7958333328125 0.5024875625 0.7841666671875 0.5024875625 0.78 0.5087064671875 0.7733333328125 0.528606965625 0.765 0.5435323390625 0.765 0.5609452734375 0.7666666671875 0.5684079609375 0.7791666671875 0.5870646765624999 0.7858333328125 0.5920398015624999 0.7908333328125 0.5920398015624999 0.7925 0.5945273624999999 0.8066666671875 0.5932835828125 0.8158333328125 0.5895522390625 0.8233333328124999 0.575870646875 0.825 0.5485074625 0.8266666671875 0.5460199 0.825 0.5435323390625 0.825 0.531094528125 0.8216666671875 0.521144278125 0.8125 0.5099502484375 0.7975 0.504975125 0.7958333328125 0.5024875625
0 0.8291666671875 0.55472636875 0.825 0.5634328359375 0.825 0.580845771875 0.8175000000000001 0.5945273624999999 0.8125 0.5945273624999999 0.8016666671875001 0.6131840796875 0.8033333328125 0.628109453125 0.8175000000000001 0.64925373125 0.8308333328125 0.6592039796875 0.8408333328125 0.6616915421875 0.8474999999999999 0.674129353125 0.8550000000000001 0.672885571875 0.8758333328125 0.6716417906250001 0.8891666671875 0.6616915421875 0.8966666671875 0.6504975125 0.9016666671875001 0.6355721390625 0.9033333328125 0.6181592046875 0.8983333328124999 0.5883084578125 0.8775000000000001 0.55472636875 0.8625 0.54477611875 0.8491666671875 0.54477611875 0.8291666671875 0.55472636875
0 0.9125 0.5945273624999999 0.905 0.6156716421875 0.905 0.64800995 0.9033333328125 0.6504975125 0.9191666671875 0.6815920390625 0.9275 0.6865671640625 0.9375 0.699004975 0.9533333328125 0.7002487562499999 0.9724999999999999 0.69402985 0.9833333328125 0.680348259375 0.9916666671875 0.6579601984375001 0.9916666671875 0.6455223875 0.985 0.623134328125 0.9724999999999999 0.60199005 0.9574999999999999 0.5920398015624999 0.9391666671875001 0.5895522390625 0.9291666671875 0.5945273624999999 0.9125 0.5945273624999999
0 0.9091666671875 0.49502487500000003 0.8958333328125001 0.5074626859375 0.8883333328124999 0.521144278125 0.885 0.5360696515625001 0.885 0.5584577109375 0.89 0.573383084375 0.9008333328125 0.5870646765624999 0.9058333328125 0.5870646765624999 0.9125 0.5920398015624999 0.9316666671875 0.5907960203125 0.9358333328124999 0.5895522390625 0.9425000000000001 0.5820895515625 0.9533333328125 0.5659203984375 0.9566666671874999 0.55597015 0.9566666671874999 0.531094528125 0.9550000000000001 0.523631840625 0.9516666671875 0.5136815921875 0.9458333328125 0.504975125 0.9308333328125 0.4925373140625 0.9091666671875 0.49502487500000003
0 1 0.4888059703125 0.9891666671875001 0.48756218906250004 0.9791666671874999 0.48009950312500005 0.9691666671875 0.48009950312500005 0.9591666671875 0.475124378125 0.9491666671875001 0.477611940625 0.9375 0.4850746265625 0.9333333328125001 0.49378109375 0.9441666671875 0.5024875625 0.9516666671875 0.5136815921875 0.9566666671874999 0.528606965625 0.9566666671874999 0.55597015 0.9516666671875 0.573383084375 0.9483333328124999 0.5783582093749999 0.9483333328124999 0.5833333328125 0.9558333328125 0.5895522390625 0.9641666671875001 0.5895522390625 0.9658333328125 0.5920398015624999 0.9783333328125 0.5907960203125 0.9875 0.5870646765624999 1 0.570895521875 1 0.4888059703125
0 0.8791666671874999 0.669154228125 0.8775000000000001 0.6716417906250001 0.8625 0.674129353125 0.8533333328125 0.6853233828125 0.8533333328125 0.69776119375 0.8574999999999999 0.7139303484374999 0.8808333328125 0.7313432828125 0.9 0.730099503125 0.9033333328125 0.727611940625 0.9099999999999999 0.7101990046875 0.915 0.70273631875 0.9166666671874999 0.6927860703125 0.9116666671875 0.6828358203125 0.9099999999999999 0.672885571875 0.8991666671875 0.6567164171875 0.8941666671874999 0.6567164171875 0.8825 0.669154228125 0.8791666671874999 0.669154228125
0 0.8716666671875 0.7599502484375 0.8716666671875 0.772388059375 0.8816666671875 0.79726368125 0.8833333328125 0.8121890546874999 0.8908333328125 0.8233830843750001 0.8991666671875 0.828358209375 0.9058333328125 0.828358209375 0.9075 0.8308457718750001 0.9199999999999999 0.8296019906250001 0.9258333328124999 0.8258706468750001 0.9316666671875 0.8171641796875001 0.9400000000000001 0.79477611875 0.9400000000000001 0.777363184375 0.9349999999999999 0.7599502484375 0.9225 0.7412935328125 0.9125 0.7363184078125 0.8958333328125001 0.7363184078125 0.8808333328125 0.74378109375 0.8716666671875 0.7599502484375
0 0.7033333328125 0.8097014921874999 0.7016666671875 0.8146766171875001 0.7016666671875 0.8445273625 0.7083333328125 0.8669154234375 0.7175 0.880597015625 0.7341666671875 0.8905472640625 0.74 0.90174129375 0.74 0.9092039796875 0.7433333328125 0.9092039796875 0.7483333328125 0.8917910453125 0.765 0.8594527359375 0.7666666671875 0.8470149250000001 0.765 0.8121890546874999 0.76 0.7997512437500001 0.7491666671874999 0.7885572140625 0.7441666671875 0.7860696515625001 0.7224999999999999 0.7885572140625 0.7108333328125 0.7985074625 0.7033333328125 0.8097014921874999
0 0.6316666671875 0.8345771140625 0.6266666671875 0.85199005 0.6283333328125 0.8669154234375 0.6366666671875 0.8893034828124999 0.6441666671874999 0.9004975125 0.6691666671875 0.9179104484374999 0.6733333328125 0.9166666671874999 0.6808333328125 0.9129353234375 0.6891666671875 0.9029850749999999 0.7 0.876865671875 0.7 0.8445273625 0.6966666671875 0.8246268656250001 0.6908333328125 0.8134328359375 0.6691666671875 0.8134328359375 0.6591666671875 0.8184079609375001 0.6458333328125 0.8159203984375001 0.6316666671875 0.8345771140625
0 0.6975 0.74378109375 0.6858333328125 0.7412935328125 0.6841666671875 0.74378109375 0.6775 0.74626865625 0.675 0.75 0.675 0.754975125 0.6716666671875 0.7649253734375 0.6616666671875 0.7848258703125001 0.6616666671875 0.7922885578125001 0.665 0.8022388062499999 0.6708333328125 0.8109452734374999 0.6758333328125 0.8109452734374999 0.6775 0.8134328359375 0.6900000000000001 0.8121890546874999 0.6991666671875 0.8084577109375 0.7025 0.8034825874999999 0.7041666671875 0.8034825874999999 0.7116666671874999 0.7922885578125001 0.7150000000000001 0.7823383078124999 0.7150000000000001 0.7748756218749999 0.7133333328125 0.772388059375 0.7116666671874999 0.7624378109375 0.7058333328125 0.75124378125 0.6975 0.74378109375
0 0.605 0.7325870640625001 0.6 0.7524875625 0.6 0.769900496875 0.6058333328125001 0.7885572140625 0.6174999999999999 0.7985074625 0.6258333328125001 0.7985074625 0.6308333328125 0.8034825874999999 0.6366666671875 0.8047263687499999 0.6408333328125 0.8034825874999999 0.6483333328125 0.7922885578125001 0.6516666671875 0.7674129359374999 0.665 0.7400497515625 0.665 0.7325870640625001 0.6541666671875 0.7238805968750001 0.6391666671875 0.699004975 0.6291666671875 0.7014925375 0.6141666671875 0.7164179109375 0.605 0.7325870640625001
0 0.6558333328125 0.64427860625 0.6508333328125 0.64925373125 0.64 0.6679104484375 0.64 0.69527363125 0.6491666671874999 0.7114427859375 0.6591666671875 0.7164179109375 0.6675 0.728855721875 0.6725 0.728855721875 0.6741666671875 0.7313432828125 0.6816666671875 0.730099503125 0.6858333328125 0.726368159375 0.6916666671875 0.7151741296874999 0.6916666671875 0.6853233828125 0.6900000000000001 0.6828358203125 0.6900000000000001 0.672885571875 0.6883333328125001 0.6679104484375 0.6741666671875 0.64925373125 0.6691666671875 0.64925373125 0.6625 0.64427860625 0.6558333328125 0.64427860625
0 0.6058333328125001 0.8905472640625 0.6025 0.8905472640625 0.5941666671875 0.89800995 0.5883333328125 0.9092039796875 0.5833333328125 0.9266169156249999 0.5816666671874999 0.9514925375000001 0.585 0.9614427859375001 0.5925 0.972636815625 0.5974999999999999 0.9751243781250001 0.6075 0.9900497515625 0.61 0.9888059703125001 0.61 0.9863184078125 0.6158333328125 0.977611940625 0.6224999999999999 0.972636815625 0.6283333328125 0.9614427859375001 0.6283333328125 0.9564676609375 0.63 0.9539801000000001 0.63 0.9315920390624999 0.6216666671875 0.9092039796875 0.6125 0.8955223875 0.6058333328125001 0.8905472640625
0 0.7424999999999999 0.9054726375 0.7308333328125001 0.8880597015625 0.7224999999999999 0.8855721390625 0.7125 0.878109453125 0.7058333328125 0.878109453125 0.6849999999999999 0.9092039796875 0.6833333328125 0.9141791046875 0.6849999999999999 0.929104478125 0.6900000000000001 0.9440298500000001 0.6975 0.9577114421875 0.7224999999999999 0.9751243781250001 0.73 0.9738805968750001 0.7408333328125 0.9651741296875 0.7566666671875 0.9340796015624999 0.76 0.921641790625 0.76 0.8967661687499999 0.7583333328124999 0.8893034828124999 0.7558333328125 0.8855721390625 0.7525000000000001 0.8855721390625 0.7466666671875 0.8967661687499999 0.7466666671875 0.90174129375 0.7424999999999999 0.9054726375
0 0.5741666671875 0.820895521875 0.5675 0.820895521875 0.5625 0.8258706468750001 0.5558333328125 0.828358209375 0.5533333328125 0.8345771140625 0.5533333328125 0.8470149250000001 0.5516666671875 0.85199005 0.5491666671875 0.8532338312500001 0.5433333328125001 0.8619402984375 0.5433333328125001 0.8669154234375 0.5416666671875 0.869402984375 0.5416666671875 0.879353234375 0.5433333328125001 0.8843283578125 0.5483333328125 0.8893034828124999 0.5491666671875 0.8930348265625 0.5575 0.9004975125 0.5683333328125 0.89925373125 0.5725 0.8955223875 0.5758333328125 0.89800995 0.5825 0.89800995 0.585 0.89427860625 0.585 0.8893034828124999 0.5883333328125 0.879353234375 0.5883333328125 0.8470149250000001 0.5833333328125 0.8370646765625 0.5816666671874999 0.8296019906250001 0.5741666671875 0.820895521875
0 0.5491666671875 0.74875621875 0.5475 0.74626865625 0.5375 0.74626865625 0.53 0.754975125 0.525 0.7674129359374999 0.5233333328125 0.7823383078124999 0.525 0.7848258703125001 0.525 0.79477611875 0.5266666671875 0.7997512437500001 0.5358333328125 0.8134328359375 0.5425 0.8184079609375001 0.5491666671875 0.8184079609375001 0.5541666671875001 0.8233830843750001 0.5633333328125001 0.822139303125 0.5700000000000001 0.8146766171875001 0.5700000000000001 0.8097014921874999 0.5716666671875 0.8072139296874999 0.5716666671875 0.79477611875 0.5733333328125 0.7922885578125001 0.5733333328125 0.772388059375 0.5716666671875 0.7674129359374999 0.5625 0.75621890625 0.5525 0.74875621875 0.5491666671875 0.74875621875
0 0.5391666671875 0.8233830843750001 0.5341666671875 0.8159203984375001 0.5241666671874999 0.8084577109375 0.5175 0.8059701499999999 0.5083333328124999 0.8171641796875001 0.5083333328124999 0.8196517406250001 0.5033333328125 0.8296019906250001 0.5033333328125 0.85199005 0.505 0.8544776125 0.505 0.8594527359375 0.51 0.874378109375 0.5141666671875 0.880597015625 0.5175 0.8830845765625 0.5266666671875 0.8818407953125 0.5358333328125 0.875621890625 0.54 0.8669154234375 0.5416666671875 0.8619402984375 0.5416666671875 0.85199005 0.5433333328125001 0.8495024875 0.5433333328125001 0.8370646765625 0.545 0.8320895515625001 0.5416666671875 0.827114428125 0.5416666671875 0.8246268656250001 0.5391666671875 0.8233830843750001
0 0.8091666671875 0.8457711437500001 0.8041666671875 0.8457711437500001 0.7958333328125 0.85074626875 0.7808333328125 0.8681592046875 0.7725 0.8681592046875 0.7683333328125 0.871890546875 0.765 0.8818407953125 0.765 0.9092039796875 0.7683333328125 0.9191542281249999 0.7758333328125 0.9303482593749999 0.7925 0.9452736312500001 0.8216666671875 0.9440298500000001 0.8275 0.9402985078125001 0.8333333328125001 0.9315920390624999 0.8383333328125 0.9166666671874999 0.8400000000000001 0.8967661687499999 0.8383333328125 0.89427860625 0.8383333328125 0.879353234375 0.8341666671875 0.8681592046875 0.8208333328125 0.8582089546875 0.8158333328125 0.85074626875 0.8091666671875 0.8457711437500001
0 0.7725 0.778606965625 0.7666666671875 0.7873134328125 0.7666666671875 0.79477611875 0.765 0.79726368125 0.765 0.8072139296874999 0.7666666671875 0.8097014921874999 0.7666666671875 0.85199005 0.7708333328125 0.85572139375 0.7849999999999999 0.8569651734375 0.7908333328125 0.85572139375 0.7991666671875 0.84825870625 0.8116666671875 0.827114428125 0.8116666671875 0.7997512437500001 0.8099999999999999 0.79726368125 0.8099999999999999 0.7922885578125001 0.8083333328125001 0.7873134328125 0.7958333328125 0.771144278125 0.7825 0.771144278125 0.7725 0.778606965625
0 0.7525000000000001 0.6592039796875 0.7266666671875 0.6902985078125 0.7216666671875 0.7077114421874999 0.7216666671875 0.7350746265625 0.7283333328125 0.7524875625 0.7341666671875 0.7587064671875 0.7508333328125001 0.7636815921875 0.7575000000000001 0.771144278125 0.7716666671875 0.769900496875 0.7858333328125 0.7661691546875 0.7933333328125001 0.754975125 0.8016666671875001 0.7350746265625 0.8016666671875001 0.7176616921875001 0.7941666671875 0.7039801 0.7808333328125 0.699004975 0.7716666671875 0.6902985078125 0.7733333328125 0.6679104484375 0.7691666671874999 0.6592039796875 0.7525000000000001 0.6592039796875
0 0.7733333328125 0.6828358203125 0.775 0.6878109453125 0.7775000000000001 0.6915422890625 0.7975 0.699004975 0.8008333328124999 0.7039801 0.8041666671875 0.7039801 0.8058333328125 0.7064676609375 0.8133333328125 0.70522388125 0.8158333328125 0.7039801 0.8283333328125 0.6853233828125 0.8266666671875 0.670398009375 0.82 0.6604477609375 0.8166666671874999 0.6504975125 0.8008333328124999 0.626865671875 0.7958333328125 0.626865671875 0.7808333328125 0.6368159203125 0.7733333328125 0.6504975125 0.7733333328125 0.6828358203125
0 0.8375 0.7114427859375 0.8316666671874999 0.7251243781250001 0.8316666671874999 0.730099503125 0.8283333328125 0.7400497515625 0.8316666671874999 0.7599502484375 0.8408333328125 0.7686567171875 0.8566666671875 0.7674129359374999 0.8591666671875 0.7661691546875 0.8699999999999999 0.75 0.8699999999999999 0.7475124375 0.8733333328124999 0.7425373140625 0.875 0.730099503125 0.8708333328125001 0.7238805968750001 0.8608333328125 0.7164179109375 0.8508333328125 0.7164179109375 0.8458333328125001 0.7114427859375 0.8375 0.7114427859375
0 0.8375 0.773631840625 0.8308333328125 0.778606965625 0.8150000000000001 0.8072139296874999 0.8133333328125 0.8146766171875001 0.8133333328125 0.8395522390625001 0.8225 0.85572139375 0.8358333328124999 0.8681592046875 0.8491666671875 0.870646765625 0.8508333328125 0.873134328125 0.86 0.871890546875 0.8708333328125001 0.8656716421875 0.8816666671875 0.85199005 0.8800000000000001 0.8320895515625001 0.8833333328125 0.827114428125 0.8833333328125 0.822139303125 0.8783333328125 0.7997512437500001 0.8733333328124999 0.7873134328125 0.8641666671875001 0.7761194031249999 0.8541666671874999 0.771144278125 0.8375 0.773631840625
0 0.8724999999999999 0.8631840796875 0.8691666671875 0.8681592046875 0.8608333328125 0.873134328125 0.8474999999999999 0.873134328125 0.8416666671874999 0.8818407953125 0.8416666671874999 0.8868159203125 0.8400000000000001 0.8893034828124999 0.8400000000000001 0.9092039796875 0.8333333328125001 0.9315920390624999 0.8333333328125001 0.9365671640625 0.8391666671875001 0.9452736312500001 0.8525 0.9452736312500001 0.8541666671874999 0.9477611937500001 0.8616666671875001 0.9465174125000001 0.8691666671875 0.9427860703125001 0.8775000000000001 0.9303482593749999 0.8791666671874999 0.9303482593749999 0.8866666671875001 0.9166666671874999 0.8866666671875001 0.9116915421874999 0.89 0.9042288562499999 0.89 0.879353234375 0.885 0.8669154234375 0.8791666671874999 0.8606965171875001 0.8724999999999999 0.8631840796875
0 0.9125 0.8880597015625 0.9108333328124999 0.8905472640625 0.9075 0.8905472640625 0.9033333328125 0.8967661687499999 0.9016666671875001 0.90174129375 0.9016666671875001 0.921641790625 0.905 0.9315920390624999 0.9108333328124999 0.9402985078125001 0.9141666671875001 0.9427860703125001 0.9324999999999999 0.9452736312500001 0.9341666671875 0.9477611937500001 0.945 0.9465174125000001 0.9658333328125 0.9452736312500001 0.97 0.9415422890625 0.97 0.9191542281249999 0.9658333328125 0.9079601984375 0.9491666671875001 0.9004975125 0.9324999999999999 0.878109453125 0.9291666671875 0.878109453125 0.9241666671875001 0.8905472640625 0.9158333328125 0.8905472640625 0.9125 0.8880597015625
0 0.9508333328124999 0.820895521875 0.9441666671875 0.820895521875 0.9383333328125 0.8296019906250001 0.9349999999999999 0.8395522390625001 0.9333333328125001 0.8544776125 0.93 0.8619402984375 0.93 0.869402984375 0.9400000000000001 0.8893034828124999 0.9475 0.89800995 0.9591666671875 0.9054726375 0.9666666671874999 0.9067164171875 0.9824999999999999 0.9054726375 0.9933333328125 0.8967661687499999 0.9983333328124999 0.874378109375 0.9966666671875 0.869402984375 0.9966666671875 0.8544776125 0.99 0.8345771140625 0.9824999999999999 0.8233830843750001 0.9691666671875 0.8159203984375001 0.9558333328125 0.8134328359375 0.9508333328124999 0.820895521875
0 1 0.720149253125 0.9941666671875 0.718905471875 0.9925 0.7164179109375 0.9775 0.7164179109375 0.9758333328125 0.718905471875 0.9724999999999999 0.718905471875 0.9683333328125 0.722636815625 0.9683333328125 0.7350746265625 0.9716666671875 0.745024875 0.9716666671875 0.7574626859375 0.9666666671874999 0.7624378109375 0.9683333328125 0.7674129359374999 0.985 0.7898009953125 0.9833333328125 0.7997512437500001 0.9866666671875001 0.8097014921874999 0.9833333328125 0.8146766171875001 0.9891666671875001 0.8233830843750001 0.9974999999999999 0.828358209375 1 0.827114428125 1 0.720149253125
0 0.6425 0.42039800937500005 0.6224999999999999 0.42288557187500003 0.6133333328125 0.45149253749999996 0.6166666671875001 0.468905471875 0.6466666671875 0.47388059687500006 0.6566666671875 0.45646766093749996 0.655 0.4365671640625 0.6425 0.42039800937500005
0 0.6133333328125 0.50621890625 0.6183333328125 0.47636815937500004 0.6025 0.45024875625 0.5916666671875 0.47636815937500004 0.5916666671875 0.49626865625 0.6133333328125 0.50621890625
0 0.3883333328125 0.531094528125 0.39 0.5584577109375 0.40833333281249995 0.5609452734375 0.42000000000000004 0.5335820890625 0.4141666671875 0.5024875625 0.39249999999999996 0.5149253734375 0.3883333328125 0.531094528125
0 0.41333333281250006 0.49626865625 0.4183333328125 0.521144278125 0.42833333281249997 0.523631840625 0.4533333328125 0.50621890625 0.4408333328125 0.477611940625 0.42416666718749996 0.48009950312500005 0.41333333281250006 0.49626865625