0 0.8125 0.31484375 0.046875 0.0546875
0 0.22578125 0.3171875 0.040625 0.0609375
0 0.25234375 0.33203125 0.021875 0.05625
0 0.76484375 0.3421875 0.046875 0.071875
0 0.825 0.3640625 0.0453125 0.059375
0 0.64609375 0.36640625 0.034375 0.0625
0 0.328125 0.37734375 0.0375 0.0640625
0 0.6625 0.0390625 0.04375 0.075
0 0.88828125 0.39375 0.046875 0.0703125
0 0.61875 0.409375 0.034375 0.0625
0 0.140625 0.425 0.0328125 0.0375
0 0.4734375 0.428125 0.025 0.0453125
0 0.503125 0.43359375 0.0375 0.059375
0 0.97578125 0.44765625 0.0484375 0.06875
0 0.14296875 0.45703125 0.0421875 0.0546875
0 0.49375 0.47421875 0.034375 0.0296875
0 0.57421875 0.48203125 0.0390625 0.065625
0 0.22890625 0.4828125 0.034375 0.0625
0 0.7640625 0.05078125 0.040625 0.0671875
0 0.5671875 0.52109375 0.04375 0.05625
0 0.32890625 0.53359375 0.034375 0.0671875
0 0.5 0.56015625 0.0359375 0.0515625
0 0.29140625 0.5953125 0.0375 0.065625
0 0.8359375 0.59765625 0.040625 0.0640625
0 0.4953125 0.61015625 0.0515625 0.0515625
0 0.34765625 0.61875 0.0375 0.0625
0 0.54140625 0.6421875 0.0515625 0.059375
0 0.70703125 0.6609375 0.0390625 0.075
0 0.30390625 0.70546875 0.0453125 0.0515625
0 0.2546875 0.753125 0.028125 0.040625
0 0.66328125 0.7921875 0.0453125 0.065625
0 0.27890625 0.81328125 0.025 0.04375
0 0.63046875 0.8171875 0.040625 0.06875
0 0.603125 0.83359375 0.0390625 0.06875
0 0.35 0.8453125 0.040625 0.0515625
0 0.6453125 0.85546875 0.0421875 0.0625
0 0.33125 0.88515625 0.0375 0.040625
0 0.39453125 0.92421875 0.034375 0.059375
0 0.3359375 0.928125 0.0390625 0.065625
0 0.5671875 0.25546875 0.04375 0.0609375
0 0.65390625 0.2578125 0.04375 0.065625
0 0.42734375 0.02578125 0.0328125 0.0515625
0 0.53203125 0.28671875 0.0390625 0.065625