0 0.26171875 0.175 0.1796875 0.1984375
0 0.6328125 0.19609375 0.26875 0.3265625
0 0.83125 0.2328125 0.1453125 0.1640625
0 0.0796875 0.33046875 0.1546875 0.175
0 0.7671875 0.4375 0.1421875 0.215625
0 0.41171875 0.52109375 0.2171875 0.28125
0 0.671875 0.55 0.2375 0.346875
0 0.94296875 0.57734375 0.1140625 0.3609375
0 0.06796875 0.66875 0.1359375 0.3515625
0 0.228125 0.696875 0.2125 0.31875
0 0.7578125 0.08046875 0.2640625 0.1515625
0 0.415625 0.80703125 0.1765625 0.334375
0 0.853125 0.809375 0.259375 0.38125
0 0.953125 0.09140625 0.09375 0.1828125
0 0.26015625 0.93359375 0.2234375 0.1328125
0 0.078125 0.9390625 0.15625 0.121875
0 0.3765625 0.10234375 0.19375 0.2046875
0 0.0875 0.11484375 0.171875 0.2296875