0 0.1375 0.74140625 0.2375 0.21875
0 0.3703125 0.74296875 0.2296875 0.20625
0 0.67734375 0.7359375 0.25625 0.1984375
0 0.9015625 0.684375 0.1921875 0.1890625
0 0.69765625 0.56015625 0.2265625 0.18125
0 0.49765625 0.61171875 0.1953125 0.16875
0 0.275 0.546875 0.18125 0.1765625
0 0.11875 0.565625 0.1296875 0.1484375
0 0.15234375 0.4453125 0.1546875 0.0859375
0 0.2890625 0.4375 0.13125 0.0859375
0 0.5109375 0.35859375 0.1625 0.13125
0 0.72265625 0.4015625 0.1609375 0.1046875
0 0.18828125 0.37734375 0.115625 0.0625
0 0.384375 0.3796875 0.0953125 0.078125
0 0.5171875 0.46171875 0.1703125 0.1171875