0 0.25859375 0.26875 0.234375 0.36875
0 0.3546875 0.77265625 0.2921875 0.4234375
0 0.7483333328125 0.93444444375 0.8066666671875 0.9033333328125 0.8383333328125 0.86 0.8550000000000001 0.802222221875 0.8591666671875 0.7666666671875 0.8566666671875 0.7466666671875 0.85 0.727777778125 0.7858333328125 0.632222221875 0.7783333328125 0.6266666671875 0.6666666671875 0.6066666671875 0.6325000000000001 0.6266666671875 0.62 0.64444444375 0.6125 0.6677777781249999 0.5983333328125 0.7911111109375 0.5991666671875 0.81444444375 0.605 0.8355555562499999 0.6166666671875001 0.8566666671875 0.6558333328125 0.9066666671875 0.7008333328125 0.9266666671875001 0.7291666671875 0.93555555625 0.7483333328125 0.93444444375
0 0.49416666718749996 0.5900000000000001 0.5391666671875 0.5711111109375 0.5641666671875 0.5355555562500001 0.5775 0.5011111109375 0.5825 0.4388888890625 0.5766666671875 0.4033333328125 0.5583333328125 0.37555555625000003 0.5316666671875 0.3588888890625 0.49916666718749997 0.35 0.43833333281250003 0.3466666671875 0.3966666671875 0.35 0.36833333281249997 0.357777778125 0.32083333281250004 0.4166666671875 0.31416666718749997 0.4388888890625 0.31416666718749997 0.4933333328125 0.325 0.5355555562500001 0.34500000000000003 0.5666666671875 0.3866666671875 0.5733333328125 0.4175 0.5888888890625 0.44666666718750003 0.59555555625 0.49416666718749996 0.5900000000000001
0 0.6983333328125 0.602222221875 0.7291666671875 0.6133333328125 0.7741666671874999 0.6211111109375 0.795 0.6188888890625 0.8158333328125 0.6088888890625 0.8441666671875 0.607777778125 0.8666666671875 0.5811111109375 0.8708333328125001 0.56555555625 0.8691666671875 0.502222221875 0.8566666671875 0.44666666718750003 0.86 0.4188888890625 0.8516666671875001 0.4011111109375 0.8508333328125 0.37444444374999997 0.8441666671875 0.3633333328125 0.8283333328125 0.35555555625 0.8091666671875 0.337777778125 0.7766666671875 0.297777778125 0.7633333328125 0.29111111093750003 0.7424999999999999 0.29 0.7175 0.30222222187500003 0.6841666671875 0.31 0.6525000000000001 0.34555555625 0.64 0.38 0.6316666671875 0.42888888906249995 0.6308333328125 0.462222221875 0.6341666671875 0.477777778125 0.6483333328125 0.5111111109375 0.6608333328125 0.5555555562500001 0.6833333328125 0.5900000000000001 0.6983333328125 0.602222221875
0 1 0.802222221875 0.9783333328125 0.7677777781249999 0.9625 0.75555555625 0.9241666671875001 0.74555555625 0.8933333328125 0.7433333328125 0.8825 0.74555555625 0.8666666671875 0.757777778125 0.8416666671874999 0.8488888890625 0.8283333328125 0.8755555562499999 0.8083333328125001 0.8988888890625001 0.8074999999999999 0.9099999999999999 0.8216666671875 0.9199999999999999 0.8433333328125 0.9455555562500001 0.8616666671875001 0.9911111109374999 0.8683333328125 1 1 1 1 0.802222221875
0 0 0.7166666671875 0.0208333328125 0.7388888890625 0.04 0.75 0.0625 0.75 0.09 0.7633333328125 0.11416666718749999 0.7666666671875 0.1941666671875 0.7211111109375 0.2158333328125 0.6966666671875 0.22999999999999998 0.6688888890625 0.2508333328125 0.597777778125 0.25833333281250004 0.4966666671875 0.2483333328125 0.45444444375000004 0.2008333328125 0.37444444374999997 0.1666666671875 0.352222221875 0.1325 0.347777778125 0.0958333328125 0.357777778125 0.065 0.38333333281250004 0.05 0.3811111109375 0.030833332812499996 0.3966666671875 0.0266666671875 0.40555555625000006 0.015 0.412222221875 0.0125 0.427777778125 0 0.44888888906249996 0 0.542222221875 0.0025 0.5511111109375 0 0.557777778125 0 0.7166666671875
0 0.8316666671874999 0.407777778125 0.8458333328125001 0.442222221875 0.8608333328125 0.45 0.8724999999999999 0.442222221875 0.8833333328125 0.4188888890625 0.89 0.38333333281250004 0.8858333328124999 0.352222221875 0.8758333328125 0.3266666671875 0.8375 0.282222221875 0.8025 0.2533333328125 0.7833333328125 0.24444444375000002 0.7675 0.24444444375000002 0.7091666671875 0.25888888906249996 0.7016666671875 0.27999999999999997 0.7025 0.30333333281249997 0.71 0.3066666671875 0.7325 0.2966666671875 0.75 0.29555555624999996 0.7758333328125 0.30333333281249997 0.795 0.32777777812500003 0.7966666671875 0.332222221875 0.7908333328125 0.34444444375 0.8316666671874999 0.407777778125
0 0.5225 0.35111111093749997 0.54 0.33999999999999997 0.5691666671875 0.332222221875 0.5883333328125 0.3188888890625 0.5933333328125 0.30444444375 0.605 0.30555555624999997 0.6083333328125 0.30222222187500003 0.61 0.287777778125 0.6341666671875 0.25888888906249996 0.6583333328125 0.20111111093749998 0.6599999999999999 0.16444444375 0.6558333328125 0.14444444375 0.6241666671874999 0.07555555625 0.5683333328125 0.022222221875 0.5458333328125 0.013333332812500001 0.5275000000000001 0.012222221875 0.4691666671875 0.0311111109375 0.45416666718750004 0.0411111109375 0.4058333328125 0.1011111109375 0.385 0.15444444375 0.3775 0.1966666671875 0.3791666671875 0.2288888890625 0.4066666671875 0.3066666671875 0.4166666671875 0.322222221875 0.4291666671875 0.332222221875 0.445 0.33888888906250003 0.5225 0.35111111093749997
0 0.6216666671875 1 0.6233333328125 0.9733333328124999 0.62 0.9466666671875 0.5891666671875 0.867777778125 0.5383333328125001 0.8099999999999999 0.5175 0.7988888890625 0.5008333328125001 0.7988888890625 0.49833333281250003 0.8 0.5 0.8333333328125001 0.49749999999999994 0.8455555562500001 0.4791666671875 0.8855555562499999 0.46166666718749994 0.9411111109375 0.4458333328125 0.9611111109375001 0.43 0.972222221875 0.41166666718749995 0.9811111109375 0.3908333328125 0.982222221875 0.39 1 0.6216666671875 1
0 0.8625 1 0.8533333328125 0.9733333328124999 0.85 0.9488888890625 0.8099999999999999 0.9055555562500001 0.7858333328125 0.9088888890625 0.7583333328124999 0.9277777781250001 0.7325 0.9333333328125001 0.6966666671875 0.9166666671874999 0.6525000000000001 0.9055555562500001 0.6383333328125 0.9144444437500001 0.6216666671875 0.9388888890624999 0.6191666671875 0.9488888890625 0.6216666671875 0.972222221875 0.62 1 0.8625 1
0 0 0.9988888890625001 0.11916666718749999 1 0.13333333281249998 0.99555555625 0.1508333328125 1 0.2683333328125 0.9977777781249999 0.2891666671875 0.9866666671875001 0.2658333328125 0.9711111109375 0.255 0.9577777781249999 0.23500000000000001 0.9088888890625 0.20833333281250002 0.867777778125 0.20750000000000002 0.8300000000000001 0.2141666671875 0.7977777781250001 0.2108333328125 0.7733333328125 0.1933333328125 0.7633333328125 0.19083333281249998 0.7566666671875 0.1808333328125 0.757777778125 0.16 0.74555555625 0.135 0.7611111109375 0.1125 0.7666666671875 0.09 0.76555555625 0.05 0.7511111109375 0.024166667187499997 0.75444444375 0 0.7833333328125 0 0.8711111109375 0.0083333328125 0.8633333328124999 0.0091666671875 0.872222221875 0.0075 0.8788888890625 0 0.8855555562499999 0 0.9988888890625001
0 0.71640625 0.11484375 0.215625 0.2296875
0 0.82421875 0.178125 0.178125 0.2703125
0 0.921875 0.3203125 0.1375 0.221875
0 0.9296875 0.15234375 0.09375 0.1484375
0 0.8984375 0.5796875 0.2 0.271875
0 0.5328125 0.63046875 0.190625 0.25
0 0.071875 0.284375 0.14375 0.271875
0 0.27734375 0.071875 0.190625 0.1421875