0 0.7109375 0.471875 0.46875 0.428125
0 0.8265625 0.8578125 0.346875 0.284375
0 0.54140625 0.82890625 0.5296875 0.246875
0 0.19375 0.65078125 0.3203125 0.25625
0 0.484375 0.60546875 0.4421875 0.3015625
0 0.29921875 0.44296875 0.41875 0.2546875
0 0.51328125 0.23671875 0.3671875 0.2421875
0 0.8515625 0.17734375 0.296875 0.3140625
0 0.42734375 0.09453125 0.4484375 0.178125
0 0.1203125 0.1640625 0.221875 0.1875
0 0.12109375 0.36015625 0.2296875 0.225
0 0.33125 0.9390625 0.65625 0.121875
0 0.49533333281249997 0.39875 0.49633333281249997 0.4185 0.5026666671875 0.453 0.515 0.48250000000000004 0.5309999999999999 0.5075000000000001 0.5436666671875 0.521 0.5559999999999999 0.53075 0.5793333328125 0.5465 0.6136666671875 0.5667500000000001 0.6576666671875 0.59775 0.6986666671874999 0.62325 0.709 0.62725 0.7253333328125 0.63625 0.764 0.651 0.782 0.659 0.7956666671875 0.6627500000000001 0.8086666671874999 0.6645 0.8196666671875 0.66425 0.8480000000000001 0.65925 0.8716666671875 0.64725 0.8893333328124999 0.63425 0.9006666671874999 0.62325 0.9189999999999999 0.6005 0.9339999999999999 0.5715 0.9376666671875 0.55775 0.9393333328125 0.545 0.9383333328125 0.52175 0.9316666671875 0.4665 0.923 0.4415 0.907 0.4145 0.899 0.404 0.889 0.3875 0.8406666671874999 0.33725 0.829 0.329 0.8256666671874999 0.3215 0.8160000000000001 0.31275 0.8066666671875 0.308 0.7816666671875 0.29874999999999996 0.75 0.284 0.7223333328125 0.273 0.71 0.27 0.696 0.268 0.6643333328125001 0.2665 0.6453333328124999 0.26749999999999996 0.621 0.27175 0.5956666671875 0.27875 0.5730000000000001 0.28775 0.5533333328125 0.29975 0.5376666671875 0.31225 0.5243333328124999 0.3265 0.5156666671875 0.33799999999999997 0.501 0.3675 0.49633333281249997 0.38725 0.49533333281249997 0.39875
0 0.30133333281249997 0.6214999999999999 0.3133333328125 0.64 0.3273333328125 0.65675 0.3416666671875 0.6717500000000001 0.3543333328125 0.68275 0.3786666671875 0.7 0.3993333328125 0.7105 0.429 0.72175 0.44699999999999995 0.72575 0.484 0.73175 0.53 0.73625 0.557 0.7375 0.6046666671875001 0.73775 0.6303333328125 0.73575 0.667 0.7252500000000001 0.6976666671875 0.7112499999999999 0.7026666671874999 0.70675 0.7076666671875 0.69725 0.7063333328125 0.6815 0.6906666671874999 0.6212500000000001 0.6773333328125 0.60625 0.6519999999999999 0.5900000000000001 0.6216666671875 0.5685 0.5599999999999999 0.53025 0.5396666671875 0.5135 0.52 0.48925 0.5093333328125 0.48250000000000004 0.5046666671875 0.481 0.4926666671875 0.48025 0.4646666671875 0.4725 0.43166666718749996 0.46925 0.40433333281249995 0.46900000000000003 0.38133333281250004 0.47225 0.36866666718749996 0.47625 0.341 0.48925 0.3306666671875 0.496 0.319 0.50475 0.3036666671875 0.52 0.29 0.5405 0.2853333328125 0.5535 0.2846666671875 0.5589999999999999 0.2883333328125 0.592 0.30133333281249997 0.6214999999999999
0 0.2796666671875 0.8234999999999999 0.277 0.837 0.27999999999999997 0.8480000000000001 0.286 0.8622500000000001 0.2966666671875 0.8755000000000001 0.3133333328125 0.8877499999999999 0.3353333328125 0.89625 0.3536666671875 0.90525 0.3823333328125 0.921 0.388 0.9252499999999999 0.40366666718750005 0.9315 0.4146666671875 0.9375 0.4363333328125 0.9445 0.44800000000000006 0.95 0.47466666718750006 0.958 0.5186666671875 0.9744999999999999 0.546 0.98225 0.5650000000000001 0.98925 0.5723333328125 0.9904999999999999 0.591 0.99125 0.6376666671875 0.991 0.6593333328125001 0.9904999999999999 0.6956666671875 0.9869999999999999 0.7 0.97575 0.7016666671875 0.9492499999999999 0.7073333328125 0.92425 0.722 0.88825 0.7316666671875 0.8702500000000001 0.7466666671875 0.8470000000000001 0.7686666671875 0.81875 0.7823333328125 0.8039999999999999 0.8046666671875 0.7849999999999999 0.8053333328125 0.78 0.8026666671875 0.77275 0.7916666671875 0.768 0.7593333328125 0.76 0.7443333328125 0.753 0.7156666671874999 0.747 0.708 0.741 0.7033333328125 0.739 0.6849999999999999 0.73675 0.6766666671875 0.7344999999999999 0.6713333328125 0.72875 0.658 0.7285 0.6206666671875001 0.7325 0.5926666671875 0.73375 0.571 0.7335 0.5 0.73 0.4756666671875 0.728 0.4453333328125 0.724 0.41 0.7165 0.3946666671875 0.7110000000000001 0.391 0.71075 0.3763333328125 0.71925 0.37033333281249997 0.726 0.354 0.74025 0.34900000000000003 0.74675 0.3386666671875 0.7542500000000001 0.33199999999999996 0.7617499999999999 0.324 0.76725 0.31 0.77975 0.298 0.7925 0.2876666671875 0.8067500000000001 0.2796666671875 0.8234999999999999
0 0.3496666671875 0.2905 0.3573333328125 0.303 0.36266666718749996 0.31625000000000003 0.37533333281250003 0.3295 0.394 0.34249999999999997 0.4176666671875 0.356 0.43 0.36 0.4516666671875 0.36475 0.46666666718750005 0.36924999999999997 0.4903333328125 0.373 0.4966666671875 0.372 0.5053333328125 0.365 0.5193333328125 0.33925 0.5383333328125001 0.31575000000000003 0.5566666671875 0.30125 0.568 0.2945 0.5813333328125 0.28775 0.5943333328125 0.2835 0.628 0.27475 0.6686666671875 0.2685 0.6753333328125 0.266 0.6759999999999999 0.2645 0.674 0.25525000000000003 0.6746666671875 0.23775 0.6736666671875 0.22974999999999998 0.667 0.19975 0.662 0.18775 0.6523333328125 0.17325 0.6363333328125 0.155 0.627 0.14650000000000002 0.6123333328125 0.1365 0.5820000000000001 0.12525 0.571 0.123 0.5576666671875 0.12175 0.5216666671875 0.12125 0.484 0.12425 0.4583333328125 0.13 0.4376666671875 0.1375 0.41500000000000004 0.14975 0.391 0.16875 0.375 0.18675 0.3563333328125 0.21725 0.3516666671875 0.2285 0.3486666671875 0.24125000000000002 0.348 0.27999999999999997 0.3496666671875 0.2905
0 0.1136666671875 0.442 0.11299999999999999 0.45975 0.1203333328125 0.493 0.1226666671875 0.49800000000000005 0.137 0.51275 0.144 0.51625 0.1526666671875 0.5235000000000001 0.16933333281250001 0.5295 0.1843333328125 0.53975 0.1983333328125 0.54475 0.20633333281250002 0.5465 0.25433333281250003 0.5515 0.27799999999999997 0.55275 0.2816666671875 0.5485 0.2856666671875 0.54075 0.29733333281249996 0.528 0.31233333281250003 0.5135 0.323 0.50525 0.3446666671875 0.491 0.3776666671875 0.47725 0.3976666671875 0.47375 0.43433333281250003 0.47350000000000003 0.4676666671875 0.477 0.4943333328125 0.48375 0.504 0.485 0.5086666671875 0.48475 0.513 0.48175 0.5133333328125 0.47850000000000004 0.5106666671875 0.46849999999999997 0.5043333328124999 0.453 0.499 0.42125 0.49766666718749997 0.39525 0.4993333328125 0.37725 0.4956666671875 0.369 0.49233333281249997 0.3675 0.4686666671875 0.3665 0.44966666718750004 0.3605 0.4286666671875 0.356 0.40133333281250005 0.3435 0.36833333281249997 0.32175 0.3633333328125 0.3205 0.3513333328125 0.31975 0.316 0.3205 0.2893333328125 0.32275 0.26233333281250004 0.327 0.2276666671875 0.33525 0.183 0.35325 0.16299999999999998 0.36575 0.1493333328125 0.37775 0.1356666671875 0.392 0.1266666671875 0.40499999999999997 0.1206666671875 0.41675000000000006 0.1136666671875 0.442