0 0.6018749999999999 0.978 0.62375 0.9369999999999999 0.62375 0.909 0.61375 0.8550000000000001 0.595625 0.8240000000000001 0.506875 0.8240000000000001 0.480625 0.836 0.46687500000000004 0.8699999999999999 0.460625 0.858 0.43562500000000004 0.8560000000000001 0.433125 0.8300000000000001 0.41937499999999994 0.8460000000000001 0.4 0.8150000000000001 0.399375 0.794 0.38937499999999997 0.8300000000000001 0.369375 0.806 0.36875 0.8230000000000001 0.361875 0.8240000000000001 0.3625 0.805 0.36875 0.799 0.361875 0.784 0.36 0.8109999999999999 0.35375 0.8130000000000001 0.343125 0.842 0.33625 0.843 0.34125 0.8550000000000001 0.33999999999999997 0.873 0.365 0.899 0.361875 0.924 0.375625 0.922 0.3875 0.931 0.39 0.953 0.4 0.967 0.4 0.993 0.41875 0.999 0.441875 0.998 0.45625 0.9810000000000001 0.45125000000000004 0.967 0.459375 0.954 0.479375 0.9800000000000001 0.515625 0.99 0.5756249999999999 0.99 0.6018749999999999 0.978
0 0.464375 0.708 0.448125 0.712 0.405625 0.682 0.40750000000000003 0.6910000000000001 0.40062499999999995 0.6980000000000001 0.395625 0.6719999999999999 0.37374999999999997 0.749 0.38125 0.765 0.380625 0.776 0.403125 0.768 0.410625 0.782 0.43562500000000004 0.788 0.449375 0.78 0.46187500000000004 0.788 0.479375 0.8140000000000001 0.49437499999999995 0.82 0.5775 0.819 0.591875 0.8160000000000001 0.60875 0.795 0.6125 0.747 0.60875 0.6910000000000001 0.584375 0.666 0.49812500000000004 0.67 0.471875 0.686 0.464375 0.708
0 0.536875 0.522 0.5131249999999999 0.512 0.480625 0.522 0.45562500000000006 0.544 0.445625 0.514 0.42312500000000003 0.532 0.41312499999999996 0.48200000000000004 0.40062499999999995 0.526 0.37312500000000004 0.45599999999999996 0.365625 0.47000000000000003 0.361875 0.46399999999999997 0.349375 0.46799999999999997 0.344375 0.48200000000000004 0.3375 0.485 0.33875 0.503 0.32999999999999996 0.509 0.334375 0.518 0.34249999999999997 0.517 0.3375 0.529 0.34249999999999997 0.5349999999999999 0.34187500000000004 0.554 0.323125 0.548 0.305 0.561 0.315 0.593 0.31625000000000003 0.617 0.32937500000000003 0.632 0.350625 0.63 0.353125 0.638 0.369375 0.64 0.39187500000000003 0.658 0.418125 0.642 0.440625 0.658 0.453125 0.658 0.459375 0.65 0.48187499999999994 0.666 0.51375 0.665 0.5806250000000001 0.658 0.59375 0.645 0.6 0.613 0.6012500000000001 0.561 0.590625 0.522 0.576875 0.512 0.555625 0.512 0.536875 0.522
0 0.48687500000000006 0.356 0.45562500000000006 0.378 0.445 0.397 0.4425 0.44699999999999995 0.45125000000000004 0.483 0.47562499999999996 0.506 0.51 0.509 0.5818749999999999 0.488 0.5912499999999999 0.475 0.59375 0.42300000000000004 0.5587500000000001 0.371 0.585 0.377 0.569375 0.352 0.535625 0.346 0.48687500000000006 0.356
0 0.44312500000000005 0.21400000000000002 0.43 0.24500000000000002 0.43187499999999995 0.258 0.45375 0.24700000000000003 0.43499999999999994 0.28700000000000003 0.44125 0.315 0.46187500000000004 0.34199999999999997 0.51625 0.34700000000000003 0.5543750000000001 0.344 0.57375 0.325 0.5875 0.28900000000000003 0.5875 0.223 0.559375 0.192 0.528125 0.184 0.464375 0.198 0.44312500000000005 0.21400000000000002
0 0.58 0.133 0.595625 0.154 0.604375 0.152 0.6174999999999999 0.129 0.6174999999999999 0.10700000000000001 0.60875 0.095 0.6075 0.073 0.598125 0.054000000000000006 0.569375 0.036 0.5181250000000001 0.04 0.46187500000000004 0.064 0.43937499999999996 0.08199999999999999 0.43125 0.059 0.43 0.033 0.418125 0.026000000000000002 0.41312499999999996 0.006 0.40437500000000004 0.006 0.393125 0.024 0.37687499999999996 0.024 0.365625 0 0.330625 0.01 0.325 0.033 0.3275 0.05500000000000001 0.335 0.06899999999999999 0.335 0.08299999999999999 0.325 0.093 0.32999999999999996 0.127 0.35 0.141 0.3525 0.16699999999999998 0.36312500000000003 0.184 0.380625 0.16999999999999998 0.39437500000000003 0.18 0.40437500000000004 0.20800000000000002 0.41875 0.211 0.43375 0.191 0.44312500000000005 0.162 0.464375 0.192 0.5118750000000001 0.186 0.5393749999999999 0.172 0.5743750000000001 0.18 0.58375 0.16899999999999998 0.58 0.133
0 0.30625 0.125 0.3075 0.095 0.321875 0.09 0.3275 0.077 0.318125 0.06999999999999999 0.305625 0.08399999999999999 0.304375 0.076 0.29375 0.071 0.29562499999999997 0.05600000000000001 0.280625 0.05 0.2875 0.06899999999999999 0.26937500000000003 0.072 0.263125 0.10200000000000001 0.255625 0.076 0.23312499999999997 0.06999999999999999 0.216875 0.04 0.193125 0.022 0.135625 0.006 0.109375 0.014000000000000002 0.08499999999999999 0.059 0.08625000000000001 0.101 0.10124999999999999 0.127 0.095 0.13899999999999998 0.10124999999999999 0.157 0.109375 0.16799999999999998 0.18125 0.177 0.19437500000000002 0.16599999999999998 0.224375 0.162 0.23312499999999997 0.136 0.238125 0.146 0.246875 0.144 0.250625 0.154 0.29812500000000003 0.13999999999999999 0.30625 0.125
0 0.28312499999999996 0.15 0.275625 0.152 0.273125 0.162 0.259375 0.158 0.255625 0.19 0.244375 0.176 0.21875 0.173 0.228125 0.192 0.2325 0.189 0.23937499999999998 0.21600000000000003 0.255 0.227 0.246875 0.236 0.216875 0.202 0.153125 0.172 0.110625 0.172 0.094375 0.18 0.08375 0.197 0.0775 0.279 0.08249999999999999 0.29900000000000004 0.096875 0.318 0.198125 0.33999999999999997 0.224375 0.33399999999999996 0.231875 0.318 0.24312499999999998 0.33999999999999997 0.25625 0.341 0.26687500000000003 0.33599999999999997 0.281875 0.302 0.29375 0.29700000000000004 0.29 0.271 0.30375 0.24100000000000002 0.305 0.215 0.29874999999999996 0.179 0.28312499999999996 0.15
0 0.278125 0.45999999999999996 0.289375 0.45999999999999996 0.289375 0.446 0.30375 0.44299999999999995 0.3025 0.42300000000000004 0.29500000000000004 0.417 0.29625 0.41100000000000003 0.309375 0.40599999999999997 0.303125 0.422 0.32 0.41100000000000003 0.32125 0.351 0.29812500000000003 0.35 0.294375 0.33199999999999996 0.29 0.339 0.29375 0.34700000000000003 0.286875 0.354 0.281875 0.35 0.28125 0.371 0.274375 0.374 0.26875 0.367 0.270625 0.36 0.275625 0.37 0.27749999999999997 0.365 0.274375 0.346 0.25875 0.365 0.255625 0.38 0.25 0.377 0.2575 0.387 0.25875 0.397 0.254375 0.4 0.24625 0.383 0.24562499999999998 0.366 0.231875 0.384 0.220625 0.386 0.210625 0.362 0.195625 0.348 0.146875 0.33199999999999996 0.09812499999999999 0.32999999999999996 0.0675 0.359 0.061250000000000006 0.41900000000000004 0.071875 0.462 0.094375 0.484 0.18375 0.497 0.20437500000000003 0.488 0.213125 0.472 0.236875 0.48200000000000004 0.253125 0.472 0.259375 0.45999999999999996 0.271875 0.46399999999999997 0.274375 0.446 0.278125 0.45999999999999996
0 0.280625 0.65 0.28375 0.639 0.27875 0.615 0.286875 0.618 0.29 0.597 0.294375 0.6 0.294375 0.5900000000000001 0.301875 0.592 0.30625 0.583 0.299375 0.572 0.26687500000000003 0.554 0.259375 0.52 0.255625 0.534 0.253125 0.526 0.241875 0.522 0.224375 0.542 0.21437499999999998 0.544 0.20437500000000003 0.524 0.176875 0.504 0.08937500000000001 0.488 0.075625 0.49800000000000005 0.06 0.525 0.0475 0.579 0.05500000000000001 0.639 0.06687499999999999 0.6519999999999999 0.08625000000000001 0.655 0.178125 0.65 0.191875 0.644 0.203125 0.626 0.228125 0.6519999999999999 0.24312499999999998 0.644 0.253125 0.648 0.263125 0.628 0.280625 0.65
0 0.30062500000000003 0.766 0.31124999999999997 0.755 0.3125 0.739 0.32125 0.729 0.3225 0.679 0.318125 0.678 0.301875 0.706 0.29562499999999997 0.706 0.289375 0.688 0.271875 0.6900000000000001 0.268125 0.674 0.26187499999999997 0.6799999999999999 0.241875 0.67 0.23562500000000003 0.686 0.21812499999999999 0.704 0.200625 0.674 0.178125 0.658 0.096875 0.654 0.075625 0.662 0.065625 0.674 0.052500000000000005 0.725 0.0675 0.7809999999999999 0.06875 0.805 0.08562499999999999 0.8160000000000001 0.1525 0.8210000000000001 0.18812500000000001 0.8119999999999999 0.20812499999999998 0.796 0.216875 0.772 0.224375 0.77 0.240625 0.788 0.253125 0.788 0.275625 0.772 0.30062500000000003 0.766
0 0.31 0.893 0.305 0.837 0.29812500000000003 0.8300000000000001 0.27937500000000004 0.8699999999999999 0.27999999999999997 0.817 0.271875 0.792 0.26375000000000004 0.7969999999999999 0.259375 0.836 0.25187499999999996 0.8240000000000001 0.248125 0.836 0.236875 0.828 0.236875 0.836 0.21812499999999999 0.836 0.21625 0.873 0.20437500000000003 0.882 0.20375000000000001 0.8550000000000001 0.18562499999999998 0.8320000000000001 0.083125 0.8160000000000001 0.06 0.843 0.0475 0.8789999999999999 0.04375 0.907 0.04875 0.961 0.06937499999999999 0.99 0.093125 0.9960000000000001 0.174375 0.99 0.195625 0.976 0.200625 0.952 0.20125 0.967 0.21125 0.9789999999999999 0.213125 0.994 0.224375 0.9960000000000001 0.244375 0.978 0.24625 0.9949999999999999 0.2575 0.999 0.284375 0.994 0.28312499999999996 0.974 0.294375 0.9720000000000001 0.305625 0.99 0.30375 0.953 0.3175 0.9369999999999999 0.32 0.893 0.31 0.893
0 0.7825 0.851 0.7887500000000001 0.8789999999999999 0.77125 0.893 0.77 0.9289999999999999 0.7775000000000001 0.9470000000000001 0.8006249999999999 0.97 0.875 0.9789999999999999 0.909375 0.962 0.9175000000000001 0.931 0.91625 0.875 0.905 0.843 0.880625 0.82 0.849375 0.828 0.7931250000000001 0.826 0.7825 0.851
0 0.813125 0.6519999999999999 0.780625 0.6639999999999999 0.7787499999999999 0.673 0.7849999999999999 0.6910000000000001 0.78125 0.805 0.8006249999999999 0.82 0.83625 0.827 0.871875 0.8220000000000001 0.8868750000000001 0.8119999999999999 0.9012499999999999 0.7849999999999999 0.9037499999999999 0.763 0.89375 0.683 0.883125 0.662 0.8618750000000001 0.648 0.813125 0.6519999999999999
0 0.725 0.369 0.7262500000000001 0.45099999999999996 0.7318749999999999 0.45599999999999996 0.744375 0.44800000000000006 0.745625 0.472 0.760625 0.472 0.764375 0.484 0.7787499999999999 0.487 0.840625 0.48 0.8625 0.461 0.8699999999999999 0.403 0.853125 0.348 0.835625 0.33399999999999996 0.788125 0.33399999999999996 0.744375 0.346 0.725 0.369
0 0.740625 0.22400000000000003 0.74 0.24900000000000003 0.75 0.271 0.7462500000000001 0.28300000000000003 0.75 0.323 0.7625 0.337 0.8393750000000001 0.32999999999999996 0.85875 0.29500000000000004 0.8637499999999999 0.259 0.8699999999999999 0.24700000000000003 0.85875 0.207 0.828125 0.186 0.791875 0.182 0.740625 0.22400000000000003
0 0.766875 0.49800000000000005 0.7525000000000001 0.513 0.7525000000000001 0.541 0.74375 0.571 0.75 0.585 0.7525000000000001 0.635 0.7581249999999999 0.648 0.775 0.657 0.836875 0.648 0.851875 0.626 0.871875 0.622 0.88125 0.609 0.89 0.5589999999999999 0.868125 0.49400000000000005 0.8243750000000001 0.48200000000000004 0.766875 0.49800000000000005
0 0.740625 0.054000000000000006 0.7262500000000001 0.08299999999999999 0.7224999999999999 0.161 0.7318749999999999 0.18 0.7537499999999999 0.179 0.8256249999999999 0.13999999999999999 0.838125 0.15 0.8481249999999999 0.146 0.8550000000000001 0.11299999999999999 0.85375 0.091 0.843125 0.072 0.806875 0.05 0.740625 0.054000000000000006