0 0.5326797390625 0.222222221875 0.5228758171875 0.167755990625 0.5049019609375 0.132897603125 0.4705882359375 0.09368191718749999 0.43300653593750005 0.0740740734375 0.40196078437500005 0.071895425 0.34150326875000003 0.10021786562499999 0.3006535953125 0.1459694984375 0.276143790625 0.2113289765625 0.27777777812500004 0.25054466249999996 0.3071895421875 0.3202614375 0.3513071890625 0.3594771234375 0.439542484375 0.3703703703125 0.4787581703125 0.3594771234375 0.5114379078125 0.3355119828125 0.5294117640625 0.3006535953125 0.5326797390625 0.222222221875
0 0.7009803921875 0.48366013125 0.69607843125 0.41176470624999995 0.6797385625000001 0.37472766874999996 0.6470588234375 0.34640522812499996 0.5996732031249999 0.33769063125 0.5375816999999999 0.37472766874999996 0.5032679734375 0.42483660156249997 0.48856209218749996 0.47276688437500003 0.48366013125 0.546840959375 0.49509803906250005 0.5925925921874999 0.51960784375 0.642701525 0.544117646875 0.66230936875 0.5866013078125001 0.6644880171875001 0.6209150328125 0.642701525 0.6748366015625 0.5642701531250001 0.7009803921875 0.48366013125
0 0.4852941171875 0.544662309375 0.49509803906250005 0.44444444375 0.48202614375 0.4052287578125 0.4526143796875 0.37472766874999996 0.36274509843749997 0.366013071875 0.3333333328125 0.383442265625 0.313725490625 0.41176470624999995 0.2973856203125 0.46623093750000005 0.292483659375 0.5359477125 0.312091503125 0.6056644875 0.328431371875 0.6296296296875 0.35620915000000003 0.6470588234375 0.385620915625 0.6470588234375 0.436274509375 0.6209150328125 0.4754901953125 0.57298475 0.4852941171875 0.544662309375
0 0.3006535953125 0.4684095859375 0.3235294125 0.39651416093749997 0.3235294125 0.3877995640625 0.2973856203125 0.355119825 0.276143790625 0.33769063125 0.2124183 0.3246187359375 0.1372549015625 0.366013071875 0.1078431375 0.40958605625000005 0.08986928125 0.47276688437500003 0.09150326875 0.5206971671875 0.10620915 0.5686274515624999 0.135620915625 0.6013071890624999 0.16176470625 0.6165577343749999 0.19771241875 0.6187363828125 0.23039215624999998 0.6078431375 0.292483659375 0.5511982578125 0.3006535953125 0.4684095859375
0 0.3807189546875 0.7080610015625 0.382352940625 0.651416121875 0.330065359375 0.6274509796875 0.2892156859375 0.5490196078125 0.24019607812500002 0.599128540625 0.2026143796875 0.614379084375 0.186274509375 0.6644880171875001 0.18464052343749998 0.7015250546875 0.19771241875 0.7625272328125 0.2205882359375 0.8061002171875 0.24019607812500002 0.8278867109375 0.276143790625 0.8257080609375 0.330065359375 0.7973856203125 0.3594771234375 0.7625272328125 0.3807189546875 0.7080610015625
0 0.5947712421875 0.7298474953125 0.5833333328125 0.671023965625 0.526143790625 0.6470588234375 0.49509803906250005 0.59041394375 0.4787581703125 0.5773420484375 0.43464052343750004 0.6209150328125 0.3888888890625 0.6470588234375 0.382352940625 0.7102396515625 0.40032679687500006 0.7690631812500001 0.437908496875 0.8169934640625 0.4771241828125 0.8366013078125001 0.526143790625 0.832244009375 0.5866013078125001 0.8082788671875001 0.596405228125 0.795206971875 0.596405228125 0.7799564265625001 0.5947712421875 0.7298474953125
0 0.813725490625 0.69716775625 0.810457515625 0.6405228765625 0.7908496734375 0.5947712421875 0.7647058828125 0.5642701531250001 0.7271241828125 0.5381263609375 0.6911764703125 0.5294117640625 0.6225490203125 0.6383442265625 0.5833333328125 0.6666666671875 0.581699346875 0.6753812640625 0.58823529375 0.6819172109375 0.5947712421875 0.7189542484375 0.6454248359375 0.775599128125 0.7009803921875 0.8017429187499999 0.7565359484374999 0.7973856203125 0.7826797390625 0.7799564265625001 0.8071895421875 0.73420479375 0.813725490625 0.69716775625
0 0.90849673125 0.8169934640625 0.8954248359375001 0.7647058828125 0.8725490203125 0.7124183000000001 0.8513071890624999 0.6928104578125 0.8202614374999999 0.6840958609375 0.810457515625 0.69716775625 0.792483659375 0.758169934375 0.776143790625 0.7821350765624999 0.75 0.7973856203125 0.7434640515625001 0.8148148140625 0.76960784375 0.901960784375 0.83986928125 0.9302832249999999 0.8725490203125 0.9106753812499999 0.9003267968750001 0.8801742921875 0.90849673125 0.85620915 0.90849673125 0.8169934640625
0 0.794117646875 0.2461873640625 0.83986928125 0.20043572968749998 0.8709150328125 0.132897603125 0.87581699375 0.08932461875 0.8709150328125 0.061002178124999994 0.83986928125 0.010893246875 0.794117646875 0 0.784313725 0.010893246875 0.7124183000000001 0.0065359484374999995 0.6666666671875 0.032679739062500004 0.6388888890625 0.06535947656249999 0.6176470593750001 0.1220043578125 0.6111111109375 0.167755990625 0.614379084375 0.2178649234375 0.6323529406249999 0.25054466249999996 0.6748366015625 0.27450980468749997 0.7173202609375 0.276688453125 0.794117646875 0.2461873640625
0 0.87581699375 0.3006535953125 0.8447712421875 0.2636165578125 0.792483659375 0.25054466249999996 0.707516340625 0.2832244015625 0.66013071875 0.33986928125000004 0.66176470625 0.355119825 0.689542484375 0.39651416093749997 0.7091503265625 0.48366013125 0.76797385625 0.5054466234375 0.828431371875 0.498910675 0.8578431375 0.4771241828125 0.8905228765625001 0.42265795156249997 0.8888888890625 0.34640522812499996 0.87581699375 0.3006535953125
0 0 0.36819172187500004 0.027777778125000003 0.383442265625 0.080065359375 0.3899782140625 0.12581699375 0.37690631875 0.1568627453125 0.3507625265625 0.23039215624999998 0.3093681921875 0.2549019609375 0.2636165578125 0.259803921875 0.20479302812500003 0.23692810468749997 0.1372549015625 0.186274509375 0.069716775 0.133986928125 0.045751634375 0.062091503125 0.0392156859375 0 0.0588235296875 0 0.36819172187500004
0 0.19607843125 0.6209150328125 0.15849673125 0.6122004359375001 0.117647059375 0.581699346875 0.0866013078125 0.5228758171875 0.05392156875 0.5359477125 0.0245098046875 0.5708061 0.008169934375 0.6056644875 0.008169934375 0.6732026140625 0 0.721132896875 0.026143790625000003 0.7647058828125 0.081699346875 0.775599128125 0.1307189546875 0.760348584375 0.16993464062500002 0.73202614375 0.186274509375 0.7080610015625 0.19607843125 0.6209150328125
0 0.35620915000000003 0.775599128125 0.25326797343749996 0.847494553125 0.223856209375 0.919389978125 0.222222221875 0.9607843140625001 0.23366013125 1 0.3905228765625 0.99782135 0.41176470624999995 0.938997821875 0.419934640625 0.8235294124999999 0.40849673124999997 0.7886710234375001 0.385620915625 0.7734204796874999 0.35620915000000003 0.775599128125
0 0.75 1 0.76797385625 0.938997821875 0.76960784375 0.8910675375 0.7450980390625 0.8061002171875 0.6797385625000001 0.7930283218749999 0.62581699375 0.7625272328125 0.5996732031249999 0.7973856203125 0.58823529375 0.8453159046875 0.5947712421875 0.971677559375 0.6029411765625 1 0.6944444437499999 0.9934640515625001 0.6993464046875 1 0.75 1
0 0.9754901953124999 0.6252723312499999 0.973856209375 0.599128540625 0.954248365625 0.5294117640625 0.9346405234375 0.490196078125 0.9068627453125 0.4618736390625 0.87418300625 0.45533769062499996 0.8267973859375 0.49673202656250004 0.8039215687500001 0.5032679734375 0.7450980390625 0.498910675 0.73039215625 0.5403050109375 0.7908496734375 0.599128540625 0.8169934640625 0.6775599125 0.8774509796875 0.703703703125 0.9264705875000001 0.6993464046875 0.9428104578125 0.6906318078125 0.965686275 0.6579520703124999 0.9754901953124999 0.6252723312499999
0 0.18125 0.84765625 0.1953125 0.2359375