0 0.43671875 0.346875 0.34375 0.471875
0 0.82578125 0.70078125 0.284375 0.5953125
0 0.81171875 0.20703125 0.221875 0.3453125
0 0.60625 0.08984375 0.228125 0.1796875
0 0.26015625 0.703125 0.2140625 0.365625
0 0.61171875 0.77421875 0.1828125 0.2375
0 0.525 0.646875 0.309375 0.20625
0 0.89921875 0.74453125 0.2015625 0.0984375
0 0.96328125 0.88046875 0.0484375 0.2296875
0 0.86640625 0.415625 0.209375 0.3046875
0 0.24765625 0.36953125 0.0796875 0.2953125
0 0.48828125 0.9140625 0.1953125 0.15625
0 0.671875 0.25703125 0.0578125 0.1171875