0 0.5253846156249999 0.5075117375 0.499615384375 0.4863849765625 0.48576923125000004 0.48075117343749996 0.47115384687499995 0.47981220625 0.44423076874999995 0.483568075 0.431153846875 0.48169014062500004 0.4180769234375 0.4863849765625 0.4080769234375 0.5023474171875 0.39846153906250004 0.5075117375 0.388846153125 0.5314553984375 0.375384615625 0.53661971875 0.36615384687499997 0.5553990609375 0.36 0.585446009375 0.3684615390625 0.62769953125 0.378846153125 0.6478873234375 0.40346153906250004 0.6657276999999999 0.41423076875 0.66948356875 0.42653846093750003 0.6807511734375 0.44346153906249997 0.685446009375 0.45115384687500004 0.6948356812500001 0.4619230765625 0.6995305171874999 0.48769230781250006 0.7028169015625 0.495 0.6882629109375 0.5026923078125 0.6863849765625 0.5180769234375 0.66948356875 0.5419230765624999 0.6582159625 0.55 0.6483568078124999 0.5615384609375 0.61267605625 0.56076923125 0.5704225359375 0.544615384375 0.5394366203125001 0.5323076921875 0.5244131453125 0.5253846156249999 0.5075117375
0 0.635 0.401877934375 0.6119230765625 0.390610328125 0.57423076875 0.39624413125 0.546153846875 0.436150234375 0.5430769234375 0.4661971828125 0.5430769234375 0.5150234734375 0.5484615390625 0.5413145546875 0.5765384609375 0.5605633796875 0.5873076921875 0.5643192484374999 0.603846153125 0.563849765625 0.6265384609375 0.5605633796875 0.6319230765625 0.551173709375 0.6480769234375 0.5408450703125001 0.666153846875 0.51126760625 0.66923076875 0.48873239375 0.6676923078125 0.4539906109375 0.6623076921875 0.43708920156250003 0.65076923125 0.4248826296875 0.6469230765625 0.4136150234375 0.635 0.401877934375
0 0.365384615625 0.2793427234375 0.365384615625 0.301877934375 0.36076923125000004 0.31408450781249997 0.365384615625 0.35446009375 0.39269230781250003 0.3915492953125 0.40423076875 0.398122065625 0.44230769218750005 0.40140845 0.4773076921875 0.390610328125 0.4980769234375 0.3746478875 0.5130769234375 0.3262910796875 0.5107692312500001 0.29624413125000004 0.5030769234375 0.2737089203125 0.4865384609375 0.2478873234375 0.45269230781249997 0.22535211249999998 0.4119230765625 0.234741784375 0.3734615390625 0.2629107984375 0.365384615625 0.2793427234375
0 0.5896153843749999 0.30798122031249997 0.608846153125 0.32018779375 0.64 0.32159624375 0.67576923125 0.31173708906250003 0.694615384375 0.2737089203125 0.6930769234375 0.23051643125000001 0.6715384609374999 0.1901408453125 0.659615384375 0.17652582187500002 0.6065384609375 0.19342722968749998 0.5776923078125 0.22394366250000003 0.5669230765625 0.25305164375 0.56923076875 0.28028169062499997 0.5896153843749999 0.30798122031249997
0 0.3023076921875 0.5507042249999999 0.296153846875 0.5460093890625 0.30076923125 0.5431924875 0.2984615390625 0.5338028171875 0.2834615390625 0.5239436625 0.2465384609375 0.52018779375 0.2165384609375 0.5295774640625 0.2 0.548826290625 0.18923076875 0.5732394359375 0.18 0.581690140625 0.1630769234375 0.6117370890625 0.15769230781250002 0.62769953125 0.153846153125 0.6671361499999999 0.15923076875 0.6990610328125 0.17076923125000001 0.7103286390625 0.190384615625 0.7446009390625 0.20576923125 0.754929578125 0.22923076875 0.7600938968750001 0.23961538437500002 0.75305164375 0.2719230765625 0.74553990625 0.3034615390625 0.7314553984375001 0.3115384609375 0.723474178125 0.32923076875 0.6830985921875 0.32923076875 0.6295774640625 0.32461538437500004 0.6004694828125 0.31307692343750004 0.574178403125 0.3015384609375 0.5610328640625 0.3023076921875 0.5507042249999999
0 0.148846153125 0.3746478875 0.1319230765625 0.36995305156249997 0.1073076921875 0.384037559375 0.086153846875 0.4089201875 0.0815384609375 0.43521126718750003 0.083846153125 0.47934272343749995 0.1073076921875 0.5136150234375 0.12576923125 0.5230046953125 0.15769230781250002 0.5253521125 0.17884615312500002 0.5220657281250001 0.20884615312500002 0.5042253515625 0.2184615390625 0.49248826250000005 0.223846153125 0.47934272343749995 0.22692307656250002 0.44084507031250003 0.22000000000000003 0.42018779375 0.21192307656249998 0.4084507046875 0.1773076921875 0.398122065625 0.158846153125 0.38685445937499996 0.148846153125 0.3746478875
0 0.04576923125 0.3661971828125 0.03076923125 0.3863849765625 0.0215384609375 0.41267605625000003 0.01923076875 0.436150234375 0.028461539062500003 0.46338028124999997 0.054230768750000005 0.48450704218749996 0.07115384687500001 0.483568075 0.08 0.48685445937500005 0.084615384375 0.48403755937500004 0.08076923124999999 0.4427230046875 0.084615384375 0.4089201875 0.1034615390625 0.3859154921875 0.1284615390625 0.36948356875 0.12576923125 0.36338028125 0.1134615390625 0.3596244125 0.10500000000000001 0.3502347421875 0.081153846875 0.3502347421875 0.04576923125 0.3661971828125
0 0.1073076921875 0.5173708921875 0.081153846875 0.5154929578125 0.0719230765625 0.5192488265625 0.055769231249999995 0.5192488265625 0.0380769234375 0.536150234375 0.018461539062499997 0.563849765625 0.01 0.6098591546875001 0.0169230765625 0.64553990625 0.060384615625000006 0.6732394359375 0.07038461562500001 0.6769953046875 0.08538461562500001 0.676525821875 0.095 0.6732394359375 0.111153846875 0.6591549296875 0.130384615625 0.6553990609375 0.153846153125 0.6436619718750001 0.15923076875 0.6173708921875 0.17923076875 0.5769953046875 0.176153846875 0.5591549296875 0.15730769218750001 0.5333333328125 0.1473076921875 0.5333333328125 0.1073076921875 0.5173708921875
0 0.1880769234375 0.74553990625 0.1730769234375 0.723474178125 0.16923076875 0.7122065734375 0.15692307656249999 0.6990610328125 0.15307692343749998 0.6558685453125 0.1465384609375 0.6497652578124999 0.139615384375 0.6507042249999999 0.1319230765625 0.6572769953125001 0.11038461562499999 0.6610328640625001 0.084615384375 0.690610328125 0.06923076875 0.7187793421875 0.0684615390625 0.738497653125 0.06076923125 0.74694835625 0.054615384375 0.7657277 0.054615384375 0.7760563375 0.065384615625 0.7995305171875 0.063846153125 0.8239436625 0.07923076875 0.8464788734375001 0.08076923124999999 0.865258215625 0.090384615625 0.8741784031250001 0.11807692343750001 0.885446009375 0.13384615312499998 0.8859154921875 0.145 0.8826291078124999 0.16576923125 0.885446009375 0.1776923078125 0.87840375625 0.184615384375 0.8633802812500001 0.2 0.8474178406249999 0.20923076875 0.8305164312500001 0.22153846093750001 0.7769953046875 0.21884615312500003 0.7624413140625 0.1965384609375 0.75305164375 0.1880769234375 0.74553990625
0 0.0615384609375 0.6849765265625 0.050384615625 0.66948356875 0.039615384375 0.667605634375 0.033461539062500004 0.6591549296875 0.020384615624999998 0.6516431921875 0.00038461562500000004 0.6497652578124999 0 0.8586854453124999 0.0076923078125 0.8586854453124999 0.0326923078125 0.8460093890625 0.06 0.8098591546874999 0.06 0.7957746484375 0.053846153125 0.7826291078125001 0.0530769234375 0.7666666671875 0.064615384375 0.738497653125 0.0623076921875 0.7103286390625 0.06769230781249999 0.70375586875 0.0615384609375 0.6971830984375 0.0615384609375 0.6849765265625
0 0.35576923125 0.6572769953125001 0.3315384609375 0.684037559375 0.32 0.7084507046875 0.2976923078125 0.7666666671875 0.2969230765625 0.7901408453125 0.304615384375 0.7995305171875 0.304615384375 0.8239436625 0.30961538437499997 0.8375586859374999 0.32576923125 0.8431924875 0.3269230765625 0.8502347421875 0.3319230765625 0.8553990609375001 0.3519230765625 0.8638497656249999 0.38923076874999996 0.86713615 0.3965384609375 0.8638497656249999 0.41576923125 0.8638497656249999 0.43923076875 0.8399061031249999 0.46769230781250004 0.75446009375 0.4684615390625 0.7140845078125 0.4619230765625 0.703286384375 0.441153846875 0.6882629109375 0.42653846093750003 0.6826291078125 0.3880769234375 0.656338028125 0.35576923125 0.6572769953125001
0 0.52576923125 0.7136150234375 0.5011538468750001 0.72018779375 0.494615384375 0.727230046875 0.4915384609375 0.742253521875 0.4773076921875 0.757746478125 0.4684615390625 0.76197183125 0.4630769234375 0.783568075 0.4430769234375 0.8305164312500001 0.44230769218750005 0.8427230046874999 0.44923076875 0.8586854453124999 0.44846153906249997 0.8821596250000001 0.4523076921875 0.8915492953124999 0.4773076921875 0.9154929578125 0.614615384375 0.915962440625 0.6207692312499999 0.9093896718750001 0.6238461531249999 0.88873239375 0.6192307687499999 0.854929578125 0.61576923125 0.850704225 0.58576923125 0.8413145546875 0.5780769234375 0.82910798125 0.56076923125 0.8154929578125 0.5353846156250001 0.7610328640625 0.5330769234375 0.73661971875 0.52576923125 0.7136150234375
0 0.69923076875 0.6605633796875 0.6799999999999999 0.6173708921875 0.6619230765624999 0.6009389671875 0.6380769234375 0.6009389671875 0.6280769234375 0.59624413125 0.6173076921875 0.59624413125 0.5834615390625 0.6122065734375 0.55076923125 0.65305164375 0.5307692312500001 0.6990610328125 0.53 0.72159624375 0.5353846156250001 0.7356807515625 0.536153846875 0.756338028125 0.5576923078125 0.8042253515625 0.5665384609374999 0.817840375 0.5780769234375 0.8244131453125 0.585 0.834741784375 0.6084615390625 0.84553990625 0.6334615390625 0.8441314546875001 0.6588461531250001 0.8281690140625001 0.6673076921875001 0.813145540625 0.6834615390625001 0.8028169015625 0.7019230765625 0.7774647890625 0.7115384609375 0.76948356875 0.7146153843749999 0.7610328640625 0.715384615625 0.7262910796875001 0.704615384375 0.7028169015625 0.69923076875 0.6605633796875
0 0.8403846156249999 0.6159624406249999 0.8165384609374999 0.5915492953125 0.80576923125 0.5859154921874999 0.7680769234375 0.584037559375 0.750384615625 0.5953051640625 0.7365384609375 0.5971830984375 0.73076923125 0.603286384375 0.7269230765625 0.6145539906249999 0.7123076921875 0.63051643125 0.71 0.6408450703125 0.7115384609375 0.7084507046875 0.71423076875 0.714553990625 0.7426923078125001 0.716431925 0.7430769234375 0.738497653125 0.754615384375 0.7657277 0.7634615390625 0.7718309859375 0.7719230765625 0.769014084375 0.781153846875 0.7830985921875 0.7930769234375 0.7873239437499999 0.8042307687499999 0.7793427234375 0.809615384375 0.782159625 0.8234615390625001 0.7802816906250001 0.8365384609375001 0.7652582156250001 0.845 0.7624413140625 0.855384615625 0.7516431921875 0.8615384609375001 0.717840375 0.85923076875 0.6436619718750001 0.8530769234375001 0.6239436625 0.8403846156249999 0.6159624406249999
0 0.9073076921875 0.7774647890625 0.888846153125 0.7568075125 0.8765384609375 0.7502347421875 0.8573076921875 0.7539906109375 0.8265384609374999 0.782159625 0.8134615390625 0.7859154921875 0.8080769234374999 0.7953051640625 0.7965384609374999 0.8 0.786153846875 0.8192488265625 0.77923076875 0.8239436625 0.7807692312500001 0.8295774640625 0.7769230765625 0.8333333328125001 0.7815384609375 0.83802816875 0.7769230765625 0.8427230046874999 0.78 0.84553990625 0.78 0.8774647890624999 0.7769230765625 0.8812206578125 0.776153846875 0.9009389671875001 0.78576923125 0.9145539906250001 0.8484615390625001 0.9169014078125001 0.9503846156250001 0.916431925 0.9626923078124999 0.9061032859375 0.9684615390625 0.8953051640625 0.9684615390625 0.87840375625 0.9646153843749999 0.8690140843749999 0.966153846875 0.8558685453124999 0.9584615390625 0.83802816875 0.95923076875 0.822065728125 0.9180769234374999 0.7971830984375 0.9073076921875 0.7774647890625
0 0.66423076875 0.8244131453125 0.638846153125 0.8469483562500001 0.631153846875 0.8497652578125001 0.6269230765625 0.8605633796875001 0.6276923078125 0.8981220656250001 0.63423076875 0.916431925 0.74923076875 0.9169014078125001 0.7688461531249999 0.916431925 0.7715384609375 0.91126760625 0.774615384375 0.8737089203125 0.7738461531249999 0.8352112671875 0.7511538468750001 0.7971830984375 0.720384615625 0.776525821875 0.7134615390625 0.7737089203124999 0.7026923078125 0.7793427234375 0.6765384609375 0.819718309375 0.66423076875 0.8244131453125
0 1 0.6173708921875 0.9903846156249999 0.6103286390625 0.9626923078124999 0.605633803125 0.9226923078124999 0.6206572765625 0.9023076921875001 0.6483568078124999 0.895384615625 0.6605633796875 0.8884615390624999 0.6877934265625 0.886153846875 0.72159624375 0.896153846875 0.76197183125 0.9119230765624999 0.7755868546875 0.9219230765624999 0.7924882625 0.9419230765625001 0.81126760625 0.97 0.8201877937500001 0.979615384375 0.815962440625 0.988846153125 0.7990610328125001 1 0.8079812203125 1 0.6173708921875
0 0.8765384609375 0.44131455468749997 0.8534615390625 0.4394366203125 0.82576923125 0.448826290625 0.8150000000000001 0.4647887328125 0.8061538468749999 0.46901408437500003 0.79076923125 0.49812206562499994 0.7876923078125 0.5375586859375 0.7915384609375 0.5657277 0.8003846156250001 0.582159625 0.8134615390625 0.5877934265625 0.8580769234375 0.6272300468750001 0.864615384375 0.62769953125 0.8865384609375001 0.6253521125 0.9096153843750001 0.6159624406249999 0.938846153125 0.5896713609375 0.9430769234374999 0.5807511734374999 0.9430769234374999 0.5657277 0.95 0.5375586859375 0.9469230765625 0.5028169015625 0.9219230765624999 0.46197183124999996 0.900384615625 0.448826290625 0.8765384609375 0.44131455468749997
0 0.67076923125 0.48403755937500004 0.666153846875 0.513145540625 0.6503846156249999 0.539906103125 0.6315384609375 0.55446009375 0.6292307687500001 0.5732394359375 0.6323076921874999 0.5845070421874999 0.639615384375 0.5953051640625 0.66576923125 0.6 0.6788461531250001 0.6103286390625 0.6980769234374999 0.609389671875 0.70923076875 0.61267605625 0.7273076921875 0.6009389671875 0.745384615625 0.581690140625 0.75 0.55446009375 0.7476923078125 0.5234741781250001 0.7415384609375 0.49718309843749997 0.7226923078125 0.467605634375 0.7134615390625 0.4610328640625 0.6819230765625 0.452582159375 0.6684615390624999 0.4605633796875 0.67076923125 0.48403755937500004
0 0.7265384609375001 0.3483568078125 0.703846153125 0.38262910781250004 0.6984615390625 0.410798121875 0.704615384375 0.4483568078125 0.728846153125 0.4732394359375 0.741153846875 0.474178403125 0.76423076875 0.4938967140625 0.7738461531249999 0.4934272296875 0.7934615390624999 0.48544600937500004 0.8065384609375 0.46666666718750005 0.8319230765625001 0.4441314546875 0.8369230765625 0.43427230000000006 0.8369230765625 0.4173708921875 0.8269230765625 0.381690140625 0.8042307687499999 0.3502347421875 0.7873076921875 0.339906103125 0.7457692312499999 0.33615023437499997 0.7265384609375001 0.3483568078125
0 0.5965384609375 0.33427229999999997 0.590384615625 0.3389671359375 0.57923076875 0.3685446015625 0.5830769234375001 0.3920187796875 0.5926923078125 0.3934272296875 0.60423076875 0.38873239375 0.6326923078125 0.3990610328125 0.6553846156249999 0.42112676093749996 0.6676923078125 0.4521126765625 0.674615384375 0.4539906109375 0.6876923078125 0.4417840375 0.6961538468749999 0.42018779375 0.695384615625 0.40140845 0.7 0.3769953046875 0.6853846156250001 0.352582159375 0.6680769234375 0.3352112671875 0.6334615390625 0.3267605640625 0.61576923125 0.32769953125 0.6080769234375001 0.33427229999999997 0.5965384609375 0.33427229999999997
0 0.7023076921875 0.2924882625 0.7015384609375 0.3206572765625 0.7065384609375001 0.3295774640625 0.725 0.34366197187499997 0.7319230765625 0.34366197187499997 0.745 0.33427229999999997 0.7526923078125 0.3333333328125 0.7726923078125 0.3389671359375 0.7880769234375 0.3389671359375 0.8026923078125 0.34741784062500003 0.8226923078124999 0.3718309859375 0.8284615390625 0.37230046875 0.8369230765625 0.3647887328125 0.8446153843750001 0.345070421875 0.845384615625 0.2924882625 0.8119230765625 0.24413145468750003 0.7926923078125 0.2338028171875 0.7726923078125 0.22816901406249998 0.7373076921874999 0.23661971875 0.715384615625 0.2568075125 0.705384615625 0.2746478875 0.7023076921875 0.2924882625
0 1 0.39014084531250004 0.9946153843750001 0.38262910781250004 0.9923076921874999 0.3629107984375 0.9780769234375001 0.35305164375000003 0.9650000000000001 0.35305164375000003 0.9623076921875 0.3441314546875 0.9565384609375001 0.3389671359375 0.938846153125 0.33802816875 0.929615384375 0.3314553984375 0.9188461531250001 0.332394365625 0.8919230765625 0.34366197187499997 0.8865384609375001 0.3502347421875 0.8726923078125 0.35305164375000003 0.8523076921875001 0.39014084531250004 0.8530769234375001 0.42206572812500004 0.8576923078125 0.436150234375 0.8949999999999999 0.445070421875 0.9219230765624999 0.4591549296875 0.948846153125 0.50140845 0.9576923078125 0.5018779343750001 0.985384615625 0.4755868546875 0.99 0.465258215625 0.9915384609375 0.447417840625 1 0.4417840375 1 0.39014084531250004
0 1 0.2661971828125 0.996153846875 0.23802816875000002 0.9930769234374999 0.2230046953125 0.9830769234375 0.2061032859375 0.9573076921875 0.1896713609375 0.9265384609374999 0.194366196875 0.9126923078125 0.2 0.87576923125 0.2262910796875 0.8653846156249999 0.243661971875 0.8576923078125 0.269014084375 0.864615384375 0.290610328125 0.870384615625 0.296713615625 0.8819230765625001 0.2976525828125 0.8903846156249999 0.30798122031249997 0.8980769234375 0.3089201875 0.919615384375 0.3295774640625 0.9542307687499999 0.33615023437499997 0.9653846156249999 0.3431924875 0.9915384609375 0.317840375 0.9923076921874999 0.3103286390625 1 0.29906103281249996 1 0.2661971828125
0 0.8311538468749999 0.17370892031250001 0.8188461531250001 0.17840375625 0.8069230765625001 0.1901408453125 0.7976923078125 0.2173708921875 0.79923076875 0.23333333281250002 0.8150000000000001 0.245070421875 0.8434615390625 0.2845070421875 0.84923076875 0.2849765265625 0.8569230765625001 0.2793427234375 0.8569230765625001 0.26713615 0.864615384375 0.243661971875 0.874615384375 0.22676056406249998 0.9176923078125 0.19483568125 0.911153846875 0.17652582187500002 0.8719230765624999 0.1446009390625 0.8550000000000001 0.14553990625 0.8403846156249999 0.15305164375 0.8311538468749999 0.17370892031250001
0 0.808846153125 0.045070421875 0.7926923078125 0.04694835625 0.7573076921874999 0.061032864062500004 0.7430769234375 0.080281690625 0.7392307687499999 0.0934272296875 0.7261538468750001 0.10657277031250001 0.7230769234375 0.1150234734375 0.723846153125 0.1253521125 0.73 0.134741784375 0.7315384609375 0.150704225 0.74923076875 0.18732394375 0.7623076921874999 0.2004694828125 0.7688461531249999 0.2122065734375 0.77923076875 0.2154929578125 0.79576923125 0.20375586874999999 0.8061538468749999 0.18732394375 0.8188461531250001 0.1755868546875 0.828846153125 0.17276995312500001 0.8338461531249999 0.16572769999999998 0.84076923125 0.142253521875 0.836153846875 0.0934272296875 0.8284615390625 0.0661971828125 0.820384615625 0.0535211265625 0.808846153125 0.045070421875
0 0.870384615625 0.056338028124999995 0.8434615390625 0.0769953046875 0.8376923078124999 0.09624413125 0.8430769234375 0.1460093890625 0.871153846875 0.14366197187500002 0.900384615625 0.1643192484375 0.913846153125 0.177934271875 0.9188461531250001 0.190610328125 0.926153846875 0.1920187796875 0.9423076921875 0.1863849765625 0.94076923125 0.1769953046875 0.9461538468749999 0.1647887328125 0.94923076875 0.0934272296875 0.945384615625 0.0830985921875 0.9349999999999999 0.071361503125 0.9173076921875 0.067605634375 0.9103846156250001 0.056338028124999995 0.8934615390625 0.050704225000000006 0.870384615625 0.056338028124999995
0 0.9103846156250001 0.056338028124999995 0.915 0.0666666671875 0.9276923078125 0.0680751171875 0.9323076921875 0.062441314062499996 0.9330769234374999 0.040845070312499995 0.926153846875 0.02018779375 0.9134615390624999 0.006572770312499999 0.900384615625 0.001877934375 0.8873076921875 0.00375586875 0.885384615625 0.02769953125 0.8730769234375 0.05305164375 0.8988461531249999 0.0516431921875 0.9103846156250001 0.056338028124999995
0 0.67 0.082159625 0.691153846875 0.1230046953125 0.7130769234375001 0.127230046875 0.7223076921875 0.1225352109375 0.725384615625 0.10751173750000001 0.758846153125 0.0591549296875 0.793846153125 0.04553990625 0.7915384609375 0.0098591546875 0.7865384609375 0.0009389671875 0.701153846875 0 0.6784615390625001 0.028638496875000002 0.66923076875 0.0502347421875 0.67 0.082159625
0 0.64076923125 0.17230046875 0.64 0.1788732390625 0.645 0.18122065781250002 0.6588461531250001 0.1755868546875 0.66923076875 0.185446009375 0.693846153125 0.2314553984375 0.6961538468749999 0.24553990625000002 0.694615384375 0.269014084375 0.6973076921875 0.27417840312499997 0.7015384609375 0.2737089203125 0.7234615390625 0.2460093890625 0.7484615390625 0.22769953125 0.75076923125 0.20892018750000002 0.745384615625 0.181690140625 0.734615384375 0.1572769953125 0.71423076875 0.132394365625 0.6765384609375 0.13051643125 0.66076923125 0.13943662031249998 0.65076923125 0.1610328640625 0.64076923125 0.17230046875
0 0.6176923078125001 0.134741784375 0.6415384609375 0.1685446015625 0.65076923125 0.1591549296875 0.6634615390625 0.1352112671875 0.6869230765625 0.1253521125 0.6853846156250001 0.11596244062500001 0.6673076921875001 0.0760563375 0.6557692312500001 0.0760563375 0.63423076875 0.08826291093750001 0.6230769234375 0.0990610328125 0.615384615625 0.1150234734375 0.6176923078125001 0.134741784375
0 0.6026923078124999 0.1248826296875 0.5865384609375 0.1239436625 0.570384615625 0.13333333281249998 0.5576923078125 0.156338028125 0.54076923125 0.1704225359375 0.53 0.1910798125 0.5253846156249999 0.22769953125 0.5284615390625 0.2446009390625 0.550384615625 0.2826291078125 0.5615384609375 0.28215962499999997 0.5676923078125 0.2793427234375 0.5684615390625 0.243661971875 0.5830769234375001 0.2154929578125 0.609615384375 0.190610328125 0.631153846875 0.18497652656250002 0.6369230765625 0.1788732390625 0.636153846875 0.16572769999999998 0.6292307687500001 0.1516431921875 0.615 0.13333333281249998 0.6026923078124999 0.1248826296875
0 0.604615384375 0.02769953125 0.5969230765625 0.0680751171875 0.6023076921875 0.084037559375 0.6119230765625 0.0976525828125 0.6169230765625 0.0971830984375 0.628846153125 0.08638497656250001 0.639615384375 0.08356807499999999 0.649615384375 0.0760563375 0.666153846875 0.051173709375 0.66923076875 0.0389671359375 0.6669230765624999 0.019248826562499998 0.655 0.0009389671875 0.60576923125 0 0.6030769234375 0.0032863843750000005 0.604615384375 0.02769953125
0 0.5538461531250001 0.06338028125 0.561153846875 0.071361503125 0.56923076875 0.072769953125 0.5873076921875 0.071361503125 0.5976923078125 0.060563379687499995 0.603846153125 0.029577464062499996 0.6023076921875 0.00140845 0.5234615390624999 0 0.52 0.02018779375 0.5253846156249999 0.0342723 0.5373076921875 0.0441314546875 0.549615384375 0.04694835625 0.5538461531250001 0.06338028125
0 0.520384615625 0.03661971875 0.5026923078125 0.042253521875 0.49576923125 0.049765257812500005 0.47423076875000003 0.06197183125 0.46076923125 0.0877934265625 0.46230769218749995 0.12159624375 0.465384615625 0.1281690140625 0.48269230781249994 0.1446009390625 0.508846153125 0.14366197187500002 0.521153846875 0.1521126765625 0.546153846875 0.1591549296875 0.549615384375 0.1586854453125 0.565384615625 0.138497653125 0.5676923078125 0.113145540625 0.566153846875 0.0859154921875 0.5623076921875 0.07558685468750001 0.5530769234374999 0.0643192484375 0.54923076875 0.0502347421875 0.5365384609375 0.0460093890625 0.52576923125 0.03661971875 0.520384615625 0.03661971875
0 0.45 0.043661971875 0.4569230765625 0.0849765265625 0.45999999999999996 0.0877934265625 0.475 0.061032864062500004 0.5034615390625 0.0413145546875 0.5134615390625 0.0403755875 0.5223076921875001 0.0333333328125 0.5215384609375 0.02769953125 0.5073076921874999 0.0103286390625 0.485 0.00375586875 0.4673076921875 0.0140845078125 0.45384615312500004 0.029577464062499996 0.45 0.043661971875
0 0.36923076875 0.022065728125 0.3569230765625 0.0521126765625 0.3576923078125 0.061502346875 0.36615384687499997 0.07089201875 0.37076923125 0.082159625 0.3730769234375 0.10093896718749999 0.36923076875 0.1253521125 0.38423076875 0.13802816874999999 0.4069230765625 0.138497653125 0.43038461562499997 0.12769953125 0.45076923124999996 0.0990610328125 0.45384615312500004 0.084037559375 0.45076923124999996 0.049295775 0.44076923125 0.030516431249999997 0.4226923078125 0.0150234734375 0.391153846875 0.013145540624999999 0.38423076875 0.016901407812499998 0.375 0.015962440624999998 0.36923076875 0.022065728125
0 0.3080769234375 0.0356807515625 0.279615384375 0.0431924875 0.263846153125 0.057746478125 0.25538461562500003 0.0849765265625 0.25538461562500003 0.1169014078125 0.2615384609375 0.134741784375 0.2826923078125 0.1624413140625 0.2980769234375 0.15962441249999998 0.333846153125 0.167605634375 0.348846153125 0.15962441249999998 0.365384615625 0.134741784375 0.3715384609375 0.1169014078125 0.37230769218750004 0.10093896718749999 0.3676923078125 0.0746478875 0.3576923078125 0.06338028125 0.351153846875 0.049765257812500005 0.3419230765625 0.047887323437500004 0.330384615625 0.0394366203125 0.3080769234375 0.0356807515625
0 0.26692307656250003 0.1863849765625 0.2615384609375 0.20422535156250002 0.293846153125 0.225821596875 0.3076923078125 0.2586854453125 0.30923076875 0.2755868546875 0.31538461562500003 0.27840375625 0.328846153125 0.26854460156250004 0.353846153125 0.2586854453125 0.3584615390625 0.23333333281250002 0.3584615390625 0.2061032859375 0.355384615625 0.1976525828125 0.33269230781250003 0.17089201874999999 0.3180769234375 0.1624413140625 0.2926923078125 0.1605633796875 0.274615384375 0.17511737031250002 0.26692307656250003 0.1863849765625
0 0.3826923078125 0.1605633796875 0.373846153125 0.171361503125 0.36615384687499997 0.1826291078125 0.36 0.210798121875 0.36 0.239906103125 0.364615384375 0.25774647812499996 0.37 0.26338028125 0.41038461562500006 0.234741784375 0.4473076921875 0.2244131453125 0.459615384375 0.22535211249999998 0.46230769218749995 0.22206572812499997 0.463846153125 0.203286384375 0.45615384687500005 0.177934271875 0.44576923125 0.1605633796875 0.42576923125 0.1502347421875 0.40423076875 0.14553990625 0.3826923078125 0.1605633796875
0 0.181153846875 0.23661971875 0.15 0.2661971828125 0.1369230765625 0.2924882625 0.13538461562499998 0.330985915625 0.1469230765625 0.371361503125 0.1626923078125 0.3877934265625 0.19346153906250002 0.4009389671875 0.2276923078125 0.40140845 0.23576923125000002 0.4009389671875 0.25576923125 0.390610328125 0.2784615390625 0.3704225359375 0.28923076875 0.3413145546875 0.28923076875 0.319718309375 0.28230769218749996 0.2849765265625 0.26576923125 0.2572769953125 0.2365384609375 0.2319248828125 0.20730769218749998 0.227230046875 0.181153846875 0.23661971875
0 0.0834615390625 0.14553990625 0.0684615390625 0.1685446015625 0.0623076921875 0.20140845000000002 0.0630769234375 0.2248826296875 0.07576923125 0.2460093890625 0.1023076921875 0.269014084375 0.11038461562499999 0.28732394375000003 0.1315384609375 0.2924882625 0.1415384609375 0.28215962499999997 0.1526923078125 0.26103286406250004 0.1915384609375 0.22769953125 0.193846153125 0.20140845000000002 0.1876923078125 0.181690140625 0.1726923078125 0.15962441249999998 0.161153846875 0.154929578125 0.14576923125000002 0.1417840375 0.10500000000000001 0.132394365625 0.0834615390625 0.14553990625
0 0 0.3657277 0.007307692187500001 0.37089201875 0.0215384609375 0.3704225359375 0.0326923078125 0.369014084375 0.04576923125 0.3596244125 0.0765384609375 0.3502347421875 0.099615384375 0.33051643125 0.1123076921875 0.3084507046875 0.1123076921875 0.2971830984375 0.10076923125 0.269014084375 0.07115384687500001 0.2431924875 0.063846153125 0.232394365625 0.0615384609375 0.22018779375 0.0573076921875 0.2169014078125 0.014230768750000001 0.219718309375 0.004230768750000001 0.2262910796875 0 0.236150234375 0 0.3657277
0 0 0.218309859375 0.008461539062499999 0.22018779375 0.058076923437500004 0.2140845078125 0.06692307656249999 0.1704225359375 0.075384615625 0.152582159375 0.0626923078125 0.1389671359375 0.0365384609375 0.125821596875 0.0026923078125 0.1314553984375 0 0.134741784375 0 0.218309859375
0 0.0434615390625 0.0732394359375 0.028461539062500003 0.105633803125 0.031153846875000002 0.1248826296875 0.039615384375 0.125821596875 0.0619230765625 0.13708920156249998 0.0680769234375 0.1446009390625 0.07923076875 0.1478873234375 0.09576923125 0.1352112671875 0.11730769218749999 0.12957746406249998 0.1269230765625 0.11971830937500001 0.1284615390625 0.1122065734375 0.125384615625 0.0953051640625 0.1130769234375 0.07370892031250001 0.1034615390625 0.0647887328125 0.08499999999999999 0.0572769953125 0.058846153125 0.0629107984375 0.0434615390625 0.0732394359375
0 0.053461539062499994 0 0.046153846875 0.0032863843750000005 0.0384615390625 0.0389671359375 0.044615384375 0.06338028125 0.051538460937499996 0.0661971828125 0.0780769234375 0.056338028124999995 0.1023076921875 0.060563379687499995 0.0969230765625 0.030516431249999997 0.100384615625 0 0.053461539062499994 0
0 0.1034615390625 0 0.0984615390625 0.0117370890625 0.0969230765625 0.025821596875000002 0.104615384375 0.062441314062499996 0.125 0.08826291093750001 0.1365384609375 0.0957746484375 0.155384615625 0.098122065625 0.1719230765625 0.0920187796875 0.183846153125 0.07840375625 0.19461538437499998 0.0483568078125 0.19461538437499998 0.02769953125 0.1915384609375 0.0173708921875 0.17884615312500002 0 0.1034615390625 0
0 0.2023076921875 0.181690140625 0.21192307656249998 0.190610328125 0.2319230765625 0.2009389671875 0.26 0.2004694828125 0.27923076875 0.1629107984375 0.25923076875 0.1319248828125 0.254615384375 0.1169014078125 0.253846153125 0.098122065625 0.21807692343750001 0.089201878125 0.21269230781249998 0.089201878125 0.20038461562499998 0.0976525828125 0.185384615625 0.1187793421875 0.184615384375 0.1300469484375 0.2023076921875 0.181690140625
0 0.1869230765625 0.0746478875 0.173846153125 0.0934272296875 0.1784615390625 0.11408450781249999 0.185384615625 0.1169014078125 0.20038461562499998 0.096713615625 0.21807692343750001 0.0845070421875 0.2330769234375 0.0859154921875 0.22999999999999998 0.05305164375 0.23923076875 0.0267605640625 0.2373076921875 0.019718309375 0.21730769218749998 0.016901407812499998 0.19615384687499998 0.0333333328125 0.19615384687499998 0.0483568078125 0.1869230765625 0.0746478875
0 0.23923076875 0.029577464062499996 0.22999999999999998 0.05305164375 0.23076923124999998 0.060563379687499995 0.23692307656249997 0.086854459375 0.24576923125 0.09483568125 0.2530769234375 0.094366196875 0.26 0.065258215625 0.270384615625 0.048826290625000004 0.29500000000000004 0.03661971875 0.31461538437500003 0.0342723 0.3069230765625 0.0173708921875 0.2934615390625 0.0028169015625 0.260384615625 0.0009389671875 0.2465384609375 0.009389671875 0.24 0.019248826562499998 0.23923076875 0.029577464062499996
0 0.20730769218749998 0.2262910796875 0.23576923125000002 0.23098591562499998 0.27 0.261502346875 0.28230769218749996 0.284037559375 0.2915384609375 0.3281690140625 0.30384615312499996 0.3169014078125 0.30923076875 0.28028169062499997 0.3069230765625 0.2596244125 0.29230769218749997 0.22676056406249998 0.275 0.21126760625 0.24807692343749999 0.2 0.2365384609375 0.2009389671875 0.22884615312499998 0.20845070468750002 0.211153846875 0.2169014078125 0.20730769218749998 0.2262910796875
0 0.329615384375 0.30234741718749997 0.3019230765625 0.322065728125 0.2930769234375 0.33286384999999996 0.2876923078125 0.3553990609375 0.274615384375 0.385446009375 0.275384615625 0.39859155 0.289615384375 0.427230046875 0.31653846093750004 0.44694835624999996 0.336153846875 0.4483568078125 0.34576923125 0.4403755875 0.368846153125 0.43661971875 0.38038461562500003 0.430985915625 0.39269230781250003 0.419718309375 0.394615384375 0.4136150234375 0.394615384375 0.39859155 0.36230769218750003 0.350704225 0.35923076875 0.3375586859375 0.35807692343749997 0.30046948281249997 0.329615384375 0.30234741718749997
0 0.3673076921875 0.448826290625 0.3380769234375 0.45070422499999996 0.30961538437499997 0.46572769999999997 0.2930769234375 0.48685445937500005 0.286153846875 0.5187793421875 0.288846153125 0.5248826296875 0.3023076921875 0.5319248828124999 0.30653846093750003 0.5464788734375 0.31076923125 0.5460093890625 0.316153846875 0.530985915625 0.335 0.5136150234375 0.35961538437499996 0.5032863843750001 0.37576923125 0.5032863843750001 0.3880769234375 0.510798121875 0.400384615625 0.5032863843750001 0.4023076921875 0.494366196875 0.3915384609375 0.46901408437500003 0.38038461562500003 0.45446009375 0.3673076921875 0.448826290625
0 0.38923076874999996 0.513145540625 0.3773076921875 0.5042253515625 0.360384615625 0.5032863843750001 0.3273076921875 0.5192488265625 0.31076923125 0.5460093890625 0.30846153906249996 0.5647887328125 0.325384615625 0.59859155 0.334615384375 0.6661971828125 0.3419230765625 0.6647887328125 0.3526923078125 0.656338028125 0.36961538437499997 0.6553990609375 0.374615384375 0.6483568078124999 0.36 0.607042253125 0.3576923078125 0.5826291078125 0.3669230765625 0.5460093890625 0.37576923125 0.5342723 0.3884615390625 0.527230046875 0.38923076874999996 0.513145540625
0 0.2184615390625 0.41173708906249995 0.22923076875 0.4446009390625 0.2230769234375 0.48873239375 0.229615384375 0.492957746875 0.251153846875 0.49107981250000005 0.2715384609375 0.49530516406249997 0.28576923125000003 0.492957746875 0.29230769218749997 0.48685445937500005 0.3069230765625 0.465258215625 0.30923076875 0.44553990624999995 0.283846153125 0.4230046953125 0.2715384609375 0.38732394375 0.26576923125 0.3849765265625 0.23961538437500002 0.4009389671875 0.2219230765625 0.40375586874999997 0.2184615390625 0.41173708906249995
0 0.4023076921875 0.4023474171875 0.3969230765625 0.4173708921875 0.39384615312500004 0.44084507031250003 0.394615384375 0.4661971828125 0.40192307656250004 0.48450704218749996 0.4119230765625 0.49014084531249996 0.429615384375 0.48075117343749996 0.470384615625 0.4788732390625 0.4873076921875 0.47981220625 0.5069230765625 0.4896713609375 0.51 0.47464788750000003 0.515384615625 0.46807511718750006 0.514615384375 0.4230046953125 0.50923076875 0.4023474171875 0.500384615625 0.38685445937499996 0.48807692343750003 0.382159625 0.4773076921875 0.3924882625 0.43884615312499997 0.40469483593750005 0.4080769234375 0.3990610328125 0.4023076921875 0.4023474171875
0 0.16999999999999998 0.9122065734374999 0.1719230765625 0.916431925 0.179615384375 0.9173708921875001 0.25538461562500003 0.9169014078125001 0.2684615390625 0.9150234734374999 0.274615384375 0.8859154921875 0.2869230765625 0.8568075125 0.26576923125 0.838497653125 0.24961538437500003 0.838497653125 0.23500000000000001 0.8300469484375 0.22346153906250002 0.8328638500000001 0.19076923125 0.8615023468749999 0.18 0.8793427234375001 0.16999999999999998 0.9122065734374999
0 0.23500000000000001 0.757746478125 0.23076923124999998 0.76197183125 0.22538461562499998 0.77981220625 0.2230769234375 0.8051643187499999 0.22692307656250002 0.8145539906250001 0.248846153125 0.83661971875 0.2673076921875 0.83661971875 0.29076923125 0.8502347421875 0.2965384609375 0.8478873234375 0.304615384375 0.8333333328125001 0.30384615312499996 0.803286384375 0.295384615625 0.7882629109375 0.295384615625 0.76948356875 0.3023076921875 0.745070421875 0.291153846875 0.73802816875 0.271153846875 0.747417840625 0.25423076875 0.7483568078125 0.23500000000000001 0.757746478125
0 0.0473076921875 0.8375586859374999 0.03 0.857746478125 0.026153846874999997 0.8774647890624999 0.02 0.890610328125 0.0176923078125 0.9103286390625 0.0176923078125 0.9150234734374999 0.021923076562499998 0.9173708921875001 0.154615384375 0.9169014078125001 0.1676923078125 0.9140845078125001 0.1730769234375 0.8953051640625 0.1719230765625 0.8863849765625 0.14423076875000002 0.883568075 0.12346153906249999 0.88732394375 0.090384615625 0.8760563375 0.07923076875 0.8661971828125001 0.0784615390625 0.8464788734375001 0.0634615390625 0.8262910796874999 0.0473076921875 0.8375586859374999
0 0.55 0.3075117375 0.55 0.2953051640625 0.5376923078125 0.26338028125 0.51423076875 0.234741784375 0.4865384609375 0.21784037500000003 0.48269230781249994 0.2244131453125 0.4734615390625 0.2244131453125 0.4673076921875 0.22910798125 0.4473076921875 0.22535211249999998 0.408846153125 0.23568075156249998 0.3719230765625 0.263849765625 0.365384615625 0.27840375625 0.36076923125000004 0.3281690140625 0.3669230765625 0.35633802812500004 0.39 0.389201878125 0.398846153125 0.39624413125 0.43615384687500003 0.40140845 0.46653846093749995 0.3953051640625 0.479615384375 0.38873239375 0.49846153906249996 0.37323943593750003 0.5026923078125 0.3596244125 0.5134615390625 0.369014084375 0.5319230765625 0.369014084375 0.545384615625 0.3516431921875 0.5530769234374999 0.330985915625 0.5538461531250001 0.315962440625 0.55 0.3075117375
0 0.46461538437499994 0.2023474171875 0.465384615625 0.2154929578125 0.474615384375 0.21643192500000002 0.504615384375 0.20704225312500002 0.503846153125 0.1788732390625 0.49076923125 0.152582159375 0.4573076921875 0.12206572812500001 0.43576923125 0.1248826296875 0.42115384687499996 0.1352112671875 0.41461538437499995 0.1460093890625 0.445 0.1586854453125 0.4576923078125 0.17981220625 0.46461538437499994 0.2023474171875
0 0.515384615625 0.4239436625 0.5169230765624999 0.4661971828125 0.5130769234375 0.4896713609375 0.5265384609375 0.5042253515625 0.5384615390625 0.5065727703125 0.5430769234375 0.49812206562499994 0.543846153125 0.436150234375 0.5715384609374999 0.39765258281250004 0.5650000000000001 0.3774647890625 0.5434615390624999 0.3661971828125 0.5226923078125 0.3746478875 0.510384615625 0.3737089203125 0.5023076921875 0.3882629109375 0.51 0.4023474171875 0.515384615625 0.4239436625
0 0.3434615390625 0.916431925 0.45076923124999996 0.9169014078125001 0.4684615390625 0.9140845078125001 0.44846153906249997 0.890610328125 0.445384615625 0.857746478125 0.43576923125 0.8497652578125001 0.4119230765625 0.867605634375 0.3765384609375 0.8704225359375 0.370384615625 0.8657277000000001 0.351153846875 0.8657277000000001 0.3423076921875 0.8840375593750001 0.3434615390625 0.916431925
0 0.98923076875 0.2004694828125 1 0.19483568125 0.999615384375 0.074178403125 0.985 0.0826291078125 0.966153846875 0.1 0.955384615625 0.117840375 0.9484615390625001 0.1413145546875 0.9476923078124999 0.16948356874999998 0.9576923078125 0.1863849765625 0.9773076921875001 0.2 0.98923076875 0.2004694828125
0 0.999615384375 0 0.9650000000000001 0.0028169015625 0.9400000000000001 0.02018779375 0.934615384375 0.0370892015625 0.9376923078124999 0.07183098593750001 0.9519230765625 0.0957746484375 0.9623076921875 0.1 1 0.07183098593750001 0.999615384375 0