0 0.23984375 0.2890625 0.146875 0.2578125
0 0.2984375 0.8125 0.171875 0.303125
0 0.4703125 0.88046875 0.140625 0.2390625
0 0.67578125 0.63125 0.159375 0.1796875
0 0.69921875 0.1953125 0.1859375 0.2109375
0 0.71796875 0.4828125 0.15625 0.2515625
0 0.50234375 0.678125 0.1578125 0.3453125
0 0.17421875 0.6984375 0.121875 0.23125
0 0.328125 0.4125 0.1625 0.20625
0 0.33828125 0.09765625 0.1359375 0.1953125
0 0.53828125 0.3765625 0.1359375 0.2046875
0 0.63515625 0.49140625 0.15 0.1609375
0 0.59140625 0.83203125 0.06875 0.2484375
0 0.45234375 0.3140625 0.084375 0.2109375
0 0.45390625 0.10625 0.2078125 0.1171875