0 0.508169934375 0.107228915625 0.4795751640625 0.06987951875000001 0.46160130781250003 0.065060240625 0.43055555625 0.06987951875000001 0.4068627453125 0.0975903609375 0.383986928125 0.1530120484375 0.37418300625 0.22771084375 0.3709150328125 0.5 0.384803921875 0.5325301203125 0.40196078437500005 0.54337349375 0.421568628125 0.6253012046875 0.436274509375 0.637349396875 0.4526143796875 0.6036144578125 0.43464052343750004 0.6084337343749999 0.42973856250000003 0.54337349375 0.44199346406249995 0.537349396875 0.4591503265625 0.5096385546875 0.45751634062499996 0.4975903609375 0.508169934375 0.350602409375 0.527777778125 0.2325301203125 0.5245098046875001 0.162650603125 0.508169934375 0.107228915625
0 0.29330065312500003 0.065060240625 0.2671568625 0.0867469875 0.2549019609375 0.10963855468749999 0.23529411718749998 0.18674698750000002 0.2189542484375 0.377108434375 0.2189542484375 0.4108433734375 0.22875817031249998 0.442168675 0.19607843125 0.4975903609375 0.20669934687499997 0.50120481875 0.23611111093749998 0.48433735 0.23856209218750002 0.5024096390625 0.19444444375 0.6831325296874999 0.1952614375 0.691566265625 0.20588235312499997 0.6903614453125 0.23529411718749998 0.5891566265625 0.26960784375 0.507228915625 0.2982026140625 0.49397590312500006 0.32516339843750003 0.4397590359375 0.3611111109375 0.278313253125 0.3709150328125 0.18433735 0.3692810453125 0.1289156625 0.3455882359375 0.0819277109375 0.32107843125 0.065060240625 0.29330065312500003 0.065060240625
0 0.171568628125 0.4807228921875 0.1830065359375 0.46626506093750003 0.2140522875 0.365060240625 0.2254901953125 0.25903614531249997 0.22875817031249998 0.14337349375 0.2205882359375 0.10963855468749999 0.1952614375 0.07228915625 0.1740196078125 0.057831325 0.1364379078125 0.055421687500000004 0.10866013125 0.06987951875000001 0.08986928125 0.10963855468749999 0.081699346875 0.3481927703125 0.0751633984375 0.3891566265625 0.07679738593749999 0.434939759375 0.08986928125 0.4759036140625 0.0669934640625 0.5024096390625 0.062091503125 0.5265060234375001 0.0743464046875 0.5228915656249999 0.079248365625 0.508433734375 0.12254902031249999 0.5168674703125 0.1290849671875 0.60120481875 0.1486928109375 0.6975903609375 0.1552287578125 0.7048192765625 0.15849673125 0.663855421875 0.150326796875 0.6132530125 0.150326796875 0.5313253015625 0.1552287578125 0.5120481921875 0.16993464062500002 0.4975903609375 0.1633986921875 0.48554216875 0.169117646875 0.48433735 0.17075163437500002 0.49397590312500006 0.17810457500000001 0.48795180781249997 0.171568628125 0.4807228921875
0 0.055555556250000006 0.60120481875 0.060457515625 0.6253012046875 0.0571895421875 0.663855421875 0.0294117640625 0.8108433734375 0.0294117640625 0.8566265062499999 0.0359477125 0.8831325296875001 0.0547385625 0.906024096875 0.0866013078125 0.907228915625 0.1266339875 0.8867469874999999 0.14215686249999998 0.8590361453125 0.1470588234375 0.8228915656250001 0.151960784375 0.7120481921875 0.1290849671875 0.6036144578125 0.1209150328125 0.521686746875 0.1119281046875 0.5132530125 0.09068627500000001 0.51566265 0.063725490625 0.5385542171875 0.055555556250000006 0.60120481875
0 0.23202614375000002 0.60120481875 0.2107843140625 0.68554216875 0.1985294125 0.6963855421875 0.1911764703125 0.6903614453125 0.23529411718749998 0.5168674703125 0.23856209218750002 0.492771084375 0.23284313750000002 0.48192771093750003 0.2026143796875 0.5096385546875 0.171568628125 0.642168675 0.1568627453125 0.7192771078125 0.151960784375 0.83012048125 0.16013071875 0.88554216875 0.18545751562499999 0.9253012046875 0.21323529375 0.9493975906250001 0.258169934375 0.9481927703125 0.28676470625 0.9277108437500001 0.312091503125 0.8734939765625 0.3169934640625 0.78433735 0.313725490625 0.6445783125 0.3006535953125 0.5554216875 0.3006535953125 0.5096385546875 0.28676470625 0.49638554218750003 0.2736928109375 0.5036144578124999 0.258169934375 0.5337349390624999 0.23202614375000002 0.60120481875
0 0.43464052343750004 0.6108433734375 0.42973856250000003 0.5409638546875 0.44035947656249996 0.537349396875 0.455882353125 0.5048192765625 0.44035947656249996 0.5180722890625 0.4044117640625 0.5180722890625 0.3521241828125 0.47228915625 0.31944444375000003 0.4602409640625 0.310457515625 0.4759036140625 0.30392156875 0.5265060234375001 0.310457515625 0.5385542171875 0.3202614375 0.637349396875 0.330065359375 0.8686746984375 0.33986928125000004 0.8927710843750001 0.3684640515625 0.9253012046875 0.4068627453125 0.9337349390625 0.42892156875 0.9253012046875 0.44771241875 0.8951807234375 0.45751634062499996 0.77228915625 0.44771241875 0.7096385546875 0.4052287578125 0.56987951875 0.38228104531249996 0.5225012046875 0.4068627453125 0.54337349375 0.4232026140625 0.61566265 0.437091503125 0.6313253015625 0.4526143796875 0.6084337343749999 0.43464052343750004 0.6108433734375
0 0.597222221875 0.057831325 0.57271241875 0.079518071875 0.5408496734375 0.1602409640625 0.527777778125 0.3120481921875 0.526143790625 0.41566264999999997 0.5473856203125 0.47831325312499995 0.5375816999999999 0.5385542171875 0.509803921875 0.5963855421875001 0.510620915625 0.6048192765625 0.51960784375 0.6036144578125 0.5392156859375 0.5746987953125 0.571895425 0.47831325312499995 0.5890522875 0.4674698796875 0.6045751640625 0.442168675 0.6552287578125 0.25662650625 0.66013071875 0.21566264999999998 0.6552287578125 0.1192771078125 0.6421568625 0.08072289218749999 0.625 0.057831325 0.597222221875 0.057831325
0 0.6323529406249999 0.521686746875 0.6397058828125 0.5253012046875 0.64379085 0.5168674703125 0.633986928125 0.4734939765625 0.651960784375 0.42289156562499997 0.6478758171875 0.4048192765625 0.6102941171875 0.465060240625 0.5702614374999999 0.4975903609375 0.49509803906250005 0.7192771078125 0.48856209218749996 0.7746987953125 0.49509803906250005 0.8734939765625 0.5171568625 0.9036144578125 0.5392156859375 0.9096385546875 0.553104575 0.906024096875 0.561274509375 0.8891566265625 0.597222221875 0.877108434375 0.6225490203125 0.791566265625 0.62418300625 0.7313253015625001 0.596405228125 0.721686746875 0.596405228125 0.6180722890625 0.6372549015625 0.6036144578125 0.6388888890625 0.5481927703125 0.6323529406249999 0.521686746875
0 0.7352941171875 0.6132530125 0.741830065625 0.593975903125 0.73366013125 0.5481927703125 0.7026143796875 0.5096385546875 0.7009803921875 0.4759036140625 0.669934640625 0.3963855421875 0.66013071875 0.3867469875 0.653594771875 0.34337349375000004 0.64460784375 0.334939759375 0.6405228765625 0.3530120484375 0.6633986921874999 0.46385542187500006 0.6454248359375 0.5096385546875 0.651960784375 0.5361445781249999 0.6503267968750001 0.6108433734375 0.598039215625 0.6253012046875 0.598039215625 0.7120481921875 0.6568627453125 0.7240963859375 0.6380718953125 0.7253012046875 0.633986928125 0.7409638546874999 0.6307189546874999 0.8397590359375 0.635620915625 0.8951807234375 0.6552287578125 0.936144578125 0.6723856203125 0.9542168671875 0.715686275 0.9578313250000001 0.7344771234375 0.9493975906250001 0.7647058828125 0.8951807234375 0.76960784375 0.8397590359375 0.7630718953125 0.7530120484375 0.758169934375 0.7313253015625001 0.7467320265625 0.7240963859375 0.75 0.6831325296874999 0.741830065625 0.6686746984374999 0.7450980390625 0.642168675 0.7352941171875 0.6132530125
0 0.777777778125 0.0686746984375 0.7622549015625 0.055421687500000004 0.7442810453125001 0.055421687500000004 0.7263071890624999 0.0746987953125 0.687091503125 0.08433735 0.671568628125 0.11445783125 0.6666666671875 0.307228915625 0.6928104578125 0.442168675 0.7026143796875 0.46385542187500006 0.6928104578125 0.4759036140625 0.6993464046875 0.5 0.7434640515625001 0.5481927703125 0.7516339875 0.6060240968749999 0.7614379078125 0.6325301203125 0.7745098046875001 0.642168675 0.777777778125 0.6662650609375 0.7712418296875 0.6879518078125 0.794117646875 0.8012048187499999 0.8080065359375 0.8289156625 0.8251633984375 0.8325301203125001 0.828431371875 0.820481928125 0.8088235296875 0.791566265625 0.777777778125 0.6445783125 0.7810457515625 0.5457831328125 0.8088235296875 0.49518072343749997 0.8022875812500001 0.45662650625 0.812091503125 0.3867469875 0.810457515625 0.162650603125 0.795751634375 0.1024096390625 0.777777778125 0.0686746984375
0 0.8897058828125 0.1036144578125 0.85866013125 0.106024096875 0.8235294124999999 0.1530120484375 0.8218954249999999 0.37228915625000003 0.8447712421875 0.4807228921875 0.8807189546874999 0.5289156625 0.8986928109375001 0.6060240968749999 0.91176470625 0.620481928125 0.919934640625 0.678313253125 0.937908496875 0.7024096390625 0.919934640625 0.6180722890625 0.918300653125 0.5240963859375001 0.9419934640625 0.508433734375 0.954248365625 0.4734939765625 0.9493464046875 0.4445783125 0.9607843140625001 0.3385542171875 0.957516340625 0.2325301203125 0.9281045750000001 0.1385542171875 0.9109477125 0.1132530125 0.8897058828125 0.1036144578125
0 0.7826797390625 0.54337349375 0.7875816999999999 0.5554216875 0.7826797390625 0.5867469875 0.7883986921874999 0.6096385546875001 0.8022875812500001 0.6132530125 0.7859477125 0.620481928125 0.794117646875 0.6542168671875 0.792483659375 0.7 0.8071895421875 0.7819277109375 0.828431371875 0.8156626499999999 0.828431371875 0.83012048125 0.8161764703125 0.836144578125 0.8014705875000001 0.8289156625 0.7802287578125 0.7662650609375 0.776143790625 0.777108434375 0.7826797390625 0.8614457828125 0.795751634375 0.9048192765625 0.8276143796875 0.9566265062499999 0.87418300625 0.9626506031250001 0.9044117640625 0.9445783125 0.921568628125 0.9096385546875 0.9248366015625 0.779518071875 0.8807189546874999 0.5361445781249999 0.8651960781250001 0.5060240968749999 0.83823529375 0.4807228921875 0.8259803921875 0.45060240937499996 0.812908496875 0.4457831328125 0.8071895421875 0.507228915625 0.7826797390625 0.54337349375