0 0.1230551625 0.8916666671875 0.11315417187500001 0.9283333328125 0.11456859999999999 0.957222221875 0.1216407359375 0.9772222218750001 0.1421499296875 1 0.268741159375 0.9994444437500001 0.28571428593750003 0.975 0.301272984375 0.932777778125 0.2984441296875 0.8949999999999999 0.2899575671875 0.86944444375 0.2758132953125 0.85055555625 0.252475246875 0.8366666671875 0.211456859375 0.8311111109375 0.170438471875 0.837777778125 0.1428571421875 0.8561111109375 0.1230551625 0.8916666671875
0 0.305516265625 0.83944444375 0.29137199375 0.8561111109375 0.2899575671875 0.8672222218750001 0.3041018390625 0.927222221875 0.3231966046875 0.9466666671875 0.34016973125 0.9533333328125 0.391089109375 0.9611111109375001 0.48231966093749995 0.9616666671875 0.509900990625 0.9322222218749999 0.5579915140625 0.9099999999999999 0.5629420078125 0.902777778125 0.5601131546875 0.86944444375 0.5424328140625 0.847777778125 0.509900990625 0.8366666671875 0.4646393203125 0.8400000000000001 0.34582744062500004 0.8233333328124999 0.3189533234375 0.8300000000000001 0.305516265625 0.83944444375
0 0.367043846875 0.66555555625 0.3083451203125 0.7161111109375 0.2899575671875 0.7461111109375 0.29561527656250003 0.7805555562500001 0.33168316875000003 0.8166666671874999 0.36421499218750003 0.82555555625 0.3960396046875 0.8261111109374999 0.4434229140625 0.8099999999999999 0.47949080625 0.7849999999999999 0.502121640625 0.757222221875 0.510608203125 0.732777778125 0.506364921875 0.6916666671875 0.4964639328125 0.6738888890625 0.4702970296875 0.6533333328125 0.43069306875 0.64444444375 0.4009900984375 0.6466666671875 0.367043846875 0.66555555625
0 0.2128712875 0.5611111109375 0.2128712875 0.56555555625 0.1916548796875 0.5666666671875 0.1386138609375 0.60055555625 0.12729844375 0.61944444375 0.12446958906250001 0.63944444375 0.13012729843749998 0.6561111109375 0.1400282890625 0.67055555625 0.1647807640625 0.6888888890625 0.20438472343749997 0.7022222218749999 0.24964639375000003 0.7111111109375 0.2842998578125 0.712777778125 0.3118811875 0.7088888890625 0.352899575 0.6733333328125 0.40735502187500006 0.6416666671875 0.411598303125 0.6238888890625 0.40876944843749996 0.59055555625 0.3903818953125 0.5650000000000001 0.36421499218750003 0.5511111109375 0.3005657703125 0.5466666671875 0.2567185296875 0.5488888890625 0.2128712875 0.5611111109375
0 0.56152758125 0.5283333328125 0.559405940625 0.532222221875 0.546676096875 0.5211111109375001 0.53677510625 0.52 0.5070721359375 0.532222221875 0.4809052328125 0.5549999999999999 0.46534653437499995 0.5883333328125 0.4681753890625 0.6261111109375 0.4865629421875 0.655 0.522630834375 0.6799999999999999 0.5509193781249999 0.687777778125 0.6011315421875 0.6883333328125001 0.6442715703124999 0.6788888890625 0.6789250359375 0.6561111109375 0.6958981609375 0.6283333328125 0.69306930625 0.5961111109375 0.670438471875 0.5616666671874999 0.6230551625 0.532222221875 0.5834512015625 0.52 0.555162659375 0.5177777781249999 0.551626590625 0.5238888890625 0.56152758125 0.5283333328125
0 0.52899575625 0.7072222218750001 0.5176803390625 0.72055555625 0.51202263125 0.747222221875 0.5198019796875 0.762222221875 0.526166903125 0.7516666671875 0.526166903125 0.765 0.5381895328125 0.78 0.54950495 0.7833333328125 0.6449787828125 0.7838888890625 0.690947665625 0.7688888890625 0.7199434234375001 0.7461111109375 0.7270155593750001 0.7183333328125 0.7185289953125 0.7016666671875 0.7022630828125 0.6888888890625 0.6810466765625 0.6799999999999999 0.6527581328125 0.6777777781250001 0.6046676093750001 0.6900000000000001 0.555162659375 0.692222221875 0.52899575625 0.7072222218750001
0 0.575671853125 0.8983333328124999 0.582036775 0.9055555562500001 0.5968882609375 0.905 0.628712871875 0.8988888890625001 0.6753889671875 0.9033333328125 0.6803394625 0.8738888890625001 0.6633663359375 0.80944444375 0.6562942015625 0.79944444375 0.6343705796875 0.7877777781249999 0.57779349375 0.7833333328125 0.5601131546875 0.79944444375 0.5544554453125 0.8283333328125 0.575671853125 0.8983333328124999
0 0.4830268734375 1 0.735502121875 0.9994444437500001 0.7397454031249999 0.962777778125 0.7227722765625 0.9316666671875 0.690947665625 0.9099999999999999 0.6442715703124999 0.9 0.613154171875 0.902222221875 0.546676096875 0.91555555625 0.526874115625 0.9233333328125 0.4964639328125 0.9472222218749999 0.47949080625 0.985 0.4830268734375 1
0 0.29632248906249997 0.9633333328125 0.27157001406250003 0.9994444437500001 0.47949080625 0.9994444437500001 0.47949080625 0.9694444437499999 0.47454031093750004 0.9666666671874999 0.35572842968749996 0.9577777781249999 0.29632248906249997 0.9633333328125
0 0.2050919375 0.7716666671875 0.2164073546875 0.7938888890625 0.23267326718749998 0.8088888890625 0.2553041015625 0.82 0.280763790625 0.82555555625 0.3182461109375 0.8261111109374999 0.3288543140625 0.8222222218749999 0.3309759546875 0.8161111109375 0.2984441296875 0.787222221875 0.28854314062499997 0.76055555625 0.2899575671875 0.742777778125 0.3026874109375 0.7161111109375 0.2157001421875 0.7066666671874999 0.206506365625 0.722777778125 0.20367751093750003 0.7483333328125 0.2050919375 0.7716666671875
0 0.0848656296875 0.7461111109375 0.0848656296875 0.7761111109375001 0.0933521921875 0.7916666671875 0.12517680312499999 0.81444444375 0.15134370625 0.8161111109375 0.170438471875 0.8088888890625 0.1994342296875 0.7805555562500001 0.2022630828125 0.7138888890625 0.1958981609375 0.7022222218749999 0.1364922203125 0.6766666671875 0.11386138593749999 0.6799999999999999 0.0983026875 0.687777778125 0.07637906718750001 0.7083333328125 0.0749646390625 0.722777778125 0.0848656296875 0.7461111109375
0 0.0028288546875 0.8561111109375 0.0084865625 0.857222221875 0.04950495 0.83055555625 0.067892503125 0.80944444375 0.0834512015625 0.775 0.0848656296875 0.7505555562499999 0.072135784375 0.7194444437499999 0.05304101875 0.7033333328125 0.0318246109375 0.6933333328125 0.0035360671875 0.6888888890625 0.0014144265625 0.8494444437500001 0.0028288546875 0.8561111109375
0 0.046676096875 0.9238888890625001 0.089816125 0.9099999999999999 0.1173974546875 0.8838888890625001 0.12729844375 0.862777778125 0.128712871875 0.8183333328125 0.08557284375 0.7866666671875 0.055162659375 0.8261111109374999 0.0028288546875 0.865 0.00424328125 0.9183333328125001 0.0190947671875 0.92444444375 0.046676096875 0.9238888890625001
0 1 0.6772222218749999 0.997878359375 0.6733333328125 0.9738330968750001 0.672222221875 0.8946251765625 0.6799999999999999 0.862800565625 0.69944444375 0.83592645 0.7283333328125 0.8246110328125 0.757222221875 0.826025459375 0.787222221875 0.8451202265625 0.807777778125 0.8677510609375 0.81444444375 0.9130127296874999 0.7866666671875 0.9328147093749999 0.7811111109375 0.936350778125 0.7849999999999999 0.9299858562500001 0.79 0.8882602546875 0.8138888890624999 0.8783592640625001 0.8238888890625 0.8811881187499999 0.8294444437499999 0.9172560109375001 0.8522222218750001 1 0.857222221875 1 0.6772222218749999
0 1 0.862777778125 0.952616690625 0.86 0.9299858562500001 0.8644444437500001 0.8988684578124999 0.8800000000000001 0.87270155625 0.902777778125 0.862800565625 0.9483333328124999 0.8698727015625 0.997222221875 1 0.9994444437500001 1 0.862777778125
0 0.7001414421875001 0.8616666671875001 0.6874115984375 0.8916666671875 0.6874115984375 0.905 0.72135785 0.9283333328125 0.74186704375 0.9544444437499999 0.7567185296875001 0.9550000000000001 0.7885431406250001 0.9488888890625 0.8196605375000001 0.9366666671875 0.8578500703125 0.91555555625 0.88967468125 0.885 0.895332390625 0.857222221875 0.8762376234374999 0.8288888890624999 0.8691654874999999 0.8266666671875 0.8210749640625 0.8400000000000001 0.7347949078125 0.8388888890624999 0.7001414421875001 0.8616666671875001
0 0.9073550218750001 0.5466666671875 0.8734087687500001 0.5511111109375 0.8465346531250001 0.5488888890625 0.8239038187500001 0.5566666671875 0.8048090515625 0.5716666671875 0.7878359265625 0.602777778125 0.7906647812500001 0.647222221875 0.7821782171875 0.6761111109375 0.8026874109375 0.70444444375 0.8168316828125001 0.7133333328125 0.8401697312499999 0.7194444437499999 0.874823196875 0.687777778125 0.89321075 0.6788888890625 0.965346534375 0.672222221875 0.977369165625 0.667222221875 0.9575671859374999 0.647222221875 0.9448373406250001 0.625 0.9434229140625 0.602777778125 0.9603960390624999 0.5650000000000001 0.956859971875 0.5588888890625 0.9073550218750001 0.5466666671875
0 0.6775106078124999 0.5683333328125 0.6916548796875001 0.59055555625 0.6973125890625 0.6238888890625 0.690240453125 0.6438888890625 0.661951909375 0.675 0.6937765203125 0.6833333328125 0.72560113125 0.705 0.7680339468749999 0.6805555562500001 0.785007071875 0.657222221875 0.789250353125 0.6216666671875 0.7835926453125001 0.5961111109375 0.772277228125 0.5783333328125 0.7446958984375 0.5533333328125 0.7121640734375 0.5466666671875 0.66407355 0.5466666671875 0.657708628125 0.55055555625 0.6775106078124999 0.5683333328125
0 0.8536067890625001 0.45444444375000004 0.8373408765624999 0.46388888906250003 0.8217821781250001 0.48944444374999996 0.7949080625 0.5116666671875 0.7878359265625 0.52944444375 0.7963224890625 0.5616666671874999 0.8062234796875 0.5661111109375 0.8196605375000001 0.5566666671875 0.8437057984375 0.5488888890625 0.932107496875 0.5461111109375001 0.9335219234375 0.5338888890625 0.9420084859375001 0.5238888890625 0.936350778125 0.497222221875 0.9420084859375001 0.45722222187500006 0.93847241875 0.44888888906249996 0.88896746875 0.447777778125 0.8536067890625001 0.45444444375000004
0 0.6421499296875 0.4038888890625 0.6322489390625 0.43166666718749996 0.6364922203125001 0.45499999999999996 0.6449787828125 0.4738888890625 0.6711456859375 0.4966666671875 0.690947665625 0.5011111109375 0.719236209375 0.52 0.752475246875 0.5216666671875 0.7857142859375 0.512222221875 0.8175388968749999 0.4916666671875 0.8345120218750001 0.462777778125 0.8345120218750001 0.42833333281249997 0.8161244703125 0.3983333328125 0.78288543125 0.37555555625000003 0.7489391796875 0.36555555625 0.69236209375 0.37 0.66407355 0.382222221875 0.6421499296875 0.4038888890625
0 0.8818953328125 0.36555555625 0.860678925 0.372222221875 0.8373408765624999 0.38944444375 0.8330975953124999 0.41166666718749995 0.8415841578125001 0.43944444374999997 0.8521923625 0.44888888906249996 0.8642149921875 0.45055555625 0.9398868453125001 0.44555555625 0.9476661953125 0.43722222187500004 0.9476661953125 0.407222221875 0.9695898156249999 0.39888888906250003 0.9992927859374999 0.39888888906250003 1 0.39277777812500003 0.9512022625000001 0.3933333328125 0.94625176875 0.382777778125 0.9186704390625 0.36555555625 0.8818953328125 0.36555555625
0 0.7602545968750001 0.257777778125 0.72560113125 0.27388888906250003 0.7001414421875001 0.31055555625000003 0.7001414421875001 0.332777778125 0.707213578125 0.35055555625 0.7291372 0.3633333328125 0.8005657703125 0.3738888890625 0.8649222062499999 0.367777778125 0.9101838750000001 0.3533333328125 0.932107496875 0.33944444375 0.9434229140625 0.3261111109375 0.9490806218750001 0.3016666671875 0.940594059375 0.2783333328125 0.9214992921875 0.26 0.8988684578124999 0.25 0.8437057984375 0.247777778125 0.7602545968750001 0.257777778125
0 0.7772277234375 0.25555555625 0.8776520515625 0.24666666718750002 0.9250353609375 0.25833333281250004 0.932107496875 0.23722222187500003 0.9193776515625001 0.20944444375 0.891796321875 0.19 0.8451202265625 0.1766666671875 0.833804809375 0.1666666671875 0.8239038187500001 0.17444444374999998 0.8005657703125 0.172777778125 0.75813295625 0.2316666671875 0.75813295625 0.242777778125 0.7772277234375 0.25555555625
0 0.850070721875 0.137222221875 0.8543140031249999 0.1583333328125 0.8776520515625 0.18444444375 0.9073550218750001 0.192222221875 0.9391796328125 0.1916666671875 0.965346534375 0.18 0.9886845828125 0.15277777812499999 0.9985855734375001 0.13055555624999998 0.99575671875 0.11388888906250001 0.9830268734375001 0.09388888906250001 0.952616690625 0.07444444375 0.8946251765625 0.07666666718750001 0.8790664781249999 0.08333333281250001 0.8557284296875001 0.107222221875 0.850070721875 0.137222221875
0 0.6463932109375 0.13388888906250002 0.6350777937500001 0.16055555625 0.6364922203125001 0.18055555625 0.6548797734375 0.21055555625000003 0.6768033953125 0.22777777812500002 0.706506365625 0.2388888890625 0.731258840625 0.2383333328125 0.7531824609375 0.232222221875 0.7708628 0.21611111093750002 0.7977369171875 0.1761111109375 0.8033946249999999 0.1483333328125 0.7977369171875 0.13388888906250002 0.7800565765624999 0.11555555625 0.7305516265625001 0.10444444374999999 0.7050919375 0.10444444374999999 0.6725601125 0.11444444375 0.6463932109375 0.13388888906250002
0 0.924328146875 0.0688888890625 0.9575671859374999 0.05055555625 0.973125884375 0.020555556250000002 0.973125884375 0.0016666671875 0.811173975 0 0.8076379062499999 0.026111110937499998 0.8203677515625 0.048333332812500004 0.8521923625 0.067777778125 0.8939179625 0.0716666671875 0.924328146875 0.0688888890625
0 0.59405940625 0.027222221875 0.5912305515625 0.047222221875 0.631541725 0.0511111109375 0.6555869875 0.06 0.6831683171875 0.08722222187499999 0.6803394625 0.0983333328125 0.6973125890625 0.102777778125 0.7164073546874999 0.092222221875 0.7482319656249999 0.0838888890625 0.7567185296875001 0.0616666671875 0.753889675 0.043888889062500006 0.743988684375 0.02944444375 0.7248939171875 0.013333332812500001 0.6951909484375001 0.0011111109375000002 0.6329561531250001 0 0.6173974546875 0.00555555625 0.59405940625 0.027222221875
0 0.5445544546875001 0.07055555625 0.5332390375 0.10166666718749999 0.5403111734375 0.10500000000000001 0.5579915140625 0.09444444375 0.5848656296875 0.09 0.669731259375 0.097777778125 0.674681753125 0.08499999999999999 0.66760961875 0.07055555625 0.6527581328125 0.058888889062500005 0.628712871875 0.0511111109375 0.5876944843749999 0.05 0.5735502125 0.0533333328125 0.5445544546875001 0.07055555625
0 0.534653465625 0.14944444375 0.5459688828125 0.162777778125 0.5905233375 0.18555555625 0.6379066484375 0.19388888906249999 0.633663365625 0.16055555625 0.639321075 0.1438888890625 0.6612446953125 0.12 0.6916548796875001 0.1061111109375 0.6711456859375 0.0988888890625 0.5961810468750001 0.09111111093749999 0.563649221875 0.0933333328125 0.54950495 0.0988888890625 0.5318246109375 0.12166666718750001 0.534653465625 0.14944444375
0 0.44413012656250006 0.09944444375 0.4667609625 0.117222221875 0.49575671874999994 0.102222221875 0.5297029703125 0.10444444374999999 0.538896746875 0.077222221875 0.5714285718750001 0.0516666671875 0.54950495 0.042222221875 0.509900990625 0.0366666671875 0.47171145625 0.042222221875 0.43352192343749996 0.057777778125 0.42998585624999996 0.0638888890625 0.44413012656250006 0.09944444375
0 0.4314002828125 0.1816666671875 0.43493634999999997 0.1866666671875 0.494342290625 0.207777778125 0.5318246109375 0.2116666671875 0.5438472421875 0.21111111093749999 0.5544554453125 0.197222221875 0.5502121640625 0.172777778125 0.530410184375 0.13944444375 0.534653465625 0.10944444375 0.5198019796875 0.102222221875 0.49717114531249995 0.102222221875 0.4801980203125 0.10888888906250001 0.4582743984375 0.12833333281249998 0.4314002828125 0.1816666671875
0 0.4603960390625 0.24666666718750002 0.4950495046875 0.2538888890625 0.5403111734375 0.2338888890625 0.538896746875 0.22611111093749997 0.522630834375 0.21444444375 0.494342290625 0.20888888906249997 0.4377652046875 0.18777777812500002 0.40947666250000003 0.192222221875 0.3946251765625 0.205 0.3903818953125 0.22944444375 0.4193776515625 0.2488888890625 0.4603960390625 0.24666666718750002
0 0.5219236203125 0.27055555625 0.5374823203125 0.2938888890625 0.5431400281250001 0.33388888906249997 0.58557284375 0.3361111109375 0.6046676093750001 0.332222221875 0.625176803125 0.317222221875 0.6379066484375 0.28500000000000003 0.6308345125 0.26055555625000004 0.608910890625 0.24444444375000002 0.572135784375 0.23444444375 0.5438472421875 0.23444444375 0.5028288546875 0.25 0.49929278593750004 0.2561111109375 0.5219236203125 0.27055555625
0 0.399575671875 0.25888888906249996 0.37765205156250004 0.275 0.3592644984375 0.3038888890625 0.3578500703125 0.335 0.371287128125 0.36 0.417963225 0.3566666671875 0.4420084859375 0.36555555625 0.46534653437499995 0.382777778125 0.4830268734375 0.377777778125 0.509900990625 0.377777778125 0.5219236203125 0.372777778125 0.538896746875 0.3461111109375 0.5431400281250001 0.3161111109375 0.524752475 0.275 0.5084865625 0.262222221875 0.4801980203125 0.25 0.43493634999999997 0.247777778125 0.399575671875 0.25888888906249996
0 0.61881188125 0.2488888890625 0.6400282890625 0.26888888906249997 0.670438471875 0.2716666671875 0.7043847234375 0.242777778125 0.7022630828125 0.2388888890625 0.678217821875 0.22999999999999998 0.6400282890625 0.1966666671875 0.58628005625 0.18444444375 0.5629420078125 0.1916666671875 0.5403111734375 0.222777778125 0.5438472421875 0.23333333281250002 0.5891089109375 0.2366666671875 0.61881188125 0.2488888890625
0 0.35219236249999997 0.39944444375 0.35643564375 0.417222221875 0.367043846875 0.43222222187500003 0.428571428125 0.445 0.44625176875 0.442222221875 0.461103253125 0.42944444375 0.4667609625 0.417222221875 0.46393210781249994 0.39055555625 0.45261669062500004 0.3738888890625 0.43917963281250005 0.36444444374999996 0.4165487984375 0.3566666671875 0.38401697343749996 0.3588888890625 0.3578500703125 0.3761111109375 0.35219236249999997 0.39944444375
0 0.6195190953124999 0.43499999999999994 0.5834512015625 0.40444444375 0.55374823125 0.392222221875 0.5169731265624999 0.38555555625000004 0.4929278640625 0.38555555625000004 0.4759547390625 0.3911111109375 0.4681753890625 0.397222221875 0.4681753890625 0.41500000000000004 0.4582743984375 0.4361111109375 0.461103253125 0.4438888890625 0.5169731265624999 0.477777778125 0.555162659375 0.51555555625 0.5926449781249999 0.5183333328125 0.6018387546875 0.507777778125 0.62659123125 0.49833333281250003 0.6138613859375 0.4761111109375 0.60254596875 0.4683333328125 0.6046676093750001 0.45999999999999996 0.628712871875 0.49000000000000005 0.6379066484375 0.485 0.6407355015625 0.4716666671875 0.6350777937500001 0.4561111109375 0.6195190953124999 0.43499999999999994
0 0.6046676093750001 0.41555555625 0.6322489390625 0.4183333328125 0.6570014140625 0.3866666671875 0.6895332390625 0.37 0.7164073546874999 0.36555555625 0.7142857140625 0.35944444375 0.6669024046875001 0.34555555625 0.61032531875 0.342222221875 0.58628005625 0.35 0.5714285718750001 0.3738888890625 0.5785007078125 0.39944444375 0.6046676093750001 0.41555555625
0 0.31541725625 0.4561111109375 0.3083451203125 0.47055555625 0.3083451203125 0.49277777812499995 0.31541725625 0.507222221875 0.3231966046875 0.5177777781249999 0.3613861390625 0.5355555562500001 0.3691654875 0.5416666671875 0.36633663437499997 0.545 0.39533239062500003 0.5633333328125001 0.42715700156249997 0.5694444437499999 0.45049504999999995 0.557777778125 0.4787835921875 0.5522222218749999 0.5148514843750001 0.525 0.5077793500000001 0.49055555625 0.49575671874999994 0.47888888906249993 0.453323903125 0.4566666671875 0.41230551562500006 0.442222221875 0.368458275 0.43333333281249997 0.3387553046875 0.4388888890625 0.31541725625 0.4561111109375
0 0.12093352187499999 0.507777778125 0.0933521921875 0.5305555562500001 0.0806223484375 0.5538888890625 0.08203677499999999 0.575 0.1096181046875 0.5811111109375 0.141442715625 0.5961111109375 0.1852899578125 0.5683333328125 0.188826025 0.557777778125 0.227015559375 0.5566666671875 0.256011315625 0.5461111109375001 0.26025459687499997 0.5338888890625 0.25742574218750003 0.50944444375 0.2284299859375 0.48333333281249996 0.198727015625 0.4766666671875 0.1647807640625 0.48333333281249996 0.12093352187499999 0.507777778125
0 0.0014144265625 0.682777778125 0.0049504953125 0.687777778125 0.0459688828125 0.6977777781250001 0.0806223484375 0.6972222218749999 0.10678924999999999 0.6799999999999999 0.12446958906250001 0.675 0.1230551625 0.62944444375 0.13719943437499998 0.60055555625 0.1237623765625 0.587777778125 0.09405940625 0.5788888890624999 0.0360678921875 0.5811111109375 0.006364921875 0.592222221875 0.0014144265625 0.5994444437500001 0.0014144265625 0.682777778125
0 0.00777935 0.44333333281250004 0.0028288546875 0.44611111093750005 0.0014144265625 0.46388888906250003 0.0028288546875 0.525 0.014851484374999998 0.53444444375 0.0601131546875 0.5533333328125 0.067892503125 0.5527777781250001 0.0834512015625 0.545 0.09476661875 0.527222221875 0.112446959375 0.512222221875 0.16124469531250002 0.482777778125 0.157708628125 0.47888888906249993 0.12659123125 0.48444444375 0.08557284375 0.482222221875 0.047383309375 0.47000000000000003 0.020509193749999998 0.44444444375 0.00777935 0.44333333281250004
0 0.050212164062499995 0.3888888890625 0.032531825 0.40055555624999994 0.021216407812499997 0.42833333281249997 0.022630834375 0.44277777812499997 0.032531825 0.45722222187500006 0.050212164062499995 0.47000000000000003 0.088401696875 0.482222221875 0.1173974546875 0.48388888906250005 0.16619519062500002 0.47444444375000006 0.1895332390625 0.45722222187500006 0.20084865624999998 0.43833333281250003 0.20084865624999998 0.41944444374999995 0.1852899578125 0.3916666671875 0.1633663359375 0.37666666718749997 0.1421499296875 0.3711111109375 0.11527581406250001 0.37333333281250003 0.0785007078125 0.38777777812499997 0.050212164062499995 0.3888888890625
0 0.30480905156250004 0.35444444375 0.2736916546875 0.357777778125 0.248231965625 0.367777778125 0.219236209375 0.39055555625 0.20367751093750003 0.412777778125 0.2022630828125 0.445 0.21782178281250003 0.4761111109375 0.252475246875 0.49888888906249995 0.2814710046875 0.502777778125 0.30693069375 0.4916666671875 0.30693069375 0.47277777812500005 0.314002828125 0.45722222187500006 0.3330975953125 0.4411111109375 0.354314003125 0.43222222187500003 0.34794908125 0.427222221875 0.35643564375 0.4238888890625 0.35219236249999997 0.40499999999999997 0.35643564375 0.3738888890625 0.30480905156250004 0.35444444375
0 0.2432814703125 0.33055555625 0.2446958984375 0.3638888890625 0.24964639375000003 0.36666666718749996 0.2736916546875 0.3566666671875 0.309052334375 0.35444444375 0.3578500703125 0.3716666671875 0.370579915625 0.36055555625 0.3578500703125 0.3383333328125 0.35643564375 0.3116666671875 0.360678925 0.29722222187499997 0.3847241859375 0.267222221875 0.3797736921875 0.26555555625 0.350070721875 0.2711111109375 0.26379066406249996 0.30555555624999997 0.25035360624999997 0.3161111109375 0.2432814703125 0.33055555625
0 0.0339462515625 0.31944444375000003 0.038189532812499996 0.337222221875 0.063649221875 0.382777778125 0.0785007078125 0.38555555625000004 0.116690240625 0.372222221875 0.1407355015625 0.37 0.1775106078125 0.38333333281250004 0.20084865624999998 0.40833333281249995 0.2432814703125 0.36833333281249997 0.23903818906250002 0.3283333328125 0.206506365625 0.2938888890625 0.188826025 0.28444444375 0.15912305468750002 0.27777777812500004 0.1322489390625 0.262222221875 0.0869872703125 0.2611111109375 0.055869873437499995 0.272222221875 0.03677510625 0.29500000000000004 0.0339462515625 0.31944444375000003
0 0.1343705796875 0.257222221875 0.1506364921875 0.2711111109375 0.1732673265625 0.2811111109375 0.211456859375 0.2811111109375 0.24964639375000003 0.29444444375 0.27864215 0.2961111109375 0.30339462500000003 0.287777778125 0.3196605375 0.267222221875 0.3196605375 0.23611111093749998 0.3005657703125 0.21777777812500002 0.211456859375 0.192222221875 0.15912305468750002 0.19555555625 0.132956153125 0.21055555625000003 0.1258840171875 0.222777778125 0.1258840171875 0.24055555625 0.1343705796875 0.257222221875
0 0.0728429984375 0.1666666671875 0.0459688828125 0.172222221875 0.025459689062500002 0.18722222187499998 0.0169731265625 0.20277777812500003 0.018387553125 0.21944444375 0.042432814062500004 0.25833333281250004 0.0608203671875 0.2683333328125 0.08557284375 0.26 0.132956153125 0.25944444375 0.12446958906250001 0.23944444374999999 0.12446958906250001 0.2216666671875 0.1343705796875 0.2061111109375 0.1527581328125 0.1961111109375 0.1407355015625 0.18 0.12942008437500002 0.18111111093750001 0.10254596875 0.1688888890625 0.0728429984375 0.1666666671875
0 0.10042432812499999 0.1483333328125 0.0990099015625 0.1661111109375 0.12942008437500002 0.1788888890625 0.14356435625 0.1788888890625 0.149929278125 0.19277777812500002 0.15983026875 0.195 0.20721357812500002 0.19 0.2164073546875 0.182777778125 0.21782178281250003 0.16499999999999998 0.21216407343750002 0.1438888890625 0.1958981609375 0.127777778125 0.1732673265625 0.11777777812500001 0.149222065625 0.1166666671875 0.1223479484375 0.12555555625 0.1117397453125 0.13388888906250002 0.10042432812499999 0.1483333328125
0 0.0233380484375 0.10888888906250001 0.00424328125 0.11944444375 0.0014144265625 0.20166666718749998 0.00424328125 0.21611111093750002 0.0113154171875 0.21833333281249998 0.022630834375 0.1883333328125 0.0417256015625 0.17333333281250002 0.0643564359375 0.1666666671875 0.096181046875 0.1661111109375 0.1018387546875 0.142777778125 0.13012729843749998 0.11944444375 0.12517680312499999 0.11444444375 0.10396039531250001 0.10555555624999999 0.058698726562500005 0.10333333281249998 0.0233380484375 0.10888888906250001
0 0.0134370578125 0.0988888890625 0.0162659125 0.0933333328125 0.020509193749999998 0.10333333281249998 0.0983026875 0.10333333281249998 0.1308345125 0.11555555625 0.1428571421875 0.11499999999999999 0.157708628125 0.11000000000000001 0.1810466765625 0.08499999999999999 0.1711456859375 0.043888889062500006 0.1584158421875 0.026111110937499998 0.1421499296875 0.014444443749999999 0.10678924999999999 0.00555555625 0.0657708625 0.0011111109375000002 0.006364921875 0.004444443750000001 0.005657709375 0.0983333328125 0.0134370578125 0.0988888890625
0 0.182461103125 0.02944444375 0.1725601125 0.047222221875 0.186704384375 0.0916666671875 0.19801980156250001 0.097222221875 0.2001414421875 0.0933333328125 0.21004243281249999 0.0966666671875 0.2701555875 0.0838888890625 0.2814710046875 0.065 0.3083451203125 0.045 0.29066478125 0.017777778124999997 0.26661951875 0.00555555625 0.23691654843749999 0.004444443750000001 0.2015558703125 0.01555555625 0.182461103125 0.02944444375
0 0.1796322484375 0.1183333328125 0.202970296875 0.1311111109375 0.21357849999999998 0.142777778125 0.2206506359375 0.16388888906250001 0.21782178281250003 0.185 0.24045261718750002 0.1861111109375 0.26379066406249996 0.1711111109375 0.301272984375 0.16055555625 0.2701555875 0.12166666718750001 0.2588401703125 0.1183333328125 0.26591230625 0.11055555624999999 0.2652050921875 0.0866666671875 0.23125884062500002 0.09 0.211456859375 0.0966666671875 0.1916548796875 0.11444444375 0.1796322484375 0.1183333328125
0 0.29066478125 0.0566666671875 0.27439886874999997 0.077222221875 0.26591230625 0.0983333328125 0.268741159375 0.1183333328125 0.29137199375 0.1483333328125 0.3189533234375 0.16444444375 0.35219236249999997 0.16944444375 0.3882602546875 0.1633333328125 0.408062234375 0.1533333328125 0.432814709375 0.132777778125 0.44413012656250006 0.10944444375 0.43705799218749997 0.08055555625000001 0.41442715625000004 0.047222221875 0.39533239062500003 0.035555556249999995 0.3613861390625 0.03 0.33592645 0.032222221875 0.29066478125 0.0566666671875
0 0.33592645 0.16999999999999998 0.34936350781250003 0.1883333328125 0.350777934375 0.2216666671875 0.36350777968750003 0.225 0.34865629375 0.2266666671875 0.3366336640625 0.2438888890625 0.37411598281249997 0.262222221875 0.3903818953125 0.2616666671875 0.4031117390625 0.25166666718749997 0.3925035359375 0.2388888890625 0.3677510609375 0.22722222187500002 0.38967468125 0.22999999999999998 0.3946251765625 0.205 0.4066478078125 0.1933333328125 0.425742575 0.185 0.40947666250000003 0.1711111109375 0.3939179625 0.16555555625 0.33592645 0.16999999999999998
0 0.29915134375 0.2166666671875 0.31541725625 0.22833333281249998 0.3224893921875 0.2461111109375 0.32814709999999997 0.2461111109375 0.3394625171875 0.23944444374999999 0.350777934375 0.21611111093750002 0.350777934375 0.1961111109375 0.3437057984375 0.18055555625 0.3104667609375 0.16444444375 0.29066478125 0.16444444375 0.26379066406249996 0.172222221875 0.2376237625 0.197222221875 0.23903818906250002 0.20055555625000002 0.29915134375 0.2166666671875
0 0.4766619515625 0.038333332812499996 0.47383309687499997 0.0183333328125 0.453323903125 0.0011111109375000002 0.42079207968750004 0 0.3967468171875 0.004444443750000001 0.37765205156250004 0.0161111109375 0.3691654875 0.02944444375 0.399575671875 0.0366666671875 0.4314002828125 0.05944444375 0.4766619515625 0.038333332812499996
0 0.5049504953125 0.0161111109375 0.509900990625 0.014444443749999999 0.52828854375 0.03444444375 0.5664780765625 0.0466666671875 0.5770862796875 0.0461111109375 0.5869872703125 0.0416666671875 0.5968882609375 0.0216666671875 0.6124469593749999 0.0072222218749999996 0.61032531875 0 0.46534653437499995 0.00055555625 0.47100424375000005 0.013888889062500001 0.4830268734375 0.022222221875 0.514144271875 0.032222221875 0.5134370578125 0.0216666671875 0.5049504953125 0.0161111109375