0 0.2171875 0.278125 0.090625 0.1109375
0 0.290625 0.4953125 0.08125 0.09375
0 0.3390625 0.24765625 0.128125 0.125
0 0.4078125 0.384375 0.065625 0.1203125
0 0.471875 0.4140625 0.06875 0.115625
0 0.578125 0.278125 0.06875 0.09375
0 0.6234375 0.22421875 0.053125 0.10625
0 0.896875 0.27578125 0.09375 0.125
0 0.8078125 0.4421875 0.065625 0.10625
0 0.8578125 0.7015625 0.121875 0.190625
0 0.684375 0.83359375 0.0875 0.1484375
0 0.940625 0.66171875 0.0625 0.1203125
0 0.4359375 0.03046875 0.059375 0.0515625
0 0.515625 0.11328125 0.05625 0.0796875
0 0.6265625 0.0390625 0.065625 0.0703125