0 0.175 0.178125 0.35 0.35625
0 0.1234375 0.48359375 0.246875 0.278125
0 0.103125 0.6734375 0.20625 0.1140625
0 0.09765625 0.871875 0.1953125 0.1765625
0 0.38046875 0.115625 0.1109375 0.1875
0 0.31640625 0.39375 0.209375 0.34375
0 0.58125 0.63359375 0.484375 0.5
0 0.29375 0.7859375 0.2484375 0.4265625
0 0.55625 0.95546875 0.109375 0.0890625
0 0.5265625 0.28984375 0.140625 0.1703125
0 0.734375 0.14296875 0.5296875 0.2859375
0 0.890625 0.28046875 0.21875 0.428125
0 0.95390625 0.65859375 0.0921875 0.3390625
0 0.8953125 0.925 0.209375 0.15
0 0.7234375 0.3875 0.0828125 0.1421875