0 0.296875 0.4078125 0.165625 0.109375
0 0.4953125 0.42109375 0.2171875 0.13125
0 0.8171875 0.4 0.1859375 0.1296875
0 0.59765625 0.92109375 0.2203125 0.1578125
0 0.8140625 0.921875 0.2140625 0.153125
0 0.1921875 0.9234375 0.209375 0.153125
0 0.40078125 0.9234375 0.19375 0.1515625
0 0.3640625 0.771875 0.1546875 0.1484375
0 0.18203125 0.79609375 0.2359375 0.15625
0 0.63984375 0.77109375 0.171875 0.171875
0 0.8453125 0.78515625 0.215625 0.1390625
0 0.1046875 0.065625 0.1078125 0.0859375
0 0.2140625 0.0453125 0.1390625 0.0546875
0 0.32734375 0.32734375 0.1734375 0.0734375
0 0.4734375 0.3171875 0.1390625 0.0734375
0 0.96875 0.3796875 0.0625 0.096875