0 0.39431818125 0.3075 0.3375 0.33999999999999997 0.3045454546875 0.37875000000000003 0.290909090625 0.41125 0.2886363640625 0.44125 0.3 0.48624999999999996 0.3420454546875 0.5475 0.39204545468749996 0.5725 0.4522727265625 0.57625 0.5056818187500001 0.5675 0.546590909375 0.5425 0.565909090625 0.51625 0.58181818125 0.46875 0.5795454546875 0.41125 0.525 0.31124999999999997 0.5102272734375 0.2325 0.484090909375 0.24874999999999997 0.471590909375 0.2875 0.39431818125 0.3075
0 0.20795454531250002 0 0.215909090625 0.13125 0.2386363640625 0.21625 0.25681818125 0.24874999999999997 0.2920454546875 0.28250000000000003 0.3261363640625 0.3 0.35227272656249997 0.30125 0.378409090625 0.2975 0.42840909062500004 0.26 0.48863636406250005 0.17124999999999999 0.5045454546875 0.12625 0.50681818125 0.08375 0.4863636359375 0.013750000000000002 0.471590909375 0 0.20795454531250002 0
0 0 0.63375 0.0397727265625 0.6475 0.1272727265625 0.65125 0.1761363640625 0.6325000000000001 0.20909090937500002 0.59875 0.23409090937500002 0.54125 0.2386363640625 0.45375 0.1954545453125 0.36875 0.15340909062500002 0.315 0.1125 0.2925 0.0625 0.29500000000000004 0 0.32875 0 0.63375
0 0.19772727343750002 0.20375000000000001 0.2136363640625 0.16125 0.20909090937500002 0.09875 0.14204545468750002 0.017499999999999998 0.0829545453125 0 0 0.008749999999999999 0.0022727265625 0.31875 0.13068181875 0.26749999999999996 0.19772727343750002 0.20375000000000001
0 0.5136363640625 0.14875 0.5204545453125 0.20875 0.5386363640625 0.25125000000000003 0.584090909375 0.31124999999999997 0.621590909375 0.35 0.6738636359375 0.38 0.690909090625 0.39875 0.7022727265625 0.43375 0.7170454546875 0.45 0.73181818125 0.45125000000000004 0.7545454546875 0.37625000000000003 0.8113636359375 0.27125 0.8295454546875 0.16375 0.815909090625 0.09625 0.78068181875 0.052500000000000005 0.728409090625 0.03 0.6738636359375 0.0325 0.5761363640625 0.0625 0.540909090625 0.09875 0.5136363640625 0.14875
0 1 0.34375 0.9306818187499999 0.305 0.8829545453125001 0.3025 0.828409090625 0.32 0.79318181875 0.35375 0.765909090625 0.40625 0.7613636359375 0.45125000000000004 0.790909090625 0.52125 0.8352272734374999 0.585 0.8647727265625 0.6025 0.9090909093749999 0.60375 0.9556818187499999 0.5900000000000001 1 0.54375 1 0.34375
0 0.9863636359375001 0.29874999999999996 1 0.29375 0.9988636359375 0.0025 0.9397727265625001 0.017499999999999998 0.8875 0.05500000000000001 0.8568181812500001 0.09625 0.834090909375 0.16375 0.84318181875 0.23125 0.871590909375 0.26749999999999996 0.9170454546875 0.29 0.9863636359375001 0.29874999999999996
0 0.5295454546875 0.57875 0.51818181875 0.62625 0.525 0.68125 0.5568181812499999 0.73875 0.5920454546875 0.7675 0.6488636359375 0.7875 0.7556818187500001 0.7875 0.80681818125 0.80375 0.81818181875 0.79875 0.8045454546874999 0.73875 0.8227272734375 0.68875 0.825 0.6537499999999999 0.80681818125 0.56375 0.775 0.50625 0.7420454546874999 0.47750000000000004 0.6897727265625 0.465 0.5761363640625 0.5175 0.5295454546875 0.57875
0 0.9568181812500001 1 0.9613636359375001 0.99375 0.9227272734374999 0.89375 0.8875 0.8574999999999999 0.8556818187499999 0.8425 0.79431818125 0.8375 0.771590909375 0.845 0.725 0.8862500000000001 0.709090909375 0.92125 0.7102272734375 1 0.9568181812500001 1
0 1 0.58875 0.9761363640624999 0.5875 0.928409090625 0.6174999999999999 0.8829545453125001 0.6224999999999999 0.8465909093749999 0.6475 0.8318181812500001 0.66875 0.8136363640625 0.75625 0.834090909375 0.8087500000000001 0.8556818187499999 0.8375 1 0.89625 1 0.58875
0 0.6727272734375 1 0.6863636359374999 0.99375 0.7 0.9487500000000001 0.6954545453125001 0.88125 0.6795454546874999 0.8412499999999999 0.6329545453125001 0.7875 0.546590909375 0.7575000000000001 0.503409090625 0.6900000000000001 0.48295454531250004 0.6925 0.48181818125 0.7787499999999999 0.44318181875 0.85625 0.43181818125 0.9037499999999999 0.43181818125 0.9487500000000001 0.4454545453125 0.9887499999999999 0.47613636406250004 1 0.6727272734375 1
0 0.175 0.6587500000000001 0.17045454531249998 0.68125 0.184090909375 0.7162499999999999 0.1863636359375 0.81875 0.2022727265625 0.86875 0.2488636359375 0.925 0.28977272656249997 0.9475 0.3272727265625 0.94625 0.3670454546875 0.93 0.40681818124999997 0.8787499999999999 0.44318181875 0.7262500000000001 0.41590909062500003 0.66625 0.38068181874999996 0.6325000000000001 0.3420454546875 0.6174999999999999 0.2647727265625 0.6125 0.20568181874999997 0.6525000000000001 0.18068181875 0.65 0.175 0.6587500000000001
0 0.01931818125 1 0.11590909062500002 0.99875 0.15681818125 0.91625 0.16818181875 0.8637499999999999 0.1727272734375 0.77125 0.165909090625 0.73625 0.14204545468750002 0.7025 0.0852272734375 0.6599999999999999 0.0375 0.655 0.0034090906249999997 0.6625 0 0.9862500000000001 0.01931818125 1