0 0.79453125 0.8734375 0.1734375 0.253125
0 0.5203125 0.88671875 0.15625 0.215625
0 0.3359375 0.83515625 0.1953125 0.2375
0 0.16484375 0.8546875 0.16875 0.234375
0 0.34765625 0.61328125 0.140625 0.215625
0 0.4859375 0.59921875 0.11875 0.209375
0 0.71875 0.503125 0.10625 0.1828125
0 0.82578125 0.65859375 0.1515625 0.2453125
0 0.2171875 0.49375 0.15 0.1734375
0 0.7125 0.3109375 0.1015625 0.1375
0 0.5625 0.4109375 0.125 0.171875
0 0.4265625 0.34765625 0.1234375 0.1296875
0 0.13515625 0.3890625 0.1234375 0.15