0 0.472 0.568 0.508 0.4853333328125 0.518 0.38133333281250004 0.504 0.3226666671875 0.45 0.22400000000000003 0.396 0.184 0.298 0.1706666671875 0.22200000000000003 0.2026666671875 0.186 0.2506666671875 0.156 0.3386666671875 0.152 0.45066666718750004 0.176 0.5333333328125 0.21400000000000002 0.6 0.27599999999999997 0.648 0.33199999999999996 0.6586666671875 0.40800000000000003 0.6346666671875 0.438 0.6133333328125 0.472 0.568
0 0.74 0.37066666718749997 0.742 0.32799999999999996 0.728 0.264 0.686 0.1946666671875 0.632 0.1573333328125 0.5700000000000001 0.1493333328125 0.524 0.2053333328125 0.514 0.24533333281249997 0.48200000000000004 0.2693333328125 0.514 0.37066666718749997 0.514 0.4266666671875 0.496 0.5306666671875 0.5860000000000001 0.5546666671875 0.644 0.536 0.692 0.488 0.724 0.42933333281249997 0.74 0.37066666718749997
0 0.654 0.7946666671875 0.6519999999999999 0.712 0.62 0.624 0.5820000000000001 0.576 0.55 0.5519999999999999 0.49400000000000005 0.5413333328125 0.426 0.6213333328124999 0.358 0.6559999999999999 0.346 0.7013333328125 0.348 0.7973333328125001 0.376 0.8826666671875 0.414 0.9279999999999999 0.45999999999999996 0.9466666671875 0.508 0.9413333328125001 0.622 0.8906666671875 0.642 0.8506666671875 0.654 0.7946666671875
0 1 0.8293333328125 0.992 0.8133333328125 0.992 0.7386666671875 0.9800000000000001 0.6933333328125 0.952 0.6533333328125 0.9119999999999999 0.6266666671875 0.794 0.624 0.732 0.6586666671875 0.6900000000000001 0.728 0.6799999999999999 0.8373333328125 0.706 0.9573333328125001 0.742 1 0.978 1 1 0.9573333328125001 1 0.8293333328125
0 1 0.3253333328125 0.9099999999999999 0.2826666671875 0.836 0.2773333328125 0.788 0.2986666671875 0.748 0.352 0.732 0.42133333281249996 0.73 0.5093333328125 0.736 0.5333333328125 0.754 0.568 0.794 0.6133333328125 0.8699999999999999 0.6133333328125 0.9380000000000001 0.6293333328124999 0.976 0.608 1 0.5813333328125 1 0.3253333328125
0 0.33199999999999996 0.6693333328125 0.262 0.6373333328124999 0.21800000000000003 0.6 0.16999999999999998 0.528 0.152 0.46666666718750005 0.136 0.4613333328125 0.076 0.5013333328125 0.038 0.5493333328125 0.016 0.7306666671875 0.034 0.7813333328125001 0.10400000000000001 0.8586666671875 0.148 0.8693333328125 0.21800000000000003 0.8613333328125 0.268 0.8266666671875 0.312 0.7733333328125 0.32999999999999996 0.7306666671875 0.33199999999999996 0.6693333328125
0 0.296 0 0.286 0.0293333328125 0.286 0.06933333281250001 0.302 0.1626666671875 0.386 0.1786666671875 0.466 0.2346666671875 0.488 0.23199999999999998 0.54 0.192 0.5700000000000001 0.152 0.6 0.061333332812499995 0.602 0 0.296 0
0 0.9039999999999999 0 0.8800000000000001 0.0106666671875 0.8119999999999999 0.0106666671875 0.782 0.0426666671875 0.772 0.0666666671875 0.754 0.14666666718750002 0.752 0.1973333328125 0.766 0.2533333328125 0.794 0.29333333281249996 0.8859999999999999 0.2773333328125 0.952 0.30133333281249997 1 0.25866666718750003 1 0.0213333328125 0.978 0 0.9039999999999999 0
0 0.124 0.22400000000000003 0.11399999999999999 0.064 0.062 0.0106666671875 0.004 0 0 0.2506666671875 0.057999999999999996 0.2613333328125 0.10600000000000001 0.24266666718750002 0.124 0.22400000000000003
0 0.11015625 0.425 0.115625 0.1671875
0 0.09609375 0.315625 0.115625 0.1625
0 0.6859375 0.61875 0.1921875 0.29375
0 0.3328125 0.90078125 0.278125 0.1984375
0 0.66015625 0.10390625 0.1765625 0.2078125