0 0.77734375 0.23671875 0.0859375 0.03125
0 0.4078125 0.23984375 0.0375 0.0375
0 0.353125 0.240625 0.025 0.0359375
0 0.2671875 0.25859375 0.034375 0.05
0 0.39765625 0.265625 0.0390625 0.0359375
0 0.603125 0.26875 0.025 0.0296875
0 0.784375 0.28203125 0.090625 0.0734375
0 0.34453125 0.29765625 0.0296875 0.034375
0 0.3046875 0.30703125 0.03125 0.0609375
0 0.2203125 0.328125 0.028125 0.0609375
0 0.5546875 0.33125 0.03125 0.0375
0 0.35 0.3375 0.03125 0.0375
0 0.94921875 0.35 0.0796875 0.075
0 0.77734375 0.35546875 0.0921875 0.078125
0 0.2828125 0.365625 0.025 0.0640625
0 0.19765625 0.36796875 0.0453125 0.053125
0 0.52890625 0.38671875 0.0453125 0.0359375
0 0.17890625 0.390625 0.0515625 0.05625
0 0.37578125 0.390625 0.0234375 0.0734375
0 0.47109375 0.40703125 0.0328125 0.053125
0 0.75390625 0.41796875 0.0890625 0.05625
0 0.2421875 0.42109375 0.03125 0.0921875
0 0.52109375 0.421875 0.0328125 0.0359375
0 0.14140625 0.421875 0.0765625 0.053125
0 0.29765625 0.45 0.0359375 0.084375
0 0.975 0.45859375 0.05 0.071875
0 0.81796875 0.4625 0.0546875 0.0921875
0 0.8609375 0.47421875 0.0375 0.08125
0 0.1890625 0.475 0.0375 0.0625
0 0.1515625 0.48203125 0.04375 0.0734375
0 0.9125 0.48515625 0.046875 0.075
0 0.0515625 0.49921875 0.0625 0.05625
0 0.753125 0.50234375 0.103125 0.0796875
0 0.37578125 0.51796875 0.0234375 0.05625
0 0.40234375 0.51796875 0.0328125 0.059375
0 0.28515625 0.53125 0.0453125 0.05
0 0.0890625 0.54453125 0.04375 0.06875
0 0.01875 0.565625 0.0375 0.090625
0 0.74140625 0.58515625 0.1109375 0.0703125
0 0.18515625 0.58671875 0.0421875 0.06875
0 0.4515625 0.58671875 0.046875 0.078125
0 0.121875 0.58671875 0.0375 0.065625
0 0.85546875 0.60390625 0.1015625 0.0625
0 0.39765625 0.61015625 0.0296875 0.090625
0 0.3734375 0.61328125 0.03125 0.09375
0 0.06015625 0.61953125 0.0609375 0.0734375
0 0.29296875 0.63046875 0.0671875 0.0484375
0 0.13828125 0.64375 0.0515625 0.059375
0 0.01328125 0.65 0.0265625 0.0625
0 0.86796875 0.66171875 0.1328125 0.09375
0 0.71484375 0.67265625 0.1421875 0.090625
0 0.41640625 0.69765625 0.0453125 0.0546875
0 0.1296875 0.71328125 0.053125 0.0515625
0 0.215625 0.71640625 0.059375 0.0625
0 0.36796875 0.72109375 0.0484375 0.0546875
0 0.2796875 0.72578125 0.053125 0.08125
0 0.31953125 0.73046875 0.0390625 0.0734375
0 0.8875 0.73046875 0.13125 0.090625
0 0.7078125 0.76953125 0.2 0.09375
0 0.19765625 0.77109375 0.0734375 0.059375
0 0.1265625 0.77890625 0.06875 0.0671875
0 0.9109375 0.84765625 0.178125 0.1671875
0 0.7140625 0.878125 0.20625 0.1359375
0 0.90859375 0.95078125 0.1796875 0.0984375
0 0.34921875 0.14375 0.0296875 0.0421875
0 0.36640625 0.17578125 0.0390625 0.040625
0 0.5203125 0.18984375 0.028125 0.0296875
0 0.84375 0.19140625 0.0375 0.0875
0 0.31953125 0.19765625 0.0390625 0.040625
0 0.59375 0.19921875 0.028125 0.0359375