0 0.4203125 0.24765625 0.165625 0.1828125
0 0.83671875 0.2875 0.1109375 0.096875
0 0.2453125 0.22734375 0.175 0.203125
0 0.08671875 0.1921875 0.153125 0.2109375
0 0.6953125 0.11484375 0.1078125 0.1375
0 0.840625 0.14765625 0.0890625 0.140625
0 0.928125 0.115625 0.075 0.115625
0 0.59765625 0.2203125 0.109375 0.1328125
0 0.72890625 0.265625 0.078125 0.103125
0 0.59375 0.3421875 0.1046875 0.096875
0 0.55 0.06015625 0.1078125 0.11875
0 0.690625 0.1078125 0.096875 0.1359375
0 0.64765625 0.7453125 0.2890625 0.265625
0 0.646875 0.44296875 0.059375 0.0828125
0 0.534375 0.453125 0.0671875 0.0828125