0 1 0.0855855859375 0.9789999999999999 0.066066065625 0.8869999999999999 0.051051051562500005 0.857 0.072072071875 0.829 0.06906906874999999 0.8240000000000001 0.0795795796875 0.826 0.115615615625 0.843 0.1291291296875 0.986 0.1666666671875 1 0.15765765781250002 1 0.0855855859375
0 0.859 0 0.8300000000000001 0.040540540624999996 0.8310000000000001 0.066066065625 0.909 0.051051051562500005 0.994 0.0705705703125 0.999 0 0.859 0
0 1 0.265765765625 0.992 0.2477477484375 0.943 0.165165165625 0.923 0.15015015 0.905 0.153153153125 0.9039999999999999 0.1696696703125 0.982 0.3018018015625 1 0.35585585625 1 0.265765765625
0 1 0.364864865625 0.982 0.3048048046875 0.885 0.141141140625 0.8710000000000001 0.1321321328125 0.837 0.141141140625 0.8220000000000001 0.18168168125 0.826 0.22372372343750002 0.9460000000000001 0.43993994062499997 0.986 0.4699699703125 1 0.4519519515625 1 0.364864865625
0 0.892 0.5270270265625 0.9349999999999999 0.5075075078125 0.9460000000000001 0.48498498437500004 0.942 0.43993994062499997 0.915 0.402402403125 0.861 0.41741741718750003 0.783 0.46846846875 0.77 0.5120120125 0.773 0.522522521875 0.833 0.5135135140625 0.892 0.5270270265625
0 1 0.65615615625 0.999 0.5105105109375 0.9490000000000001 0.5495495499999999 0.8300000000000001 0.7012012015625 0.82 0.7372372375 0.82 0.7762762765625 0.858 0.7822822828125 0.8949999999999999 0.7627627625 1 0.65615615625
0 0.692 0.6801801796875 0.783 0.6276276281250001 0.841 0.61861861875 0.898 0.5480480484375 0.867 0.54354354375 0.8390000000000001 0.5165165171874999 0.817 0.5165165171874999 0.657 0.5795795796875 0.648 0.6171171171875 0.662 0.671171171875 0.692 0.6801801796875
0 0.8039999999999999 0.6861861859375 0.771 0.6546546546875 0.7190000000000001 0.6726726734375 0.716 0.7012012015625 0.734 0.74924925 0.763 0.7897897890625 0.798 0.797297296875 0.8160000000000001 0.7732732734375001 0.8039999999999999 0.6861861859375
0 0.7 0.8963963968750001 0.738 0.8483483484375001 0.734 0.8213213218750001 0.6910000000000001 0.702702703125 0.669 0.684684684375 0.645 0.69369369375 0.628 0.728228228125 0.634 0.7792792796875 0.67 0.8873873874999999 0.6769999999999999 0.8978978984375001 0.7 0.8963963968750001
0 0.736 0.9144144140625 0.744 0.9594594593749999 0.758 0.9594594593749999 0.779 0.9549549546874999 0.798 0.9294294296875 0.8 0.9084084078125001 0.8480000000000001 0.8273273265625001 0.851 0.7897897890625 0.8130000000000001 0.783783784375 0.739 0.84984985 0.722 0.878378378125 0.72 0.89339339375 0.736 0.9144144140625
0 0.8460000000000001 1 0.868 0.9624624624999999 0.865 0.8768768765624999 0.817 0.903903903125 0.783 0.9549549546874999 0.757 0.9669669671875001 0.746 0.9924924921875 0.751 1 0.8460000000000001 1
0 0.8699999999999999 0.95045045 0.8869999999999999 0.9699699703125001 0.9119999999999999 0.971471471875 0.942 0.9354354359375 0.9470000000000001 0.9129129125000001 0.9630000000000001 0.9159159156250001 0.982 0.8843843843749999 0.9880000000000001 0.8483483484375001 0.9730000000000001 0.8078078078125 0.9490000000000001 0.8018018015624999 0.9289999999999999 0.8108108109375 0.874 0.8723723718749999 0.8699999999999999 0.95045045
0 0.9269999999999999 0.8108108109375 0.983 0.7927927921875 0.99 0.7822822828125 0.986 0.7552552546875 0.943 0.7237237234375 0.8630000000000001 0.783783784375 0.85 0.8303303296875001 0.869 0.8618618625 0.8779999999999999 0.8603603609375 0.9269999999999999 0.8108108109375
0 0.914 0.3888888890625 0.893 0.3543543546875 0.8789999999999999 0.3483483484375 0.8109999999999999 0.3513513515625 0.761 0.372372371875 0.748 0.3948948953125 0.754 0.43693693749999996 0.7769999999999999 0.45645645625000003 0.798 0.4549549546875 0.914 0.3888888890625
0 0.817 0.3393393390625 0.8320000000000001 0.31381381406250003 0.8300000000000001 0.27477477499999997 0.8089999999999999 0.24624624687500002 0.765 0.24924925 0.74 0.283783784375 0.744 0.3378378375 0.759 0.3573573578125 0.784 0.358858859375 0.817 0.3393393390625
0 0.714 0.490990990625 0.709 0.471471471875 0.645 0.4894894890625 0.614 0.5330330328125 0.61 0.560060059375 0.62 0.5840840843749999 0.646 0.596096096875 0.6900000000000001 0.5540540546875 0.714 0.490990990625
0 0.724 0.4729729734375 0.6900000000000001 0.5540540546875 0.702 0.5570570578125 0.768 0.5270270265625 0.768 0.490990990625 0.755 0.4624624625 0.724 0.4729729734375
0 0.645 0.615615615625 0.618 0.665165165625 0.5980000000000001 0.7432432437500001 0.601 0.76876876875 0.628 0.7702702703125001 0.634 0.7072072078125 0.662 0.6801801796875 0.645 0.615615615625
0 0.5860000000000001 1 0.624 0.8963963968750001 0.638 0.8303303296875001 0.632 0.7822822828125 0.613 0.771771771875 0.596 0.7852852859375 0.5780000000000001 0.8543543546875 0.5469999999999999 0.8798798796874999 0.522 0.9294294296875 0.523 1 0.5860000000000001 1
0 0.596 0.7852852859375 0.592 0.734234234375 0.571 0.7117117109375 0.5389999999999999 0.7237237234375 0.504 0.7942942937499999 0.516 0.8483483484375001 0.5559999999999999 0.8723723718749999 0.576 0.8513513515625 0.596 0.7852852859375
0 0.461 0.759759759375 0.49800000000000005 0.7612612609375 0.567 0.702702703125 0.614 0.64414414375 0.618 0.5990990984375 0.605 0.5645645640625 0.577 0.5555555562500001 0.553 0.5675675671875 0.477 0.633633634375 0.44000000000000006 0.6801801796875 0.438 0.7072072078125 0.461 0.759759759375
0 0.524 0.9204204203125 0.524 0.866366365625 0.504 0.8243243250000001 0.502 0.797297296875 0.487 0.7927927921875 0.45 0.8543543546875 0.44000000000000006 0.9234234234375001 0.44000000000000006 0.9954954953125 0.51 1 0.524 0.9204204203125
0 0.43200000000000005 1 0.43600000000000005 0.8693693687499999 0.43099999999999994 0.85585585625 0.413 0.84984985 0.36 0.9444444437499999 0.354 0.9924924921875 0.361 1 0.43200000000000005 1
0 0.372 0.9234234234375001 0.43 0.8003003 0.44000000000000006 0.740240240625 0.425 0.702702703125 0.393 0.696696696875 0.312 0.8693693687499999 0.296 0.9414414421874999 0.313 0.9699699703125001 0.32799999999999996 0.96846846875 0.372 0.9234234234375001
0 0.33799999999999997 0.8123123124999999 0.358 0.7642642640624999 0.364 0.734234234375 0.355 0.7147147140625 0.303 0.7177177171875 0.272 0.7522522515625 0.27 0.80630630625 0.29100000000000004 0.83183183125 0.314 0.8333333328125001 0.33799999999999997 0.8123123124999999
0 0.20400000000000001 0.9624624624999999 0.215 0.8918918921874999 0.24700000000000003 0.8858858859375 0.29100000000000004 0.924924925 0.322 0.8423423421875 0.273 0.8348348343750001 0.197 0.84984985 0.144 0.9024024031250001 0.148 0.9294294296875 0.17099999999999999 0.9579579578124999 0.20400000000000001 0.9624624624999999
0 0.316 1 0.312 0.971471471875 0.271 0.903903903125 0.24500000000000002 0.8858858859375 0.223 0.8858858859375 0.21200000000000002 0.8993994000000001 0.21000000000000002 0.95645645625 0.223 1 0.316 1
0 0.148 0.866366365625 0.24300000000000002 0.8378378375000001 0.256 0.8153153156249999 0.256 0.791291290625 0.23900000000000002 0.76876876875 0.207 0.765765765625 0.121 0.7927927921875 0.11000000000000001 0.8123123124999999 0.11200000000000002 0.8363363359375 0.123 0.8618618625 0.148 0.866366365625
0 0.16699999999999998 0.6546546546875 0.141 0.6516516515624999 0.098 0.6741741734375 0.08399999999999999 0.9984984984375 0.156 1 0.16399999999999998 0.9594594593749999 0.142 0.9144144140625 0.156 0.878378378125 0.121 0.8618618625 0.11000000000000001 0.8303303296875001 0.11000000000000001 0.8093093093749999 0.123 0.7897897890625 0.178 0.7702702703125001 0.18 0.671171171875 0.16699999999999998 0.6546546546875
0 0.040999999999999995 0.675675675 0 0.716216215625 0.002 0.8723723718749999 0.034999999999999996 0.84384384375 0.092 0.7582582578125 0.093 0.6726726734375 0.040999999999999995 0.675675675
0 0.131 0.5735735734375 0.11699999999999999 0.5645645640625 0 0.560060059375 0.001 0.6636636640625 0.096 0.6681681687500001 0.136 0.641141140625 0.144 0.6051051046875 0.131 0.5735735734375
0 0.213 0.5855855859375 0.143 0.5585585578125001 0.118 0.5630630625 0.133 0.5735735734375 0.144 0.5990990984375 0.141 0.6456456453125 0.192 0.65615615625 0.242 0.6261261265625 0.213 0.5855855859375
0 0.16399999999999998 0.490990990625 0.149 0.48648648593750005 0.087 0.5135135140625 0.03 0.560060059375 0.096 0.5630630625 0.155 0.5495495499999999 0.152 0.5180180187500001 0.16399999999999998 0.490990990625
0 0.189 0.5735735734375 0.277 0.60660660625 0.3 0.6051051046875 0.351 0.5885885890625 0.383 0.5915915921875 0.392 0.575075075 0.357 0.5135135140625 0.327 0.4894894890625 0.205 0.47747747812499997 0.17099999999999999 0.4894894890625 0.156 0.515015015625 0.16599999999999998 0.5510510515625 0.189 0.5735735734375
0 0.155 0.396396396875 0.142 0.421921921875 0.152 0.46696696718749997 0.16499999999999998 0.48048048125 0.316 0.48198198124999997 0.331 0.48048048125 0.337 0.459459459375 0.357 0.45645645625000003 0.378 0.43093093125 0.371 0.384384384375 0.303 0.3513513515625 0.205 0.36336336406249997 0.179 0.37837837812499997 0.173 0.39339339375 0.155 0.396396396875
0 0.403 0.522522521875 0.422 0.5240240234375 0.43499999999999994 0.5165165171874999 0.49400000000000005 0.415915915625 0.54 0.3168168171875 0.546 0.27477477499999997 0.5309999999999999 0.234234234375 0.513 0.22822822812500002 0.497 0.23723723749999998 0.378 0.44894894843750005 0.38 0.49399399375 0.403 0.522522521875
0 0.48 0.6111111109375 0.546 0.4729729734375 0.5519999999999999 0.4459459453125 0.5349999999999999 0.40540540468749997 0.517 0.402402403125 0.491 0.4264264265625 0.422 0.5540540546875 0.414 0.6021021015625 0.45199999999999996 0.6381381375 0.48 0.6111111109375
0 0.5519999999999999 0.43993994062499997 0.5599999999999999 0.43993994062499997 0.674 0.31381381406250003 0.7 0.2477477484375 0.6950000000000001 0.22822822812500002 0.643 0.22822822812500002 0.623 0.240240240625 0.575 0.2822822828125 0.52 0.35285285312500003 0.514 0.3948948953125 0.5349999999999999 0.402402403125 0.5519999999999999 0.43993994062499997
0 0.593 0.09309309375 0.587 0.072072071875 0.5650000000000001 0.066066065625 0.513 0.09309309375 0.393 0.22822822812500002 0.378 0.259759759375 0.422 0.28978978906249997 0.379 0.2822822828125 0.378 0.2987987984375 0.397 0.3303303296875 0.414 0.334834834375 0.43600000000000005 0.31381381406250003 0.433 0.297297296875 0.457 0.29429429375 0.489 0.24324324375 0.571 0.16216216249999998 0.5860000000000001 0.13963963906250002 0.592 0.109609609375 0.612 0.1006006 0.608 0.0885885890625 0.593 0.09309309375
0 0.5589999999999999 0.1741741734375 0.532 0.20570570625 0.528 0.2297297296875 0.548 0.27477477499999997 0.5660000000000001 0.27777777812500004 0.634 0.2267267265625 0.621 0.1321321328125 0.5589999999999999 0.1741741734375
0 0.526 0.0375375375 0.515 0.015015015625 0.493 0.006006006249999999 0.449 0.030030029687499998 0.32599999999999996 0.1696696703125 0.365 0.1951951953125 0.39 0.2267267265625 0.518 0.0795795796875 0.526 0.0375375375
0 0.358 0.31381381406250003 0.37 0.2987987984375 0.38 0.2357357359375 0.367 0.2012012015625 0.231 0.147147146875 0.197 0.147147146875 0.16999999999999998 0.17267267343749998 0.172 0.2297297296875 0.189 0.2522522515625 0.329 0.31531531562500004 0.358 0.31381381406250003
0 0.374 0.0915915921875 0.37 0.0585585578125 0.343 0.0270270265625 0.307 0.048048048437500004 0.22999999999999998 0.1426426421875 0.271 0.165165165625 0.318 0.17267267343749998 0.351 0.13813813749999998 0.374 0.0915915921875
0 0.43899999999999995 0.012012012499999999 0.425 0 0.304 0.0015015015624999998 0.311 0.0330330328125 0.34700000000000003 0.0270270265625 0.383 0.075075075 0.40199999999999997 0.0855855859375 0.44800000000000006 0.03153153125 0.43899999999999995 0.012012012499999999
0 0.186 0.0945945953125 0.184 0.1426426421875 0.202 0.1456456453125 0.227 0.14414414375 0.29 0.0705705703125 0.197 0.06906906874999999 0.186 0.0945945953125
0 0.221 0.060060059374999995 0.28900000000000003 0.0630630625 0.306 0.043543543750000004 0.3 0.0045045046875 0.11599999999999999 0.0015015015624999998 0.134 0.01951951875 0.124 0.04954955 0.135 0.08108108124999999 0.18 0.0825825828125 0.221 0.060060059374999995
0 0.015 0.234234234375 0.098 0.28078078125 0.11599999999999999 0.26876876875 0.124 0.20570570625 0.178 0.1546546546875 0.17099999999999999 0.090090090625 0.129 0.090090090625 0.11699999999999999 0.13813813749999998 0.045 0.15015015 0.018 0.18468468437500002 0.008 0.21171171093750002 0.015 0.234234234375
0 0.13 0.0855855859375 0.119 0.060060059374999995 0.047 0.0330330328125 0.002 0.0375375375 0.056999999999999995 0.0540540546875 0.061 0.08708708750000001 0.1 0.11261261250000001 0.10700000000000001 0.09609609687500001 0.13 0.0855855859375
0 0.118 0.26876876875 0.126 0.2987987984375 0.13799999999999998 0.3048048046875 0.186 0.283783784375 0.155 0.18918918906249999 0.122 0.21171171093750002 0.118 0.26876876875
0 0.132 0.3168168171875 0.11499999999999999 0.2852852859375 0.095 0.2852852859375 0.061 0.30630630625 0.046 0.34384384375 0.052000000000000005 0.3918918921875 0.088 0.40990990937499994 0.128 0.358858859375 0.132 0.3168168171875
0 0.045 0.39339339375 0.016 0.41891891875000004 0.01 0.44894894843750005 0.027000000000000003 0.48648648593750005 0.06 0.490990990625 0.08199999999999999 0.47597597656249996 0.08 0.415915915625 0.045 0.39339339375