0 0.546875 0.3859375 0.175 0.1078125
0 0.2328125 0.41484375 0.103125 0.1125
0 0.07578125 0.41640625 0.11875 0.0859375
0 0.37734375 0.44765625 0.1125 0.09375
0 0.75546875 0.45546875 0.1375 0.0859375
0 0.6109375 0.51328125 0.096875 0.078125
0 0.140625 0.51328125 0.1125 0.1078125
0 0.50859375 0.5421875 0.096875 0.0890625
0 0.79609375 0.5578125 0.1171875 0.096875
0 0.34609375 0.5671875 0.1234375 0.1234375
0 0.08671875 0.56875 0.096875 0.096875
0 0.2359375 0.62109375 0.0875 0.0703125
0 0.634375 0.66171875 0.1015625 0.1203125
0 0.08828125 0.0671875 0.1546875 0.134375
0 0.5109375 0.6828125 0.0921875 0.078125
0 0.8859375 0.71015625 0.1234375 0.1
0 0.1765625 0.71015625 0.121875 0.1
0 0.05859375 0.73671875 0.08125 0.1078125
0 0.42578125 0.74296875 0.1171875 0.096875
0 0.4671875 0.075 0.128125 0.1203125
0 0.77578125 0.78671875 0.05625 0.0703125
0 0.31796875 0.8296875 0.0859375 0.0859375
0 0.60625 0.83359375 0.1171875 0.078125
0 0.0765625 0.88515625 0.096875 0.096875
0 0.1921875 0.91015625 0.08125 0.09375
0 0.83984375 0.9140625 0.1125 0.09375
0 0.3203125 0.9203125 0.1234375 0.08125
0 0.67578125 0.93203125 0.0921875 0.1046875
0 0.51875 0.9609375 0.1078125 0.078125
0 0.57734375 0.0984375 0.08125 0.0890625
0 0.271875 0.11953125 0.23125 0.1546875
0 0.8171875 0.1328125 0.0875 0.0734375
0 0.45703125 0.16171875 0.0765625 0.09375
0 0.74453125 0.1875 0.096875 0.0578125
0 0.0890625 0.1984375 0.0921875 0.096875
0 0.909375 0.23125 0.1375 0.1078125
0 0.55234375 0.27421875 0.1234375 0.115625
0 0.34609375 0.27578125 0.14375 0.0890625
0 0.21015625 0.3046875 0.1390625 0.0859375
0 0.053125 0.31796875 0.08125 0.0890625
0 0.70390625 0.328125 0.096875 0.115625
0 0.4234375 0.346875 0.1015625 0.09375
0 0.88125 0.37421875 0.1125 0.1078125