0 0.3551454140625 0.50223546875 0.3366890375 0.531296571875 0.3277404921875 0.55812220625 0.3277404921875 0.5953800296875 0.356823265625 0.631147540625 0.357941834375 0.6549925484375 0.3657718125 0.6743666171875 0.3898210296875 0.691505215625 0.41498881406250004 0.6922503718749999 0.43903803124999996 0.6840536515625 0.472595078125 0.6572280171875 0.492170021875 0.628166915625 0.507829978125 0.5819672125 0.506711409375 0.5357675109375 0.4955257265625 0.5044709390625 0.4759507828125 0.4739195234375 0.446868009375 0.4560357671875 0.4077181203125 0.4634873328125 0.3551454140625 0.50223546875
0 0.4625279640625 0.33830104375 0.438478746875 0.37928465 0.43400447499999995 0.43144560312499997 0.4401566 0.451564828125 0.48042505625 0.4739195234375 0.507829978125 0.528315946875 0.51230425 0.529806259375 0.520134228125 0.52235469375 0.5313199109375 0.491058121875 0.5715883671875 0.4344262296875 0.5906040265625 0.42250372656249996 0.5950783000000001 0.391207153125 0.5788590609375001 0.3651266765625 0.554250559375 0.34426229531249997 0.5262863531249999 0.329359165625 0.48825503281250004 0.32339791406249996 0.4625279640625 0.33830104375
0 0.4010067109375 0.20566318906249997 0.377516778125 0.20566318906249997 0.3361297546875 0.2250372578125 0.3076062640625 0.2555886734375 0.290827740625 0.291356184375 0.28859060468750003 0.32861400937499996 0.29753915000000003 0.36140089375 0.33948545937499996 0.4172876296875 0.3685682328125 0.43219075937499996 0.40044742656250004 0.43293591718749996 0.417785234375 0.42324888281249995 0.4317673375 0.40461997031249997 0.4351230421875 0.3763040234375 0.4496644296875 0.35991058125 0.4608501125 0.3330849484375 0.4630872484375 0.2958271234375 0.453020134375 0.2630402390625 0.43120805312500005 0.2414307 0.4155480984375 0.21609537968749998 0.4010067109375 0.20566318906249997
0 0.1722595078125 0.3435171390625 0.168903803125 0.371833084375 0.156599553125 0.3867362140625 0.1521252796875 0.40461997031249997 0.1510067109375 0.44038748125 0.15771812031250002 0.47019374062499997 0.1862416109375 0.520119225 0.201901565625 0.529061103125 0.2293064875 0.531296571875 0.2667785234375 0.5186289125 0.291946309375 0.4985096875 0.3131991046875 0.4463487328125 0.3154362421875 0.39716840468750003 0.28859060468750003 0.3405365125 0.2790827734375 0.329359165625 0.2522371359375 0.3129657234375 0.2119686796875 0.308494784375 0.1918344515625 0.3174366609375 0.1722595078125 0.3435171390625
0 0.25111856875 0.5335320421875 0.24217002187499997 0.5335320421875 0.243847875 0.5387481375000001 0.23434004531250002 0.5439642328125001 0.2265100671875 0.5335320421875 0.19742729375 0.530551415625 0.1784116328125 0.5171385984375 0.1694630875 0.5171385984375 0.1381431765625 0.5335320421875 0.11744966406249999 0.5700447093750001 0.115212528125 0.6236959765625001 0.1252796421875 0.6564828609375 0.148210290625 0.6855439640625 0.1868008953125 0.710134128125 0.2002237140625 0.6192250375 0.2192393734375 0.5834575265625 0.23434004531250002 0.569299553125 0.23657718125 0.57824143125 0.2455257265625 0.58122205625 0.24944071562499998 0.5804769000000001 0.25111856875 0.570789865625 0.263982103125 0.5700447093750001 0.263982103125 0.550670640625 0.25111856875 0.5335320421875
0 0 0.7771982109375 0.0095078296875 0.7839046203125 0.027964206250000002 0.7846497765625 0.04753915 0.77943368125 0.0620805375 0.7645305515625 0.0866890375 0.7630402390625 0.0978747203125 0.7555886734375 0.1241610734375 0.7265275703125 0.1331096203125 0.7026825640625 0.1308724828125 0.6773472421875 0.0950783 0.5953800296875 0.081096196875 0.5767511171875 0.0643176734375 0.5663189265625 0.028523490624999998 0.5663189265625 0 0.5849478390625 0 0.7771982109375
0 0.244407159375 0.81818181875 0.1940715890625 0.73919523125 0.1526845640625 0.748137109375 0.1319910515625 0.771236959375 0.1219239375 0.79955290625 0.12304250624999999 0.851713859375 0.1319910515625 0.92026825625 0.15044742656250001 0.9552906109375 0.1593959734375 0.9612518624999999 0.1722595078125 0.96050670625 0.195749440625 0.948584203125 0.21588366875 0.9642324890625 0.2539149890625 0.971684053125 0.265100671875 0.9463487328125 0.2667785234375 0.8763040234374999 0.27964205781249996 0.851713859375 0.27964205781249996 0.832339790625 0.2746085015625 0.8226527578124999 0.2589485453125 0.8256333828125 0.244407159375 0.81818181875
0 0.23434004531250002 0.5931445609375 0.210290828125 0.617734725 0.1935123046875 0.6624441125 0.19127516718749998 0.7071535015625 0.20134228125 0.7459016390625 0.23042505625 0.79806259375 0.2522371359375 0.8211624437499999 0.2706935125 0.8219076 0.3008948546875 0.7831594640625 0.30872483281249996 0.7637853953125 0.3489932890625 0.71758569375 0.3612975390625 0.6922503718749999 0.3624161078125 0.6743666171875 0.351230425 0.6341281671875 0.3282997765625 0.6065573765625001 0.284675615625 0.5856929953125001 0.26342281875 0.5827123703125 0.23434004531250002 0.5931445609375
0 0.2544742734375 1 0.2550335578125 0.9962742171875 0.2410514546875 0.9746646796875 0.2142058171875 0.9627421765624999 0.1694630875 0.9672131140625 0.1319910515625 0.99925484375 0.248322146875 1 0.2544742734375 1
0 0 0.99925484375 0.059284115625 0.99925484375 0.088366890625 0.9739195234375 0.115212528125 0.9232488828125 0.1241610734375 0.8934426234374999 0.12304250624999999 0.8695976156249999 0.113534675 0.8539493296874999 0.0978747203125 0.8390462 0.0771812078125 0.832339790625 0.09843400468749999 0.79955290625 0.102908278125 0.7742175859375 0.09451901562500001 0.767511178125 0.0631991046875 0.7734724296875 0.0363534671875 0.8002980624999999 0.013982103125000001 0.7943368109375 0 0.80104321875 0 0.99925484375
0 0.5581655484375 1 0.5626398203125 0.9932935921875 0.560402684375 0.9426229515625 0.548098434375 0.8830104328124999 0.527404921875 0.8524590156249999 0.501677853125 0.8375558875 0.46700223750000003 0.8390462 0.43120805312500005 0.86140089375 0.3903803125 0.9157973171875 0.3747203578125 0.95901639375 0.3747203578125 0.979880775 0.3819910515625 1 0.5581655484375 1
0 0.28523489999999996 0.8695976156249999 0.27181208125 0.9053651265625 0.26957494375 0.939642325 0.278523490625 0.99776453125 0.32662192343749996 1 0.3489932890625 0.9962742171875 0.356823265625 0.9754098359375 0.37360178906249997 0.95901639375 0.384787471875 0.92175856875 0.40827740468749996 0.8859910578125 0.3875838921875 0.85991058125 0.3473154359375 0.8375558875 0.3271812078125 0.8375558875 0.3081655484375 0.8464977640625 0.28523489999999996 0.8695976156249999
0 0.3680089484375 0.7056631890625 0.3612975390625 0.7235469453125 0.36353467500000003 0.7473919515625 0.359060403125 0.7727272734375 0.34563758437500003 0.8159463484374999 0.3607382546875 0.8375558875 0.3875838921875 0.8524590156249999 0.4077181203125 0.8748137109374999 0.41498881406250004 0.8740685546875 0.4479865765625 0.8450074515624999 0.5 0.8263785390624999 0.507829978125 0.7831594640625 0.5089485453125 0.7444113265625 0.49888143124999995 0.710134128125 0.48601789687499997 0.6944858421875 0.446868009375 0.6840536515625 0.411073825 0.6974664671874999 0.377516778125 0.6944858421875 0.3680089484375 0.7056631890625
0 0.5497762859375 0.70193740625 0.5268456375 0.7265275703125 0.5167785234375 0.750372578125 0.5089485453125 0.787630403125 0.505592840625 0.8353204171874999 0.54642058125 0.870342771875 0.5654362421875 0.8658718328124999 0.5766219234375 0.871833084375 0.6241610734374999 0.8755588671875 0.629753915625 0.8695976156249999 0.6308724828125001 0.8368107296874999 0.6387024609374999 0.8084947843749999 0.6129753921875001 0.750372578125 0.6118568234375 0.729508196875 0.6185682328125 0.7056631890625 0.6079418343749999 0.6959761546875 0.5855704703125 0.690014903125 0.566554809375 0.691505215625 0.5497762859375 0.70193740625
0 0.778523490625 0.84128166875 0.7863534671875 0.8219076 0.79642058125 0.7771982109375 0.79642058125 0.708643815625 0.78411633125 0.6758569296875 0.7600671140624999 0.6438152015624999 0.7410514546875 0.628912071875 0.7108501125 0.6244411328125 0.6817673375 0.6348733234374999 0.67058165625 0.6542473921874999 0.6459731546875 0.6661698953124999 0.62304250625 0.70119225 0.614093959375 0.7250372578125 0.6174496640625 0.76080476875 0.6375838921875 0.79806259375 0.6510067109375 0.811475409375 0.6437360171875001 0.8137108796874999 0.6353467562499999 0.8293591656249999 0.6308724828125001 0.888971684375 0.656599553125 0.91877794375 0.66219239375 0.9143070046874999 0.6655480984375 0.8546944859375 0.655480984375 0.851713859375 0.660514540625 0.8450074515624999 0.6672259515625 0.8524590156249999 0.66834451875 0.8360655734375 0.696308725 0.8673621453125 0.7321029078125 0.8748137109374999 0.757829978125 0.8658718328124999 0.778523490625 0.84128166875
0 0.6806487703124999 0.871833084375 0.668903803125 0.8964232484375 0.6655480984375 0.9336810734375 0.6711409390624999 0.99776453125 0.763982103125 1 0.8182326625 0.9865871828125 0.831096196875 0.9679582718749999 0.831096196875 0.9381520125 0.7953020140625 0.8859910578125 0.7874720359375 0.8546944859375 0.77572706875 0.847988078125 0.755592840625 0.870342771875 0.73657718125 0.8777943374999999 0.696308725 0.868852459375 0.6806487703124999 0.871833084375
0 0.8260626390624999 0.74068554375 0.803131990625 0.7667660203125 0.7908277406249999 0.811475409375 0.7885906046875 0.8472429203124999 0.79753915 0.8859910578125 0.823825503125 0.9269746640625 0.8495525734375 0.947839046875 0.8752796421875001 0.9567809234375 0.9116331093750001 0.9560357671874999 0.9328859062499999 0.9336810734375 0.9407158843750001 0.9172876296875 0.9395973156249999 0.9053651265625 0.9608501125 0.8740685546875 0.967561521875 0.8427719828125 0.9630872484375 0.7846497765625 0.9356823265624999 0.7362146046875 0.9155480984375 0.7242921015625 0.8696868015625 0.7228017890625 0.8260626390624999 0.74068554375
0 0.595637584375 0.4456035765625 0.5587248328125 0.45901639375 0.5302013421875 0.4970193734375 0.520134228125 0.5372578234375001 0.520134228125 0.587928465625 0.5302013421875 0.6222056625 0.554250559375 0.6572280171875 0.581096196875 0.6751117734375 0.6107382546875 0.67883755625 0.6325503359375 0.670640834375 0.6504474265625 0.6557377046874999 0.6661073828124999 0.6542473921874999 0.6711409390624999 0.647540984375 0.68903803125 0.6028315953125001 0.6979865765625 0.5268256328125 0.6901566 0.5014903125 0.662751678125 0.467958271875 0.6325503359375 0.450074515625 0.595637584375 0.4456035765625
0 0.4636465328125 0.3368107296875 0.438478746875 0.37928465 0.43288590625 0.409090909375 0.43400447499999995 0.43293591718749996 0.4401566 0.451564828125 0.46140939531249997 0.46050670625 0.4837807609375 0.4783904625 0.506711409375 0.5268256328125 0.51342281875 0.529806259375 0.521252796875 0.52086438125 0.5313199109375 0.491058121875 0.5715883671875 0.4344262296875 0.5906040265625 0.4239940390625 0.5950783000000001 0.3926974671875 0.5788590609375001 0.3651266765625 0.5374720359375 0.33383010468749996 0.5050335578125 0.32339791406249996 0.48266219218749995 0.3248882265625 0.4636465328125 0.3368107296875
0 0.2729306484375 0.1229508203125 0.263982103125 0.148286140625 0.263982103125 0.1974664671875 0.2953020140625 0.26602086406250003 0.32494407187499996 0.230998509375 0.34619686875 0.2146050671875 0.39541387031249997 0.1997019375 0.4138702453125 0.1467958265625 0.40827740468749996 0.1274217578125 0.39429530156250003 0.111773471875 0.337248321875 0.087928465625 0.30480984375000003 0.090909090625 0.2880313203125 0.10134128125 0.2729306484375 0.1229508203125
0 0.2074944078125 0.3070044703125 0.2399328859375 0.3070044703125 0.2863534671875 0.32861400937499996 0.2953020140625 0.2630402390625 0.26342281875 0.20119225 0.2410514546875 0.187779434375 0.2276286359375 0.189269746875 0.2181208046875 0.19895678125 0.20357941875000002 0.24366617031249999 0.17673378125 0.27794336875000003 0.1778523484375 0.31967213125 0.18176733750000001 0.32339791406249996 0.2074944078125 0.3070044703125
0 0.15380313125 0.06110283125 0.1258389265625 0.06110283125 0.10234899374999999 0.1028315953125 0.0917225953125 0.08569299531249999 0.088366890625 0.067809240625 0.08333333281250001 0.06110283125 0.07438478750000001 0.06110283125 0.058165548437500006 0.0767511171875 0.053691275000000004 0.0991058125 0.05480984375 0.111028315625 0.072706934375 0.1363636359375 0.0570469796875 0.16616989531249998 0.052572706250000004 0.19895678125 0.05480984375 0.2168405359375 0.066554809375 0.23845007499999998 0.093400446875 0.25931445625 0.1387024609375 0.27943368125 0.176174496875 0.27123695937500003 0.19798657656250002 0.248137109375 0.21140939531249997 0.22131147499999998 0.21588366875 0.1944858421875 0.2326621921875 0.1766020859375 0.2326621921875 0.14083457500000002 0.2248322140625 0.11997019375 0.208612975 0.09985096875 0.177293065625 0.0849478390625 0.15380313125 0.06110283125
0 0 0.19597615468750001 0.0022371359375 0.2198211625 0.0089485453125 0.23323397968749998 0.052572706250000004 0.20342772031249998 0.05592841093749999 0.1646795828125 0.0704697984375 0.1363636359375 0.0514541390625 0.11400894218749999 0.0514541390625 0.0946348734375 0.058165548437500006 0.07377049218750001 0.05425055937499999 0.0655737703125 0.01957494375 0.0640834578125 0 0.070789865625 0 0.19597615468750001
0 0 0.3777943375 0.0631991046875 0.4143070046875 0.067673378125 0.41132637812499995 0.0721476515625 0.430700446875 0.0906040265625 0.44038748125 0.10738255000000001 0.409090909375 0.10738255000000001 0.3807749625 0.12080536875 0.3464977640625 0.1454138703125 0.32861400937499996 0.1465324390625 0.29880775000000004 0.1403803125 0.28315946406250003 0.10011185625 0.268256334375 0.0631991046875 0.23695976093749999 0.050894854687500005 0.2146050671875 0.0385906046875 0.21609537968749998 0.0083892625 0.23695976093749999 0 0.2570789859375 0 0.3777943375
0 0.12695749375 0.34128166875 0.1196868015625 0.352459015625 0.114093959375 0.3748137109375 0.11633109687500001 0.4031296578125 0.0995525734375 0.43144560312499997 0.09284116406250001 0.4746646796875 0.09843400468749999 0.4970193734375 0.10906040312500001 0.5126676609375 0.122483221875 0.520119225 0.14876957500000001 0.52086438125 0.17337807656249998 0.5074515640625 0.156599553125 0.471684053125 0.14988814374999998 0.44038748125 0.14988814374999998 0.40611028281249995 0.15771812031250002 0.3807749625 0.1666666671875 0.368852459375 0.170022371875 0.3435171390625 0.162751678125 0.3368107296875 0.14149888125 0.33383010468749996 0.12695749375 0.34128166875
0 0.031879195312500004 0.5633383015625 0.068791946875 0.5618479875 0.08948545937499999 0.5387481375000001 0.09395973125 0.51788375625 0.08948545937499999 0.468703428125 0.067673378125 0.430700446875 0.040827740625 0.4172876296875 0 0.41058122187499996 0.0022371359375 0.5774962734375 0.031879195312500004 0.5633383015625
0 0.472595078125 0.129657228125 0.459172259375 0.1326378546875 0.4418344515625 0.15275707968750002 0.43959731562500004 0.1736214609375 0.4507829984375 0.19895678125 0.4507829984375 0.23174366562499998 0.44519015624999997 0.248137109375 0.45973154374999997 0.2749627421875 0.46644295312499995 0.31818181874999996 0.5514541390625001 0.32712369531249996 0.5833333328125 0.3070044703125 0.6040268453125 0.267511178125 0.6062639828124999 0.2451564828125 0.601789709375 0.20491803281249998 0.5950783000000001 0.1840536515625 0.5699105140625 0.14605067031250002 0.5251677859375 0.11922503749999999 0.49720357968749995 0.1222056625 0.4837807609375 0.13859910625 0.472595078125 0.129657228125
0 0.35458612968750003 0.07228017812500001 0.3478747203125 0.090163934375 0.392058165625 0.10730253281249999 0.40827740468749996 0.1259314453125 0.4138702453125 0.15126676562500002 0.4026845640625 0.1840536515625 0.4015659953125 0.20044709374999997 0.4284116328125 0.21833085 0.4429530203125 0.20342772031249998 0.43736017968749996 0.16169895625 0.45973154374999997 0.1274217578125 0.45973154374999997 0.11400894218749999 0.4507829984375 0.0931445609375 0.43959731562500004 0.0842026828125 0.43736017968749996 0.0663189265625 0.42673378125 0.049180328125 0.37639821093750003 0.049180328125 0.35458612968750003 0.07228017812500001
0 0.21700223749999997 0.08122205625 0.2382550328125 0.1423248875 0.25727069375 0.15573770468749998 0.2740492171875 0.1169895671875 0.29026845625000003 0.0953800296875 0.343400446875 0.08122205625 0.35011185624999996 0.0633383015625 0.351230425 0.032041728125 0.3406040265625 0.0014903124999999999 0.23322147656249997 0 0.223713646875 0.009687034375 0.21476510000000001 0.03800298125 0.21700223749999997 0.08122205625
0 0.2046979859375 0.090163934375 0.21252796406250002 0.07377049218750001 0.21476510000000001 0.027570790625 0.2231543625 0 0.100671140625 0.0007451562499999999 0.10178970937500001 0.03800298125 0.1168903796875 0.0625931453125 0.1459731546875 0.0566318921875 0.161633109375 0.0640834578125 0.177293065625 0.0819672125 0.2046979859375 0.090163934375
0 0.47818791875000005 0 0.4563758390625 0.0752608046875 0.458612975 0.10208643749999999 0.46644295312499995 0.1229508203125 0.48601789687499997 0.129657228125 0.5050335578125 0.1162444109375 0.5262863531249999 0.1162444109375 0.57326621875 0.14754098437500002 0.58165548125 0.148286140625 0.5973154359375 0.111028315625 0.60850111875 0.0648286140625 0.60850111875 0.03800298125 0.600671140625 0.0156482859375 0.5833333328125 0 0.47818791875000005 0
0 0.7438478749999999 0.2198211625 0.7438478749999999 0.191505215625 0.734899328125 0.1631892703125 0.677293065625 0.089418778125 0.6638702453125 0.089418778125 0.661073825 0.10357675156249999 0.6526845640625 0.110283159375 0.6314317671875 0.1028315953125 0.6057046984375 0.10432190781249999 0.59619686875 0.1154992546875 0.589485459375 0.1348733234375 0.5883668906249999 0.1646795828125 0.6051454140625 0.20193740624999998 0.60850111875 0.270491803125 0.621364653125 0.289120715625 0.6319910515625 0.291356184375 0.6437360171875001 0.2801788375 0.6582774046875 0.2757078984375 0.689597315625 0.269746646875 0.7063758390625 0.2742175859375 0.7114093953125 0.267511178125 0.7069351234375 0.2466467953125 0.7114093953125 0.21833085 0.7231543625 0.21609537968749998 0.73769575 0.230998509375 0.7438478749999999 0.2198211625
0 0.715324384375 0.21758569374999998 0.710290828125 0.23174366562499998 0.7142058171875 0.290611028125 0.6918344515625 0.2757078984375 0.66834451875 0.2757078984375 0.649328859375 0.2801788375 0.6342281875 0.2943368109375 0.6241610734374999 0.3256333828125 0.62304250625 0.40163934375 0.6331096203125 0.44038748125 0.64261745 0.451564828125 0.66834451875 0.467958271875 0.6985458609374999 0.5037257828125 0.7293064874999999 0.5044709390625 0.7522371359375 0.4947839046875 0.7762863531249999 0.4657228015625 0.8064876953125 0.39865871875000003 0.8098433999999999 0.36140089375 0.791387025 0.318926975 0.7539149890625 0.2928464984375 0.751677853125 0.267511178125 0.7382550328125 0.23770491875 0.7209172265625 0.21758569374999998 0.715324384375 0.21758569374999998
0 0.822706934375 0.3845007453125 0.8064876953125 0.40611028281249995 0.79753915 0.429955290625 0.7930648765625 0.4612518625 0.7796420578125 0.4761549921875 0.7740492171875 0.5149031296875 0.7762863531249999 0.5491803281250001 0.80480984375 0.591654246875 0.8204697984375 0.5946348734375 0.8473154359375 0.5871833078125 0.8585011187499999 0.6020864375 0.8881431765625001 0.6073025328125 0.906599553125 0.6050670640625 0.9149888140625 0.5938897171875 0.9340044750000001 0.550670640625 0.9317673375 0.5327868859375 0.94742729375 0.5059612515625 0.946308725 0.48062593124999997 0.9284116328125 0.43293591718749996 0.8998881437499999 0.3979135625 0.8562639828125 0.37853949375 0.822706934375 0.3845007453125
0 1 0.5238450078125 0.9938478749999999 0.5216095375 0.959172259375 0.530551415625 0.9362416109374999 0.5551415796875 0.9071588359374999 0.617734725 0.898210290625 0.6564828609375 0.9049217 0.7160953796875 0.9356823265624999 0.730253353125 0.9619686796875 0.76229508125 0.9709172265625 0.8159463484374999 0.9642058171875 0.8666169890625 0.9697986578125001 0.8845007453125 0.9776286359374999 0.87853949375 1 0.8383010437499999 1 0.5238450078125
0 0.9558165546874999 0.5230998515625 0.9653243843749999 0.5238450078125 1 0.51937406875 0.999440715625 0.32786885312499997 0.97818791875 0.33383010468749996 0.9614093953125 0.3472429203125 0.94519015625 0.370342771875 0.9306487703125 0.412071534375 0.9306487703125 0.42846497812499995 0.94742729375 0.48062593124999997 0.9496644296874999 0.510432190625 0.9558165546874999 0.5230998515625
0 0.85738255 0.1564828609375 0.8394854593750001 0.1564828609375 0.8154362421875 0.172131146875 0.81096196875 0.1870342765625 0.8126398203124999 0.211624440625 0.7925055921874999 0.211624440625 0.777404921875 0.228763040625 0.7662192390625 0.261549925 0.7673378078125 0.289865871875 0.7723713640625001 0.30104321875 0.803131990625 0.32861400937499996 0.8120805375 0.35991058125 0.8215883671875 0.371087928125 0.8803131984375 0.3777943375 0.8909395968749999 0.369597615625 0.906599553125 0.3427719828125 0.9340044750000001 0.3256333828125 0.9429530203125 0.29880775000000004 0.9429530203125 0.2526080484375 0.9317673375 0.22280178906249998 0.9200223718749999 0.20715350156249998 0.898769575 0.1997019375 0.879753915625 0.1669150515625 0.85738255 0.1564828609375
0 0.7583892624999999 0.07824143125000001 0.7539149890625 0.0976155 0.7539149890625 0.1348733234375 0.7583892624999999 0.15573770468749998 0.769015659375 0.17287630468749998 0.8064876953125 0.17809239999999998 0.823825503125 0.16095379999999998 0.84395973125 0.1535022359375 0.8875838921874999 0.16393442656249999 0.9071588359374999 0.131892696875 0.9105145406249999 0.0931445609375 0.899328859375 0.054396423437499994 0.8618568234374999 0.0029806265625000002 0.8104026843750001 0.0029806265625000002 0.7762863531249999 0.03800298125 0.7583892624999999 0.07824143125000001
0 0.6806487703124999 0 0.675055928125 0.0059612515625000004 0.6717002234375 0 0.6241610734374999 0.0007451562499999999 0.6219239375 0.052906110937499994 0.635906040625 0.09836065625 0.6526845640625 0.1028315953125 0.662751678125 0.0864381515625 0.677293065625 0.0864381515625 0.708612975 0.11922503749999999 0.71588366875 0.11997019375 0.73769575 0.1058122203125 0.7539149890625 0.0827123703125 0.7673378078125 0.03800298125 0.7673378078125 0.0156482859375 0.76230425 0 0.6806487703124999 0
0 1 0.131892696875 0.9759507828125 0.14754098437500002 0.9692393734375001 0.16095379999999998 0.9664429531250001 0.148286140625 0.9569351234375001 0.13561847968750002 0.9379194625 0.1266766015625 0.90604026875 0.1467958265625 0.9105145406249999 0.16766020937499998 0.9032438484374999 0.17883755625 0.897091721875 0.1795827125 0.897091721875 0.1870342765625 0.898769575 0.190760059375 0.9099552578125 0.1773472421875 0.9228187921875 0.1870342765625 0.9161073828124999 0.19895678125 0.9373601796875001 0.23174366562499998 0.9440715890625 0.2570789859375 0.9407158843750001 0.31669150468749996 0.9524608499999999 0.33233979062499996 0.9664429531250001 0.3375558875 1 0.3241430703125 1 0.131892696875
0 0.29753915000000003 0.4955290609375 0.2706935125 0.52086438125 0.2751677859375 0.5447093890625 0.2684563765625 0.5566318921875 0.2684563765625 0.5760059609375 0.32662192343749996 0.59836065625 0.3277404921875 0.547690015625 0.3366890375 0.528315946875 0.3562639828125 0.49925484375 0.38814317656249997 0.4746646796875 0.378635346875 0.45752608125 0.36297539218749997 0.44709388906249997 0.3450783 0.4456035765625 0.3282997765625 0.45901639375 0.3126398203125 0.46199701875 0.29753915000000003 0.4955290609375