0 0.4052287578125 0.4829268296875 0.3529411765625 0.4439024390625 0.23856209218750002 0.4073170734375 0.2254901953125 0.3951219515625 0.1666666671875 0.390243903125 0.1633986921875 0.42682926875 0.17320261406249998 0.4414634140625 0.1748366015625 0.47317073125000003 0.19444444375 0.5195121953124999 0.2140522875 0.5170731703125 0.23692810468749997 0.5390243906250001 0.2728758171875 0.5536585359374999 0.310457515625 0.6 0.3545751640625 0.609756096875 0.44444444375 0.560975609375 0.4052287578125 0.4829268296875
0 0.3578431375 0.7682926828125 0.37745097968749997 0.7560975609375 0.439542484375 0.7439024390625 0.5016339875 0.709756096875 0.508169934375 0.6829268296875 0.544117646875 0.6439024390625 0.544117646875 0.6195121953125 0.51797385625 0.5682926828125 0.4607843140625 0.5560975609375001 0.33823529375 0.6170731703125 0.2859477125 0.6536585359375 0.26633986875 0.685365853125 0.258169934375 0.72439024375 0.223856209375 0.7707317078125 0.215686275 0.797560975 0.23202614375000002 0.797560975 0.27450980468749997 0.7658536578125 0.3186274515625 0.77560975625 0.330065359375 0.7658536578125 0.3578431375 0.7682926828125
0 0.678104575 0.560975609375 0.66013071875 0.514634146875 0.598039215625 0.46829268281249997 0.4852941171875 0.409756096875 0.4771241828125 0.42195121875 0.47385620937499995 0.4804878046875 0.49673202656250004 0.5390243906250001 0.5310457515625 0.585365853125 0.5408496734375 0.6121951218749999 0.5735294125 0.6317073171875001 0.6176470593750001 0.639024390625 0.6405228765625 0.6585365859375 0.66013071875 0.6536585359375 0.6764705875 0.602439025 0.678104575 0.560975609375
0 0.42973856250000003 0.160975609375 0.419934640625 0.15121951250000001 0.40849673124999997 0.17560975625 0.23039215624999998 0.21951219531250002 0.19607843125 0.2585365859375 0.187908496875 0.30243902500000003 0.241830065625 0.3682926828125 0.276143790625 0.3658536578125 0.3071895421875 0.3414634140625 0.37745097968749997 0.314634146875 0.4150326796875 0.28536585312499996 0.43300653593750005 0.23902439062499997 0.42973856250000003 0.160975609375
0 0.777777778125 0.5341463421875 0.7467320265625 0.48536585312499997 0.6846405234375 0.4487804875 0.6094771234375 0.42682926875 0.598039215625 0.43658536562499994 0.5833333328125 0.4341463421875 0.5767973859375 0.45609756093750004 0.66176470625 0.5195121953124999 0.6764705875 0.5585365859375 0.6830065359375 0.6048780484375 0.7352941171875 0.6195121953125 0.76960784375 0.602439025 0.7794117640625 0.585365853125 0.784313725 0.5560975609375001 0.777777778125 0.5341463421875
0 0.740196078125 0.6292682921874999 0.678104575 0.6048780484375 0.668300653125 0.62439024375 0.668300653125 0.7195121953125 0.6797385625000001 0.787804878125 0.707516340625 0.863414634375 0.723856209375 0.8902439031249999 0.7450980390625 0.9048780484375 0.7973856203125 0.8902439031249999 0.8153594765625 0.8585365859375 0.8169934640625 0.8121951218750001 0.7826797390625 0.6926829265625 0.740196078125 0.6292682921874999
0 0.79453125 0.2796875 0.0640625 0.0953125
0 0.7640625 0.38671875 0.0609375 0.090625
0 0.834375 0.65390625 0.084375 0.121875
0 0.61953125 0.2734375 0.05625 0.1140625
0 0.6734375 0.32421875 0.040625 0.0875
0 0.69609375 0.40234375 0.0421875 0.06875
0 0.69296875 0.178125 0.0390625 0.0640625
0 0.63984375 0.1703125 0.0359375 0.05625
0 0.73828125 0.33359375 0.05625 0.0703125
0 0.8125 0.3734375 0.046875 0.0984375
0 0.6953125 0.26015625 0.0453125 0.0765625
0 0.784375 0.47578125 0.0828125 0.0984375
0 0.43046875 0.8703125 0.18125 0.246875
0 0.1171875 0.83046875 0.146875 0.246875
0 0.28359375 0.88359375 0.1421875 0.2109375
0 0.19453125 0.665625 0.19375 0.2984375
0 0.56875 0.7078125 0.1546875 0.1375
0 0.4125 0.478125 0.1625 0.1953125
0 0.446875 0.31875 0.1453125 0.140625
0 0.4771241828125 0.7585365859375 0.4754901953125 0.77560975625 0.5130718953125 0.8536585359375 0.5294117640625 0.9341463421875 0.5849673203125 0.9487804875 0.6192810453125001 0.9414634140624999 0.6323529406249999 0.9292682921875001 0.6388888890625 0.9 0.6372549015625 0.8609756093750001 0.6127450984375 0.8073170734374999 0.5571895421875 0.77560975625 0.4771241828125 0.7585365859375