0 0.7693749999999999 0.5316666671875 0.7424999999999999 0.5575 0.725 0.6075 0.72375 0.6691666671875 0.745 0.7541666671875 0.7681250000000001 0.7983333328125 0.815625 0.8333333328125001 0.8631249999999999 0.8916666671875 0.9018750000000001 0.9083333328125001 0.925 0.9075 0.961875 0.8966666671875 1 0.8625 0.99875 0.6425 0.954375 0.5816666671874999 0.891875 0.5416666671875 0.8706250000000001 0.5383333328125001 0.8543749999999999 0.525 0.8256249999999999 0.52 0.791875 0.5216666671875 0.7693749999999999 0.5316666671875
0 0.9193749999999999 0.55 0.96 0.5525 1 0.5375 0.9981249999999999 0.2033333328125 0.940625 0.2266666671875 0.8931250000000001 0.2683333328125 0.85125 0.3325 0.8324999999999999 0.3908333328125 0.8300000000000001 0.4375 0.83375 0.4625 0.8568749999999999 0.515 0.9193749999999999 0.55
0 0.694375 0.1433333328125 0.666875 0.1616666671875 0.64 0.2108333328125 0.635 0.2391666671875 0.645 0.28250000000000003 0.64625 0.3241666671875 0.6575 0.3491666671875 0.681875 0.37666666718749997 0.725625 0.4016666671875 0.76875 0.4058333328125 0.828125 0.3983333328125 0.85375 0.3241666671875 0.9012499999999999 0.2575 0.9 0.2391666671875 0.8875 0.20416666718749998 0.8731249999999999 0.1816666671875 0.8481249999999999 0.1566666671875 0.8231249999999999 0.1416666671875 0.745625 0.12833333281249998 0.694375 0.1433333328125
0 0.866875 0.17333333281250002 0.8956250000000001 0.18 0.915 0.1925 0.945 0.18416666718750002 0.9574999999999999 0.1275 0.9862500000000001 0.0641666671875 0.9793749999999999 0.05500000000000001 0.946875 0.0516666671875 0.9081250000000001 0.0716666671875 0.869375 0.10166666718749999 0.83625 0.1408333328125 0.836875 0.1483333328125 0.866875 0.17333333281250002
0 0.97 0.0958333328125 0.9525 0.14750000000000002 0.94375 0.2108333328125 0.945625 0.22000000000000003 0.9512499999999999 0.21916666718750002 1 0.2008333328125 0.999375 0.045 0.97 0.0958333328125
0 0.541875 0.1866666671875 0.510625 0.1983333328125 0.45062499999999994 0.24500000000000002 0.42125 0.2808333328125 0.4025 0.31416666718749997 0.3825 0.38416666718750003 0.3825 0.4141666671875 0.39 0.4458333328125 0.42312500000000003 0.48 0.445625 0.4883333328125 0.48 0.4891666671875 0.521875 0.4766666671875 0.5706249999999999 0.445 0.595625 0.4216666671875 0.63125 0.36583333281249997 0.6425 0.3275 0.6425 0.2758333328125 0.63125 0.2408333328125 0.6018749999999999 0.2 0.5743750000000001 0.1866666671875 0.541875 0.1866666671875
0 0.571875 0 0.5587500000000001 0.0258333328125 0.54625 0.0775 0.54125 0.16583333281249998 0.546875 0.1833333328125 0.593125 0.1916666671875 0.6287499999999999 0.2308333328125 0.6537499999999999 0.1775 0.6900000000000001 0.14250000000000002 0.6900000000000001 0.0875 0.6825 0.0508333328125 0.660625 0 0.571875 0
0 0.665625 0 0.6900000000000001 0.0858333328125 0.6912499999999999 0.1408333328125 0.69875 0.1408333328125 0.735 0.1258333328125 0.73375 0.0591666671875 0.7212500000000001 0.029166667187500002 0.704375 0.0083333328125 0.689375 0 0.665625 0
0 0.2725 0.1258333328125 0.32625000000000004 0.19083333281249998 0.34125 0.22916666718749998 0.34750000000000003 0.2925 0.40125 0.3075 0.460625 0.23333333281250002 0.54125 0.17916666718750002 0.525 0.1375 0.5075000000000001 0.10916666718750001 0.465625 0.0616666671875 0.40812499999999996 0.031666667187500004 0.35562499999999997 0.0283333328125 0.316875 0.05500000000000001 0.28375 0.0991666671875 0.2725 0.1258333328125
0 0.215625 0.13333333281249998 0.181875 0.1533333328125 0.159375 0.175 0.12250000000000001 0.22916666718749998 0.10124999999999999 0.2991666671875 0.1 0.3608333328125 0.12 0.42750000000000005 0.14937499999999998 0.45999999999999996 0.170625 0.4683333328125 0.1975 0.4691666671875 0.21812499999999999 0.465 0.289375 0.4233333328125 0.32125 0.3758333328125 0.34375 0.30583333281249997 0.34500000000000003 0.2558333328125 0.3375 0.2208333328125 0.325 0.1925 0.29562499999999997 0.1533333328125 0.259375 0.13333333281249998 0.215625 0.13333333281249998
0 0.21437499999999998 0.475 0.1975 0.5058333328125 0.19624999999999998 0.5508333328125 0.21125 0.6075 0.2375 0.6541666671875 0.268125 0.6849999999999999 0.303125 0.7083333328125 0.340625 0.72 0.3675 0.7191666671875 0.428125 0.6883333328125001 0.45375 0.6441666671874999 0.4625 0.6075 0.4625 0.5641666671875 0.4525 0.5241666671874999 0.43875000000000003 0.5008333328125001 0.38937499999999997 0.4533333328125 0.328125 0.43333333281249997 0.26937500000000003 0.44000000000000006 0.21437499999999998 0.475
0 0.32875 0.7658333328125 0.30375 0.8324999999999999 0.29125 0.8975 0.29625 0.9591666671875 0.309375 1 0.585 0.9991666671875 0.5962500000000001 0.9675 0.6012500000000001 0.9308333328125 0.5962500000000001 0.8441666671875 0.5700000000000001 0.7708333328125 0.533125 0.72 0.5118750000000001 0.7033333328125 0.473125 0.6900000000000001 0.42312500000000003 0.6916666671875 0.371875 0.7183333328125 0.32875 0.7658333328125
0 0.89 1 0.8949999999999999 0.9991666671875 0.8949999999999999 0.9891666671875001 0.885 0.9525 0.85 0.8775000000000001 0.798125 0.82 0.754375 0.795 0.7006249999999999 0.7883333328125001 0.673125 0.7983333328125 0.6368750000000001 0.8316666671874999 0.62 0.8558333328125001 0.60375 0.9041666671874999 0.603125 1 0.89 1
0 0.49375 0.5141666671875 0.48375 0.5491666671875 0.48375 0.6108333328125 0.50125 0.6791666671875001 0.5131249999999999 0.7016666671875 0.538125 0.7233333328125 0.586875 0.7833333328125 0.620625 0.8 0.655 0.8008333328124999 0.676875 0.79 0.69375 0.7708333328125 0.7112499999999999 0.7141666671875 0.71 0.6625 0.6837500000000001 0.5658333328125 0.645625 0.505 0.594375 0.46333333281250005 0.560625 0.4583333328125 0.515625 0.485 0.49375 0.5141666671875
0 0 0.9125 0.015 0.9625 0.031875 0.9933333328125 0.039375 1 0.2325 0.9991666671875 0.254375 0.9816666671875 0.29 0.9358333328124999 0.29500000000000004 0.8608333328125 0.3175 0.7875 0.3325 0.7558333328125 0.316875 0.7283333328125 0.24312499999999998 0.6666666671875 0.190625 0.6599999999999999 0.13187500000000002 0.67 0.100625 0.6833333328125 0.063125 0.7066666671874999 0.0475 0.7224999999999999 0.046875 0.7383333328125 0.035625000000000004 0.7383333328125 0.02375 0.7508333328125001 0 0.8025 0 0.9125
0 0 0.7008333328125 0.025625 0.7116666671874999 0.05500000000000001 0.7108333328125 0.096875 0.6799999999999999 0.151875 0.6599999999999999 0.17875000000000002 0.6158333328125 0.18875 0.5791666671875 0.1875 0.5475 0.175 0.5125 0.14937499999999998 0.4733333328125 0.080625 0.4516666671875 0.045625 0.4516666671875 0 0.46749999999999997 0 0.7008333328125
0 0.00125 0.4641666671875 0.08687500000000001 0.44000000000000006 0.11125 0.41916666718749995 0.0975 0.3341666671875 0.1025 0.2858333328125 0.12 0.2308333328125 0.104375 0.2 0.06687499999999999 0.1633333328125 0.0043749999999999995 0.1383333328125 0 0.13916666718749998 0.00125 0.4641666671875
0 0.16312500000000002 0.16833333281250001 0.20187499999999997 0.13999999999999999 0.20375000000000001 0.1325 0.164375 0.11333333281249999 0.115625 0.10833333281249999 0.075625 0.12166666718750001 0.045 0.1491666671875 0.084375 0.1766666671875 0.12375 0.2241666671875 0.16312500000000002 0.16833333281250001
0 0.22749999999999998 0.0458333328125 0.26 0.0008333328124999999 0.05500000000000001 0.0008333328124999999 0.06999999999999999 0.0508333328125 0.10187500000000001 0.0933333328125 0.118125 0.10500000000000001 0.17375000000000002 0.1108333328125 0.210625 0.095 0.22749999999999998 0.0458333328125
0 0.274375 0 0.250625 0.015 0.2325 0.0391666671875 0.21625 0.0791666671875 0.2125 0.11750000000000001 0.215 0.1308333328125 0.2225 0.1308333328125 0.26437499999999997 0.13 0.311875 0.0566666671875 0.35750000000000004 0.0258333328125 0.35 0.0075 0.343125 0 0.274375 0
0 0.524375 0.05 0.54 0.0258333328125 0.54625 0.0008333328124999999 0.34750000000000003 0.0008333328124999999 0.36062500000000003 0.025 0.418125 0.0333333328125 0.44437499999999996 0.045 0.479375 0.0733333328125 0.49000000000000005 0.0725 0.524375 0.05
0 0.3825 0.42083333281249996 0.38125 0.3891666671875 0.40125 0.31416666718749997 0.371875 0.30333333281249997 0.34562499999999996 0.3016666671875 0.3225 0.3758333328125 0.28500000000000003 0.4308333328125 0.349375 0.43499999999999994 0.39 0.45083333281250004 0.3825 0.42083333281249996
0 0.7112499999999999 0.45083333281250004 0.69875 0.48250000000000004 0.6975 0.5241666671874999 0.7075 0.5608333328125 0.721875 0.585 0.72875 0.5841666671875 0.749375 0.5466666671875 0.781875 0.5216666671875 0.8418749999999999 0.5216666671875 0.85 0.5141666671875 0.85 0.49916666718749997 0.8324999999999999 0.4608333328125 0.828125 0.41333333281250006 0.7618750000000001 0.41 0.7306250000000001 0.4266666671875 0.7112499999999999 0.45083333281250004
0 0.6625 0.5125 0.6681250000000001 0.5116666671875 0.67875 0.49083333281249997 0.6837500000000001 0.4441666671875 0.67 0.3858333328125 0.6431250000000001 0.3383333328125 0.615 0.3975 0.5662499999999999 0.45083333281250004 0.6056250000000001 0.4683333328125 0.653125 0.5133333328125 0.6625 0.5125