0 0.549 0.3215 0.567 0.30325 0.579 0.28325 0.5863333328125 0.265 0.5900000000000001 0.24900000000000003 0.5900000000000001 0.23399999999999999 0.5860000000000001 0.2205 0.5776666671874999 0.20400000000000001 0.5656666671874999 0.19025 0.5513333328125001 0.1795 0.5326666671875 0.17075 0.5173333328124999 0.16725 0.49833333281250003 0.1645 0.47366666718749995 0.16475 0.4596666671875 0.1665 0.438 0.17175 0.4233333328125 0.1785 0.4126666671875 0.18675 0.398 0.20375000000000001 0.39 0.21825 0.38533333281250004 0.23149999999999998 0.3823333328125 0.24874999999999997 0.3826666671875 0.27225 0.388 0.29825 0.392 0.3065 0.4066666671875 0.3245 0.41566666718749995 0.3395 0.4303333328125 0.34725 0.4483333328125 0.35275 0.465 0.35525 0.489 0.35525 0.504 0.35175 0.532 0.3355 0.549 0.3215
0 0.736427 0.49907899999999994 0.7497603328125 0.493579 0.7650936671874999 0.48382899999999995 0.7720936671875 0.477579 0.7780936671875 0.467579 0.7847603328125 0.446079 0.7860936671875 0.434079 0.7820936671875 0.41357900000000003 0.775427 0.39832900000000004 0.7677603328125 0.38582900000000003 0.7527603328125 0.370579 0.7270936671875 0.355829 0.713427 0.35057900000000003 0.693427 0.347329 0.657427 0.347329 0.642427 0.349579 0.6170936671875 0.358329 0.6104269999999999 0.361579 0.595427 0.373079 0.583427 0.38632900000000003 0.5757603328124999 0.398829 0.5710936671875 0.412829 0.5717603328124999 0.44232899999999997 0.5747603328124999 0.454579 0.5817603328125001 0.46882900000000005 0.590427 0.47982899999999995 0.6047603328125 0.490829 0.6147603328125 0.49632899999999996 0.635427 0.504579 0.6487603328125 0.506829 0.669427 0.507579 0.7097603328125001 0.507579 0.7237603328125 0.506079 0.736427 0.49907899999999994
0 0.7581463328125 0.3332895 0.7631463328125 0.3292895 0.7734796671875 0.3160395 0.7824796671875001 0.2970395 0.7851463328125 0.28928950000000003 0.7854796671875001 0.2765395 0.7794796671875 0.2555395 0.7684796671874999 0.23478949999999998 0.7544796671875 0.2195395 0.738813 0.2090395 0.7201463328125 0.2007895 0.7081463328125001 0.19803949999999998 0.6561463328125 0.2000395 0.6431463328125 0.2025395 0.6271463328125 0.2092895 0.6114796671875 0.22053950000000003 0.601813 0.23028949999999998 0.596813 0.23778950000000001 0.5924796671875 0.2482895 0.5814796671875 0.2860395 0.5814796671875 0.2910395 0.5841463328125001 0.3010395 0.589813 0.3160395 0.6034796671875 0.3320395 0.6194796671875 0.34278949999999997 0.6314796671875 0.3480395 0.6431463328125 0.3510395 0.7081463328125001 0.3525395 0.7204796671875 0.3507895 0.7374796671875 0.34478949999999997 0.7471463328125 0.3382895 0.7581463328125 0.3332895
0 0.9084796671875001 0.43985975 0.930813 0.43260975 0.9374796671875 0.42960975 0.9541463328124999 0.41685975 0.9611463328125 0.40685975 0.9674796671875001 0.39210975000000003 0.9701463328125 0.37560975 0.9701463328125 0.36335975 0.9684796671875 0.35435975000000003 0.9624796671875 0.33885975 0.954813 0.32610975 0.9444796671875 0.31435975 0.937813 0.30885975 0.9104796671875001 0.29385975000000003 0.897813 0.28985975 0.8711463328125 0.28885974999999997 0.8461463328125 0.29035975 0.8268129999999999 0.29335975 0.8131463328124999 0.29760975 0.791813 0.31035975 0.7801463328125 0.32060974999999997 0.7661463328125 0.33960975000000004 0.7604796671875 0.35460975 0.7591463328125 0.37735975 0.766813 0.39285975 0.7731463328125 0.40260975 0.7791463328125 0.41735975 0.782813 0.42260975 0.790813 0.42860975 0.7984796671875001 0.43235975 0.8201463328124999 0.43960974999999997 0.830813 0.44185975 0.8454796671875 0.44310974999999997 0.8954796671875 0.44235974999999994 0.9084796671875001 0.43985975
0 0.8918006671875001 0.62650875 0.918134 0.62125875 0.9311339999999999 0.61600875 0.9488006671875 0.60425875 0.960134 0.59175875 0.9678006671875 0.57475875 0.9728006671875 0.55075875 0.9731339999999999 0.52300875 0.9721339999999999 0.51400875 0.968134 0.49950875000000006 0.9614673328125001 0.48300875000000004 0.9498006671875 0.46825875000000006 0.9364673328125 0.45825875 0.9154673328125 0.44725875000000004 0.9068006671875001 0.44450874999999995 0.8928006671875 0.44275875 0.8578006671875 0.44300875 0.8344673328125 0.44550875 0.8161339999999999 0.45175875000000004 0.7934673328125 0.46375875000000005 0.7804673328125 0.47500875000000004 0.774134 0.48250875000000004 0.766134 0.49575874999999997 0.7614673328125 0.51300875 0.761134 0.52525875 0.7648006671875 0.53750875 0.7774673328125 0.56800875 0.7868006671875001 0.58575875 0.7948006671875001 0.59700875 0.8048006671874999 0.60325875 0.8108006671875 0.60925875 0.8218006671874999 0.6145087499999999 0.8358006671875 0.61900875 0.864134 0.62600875 0.8764673328124999 0.62725875 0.8918006671875001 0.62650875
0 0.7403333328125 0.659 0.7553333328125 0.644 0.7696666671875 0.6214999999999999 0.776 0.607 0.7773333328125 0.5972500000000001 0.776 0.5825 0.7573333328125 0.5405 0.749 0.5305 0.7393333328125 0.5235000000000001 0.7236666671875 0.51475 0.7110000000000001 0.512 0.658 0.5115000000000001 0.6446666671875 0.51225 0.631 0.5165 0.6083333328125 0.52725 0.592 0.54125 0.5826666671875 0.5545 0.577 0.5675 0.575 0.581 0.575 0.6214999999999999 0.5773333328125 0.635 0.5816666671874999 0.6455 0.5906666671874999 0.65925 0.603 0.67075 0.609 0.67475 0.632 0.68525 0.654 0.6865 0.6756666671875 0.68525 0.7083333328125 0.6775 0.722 0.67225 0.7403333328125 0.659
0 0.89976 0.7700395 0.90976 0.7562895000000001 0.9194266671875001 0.7317895 0.9240933328125 0.7080395 0.9244266671875 0.6915395 0.92276 0.6815395 0.91876 0.6702895 0.9110933328125 0.6577895 0.9064266671875 0.6527895 0.8890933328124999 0.6400395 0.8790933328125 0.6347895 0.8647600000000001 0.6302895000000001 0.83476 0.6240395000000001 0.81576 0.6225395 0.7970933328124999 0.6237895 0.7834266671875 0.6285395 0.7634266671875001 0.6392895000000001 0.7470933328125 0.6517895 0.7287600000000001 0.6682895 0.71776 0.6832895 0.7094266671875 0.7067895 0.7070933328125 0.7212894999999999 0.7074266671875 0.7437895 0.71076 0.7590395 0.73176 0.7895395 0.7364266671874999 0.7942895 0.7460933328125 0.8010395000000001 0.75976 0.8052895 0.7910933328125 0.8075395000000001 0.8140933328125 0.8065395000000001 0.8450933328125 0.8020395 0.8574266671874999 0.7980395 0.88376 0.7837894999999999 0.89976 0.7700395
0 0.6613333328125 0.8125 0.6833333328125 0.79875 0.6923333328125 0.7885 0.7043333328125 0.7695000000000001 0.7086666671875 0.7577499999999999 0.706 0.7085 0.704 0.6975 0.7046666671875 0.686 0.645 0.68525 0.632 0.6825 0.6156666671875 0.67675 0.603 0.67 0.5946666671874999 0.6639999999999999 0.5860000000000001 0.6627500000000001 0.575 0.6639999999999999 0.5683333328125 0.66625 0.5433333328125001 0.68075 0.522 0.697 0.5163333328124999 0.70425 0.5073333328125 0.722 0.5036666671875001 0.73325 0.5026666671875 0.74125 0.5023333328125 0.773 0.5043333328124999 0.784 0.5153333328125 0.8005000000000001 0.5236666671875 0.8082499999999999 0.5316666671875 0.81375 0.5406666671875 0.818 0.5533333328125 0.82225 0.5690000000000001 0.8252499999999999 0.5806666671875 0.8262499999999999 0.6133333328125 0.8247500000000001 0.645 0.819 0.6613333328125 0.8125
0 0.8996666671875 0.97475 0.9113333328125 0.96275 0.9186666671875001 0.9497500000000001 0.9269999999999999 0.92425 0.9306666671875 0.9 0.93 0.88425 0.9243333328125001 0.85925 0.9196666671875 0.849 0.914 0.8402499999999999 0.908 0.8322499999999999 0.9016666671875001 0.8262499999999999 0.8893333328124999 0.819 0.8640000000000001 0.80975 0.8503333328125 0.80725 0.8346666671875 0.8074999999999999 0.7973333328125001 0.8119999999999999 0.786 0.8167500000000001 0.7553333328125 0.841 0.7416666671875001 0.85625 0.729 0.8800000000000001 0.7266666671875 0.8877499999999999 0.726 0.89725 0.7253333328125 0.9359999999999999 0.7283333328125 0.9502499999999999 0.7336666671875001 0.96125 0.743 0.9730000000000001 0.7493333328125 0.97875 0.7583333328124999 0.98375 0.7773333328125 0.9904999999999999 0.8096666671875001 0.99725 0.8466666671875 0.9974999999999999 0.8603333328125 0.9952500000000001 0.8766666671875001 0.9884999999999999 0.8996666671875 0.97475
0 0.5553333328125001 1 0.5623333328125 0.9882500000000001 0.568 0.9755 0.5706666671875 0.96275 0.5706666671875 0.9490000000000001 0.5613333328125 0.9244999999999999 0.5456666671875 0.8985 0.5316666671875 0.88325 0.5113333328125 0.869 0.4886666671875 0.85975 0.4733333328125 0.8554999999999999 0.45499999999999996 0.853 0.43166666718749996 0.8535 0.40800000000000003 0.8567500000000001 0.3913333328125 0.8622500000000001 0.377 0.8695 0.3693333328125 0.87625 0.3576666671875 0.8835000000000001 0.3413333328125 0.89925 0.3356666671875 0.90825 0.32799999999999996 0.9255000000000001 0.324 0.9365 0.3223333328125 0.9465 0.3223333328125 0.9625 0.3253333328125 0.97475 0.3366666671875 0.99375 0.3423333328125 1 0.434 1 0.44333333281250004 0.998 0.45599999999999996 0.998 0.46666666718750005 1 0.5006666671875 1 0.5046666671875 0.9967499999999999 0.507 0.9974999999999999 0.509 1 0.5553333328125001 1
0 0.2013333328125 0.40125 0.2066666671875 0.403 0.21633333281249997 0.40425000000000005 0.2793333328125 0.40675 0.30333333281249997 0.40875000000000006 0.3553333328125 0.41624999999999995 0.3676666671875 0.4145 0.38333333281250004 0.409 0.3943333328125 0.40275 0.398 0.3995 0.413 0.37575 0.4166666671875 0.36675 0.4183333328125 0.35825 0.4176666671875 0.34075 0.4103333328125 0.327 0.40199999999999997 0.31475 0.388 0.29874999999999996 0.3736666671875 0.28775 0.356 0.28175 0.34199999999999997 0.27825 0.322 0.27749999999999997 0.303 0.27949999999999997 0.272 0.286 0.261 0.28925 0.236 0.3005 0.21600000000000003 0.31525 0.19866666718749998 0.33849999999999997 0.1916666671875 0.357 0.1903333328125 0.3685 0.1943333328125 0.3915 0.1973333328125 0.39775 0.2013333328125 0.40125
0 0.5686666671875 0.94525 0.5700000000000001 0.96325 0.568 0.9730000000000001 0.5683333328125 0.9875 0.572 0.9887499999999999 0.5823333328125 0.9890000000000001 0.609 0.9957499999999999 0.6316666671875 0.99825 0.6483333328125 0.9970000000000001 0.6723333328125001 0.993 0.6826666671875 0.9890000000000001 0.6983333328125 0.9792500000000001 0.7110000000000001 0.968 0.7163333328125 0.96 0.7213333328125 0.9492499999999999 0.725 0.9285 0.725 0.90525 0.7226666671875 0.8852499999999999 0.713 0.8574999999999999 0.7033333328125 0.8425 0.6913333328125 0.8320000000000001 0.675 0.8247500000000001 0.6676666671875 0.82 0.6599999999999999 0.8175000000000001 0.6476666671875 0.8175000000000001 0.6186666671875 0.8227499999999999 0.579 0.82675 0.5706666671875 0.82925 0.5653333328125 0.833 0.5413333328125 0.857 0.5343333328125001 0.874 0.536 0.8852499999999999 0.5443333328125 0.8945000000000001 0.5526666671875 0.9067500000000001 0.562 0.9255000000000001 0.5686666671875 0.94525
0 0.2390625 0.1953125 0.2046875 0.1671875
0 0.07578125 0.19765625 0.1421875 0.165625
0 0.2703125 0.88828125 0.234375 0.16875
0 0.12890625 0.9625 0.2046875 0.075