0 0.8576666671875 0.8887499999999999 0.8668333328125 0.8795 0.8706666671875001 0.8717499999999999 0.8726666671875 0.8647500000000001 0.8723333328124999 0.8547499999999999 0.8708333328125001 0.8515 0.8668333328125 0.8554999999999999 0.8471666671875001 0.86 0.8438333328125 0.8630000000000001 0.8358333328124999 0.8585 0.8314999999999999 0.8644999999999999 0.8278333328124999 0.8625 0.8233333328124999 0.8567500000000001 0.8166666671874999 0.83625 0.8125 0.834 0.8081666671875001 0.8234999999999999 0.7988333328125 0.8210000000000001 0.7923333328125 0.8007500000000001 0.7885 0.796 0.7845 0.796 0.7776666671875 0.80475 0.779 0.81525 0.7783333328125 0.82175 0.7771666671874999 0.8234999999999999 0.7698333328125 0.8210000000000001 0.7668333328125 0.8220000000000001 0.7603333328125 0.83625 0.7606666671875 0.8467499999999999 0.767 0.8627499999999999 0.768 0.88275 0.7723333328125 0.89025 0.7723333328125 0.8947499999999999 0.7686666671875 0.89975 0.767 0.9057499999999999 0.767 0.91275 0.7686666671875 0.9192500000000001 0.7728333328125 0.9255000000000001 0.7761666671875 0.9279999999999999 0.7888333328125 0.9295 0.7925 0.9355 0.7961666671875001 0.9349999999999999 0.7961666671875001 0.9365 0.7925 0.9359999999999999 0.7916666671875 0.9397500000000001 0.7953333328125 0.95325 0.8018333328124999 0.9605 0.8081666671875001 0.9640000000000001 0.8126666671875 0.9637499999999999 0.8211666671875 0.9550000000000001 0.8253333328125001 0.94725 0.8276666671875 0.93625 0.8263333328125 0.92975 0.8291666671875 0.924 0.8461666671874999 0.9215 0.8511666671875 0.9179999999999999 0.8539999999999999 0.91325 0.857 0.90525 0.8576666671875 0.8887499999999999
0 0 0.72725 0.0048333328125 0.728 0.0158333328125 0.7195 0.0213333328125 0.72425 0.024666667187499998 0.75125 0.023 0.76225 0.0233333328125 0.7707499999999999 0.030666667187500003 0.78275 0.027000000000000003 0.8007500000000001 0.0323333328125 0.82975 0.0376666671875 0.84475 0.0418333328125 0.8505 0.0468333328125 0.853 0.0551666671875 0.8535 0.0615 0.865 0.06733333281250001 0.86625 0.072 0.86425 0.0763333328125 0.8472500000000001 0.0851666671875 0.8320000000000001 0.0913333328125 0.8262499999999999 0.0936666671875 0.81125 0.0986666671875 0.8002499999999999 0.10166666718749999 0.7887500000000001 0.0943333328125 0.77175 0.0916666671875 0.75525 0.0826666671875 0.7422500000000001 0.081 0.7342500000000001 0.0806666671875 0.71775 0.078 0.70925 0.0745 0.7055 0.062166667187500003 0.704 0.0528333328125 0.7005 0.0506666671875 0.69775 0.047333332812500004 0.6717500000000001 0.0453333328125 0.66575 0.049 0.64725 0.044666667187499995 0.63175 0.038833332812499996 0.628 0.030833332812499996 0.6345 0.0221666671875 0.623 0.014499999999999999 0.622 0.008666667187500001 0.62825 0.006 0.63775 0 0.6457499999999999 0 0.72725
0 0.186 0.53525 0.1816666671875 0.52325 0.178 0.49524999999999997 0.17133333281250002 0.49124999999999996 0.1686666671875 0.48075 0.1648333328125 0.47450000000000003 0.1568333328125 0.47450000000000003 0.1531666671875 0.479 0.151 0.47074999999999995 0.14666666718750002 0.46475 0.14566666718750002 0.44025 0.141 0.41775 0.13783333281250001 0.41200000000000003 0.126 0.40025000000000005 0.125 0.39325 0.1183333328125 0.37775 0.1196666671875 0.35325 0.119 0.33875 0.11383333281250001 0.329 0.11016666718749998 0.33199999999999996 0.1066666671875 0.32925 0.10633333281249999 0.31074999999999997 0.10466666718749999 0.30575 0.0981666671875 0.2945 0.0915 0.2935 0.0836666671875 0.30125 0.0793333328125 0.31225 0.08199999999999999 0.32375 0.0895 0.3295 0.091 0.33625 0.078 0.35975 0.07666666718750001 0.36974999999999997 0.078 0.38275000000000003 0.074 0.39425 0.073 0.40425000000000005 0.07666666718750001 0.41425 0.0786666671875 0.43125 0.0846666671875 0.44825 0.0863333328125 0.46575 0.09066666718750001 0.47925000000000006 0.0933333328125 0.49424999999999997 0.0926666671875 0.50175 0.0836666671875 0.5117499999999999 0.0836666671875 0.52925 0.0903333328125 0.54475 0.098 0.55275 0.0976666671875 0.5587500000000001 0.10066666718749999 0.57125 0.10833333281249999 0.5822499999999999 0.10166666718749999 0.5902499999999999 0.099 0.59975 0.099 0.63075 0.10133333281250001 0.6537499999999999 0.10700000000000001 0.66725 0.11033333281249999 0.67125 0.1156666671875 0.68575 0.12050000000000001 0.692 0.1251666671875 0.696 0.13716666718749998 0.6935 0.1428333328125 0.7015 0.15 0.70275 0.1535 0.701 0.162 0.68575 0.17033333281250002 0.6587500000000001 0.17133333281250002 0.64925 0.18016666718750002 0.6405000000000001 0.1856666671875 0.63025 0.185 0.61775 0.1886666671875 0.60075 0.1843333328125 0.57725 0.186 0.53525
0 0.3491666671875 1 0.3531666671875 0.9984999999999999 0.3571666671875 1 0.359 0.99725 0.3596666671875 0.99225 0.358 0.9802500000000001 0.3566666671875 0.97625 0.352 0.97075 0.3526666671875 0.9582499999999999 0.3586666671875 0.94825 0.3603333328125 0.9412499999999999 0.36466666718749996 0.93575 0.3653333328125 0.92925 0.368 0.92325 0.3738333328125 0.9175000000000001 0.3798333328125 0.9145 0.38333333281250004 0.9032500000000001 0.384 0.8797499999999999 0.3826666671875 0.8707499999999999 0.38733333281250004 0.8542500000000001 0.386 0.82975 0.3903333328125 0.81375 0.3886666671875 0.79425 0.3843333328125 0.78275 0.3806666671875 0.75675 0.37033333281249997 0.74375 0.3653333328125 0.72375 0.366 0.71775 0.365 0.71425 0.361 0.71075 0.36066666718749996 0.70625 0.3556666671875 0.69325 0.3498333328125 0.687 0.3428333328125 0.6849999999999999 0.3371666671875 0.6875 0.3295 0.6805 0.3151666671875 0.6825 0.3116666671875 0.68825 0.31033333281250003 0.69475 0.3046666671875 0.69975 0.30616666718749996 0.7035 0.31033333281250003 0.70525 0.3113333328125 0.7122499999999999 0.3091666671875 0.714 0.30583333281249997 0.71 0.3043333328125 0.71175 0.304 0.71775 0.2988333328125 0.724 0.2971666671875 0.724 0.2936666671875 0.71825 0.29700000000000004 0.71275 0.2963333328125 0.7082499999999999 0.2903333328125 0.70075 0.29 0.68825 0.2866666671875 0.68075 0.2823333328125 0.67675 0.2813333328125 0.67075 0.2788333328125 0.667 0.2738333328125 0.6665 0.26716666718750004 0.6625 0.2601666671875 0.663 0.2506666671875 0.66975 0.24700000000000003 0.68575 0.24700000000000003 0.68925 0.24900000000000003 0.69075 0.2511666671875 0.6995 0.254 0.69675 0.2548333328125 0.692 0.256 0.69425 0.2556666671875 0.70025 0.258 0.70975 0.257 0.71775 0.25 0.72775 0.24533333281249997 0.7462500000000001 0.23349999999999999 0.7525000000000001 0.22799999999999998 0.7657499999999999 0.2273333328125 0.77175 0.22999999999999998 0.78275 0.2346666671875 0.7887500000000001 0.2355 0.795 0.2396666671875 0.79425 0.24066666718750002 0.8002499999999999 0.2363333328125 0.8162499999999999 0.23183333281250001 0.8220000000000001 0.22749999999999998 0.8234999999999999 0.2238333328125 0.8310000000000001 0.22000000000000003 0.8342499999999999 0.2176666671875 0.8472500000000001 0.219 0.86425 0.22400000000000003 0.87475 0.22400000000000003 0.8957499999999999 0.2273333328125 0.90625 0.227 0.91175 0.23816666718750001 0.9155 0.24816666718749997 0.914 0.2513333328125 0.9172499999999999 0.253 0.92975 0.2456666671875 0.94275 0.244 0.9592499999999999 0.248 0.97075 0.2555 0.9765 0.258 0.9817500000000001 0.251 0.99375 0.2528333328125 1 0.311 1 0.3295 1 0.3491666671875 1
0 0.46699999999999997 0.70025 0.46566666718749994 0.68925 0.4606666671875 0.67675 0.46166666718749994 0.6627500000000001 0.4606666671875 0.6527499999999999 0.46283333281249994 0.646 0.4688333328125 0.642 0.47766666718749995 0.6292500000000001 0.479 0.6172500000000001 0.47133333281249995 0.59325 0.4726666671875 0.58875 0.4796666671875 0.57925 0.48333333281249996 0.55925 0.48266666718750006 0.54625 0.4783333328125 0.5427500000000001 0.4773333328125 0.53275 0.4773333328125 0.52975 0.4806666671875 0.52425 0.48 0.51775 0.48166666718749995 0.51325 0.4813333328125 0.5077499999999999 0.4733333328125 0.48825 0.47000000000000003 0.47074999999999995 0.472 0.46525 0.4723333328125 0.45925000000000005 0.477 0.45325 0.4766666671875 0.44675000000000004 0.481 0.43375 0.48283333281249996 0.43200000000000005 0.48650000000000004 0.4345 0.489 0.42975 0.4853333328125 0.42175 0.48250000000000004 0.4085 0.4725 0.40650000000000003 0.46749999999999997 0.4095 0.46283333281249994 0.4095 0.4613333328125 0.40725 0.4596666671875 0.39825 0.45466666718750004 0.39425 0.45533333281250005 0.38875000000000004 0.4526666671875 0.38275000000000003 0.4533333328125 0.37675000000000003 0.45083333281250004 0.368 0.44349999999999995 0.3625 0.4326666671875 0.35875 0.4326666671875 0.35225 0.4286666671875 0.34725 0.4318333328125 0.3435 0.433 0.34475 0.433 0.34975 0.43550000000000005 0.351 0.43666666718749997 0.34675 0.43550000000000005 0.3435 0.433 0.34275 0.4346666671875 0.33575 0.42983333281249997 0.3235 0.4278333328125 0.3215 0.4228333328125 0.3225 0.421 0.32375 0.42133333281249996 0.33025000000000004 0.42016666718750006 0.33199999999999996 0.41733333281249996 0.32975 0.41733333281249996 0.31725 0.42033333281249996 0.31175 0.42000000000000004 0.28275 0.4226666671875 0.27675 0.4198333328125 0.273 0.4176666671875 0.27675 0.4193333328125 0.28325 0.41566666718749995 0.28925 0.4143333328125 0.29674999999999996 0.41166666718749995 0.29925 0.4063333328125 0.32175 0.3993333328125 0.32925 0.3963333328125 0.33675 0.3963333328125 0.34125 0.3923333328125 0.34275 0.392 0.34725 0.3886666671875 0.35275 0.38816666718750004 0.35950000000000004 0.3831666671875 0.35950000000000004 0.3805 0.352 0.37716666718749997 0.358 0.374 0.35325 0.3788333328125 0.34950000000000003 0.3825 0.341 0.3906666671875 0.33925 0.39 0.32925 0.3918333328125 0.325 0.39649999999999996 0.32599999999999996 0.398 0.32425000000000004 0.398 0.31425000000000003 0.40033333281249994 0.31175 0.3931666671875 0.3065 0.39016666718750004 0.308 0.38849999999999996 0.3115 0.3845 0.3095 0.37716666718749997 0.314 0.3725 0.312 0.37066666718749997 0.32225000000000004 0.3716666671875 0.33025000000000004 0.3701666671875 0.3345 0.36183333281249996 0.3395 0.3571666671875 0.33799999999999997 0.3458333328125 0.339 0.3416666671875 0.34825 0.3363333328125 0.35475 0.335 0.35875 0.33599999999999997 0.37425 0.34049999999999997 0.3765 0.34249999999999997 0.383 0.3481666671875 0.385 0.35 0.38775 0.3503333328125 0.41925 0.3491666671875 0.4225 0.3445 0.4225 0.3358333328125 0.414 0.3291666671875 0.41550000000000004 0.3266666671875 0.41174999999999995 0.3266666671875 0.40575 0.3283333328125 0.40025000000000005 0.3266666671875 0.39525 0.32599999999999996 0.37675000000000003 0.32999999999999996 0.37075 0.33199999999999996 0.35275 0.3273333328125 0.34575 0.32599999999999996 0.34125 0.3261666671875 0.335 0.32166666718750003 0.34025 0.3206666671875 0.34675 0.3218333328125 0.35 0.3261666671875 0.3505 0.3273333328125 0.35275 0.3246666671875 0.36675 0.322 0.37075 0.3246666671875 0.37675000000000003 0.323 0.38225 0.3246666671875 0.38875000000000004 0.3215 0.39449999999999996 0.3135 0.39649999999999996 0.3116666671875 0.39425 0.313 0.38825 0.31083333281250003 0.3865 0.3045 0.3835 0.2941666671875 0.3825 0.2868333328125 0.388 0.282 0.39925 0.2823333328125 0.41224999999999995 0.2863333328125 0.41925 0.28900000000000003 0.43025 0.29500000000000004 0.43624999999999997 0.2963333328125 0.44225000000000003 0.2963333328125 0.45075000000000004 0.29300000000000004 0.46075 0.2923333328125 0.47775 0.2975 0.48949999999999994 0.3088333328125 0.495 0.3215 0.4915 0.3265 0.493 0.3273333328125 0.49474999999999997 0.3243333328125 0.5002500000000001 0.3266666671875 0.50575 0.3263333328125 0.51225 0.3298333328125 0.5165 0.34049999999999997 0.5155000000000001 0.3451666671875 0.5125 0.35750000000000004 0.5135 0.3608333328125 0.51 0.36633333281249997 0.51325 0.3673333328125 0.53625 0.36066666718749996 0.55025 0.36 0.57375 0.3563333328125 0.59425 0.3576666671875 0.60625 0.36066666718749996 0.61675 0.3673333328125 0.62325 0.36633333281249997 0.62975 0.361 0.63575 0.3593333328125 0.6457499999999999 0.36 0.66525 0.3673333328125 0.67625 0.364 0.70025 0.3688333328125 0.7144999999999999 0.37316666718749997 0.7165 0.3765 0.721 0.384 0.72375 0.38133333281250004 0.73475 0.381 0.74775 0.382 0.75125 0.3845 0.755 0.38849999999999996 0.753 0.39049999999999996 0.7595 0.3971666671875 0.76 0.40416666718750005 0.7645 0.403 0.77025 0.40433333281249995 0.77575 0.40366666718750005 0.7887500000000001 0.4078333328125 0.7965 0.41633333281249996 0.79825 0.42416666718749996 0.7955 0.43116666718749996 0.7845 0.4371666671875 0.783 0.4405 0.7795 0.45483333281249994 0.7755 0.4596666671875 0.7697499999999999 0.46399999999999997 0.75925 0.4636666671875 0.74325 0.4606666671875 0.7292500000000001 0.46699999999999997 0.70025
0 0.7098333328125 0.9775 0.7183333328125 0.9652499999999999 0.7223333328125 0.9477499999999999 0.7206666671875 0.92925 0.722 0.9192500000000001 0.7213333328125 0.89725 0.7246666671875001 0.88275 0.725 0.8707499999999999 0.7223333328125 0.8647500000000001 0.7233333328125 0.85975 0.7295 0.849 0.7335 0.8465 0.7413333328125 0.8327500000000001 0.7426666671875 0.81175 0.7478333328125 0.8 0.7538333328125 0.798 0.7688333328125 0.8039999999999999 0.7768333328125 0.8019999999999999 0.7836666671875 0.79575 0.7883333328125001 0.78425 0.7896666671875 0.76775 0.7866666671875 0.75175 0.7901666671875 0.748 0.7945 0.7474999999999999 0.8041666671875 0.739 0.8066666671875 0.73525 0.8123333328125 0.71575 0.8130000000000001 0.69975 0.8119999999999999 0.69275 0.8089999999999999 0.68825 0.8076666671874999 0.68275 0.8023333328125 0.67625 0.8029999999999999 0.67075 0.8066666671875 0.66475 0.8083333328125001 0.65825 0.8138333328125 0.654 0.8210000000000001 0.64125 0.8220000000000001 0.61625 0.8203333328125 0.6052500000000001 0.8183333328125 0.60075 0.8118333328125 0.591 0.8023333328125 0.58275 0.8023333328125 0.56075 0.805 0.54725 0.8043333328125 0.53175 0.7986666671875 0.50575 0.7958333328125 0.501 0.7918333328125 0.499 0.7895 0.49400000000000005 0.7851666671875 0.492 0.7826666671875 0.48724999999999996 0.782 0.48224999999999996 0.7886666671875 0.46675000000000005 0.7893333328125001 0.45225 0.7886666671875 0.44625000000000004 0.7849999999999999 0.43574999999999997 0.7785 0.42350000000000004 0.7728333328125 0.41950000000000004 0.7685 0.41950000000000004 0.7651666671874999 0.41600000000000004 0.7558333328125 0.4165 0.7431666671875 0.42350000000000004 0.7411666671875 0.42800000000000005 0.7375 0.42800000000000005 0.73 0.41224999999999995 0.7231666671875 0.40499999999999997 0.7075 0.4035 0.7056666671875 0.40525 0.704 0.41775 0.704 0.43075 0.7023333328125 0.43775000000000003 0.6995 0.442 0.6941666671875 0.4415 0.6908333328125 0.43899999999999995 0.6868333328125 0.43150000000000005 0.6821666671875 0.43150000000000005 0.6685 0.426 0.6651666671875 0.4265 0.663 0.43324999999999997 0.6588333328125 0.4385 0.6546666671875 0.42975 0.6573333328125 0.42374999999999996 0.6559999999999999 0.41775 0.6566666671875 0.40925 0.655 0.39525 0.6475 0.388 0.6388333328125 0.3875 0.6275000000000001 0.391 0.6196666671875 0.40225 0.6156666671875 0.41974999999999996 0.617 0.44025 0.6158333328125 0.44400000000000006 0.6094999999999999 0.44400000000000006 0.6075 0.4385 0.6008333328125001 0.434 0.5888333328125 0.4345 0.5825 0.442 0.5745 0.446 0.5721666671875 0.4535 0.5688333328125 0.458 0.5658333328125 0.4585 0.564 0.45575 0.563 0.44525 0.5611666671875 0.44400000000000006 0.5599999999999999 0.45075000000000004 0.5606666671875 0.46224999999999994 0.5685 0.4605 0.5690000000000001 0.47024999999999995 0.5623333328125 0.49024999999999996 0.5568333328125 0.49400000000000005 0.5541666671875001 0.4995 0.548 0.50575 0.545 0.51425 0.5443333328125 0.5237499999999999 0.5451666671875001 0.5255 0.5463333328125 0.52425 0.5469999999999999 0.51725 0.5485 0.5155000000000001 0.5608333328125 0.5145 0.563 0.51775 0.562 0.53025 0.563 0.53975 0.5650000000000001 0.5417500000000001 0.5643333328125 0.54725 0.5591666671875 0.5519999999999999 0.5563333328125 0.55925 0.5581666671875001 0.561 0.5589999999999999 0.55675 0.5613333328125 0.55625 0.562 0.56025 0.5589999999999999 0.56325 0.5608333328125 0.5695 0.563 0.56875 0.5638333328125 0.5635 0.5666666671875 0.56475 0.5663333328125 0.56875 0.5616666671874999 0.57225 0.5623333328125 0.58775 0.5643333328125 0.59525 0.575 0.61125 0.5733333328125 0.61775 0.5688333328125 0.623 0.5648333328125 0.6184999999999999 0.563 0.62625 0.5553333328125001 0.63475 0.5549999999999999 0.6487499999999999 0.557 0.65725 0.5651666671875 0.6705 0.5765 0.675 0.5783333328125 0.67125 0.5783333328125 0.65925 0.5771666671875 0.6575 0.564 0.6537499999999999 0.5623333328125 0.64375 0.5636666671875 0.63225 0.5655 0.631 0.5728333328125 0.635 0.5723333328125 0.64175 0.5765 0.641 0.5805 0.653 0.5841666671875 0.651 0.5865 0.647 0.5894999999999999 0.647 0.5940000000000001 0.65325 0.5906666671874999 0.65775 0.5866666671874999 0.67025 0.587 0.68875 0.5915 0.693 0.5953333328125 0.70125 0.6001666671875 0.706 0.6038333328125 0.7135 0.6096666671875 0.7072499999999999 0.6103333328125 0.70125 0.6118333328125 0.7005 0.6213333328124999 0.72375 0.616 0.74475 0.6183333328125 0.7617499999999999 0.6118333328125 0.774 0.5961666671875 0.771 0.5940000000000001 0.75225 0.5885 0.7474999999999999 0.588 0.7497499999999999 0.5866666671874999 0.76625 0.589 0.77975 0.5934999999999999 0.7835 0.6001666671875 0.7855000000000001 0.6046666671875001 0.78275 0.6053333328125 0.79425 0.6026666671875 0.8007500000000001 0.6046666671875001 0.8182499999999999 0.608 0.8237500000000001 0.6096666671875 0.83375 0.615 0.83925 0.6186666671875 0.85125 0.6183333328125 0.8542500000000001 0.614 0.86025 0.6093333328125 0.8712500000000001 0.6106666671875 0.90425 0.6085 0.9099999999999999 0.6013333328125 0.9172499999999999 0.599 0.93575 0.6041666671875 0.9480000000000001 0.6168333328125 0.9535 0.624 0.95275 0.6256666671875 0.95875 0.6253333328124999 0.98325 0.6281666671874999 0.9945 0.6368333328125 0.998 0.644 0.99825 0.6531666671874999 0.9945 0.6585 0.986 0.6628333328125 0.9824999999999999 0.6705 0.9869999999999999 0.6726666671875 0.9942500000000001 0.6745 0.9955 0.6935 0.9960000000000001 0.6998333328124999 0.9855 0.7041666671875 0.9804999999999999 0.7098333328125 0.9775
0 0.6391666671875 0.5305 0.6428333328125 0.534 0.6628333328125 0.5305 0.6716666671875 0.52025 0.6785 0.5005 0.6825 0.5035000000000001 0.6905 0.5035000000000001 0.6948333328125 0.5005 0.6983333328125 0.49424999999999997 0.6985 0.487 0.6908333328125 0.48949999999999994 0.687 0.48825 0.688 0.47074999999999995 0.6865 0.46799999999999997 0.6821666671875 0.46799999999999997 0.6786666671875 0.46525 0.6813333328125 0.45975 0.6798333328124999 0.45599999999999996 0.6685 0.45499999999999996 0.6663333328125 0.44725000000000004 0.6623333328125 0.44175000000000003 0.6679999999999999 0.42374999999999996 0.666 0.41075 0.663 0.39925 0.6498333328125 0.3875 0.6476666671875 0.38325 0.6516666671875 0.36075 0.65 0.34125 0.6471666671875 0.3305 0.6431666671875 0.3315 0.6413333328124999 0.32975 0.6431666671875 0.32799999999999996 0.6471666671875 0.329 0.6506666671875 0.32025000000000003 0.6588333328125 0.3095 0.6631666671875001 0.313 0.6693333328125 0.30625 0.6681666671875 0.3035 0.659 0.29825 0.6586666671875 0.29425 0.6626666671875 0.28725 0.657 0.25925 0.6588333328125 0.255 0.6665 0.259 0.6701666671875001 0.2585 0.6719999999999999 0.25675 0.6723333328125001 0.25325000000000003 0.6695 0.24700000000000003 0.6395 0.24300000000000002 0.6315000000000001 0.2385 0.6285000000000001 0.242 0.6196666671875 0.24575 0.611 0.26625 0.6081666671875 0.28900000000000003 0.6054999999999999 0.2885 0.6023333328125 0.28275 0.604 0.27675 0.5961666671875 0.271 0.5925 0.27599999999999997 0.5881666671875 0.2725 0.5843333328125 0.27675 0.5881666671875 0.28450000000000003 0.5925 0.27749999999999997 0.5946666671874999 0.28225 0.5931666671875 0.2885 0.5858333328125 0.2895 0.5798333328124999 0.29300000000000004 0.5765 0.2925 0.5695 0.284 0.5611666671875 0.27949999999999997 0.5558333328125 0.27949999999999997 0.5531666671875 0.2835 0.5491666671875 0.284 0.548 0.28175 0.5483333328125 0.27075 0.5456666671875 0.26525 0.5453333328125 0.25875 0.5371666671875001 0.2465 0.5225 0.2415 0.5101666671875 0.2465 0.5066666671875 0.25625 0.5016666671875 0.26375000000000004 0.501 0.27775 0.5036666671875001 0.28275 0.502 0.28525 0.499 0.29925 0.49450000000000005 0.307 0.49050000000000005 0.3025 0.48383333281249996 0.306 0.4813333328125 0.31325 0.47766666718749995 0.31825000000000003 0.4766666671875 0.33625 0.4783333328125 0.34275 0.48383333281249996 0.33799999999999997 0.48650000000000004 0.331 0.4883333328125 0.33425 0.485 0.34075 0.48333333281249996 0.35325 0.48 0.35924999999999996 0.4813333328125 0.36524999999999996 0.4796666671875 0.37174999999999997 0.47850000000000004 0.3735 0.477 0.37075 0.4743333328125 0.35325 0.47083333281249995 0.3505 0.46266666718750005 0.35625 0.461 0.36324999999999996 0.45866666718750004 0.36524999999999996 0.461 0.36875 0.4605 0.3725 0.4585 0.373 0.4551666671875 0.367 0.4533333328125 0.37675000000000003 0.454 0.39075000000000004 0.4551666671875 0.393 0.4591666671875 0.392 0.45999999999999996 0.39425 0.4573333328125 0.40025000000000005 0.46283333281249994 0.409 0.4655 0.41 0.4761666671875 0.4085 0.4783333328125 0.40625 0.477 0.40025000000000005 0.47883333281249996 0.398 0.4813333328125 0.40025000000000005 0.48 0.40575 0.48250000000000004 0.40650000000000003 0.4845 0.40149999999999997 0.487 0.40025000000000005 0.483 0.39825 0.4806666671875 0.38275000000000003 0.48250000000000004 0.38 0.48383333281249996 0.384 0.4881666671875 0.386 0.4916666671875 0.39725 0.5 0.40575 0.4943333328125 0.41775 0.4933333328125 0.42325 0.49400000000000005 0.43925000000000003 0.49816666718749997 0.43099999999999994 0.4993333328125 0.44175000000000003 0.49816666718749997 0.4445 0.49450000000000005 0.44400000000000006 0.49366666718749996 0.44775 0.4995 0.45549999999999996 0.5058333328125 0.45999999999999996 0.509 0.46475 0.5091666671875 0.46950000000000003 0.5171666671875 0.471 0.5183333328125 0.47275 0.519 0.47675 0.516 0.48025 0.5135 0.48949999999999994 0.51 0.48224999999999996 0.5088333328125 0.46950000000000003 0.4998333328125 0.47000000000000003 0.4993333328125 0.47675 0.49783333281250003 0.47800000000000004 0.49450000000000005 0.46900000000000003 0.492 0.48075 0.49233333281249997 0.48875 0.4898333328125 0.4925 0.48650000000000004 0.493 0.483 0.5002500000000001 0.48600000000000004 0.5037499999999999 0.48600000000000004 0.51525 0.4898333328125 0.516 0.5015 0.5065000000000001 0.5108333328125 0.5075000000000001 0.512 0.51475 0.516 0.5247499999999999 0.5163333328124999 0.52975 0.5201666671875 0.5325 0.5218333328125 0.537 0.5218333328125 0.529 0.5255 0.5295 0.5283333328125 0.5347500000000001 0.528 0.53725 0.524 0.54125 0.5288333328125 0.5429999999999999 0.5309999999999999 0.54625 0.5306666671875 0.5587500000000001 0.5343333328125001 0.56875 0.5431666671875 0.577 0.5508333328125 0.5795 0.5595 0.577 0.5621666671875001 0.5730000000000001 0.5688333328125 0.575 0.5805 0.572 0.5961666671875 0.5575 0.6035 0.563 0.6068333328125 0.562 0.6081666671875 0.5589999999999999 0.6096666671875 0.57225 0.608 0.57675 0.6103333328125 0.58525 0.6144999999999999 0.5894999999999999 0.6213333328124999 0.58975 0.6315000000000001 0.5860000000000001 0.6343333328125 0.5822499999999999 0.6355000000000001 0.5755 0.6431666671875 0.5730000000000001 0.6443333328125 0.57075 0.6453333328124999 0.56425 0.6416666671875 0.55375 0.6433333328125 0.54725 0.6383333328125 0.53575 0.6391666671875 0.5305
0 0.6014999999999999 0.9025000000000001 0.6083333328125 0.8947499999999999 0.6096666671875 0.8707499999999999 0.613 0.86525 0.6133333328125 0.85875 0.6086666671875001 0.8487500000000001 0.6096666671875 0.8352499999999999 0.6063333328125 0.82975 0.6026666671875 0.79425 0.6046666671875001 0.78725 0.6093333328125 0.78275 0.611 0.77575 0.615 0.7707499999999999 0.6176666671875 0.76025 0.6173333328124999 0.75275 0.6118333328125 0.744 0.6088333328125 0.748 0.6066666671875 0.74725 0.6076666671875001 0.73925 0.611 0.73575 0.611 0.72975 0.608 0.72375 0.6121666671875 0.7165 0.6166666671875001 0.71475 0.6173333328124999 0.70625 0.6133333328125 0.70175 0.6118333328125 0.697 0.6078333328125 0.7015 0.6025 0.702 0.6001666671875 0.7045 0.5923333328125 0.70175 0.5916666671875 0.69375 0.5873333328125 0.67725 0.5883333328125 0.67025 0.591 0.66475 0.5926666671875 0.65325 0.5913333328125 0.64825 0.5863333328125 0.64275 0.5845 0.6315000000000001 0.5803333328125 0.63075 0.5786666671875 0.63525 0.5786666671875 0.64125 0.5765 0.6445000000000001 0.5723333328125 0.63575 0.576 0.61825 0.5753333328125 0.61125 0.5788333328124999 0.6085 0.5805 0.6045 0.5911666671875 0.6075 0.5978333328125001 0.6065 0.5980000000000001 0.60175 0.596 0.6002500000000001 0.5961666671875 0.5934999999999999 0.5978333328125001 0.6 0.6011666671875 0.6 0.6041666671875 0.597 0.6118333328125 0.5974999999999999 0.613 0.59475 0.6126666671875001 0.58875 0.6058333328125001 0.585 0.5986666671875 0.56825 0.597 0.55275 0.601 0.54725 0.6016666671875 0.52975 0.6001666671875 0.5269999999999999 0.5958333328125 0.536 0.5875 0.5365 0.5848333328125 0.5349999999999999 0.5795 0.536 0.5768333328125 0.5295 0.5721666671875 0.529 0.5650000000000001 0.51275 0.5653333328125 0.50625 0.562 0.5002500000000001 0.5633333328125001 0.48825 0.5676666671875 0.47675 0.5673333328125 0.47125000000000006 0.5703333328125 0.46825 0.5723333328125 0.45975 0.5758333328125 0.457 0.5780000000000001 0.45824999999999994 0.5783333328125 0.46525 0.5805 0.46849999999999997 0.5885 0.46699999999999997 0.6005 0.46799999999999997 0.6075 0.46399999999999997 0.6098333328125001 0.46449999999999997 0.611 0.46725000000000005 0.611 0.47675 0.614 0.47975 0.6156666671875 0.48825 0.6133333328125 0.49424999999999997 0.6146666671875 0.5002500000000001 0.6126666671875001 0.51225 0.6083333328125 0.51775 0.6083333328125 0.5237499999999999 0.6118333328125 0.528 0.6161666671875 0.525 0.6173333328124999 0.52175 0.6176666671875 0.51125 0.6196666671875 0.50125 0.619 0.49175 0.6173333328124999 0.48825 0.6176666671875 0.48075 0.6203333328125 0.47575 0.62 0.47074999999999995 0.6166666671875001 0.46475 0.616 0.45025000000000004 0.6118333328125 0.4445 0.6103333328125 0.44725000000000004 0.6101666671875 0.454 0.6045 0.45499999999999996 0.5993333328125 0.44725000000000004 0.6045 0.446 0.607 0.44125 0.5961666671875 0.425 0.5861666671875 0.4215 0.5805 0.4215 0.5681666671875 0.429 0.5650000000000001 0.43574999999999997 0.5676666671875 0.44125 0.5606666671875 0.44125 0.5616666671874999 0.44725000000000004 0.5589999999999999 0.45325 0.5613333328125 0.46025 0.5571666671875 0.462 0.5543333328125 0.45525000000000004 0.5516666671875 0.45325 0.554 0.44875 0.5513333328125001 0.43324999999999997 0.5519999999999999 0.42374999999999996 0.5476666671875 0.41675000000000006 0.5466666671875 0.41174999999999995 0.5405 0.40750000000000003 0.5375 0.403 0.5295 0.4 0.5175 0.4 0.5155000000000001 0.40449999999999997 0.5105000000000001 0.40800000000000003 0.5018333328125 0.4085 0.49816666718749997 0.41150000000000003 0.4943333328125 0.41875 0.493 0.43375 0.49366666718749996 0.44275000000000003 0.49233333281249997 0.44825 0.49749999999999994 0.4535 0.5011666671875 0.4545 0.503 0.45875000000000005 0.493 0.46825 0.49133333281249997 0.47625 0.49066666718749996 0.49524999999999997 0.48683333281249996 0.499 0.48216666718749995 0.499 0.481 0.49574999999999997 0.4813333328125 0.48875 0.4853333328125 0.47625 0.484 0.46825 0.4806666671875 0.46475 0.4803333328125 0.45175 0.48250000000000004 0.44800000000000006 0.484 0.44925 0.485 0.46325000000000005 0.48650000000000004 0.466 0.4916666671875 0.45925000000000005 0.4883333328125 0.44725000000000004 0.48383333281249996 0.4455 0.48250000000000004 0.441 0.4811666671875 0.446 0.47800000000000004 0.44725000000000004 0.477 0.46525 0.475 0.47074999999999995 0.476 0.47675 0.47366666718749995 0.48274999999999996 0.4783333328125 0.5002500000000001 0.4836666671875 0.50175 0.4836666671875 0.50725 0.48200000000000004 0.51225 0.484 0.5197499999999999 0.48166666718749995 0.53575 0.4843333328125 0.54875 0.4886666671875 0.55325 0.48966666718749996 0.5587500000000001 0.4836666671875 0.56425 0.4806666671875 0.57675 0.4823333328125 0.6042500000000001 0.48650000000000004 0.612 0.49066666718749996 0.60825 0.502 0.65075 0.5061666671875 0.651 0.5076666671875001 0.65325 0.5073333328125 0.65925 0.5013333328125 0.67025 0.5003333328124999 0.68875 0.5016666671875 0.70175 0.5073333328125 0.70625 0.5096666671875 0.71425 0.5083333328124999 0.7457499999999999 0.5096666671875 0.75175 0.5146666671875 0.75875 0.5143333328125 0.76775 0.5101666671875 0.7685 0.5096666671875 0.77175 0.513 0.77675 0.5123333328124999 0.78225 0.5146666671875 0.78675 0.5153333328125 0.79425 0.5173333328124999 0.79875 0.5296666671875 0.80375 0.533 0.82975 0.5363333328125 0.83725 0.54 0.8412499999999999 0.5373333328125 0.84575 0.5333333328125 0.85975 0.534 0.8787499999999999 0.5258333328125 0.8880000000000001 0.5226666671875 0.8942500000000001 0.5213333328124999 0.91325 0.5258333328125 0.924 0.5301666671875 0.9244999999999999 0.536 0.92925 0.5353333328125001 0.9477499999999999 0.5389999999999999 0.95875 0.5415 0.9625 0.5513333328125001 0.9637499999999999 0.5575 0.9605 0.5635 0.9490000000000001 0.5838333328124999 0.9494999999999999 0.5894999999999999 0.9475 0.5946666671874999 0.93625 0.595 0.92925 0.597 0.9237500000000001 0.5940000000000001 0.91225 0.5946666671874999 0.90625 0.6014999999999999 0.9025000000000001
0 0.2553333328125 0.28325 0.2471666671875 0.272 0.24016666718750002 0.26749999999999996 0.2355 0.2685 0.2286666671875 0.27575 0.22599999999999998 0.28825 0.2273333328125 0.29275 0.2273333328125 0.30425 0.2316666671875 0.30575 0.2296666671875 0.31175 0.2326666671875 0.31875 0.23399999999999999 0.32875 0.23333333281250002 0.33575 0.2383333328125 0.34025 0.242 0.36124999999999996 0.248 0.36425 0.24700000000000003 0.37075 0.24900000000000003 0.37575 0.24933333281249997 0.38325 0.2511666671875 0.386 0.263 0.38775 0.2663333328125 0.38425 0.2676666671875 0.37124999999999997 0.2666666671875 0.36475 0.2676666671875 0.35825 0.2656666671875 0.34125 0.2693333328125 0.33525 0.268 0.31175 0.2638333328125 0.3045 0.25866666718750003 0.30225 0.2553333328125 0.28325
0 0.3293333328125 0.60625 0.329 0.58825 0.3266666671875 0.58175 0.32566666718750004 0.57325 0.32366666718750003 0.57075 0.324 0.56475 0.3166666671875 0.5587500000000001 0.318 0.55775 0.3178333328125 0.5525 0.3163333328125 0.55325 0.3155 0.5575 0.3135 0.5575 0.3113333328125 0.55325 0.3098333328125 0.5445 0.3083333328125 0.54725 0.3083333328125 0.55525 0.30616666718749996 0.5599999999999999 0.30533333281249997 0.55625 0.304 0.53525 0.3056666671875 0.51775 0.3036666671875 0.50975 0.30333333281249997 0.49725 0.302 0.49424999999999997 0.3051666671875 0.49349999999999994 0.30616666718749996 0.491 0.3105 0.4925 0.3138333328125 0.4835 0.3163333328125 0.48525 0.3178333328125 0.49050000000000005 0.32116666718750003 0.49050000000000005 0.32766666718750004 0.48175 0.3255 0.46299999999999997 0.3218333328125 0.46950000000000003 0.3178333328125 0.4665 0.3135 0.46749999999999997 0.3116666671875 0.46475 0.315 0.45925000000000005 0.31266666718749997 0.45425000000000004 0.31416666718749997 0.44749999999999995 0.3198333328125 0.44749999999999995 0.31766666718750003 0.45325 0.3218333328125 0.4565 0.3255 0.457 0.32599999999999996 0.45525000000000004 0.32566666718750004 0.45025000000000004 0.323 0.44725000000000004 0.327 0.44275000000000003 0.324 0.43475 0.32766666718750004 0.42975 0.32166666718750003 0.41875 0.3226666671875 0.40575 0.3203333328125 0.39275000000000004 0.3178333328125 0.3875 0.31483333281250003 0.386 0.3098333328125 0.3865 0.2905 0.382 0.2866666671875 0.38475000000000004 0.2823333328125 0.39725 0.2823333328125 0.40325 0.2866666671875 0.40025000000000005 0.2866666671875 0.41875 0.2901666671875 0.43099999999999994 0.29533333281249996 0.43025 0.29533333281249996 0.42675 0.29333333281249996 0.42374999999999996 0.2941666671875 0.42300000000000004 0.30016666718749996 0.426 0.3016666671875 0.42925 0.29733333281249996 0.43525 0.29700000000000004 0.44775 0.3 0.45275 0.29733333281249996 0.45925000000000005 0.3003333328125 0.46525 0.2966666671875 0.46975 0.2961666671875 0.4755 0.2938333328125 0.4755 0.2878333328125 0.46749999999999997 0.2821666671875 0.46799999999999997 0.2788333328125 0.4655 0.2748333328125 0.4655 0.2733333328125 0.44675000000000004 0.271 0.44075 0.2628333328125 0.43150000000000005 0.2575 0.4305 0.2553333328125 0.42225 0.251 0.41974999999999996 0.251 0.41174999999999995 0.248 0.40675 0.24666666718750002 0.40075000000000005 0.2366666671875 0.39125 0.2343333328125 0.38225 0.23199999999999998 0.35325 0.22833333281249998 0.34775 0.229 0.34125 0.2266666671875 0.33775 0.2236666671875 0.32525 0.2158333328125 0.3125 0.2118333328125 0.3145 0.21000000000000002 0.30525 0.20099999999999998 0.29425 0.2033333328125 0.28275 0.20233333281250002 0.27125 0.1925 0.262 0.1848333328125 0.263 0.1796666671875 0.27675 0.1796666671875 0.28875 0.1681666671875 0.29900000000000004 0.1648333328125 0.2995 0.159 0.31175 0.1596666671875 0.32475 0.161 0.32875 0.159 0.34725 0.1606666671875 0.35325 0.1523333328125 0.37075 0.1513333328125 0.38125 0.1536666671875 0.39425 0.1561666671875 0.398 0.1608333328125 0.399 0.16583333281249998 0.4035 0.1686666671875 0.41125 0.16933333281250001 0.41775 0.1646666671875 0.42374999999999996 0.1616666671875 0.43475 0.1623333328125 0.45325 0.16933333281250001 0.46075 0.16833333281250001 0.47474999999999995 0.1661666671875 0.47850000000000004 0.1555 0.4805 0.1463333328125 0.48825 0.152 0.49474999999999997 0.1523333328125 0.50625 0.151 0.51125 0.14416666718749999 0.5175 0.14150000000000001 0.518 0.1365 0.515 0.1316666671875 0.51775 0.1316666671875 0.52425 0.1296666671875 0.52975 0.13033333281249998 0.55025 0.1258333328125 0.5515 0.1236666671875 0.55925 0.1298333328125 0.5625 0.132 0.55925 0.13233333281249998 0.55325 0.134 0.55375 0.13533333281249998 0.55925 0.132 0.58275 0.1405 0.5955 0.14666666718750002 0.6002500000000001 0.1476666671875 0.6052500000000001 0.147 0.62425 0.1531666671875 0.6355000000000001 0.1575 0.634 0.1641666671875 0.6425 0.1671666671875 0.644 0.17033333281250002 0.64175 0.17099999999999999 0.63475 0.16899999999999998 0.61975 0.1661666671875 0.6174999999999999 0.1595 0.6184999999999999 0.157 0.61175 0.1608333328125 0.6125 0.16583333281249998 0.609 0.16783333281249999 0.605 0.1728333328125 0.6045 0.1765 0.6144999999999999 0.1808333328125 0.613 0.1845 0.615 0.1846666671875 0.6042500000000001 0.1805 0.602 0.176 0.59475 0.1795 0.588 0.1845 0.5875 0.1868333328125 0.5985 0.20183333281250002 0.601 0.2168333328125 0.5974999999999999 0.2205 0.5995 0.2261666671875 0.609 0.23183333281250001 0.612 0.23766666718749999 0.6212500000000001 0.23766666718749999 0.62975 0.24133333281249997 0.64125 0.2511666671875 0.6635 0.27116666718750004 0.659 0.2745 0.6635 0.2788333328125 0.6625 0.28250000000000003 0.6639999999999999 0.28650000000000003 0.6705 0.2941666671875 0.671 0.29700000000000004 0.66125 0.2996666671875 0.64175 0.2986666671875 0.63325 0.30216666718749996 0.63 0.305 0.63475 0.304 0.64125 0.3086666671875 0.64725 0.3086666671875 0.67625 0.3096666671875 0.68075 0.3113333328125 0.68125 0.3258333328125 0.6769999999999999 0.32799999999999996 0.67075 0.32966666718750004 0.65475 0.3335 0.6545 0.3413333328125 0.64275 0.343 0.63575 0.337 0.63375 0.33599999999999997 0.63075 0.33599999999999997 0.61175 0.3293333328125 0.60625
0 0.6214999999999999 0 0.6198333328125 0.0025 0.6158333328125 0 0.6126666671875001 0.00625 0.6163333328125 0.008749999999999999 0.6171666671875 0.0185 0.6195 0.020999999999999998 0.6251666671875 0.0225 0.6275000000000001 0.028000000000000004 0.6351666671875 0.027500000000000004 0.64 0.03425 0.6386666671875 0.041249999999999995 0.6333333328124999 0.04675 0.632 0.05525 0.6313333328125 0.07625 0.6336666671875 0.08975 0.6398333328125 0.094 0.6435 0.0995 0.6471666671875 0.1 0.6511666671875 0.1035 0.6638333328125 0.10600000000000001 0.6636666671875 0.12375 0.6666666671875 0.13625 0.6716666671875 0.14225000000000002 0.6748333328125 0.149 0.6803333328125001 0.15475 0.6828333328125 0.161 0.689 0.16775 0.6903333328125 0.17275000000000001 0.7016666671875 0.18825 0.7046666671875 0.19724999999999998 0.7096666671875 0.20224999999999999 0.7133333328125 0.21075 0.7178333328125001 0.21400000000000002 0.7203333328125 0.22125 0.7235 0.22349999999999998 0.7281666671875 0.2225 0.7331666671875 0.21549999999999997 0.7375 0.22200000000000003 0.7398333328125 0.217 0.7434999999999999 0.21749999999999997 0.75 0.22725 0.7516666671875 0.24075000000000002 0.7506666671875 0.25925 0.753 0.26475 0.7558333328125 0.267 0.7611666671874999 0.277 0.7718333328125 0.28250000000000003 0.773 0.28825 0.7793333328125 0.29674999999999996 0.7808333328125 0.3025 0.7881666671875001 0.3045 0.7921666671875001 0.3005 0.7963333328125 0.30825 0.7981666671875 0.2955 0.8158333328125 0.294 0.8210000000000001 0.28775 0.8240000000000001 0.27825 0.8253333328125001 0.26725 0.8243333328125001 0.25925 0.826 0.25325000000000003 0.8231666671875001 0.24500000000000002 0.8156666671874999 0.23825 0.8140000000000001 0.23075 0.8203333328125 0.21225 0.8206666671875 0.19924999999999998 0.8186666671875 0.18825 0.82 0.18275 0.8125 0.17250000000000001 0.8078333328125 0.17250000000000001 0.7996666671875 0.16525 0.8009999999999999 0.16025 0.8009999999999999 0.15275 0.7993333328125 0.14725 0.8003333328125001 0.13474999999999998 0.7996666671875 0.12975 0.796 0.12375 0.796 0.11825000000000001 0.8013333328125001 0.10825 0.8039999999999999 0.09975 0.8039999999999999 0.08325 0.8 0.07075000000000001 0.7921666671875001 0.059 0.7805 0.05600000000000001 0.7776666671875 0.05325 0.7776666671875 0.04625 0.775 0.03725 0.7746666671875 0.025750000000000002 0.7713333328124999 0.01775 0.771 0.01225 0.7763333328125 0.00925 0.7786666671875 0.00025 0.6475 0 0.6471666671875 0.0035000000000000005 0.6421666671875 0.004 0.636 0.013750000000000002 0.6355000000000001 0.018 0.6333333328124999 0.01225 0.6328333328125 0 0.6291666671875 0 0.6278333328125 0.006500000000000001 0.6261666671875 0 0.6214999999999999 0