0 0.1604166671875 0.5458333328125 0.16875 0.6041666671875 0.16458333281249998 0.640277778125 0.184375 0.66944444375 0.20208333281250002 0.6708333328125 0.2427083328125 0.66944444375 0.2875 0.60694444375 0.28125 0.56805555625 0.2625 0.5513888890625 0.25833333281250004 0.5208333328125 0.24479166718749998 0.502777778125 0.21770833281250002 0.50555555625 0.2052083328125 0.522222221875 0.178125 0.51944444375 0.1604166671875 0.5458333328125
0 0.409375 0.74444444375 0.44166666718750003 0.784722221875 0.45416666718750004 0.7625 0.43541666718750005 0.70694444375 0.45416666718750004 0.690277778125 0.45625 0.6708333328125 0.43645833281249996 0.6333333328124999 0.3885416671875 0.6361111109375 0.36875 0.6625 0.35208333281250004 0.7263888890625 0.371875 0.75555555625 0.409375 0.74444444375
0 0.46458333281249997 0.5375 0.48854166718750003 0.525 0.49791666718750005 0.5069444437499999 0.49583333281249997 0.4458333328125 0.471875 0.41111111093749997 0.43645833281249996 0.397222221875 0.43541666718750005 0.44305555625000004 0.40208333281249997 0.5013888890625 0.4135416671875 0.5166666671875 0.440625 0.50555555625 0.46458333281249997 0.5375
0 0.2854166671875 0.4486111109375 0.3 0.459722221875 0.3260416671875 0.43333333281249997 0.334375 0.45 0.35104166718749996 0.45 0.3604166671875 0.4263888890625 0.3416666671875 0.3791666671875 0.3177083328125 0.3583333328125 0.2927083328125 0.3583333328125 0.2791666671875 0.3736111109375 0.2916666671875 0.415277778125 0.2854166671875 0.4486111109375
0 0.1125 0.20694444375 0.16875 0.2736111109375 0.16875 0.2875 0.1510416671875 0.2833333328125 0.14791666718750002 0.3013888890625 0.1760416671875 0.33055555625 0.20416666718749998 0.3291666671875 0.23854166718749997 0.3166666671875 0.2604166671875 0.2791666671875 0.2666666671875 0.240277778125 0.25625 0.19583333281249998 0.21979166718749998 0.172222221875 0.2104166671875 0.17916666718750002 0.2166666671875 0.20694444375 0.196875 0.21111111093749999 0.1302083328125 0.16944444375 0.1125 0.20694444375
0 0.38125 0.17361111093749998 0.39375 0.17916666718750002 0.40833333281249995 0.215277778125 0.3958333328125 0.2625 0.415625 0.2833333328125 0.4270833328125 0.28194444375 0.44895833281249997 0.22777777812500002 0.48020833281249997 0.21944444375 0.5010416671875 0.23333333281250002 0.5145833328125 0.20694444375 0.5145833328125 0.18194444375000002 0.4875 0.1208333328125 0.4427083328125 0.0888888890625 0.39895833281250004 0.102777778125 0.375 0.134722221875 0.38125 0.17361111093749998
0 0.3104166671875 0.14861111093749999 0.31875 0.1291666671875 0.3145833328125 0.09305555625 0.3229166671875 0.07638888906249999 0.3135416671875 0.058333332812500006 0.2989583328125 0.052777778124999994 0.26875 0.0791666671875 0.2625 0.109722221875 0.2697916671875 0.125 0.2864583328125 0.1166666671875 0.3104166671875 0.14861111093749999
0 0.0083333328125 0.03194444375 0.0395833328125 0.0486111109375 0.0270833328125 0.1513888890625 0.05208333281250001 0.17361111093749998 0.090625 0.0861111109375 0.096875 0.08333333281250001 0.1 0.10138888906250001 0.1135416671875 0.11388888906250001 0.1354166671875 0.10138888906250001 0.1541666671875 0.059722221875 0.1541666671875 0.034722221875 0.134375 0.00555555625 0.0041666671875 0.0013888890625 0.0083333328125 0.03194444375
0 0.3729166671875 0.04305555625 0.39791666718749996 0.026388889062499997 0.39895833281250004 0 0.3270833328125 0.0013888890625 0.35104166718749996 0.0361111109375 0.3729166671875 0.04305555625
0 0.5364583328125 0 0.5333333328125 0.029166667187500002 0.5416666671875 0.07083333281250001 0.565625 0.10555555624999999 0.5895833328125 0.109722221875 0.6291666671875 0.06805555625000001 0.6291666671875 0.009722221875000001 0.6197916671875 0 0.5364583328125 0
0 0.7875 0.20694444375 0.7770833328125 0.19305555624999998 0.7895833328124999 0.1541666671875 0.7822916671875 0.1361111109375 0.765625 0.1666666671875 0.7489583328125 0.1583333328125 0.73125 0.18194444375000002 0.7458333328125 0.2236111109375 0.7645833328125 0.22916666718749998 0.7875 0.20694444375
0 0.5708333328124999 0.22916666718749998 0.5666666671875 0.290277778125 0.596875 0.33888888906250003 0.61875 0.3375 0.628125 0.3361111109375 0.6354166671875 0.31805555625 0.6229166671875 0.30416666718749996 0.653125 0.275 0.6583333328125 0.25694444375000003 0.6395833328125 0.240277778125 0.6416666671875 0.22638888906250001 0.6302083328125 0.2138888890625 0.5927083328125 0.20833333281250002 0.5708333328124999 0.22916666718749998
0 0.5958333328125 0.4513888890625 0.5916666671875 0.49305555625 0.6 0.540277778125 0.6177083328124999 0.5694444437499999 0.6489583328124999 0.5861111109375 0.675 0.584722221875 0.7020833328125 0.540277778125 0.6895833328125 0.4763888890625 0.7125 0.440277778125 0.703125 0.427777778125 0.6822916671875 0.425 0.653125 0.45 0.6427083328125 0.447222221875 0.6385416671875 0.43055555625 0.609375 0.427777778125 0.5958333328125 0.4513888890625
0 0.7979166671875 0.4291666671875 0.8145833328125001 0.41805555625 0.8104166671874999 0.3736111109375 0.8229166671874999 0.3625 0.8291666671875 0.334722221875 0.7864583328125 0.30555555624999997 0.7552083328125 0.33055555625 0.7416666671875001 0.35694444375 0.7572916671875001 0.38055555625 0.7739583328124999 0.377777778125 0.7979166671875 0.4291666671875
0 1 0.2541666671875 0.9791666671874999 0.2125 0.9614583328125 0.197222221875 0.9239583328125001 0.2138888890625 0.9041666671874999 0.2375 0.8958333328125001 0.26805555625 0.9125 0.34027777812500004 0.921875 0.35 0.94375 0.34861111093749997 1 0.309722221875 1 0.2541666671875
0 0.8791666671874999 0.01805555625 0.8802083328125001 0 0.8520833328125 0.0041666671875 0.8375 0.07638888906249999 0.8614583328125001 0.12222222187500001 0.89375 0.1375 0.9354166671874999 0.115277778125 0.9333333328125001 0.084722221875 0.915625 0.09444444375 0.9125 0.08194444375 0.9322916671874999 0.061111110937500004 0.9697916671875 0.05 0.9697916671875 0.013888889062500001 0.9197916671874999 0.0166666671875 0.890625 0.030555556249999997 0.8791666671874999 0.01805555625
0 0.7 0.0013888890625 0.715625 0.027777778125000003 0.7666666671875 0.0375 0.784375 0 0.7 0.0013888890625
0 0.8822916671875 0.5722222218749999 0.9072916671875 0.577777778125 0.9177083328125001 0.597222221875 0.9375 0.5958333328125 0.9572916671874999 0.55 0.9854166671875 0.5486111109375 0.9916666671875 0.515277778125 0.959375 0.502777778125 0.9625 0.46527777812500004 0.9427083328125001 0.44166666718750003 0.9197916671874999 0.4361111109375 0.8791666671874999 0.47083333281249995 0.8708333328125001 0.5208333328125 0.8822916671875 0.5722222218749999
0 0.7458333328125 0.6486111109375 0.7697916671875 0.622222221875 0.784375 0.6388888890625 0.8104166671874999 0.6319444437499999 0.81875 0.5930555562500001 0.8052083328125 0.5611111109375 0.7708333328125 0.55694444375 0.7604166671875 0.5763888890625 0.7729166671875001 0.5875 0.7354166671875 0.64305555625 0.7458333328125 0.6486111109375
0 0.915625 0.6638888890625 0.8947916671874999 0.6611111109375 0.846875 0.7 0.8354166671875 0.7402777781250001 0.8447916671875 0.7666666671875 0.8708333328125001 0.7597222218749999 0.8833333328125 0.7986111109375 0.8875 0.8513888890624999 0.9020833328125001 0.8541666671874999 0.9229166671875 0.8458333328125001 0.9270833328125001 0.80694444375 0.940625 0.7888888890625 0.9489583328125001 0.7861111109375 0.95625 0.809722221875 0.965625 0.8138888890624999 0.9833333328125 0.7958333328125 0.9854166671875 0.7791666671875 0.9614583328125 0.6972222218749999 0.915625 0.6638888890625
0 0.675 0.8013888890624999 0.65625 0.85694444375 0.6875 0.8708333328125001 0.703125 0.8333333328125001 0.7302083328125 0.85555555625 0.7604166671875 0.8208333328125 0.7625 0.7625 0.753125 0.747222221875 0.715625 0.727777778125 0.7072916671875 0.7361111109375 0.6802083328124999 0.73055555625 0.6583333328125 0.7513888890625 0.675 0.8013888890624999
0 0.80625 0.9902777781250001 0.80625 0.9625 0.7927083328125 0.9416666671874999 0.778125 0.95 0.7708333328125 0.9263888890624999 0.7572916671875001 0.91944444375 0.7541666671875 0.9513888890625 0.73125 0.9986111109375001 0.7979166671875 1 0.80625 0.9902777781250001
0 1 0.91805555625 0.978125 0.897222221875 0.953125 0.8888888890625 0.9354166671874999 0.909722221875 0.94375 0.9291666671875 0.9114583328125001 0.9416666671874999 0.9041666671874999 0.9541666671875 0.909375 0.9666666671874999 0.953125 0.95555555625 0.9635416671874999 0.9833333328125 0.9791666671874999 0.984722221875 1 0.9541666671875 1 0.91805555625
0 0.5083333328124999 0.9708333328125001 0.5197916671875 0.997222221875 0.5791666671875 0.9986111109375001 0.6 0.9513888890625 0.60625 0.8986111109375001 0.5697916671875001 0.83055555625 0.5510416671875 0.827777778125 0.534375 0.8388888890624999 0.5135416671875 0.877777778125 0.47083333281249995 0.8847222218749999 0.4739583328125 0.925 0.5145833328125 0.9375 0.5083333328124999 0.9708333328125001
0 0.39791666718749996 1 0.3958333328125 0.95694444375 0.384375 0.9333333328125001 0.3552083328125 0.9444444437499999 0.3375 0.9736111109375001 0.3489583328125 1 0.39791666718749996 1
0 0.2166666671875 0.81805555625 0.234375 0.8194444437499999 0.23958333281250002 0.840277778125 0.23333333281250002 0.8791666671874999 0.20833333281250002 0.9208333328125 0.23125 0.940277778125 0.27395833281250004 0.8888888890625 0.2927083328125 0.9083333328125001 0.3114583328125 0.9083333328125001 0.325 0.890277778125 0.3291666671875 0.8736111109375001 0.31875 0.815277778125 0.278125 0.772222221875 0.2427083328125 0.7666666671875 0.2166666671875 0.79305555625 0.2166666671875 0.81805555625
0 0.18125 1 0.178125 0.9861111109375 0.13229166718750002 0.952777778125 0.103125 0.9638888890624999 0.0791666671875 0.9958333328125001 0.18125 1
0 0 0.890277778125 0.0229166671875 0.8958333328125001 0.046875 0.875 0.071875 0.86944444375 0.1 0.83194444375 0.11875 0.7375 0.096875 0.7 0.06979166718749999 0.70555555625 0.05729166718749999 0.7416666671875001 0 0.715277778125 0 0.890277778125
0 0.0197916671875 0.575 0.06875 0.609722221875 0.08333333281250001 0.5875 0.059375 0.55 0.055208332812500004 0.5583333328125 0.0458333328125 0.5458333328125 0.054166667187499996 0.5236111109375 0.05 0.490277778125 0.0364583328125 0.47222222187499996 0.0052083328125 0.47222222187499996 0 0.6013888890625 0.0197916671875 0.575
0 0.0375 0.3625 0.0614583328125 0.39444444375 0.0770833328125 0.3986111109375 0.0916666671875 0.39027777812500003 0.08854166718749999 0.38055555625 0.1177083328125 0.3888888890625 0.1208333328125 0.3763888890625 0.0958333328125 0.35972222187499997 0.10625 0.34027777812500004 0.0947916671875 0.3166666671875 0.055208332812500004 0.3138888890625 0.0395833328125 0.334722221875 0.0375 0.3625
0 0.59375 0.6958333328124999 0.5958333328125 0.6486111109375 0.584375 0.6361111109375 0.5697916671875001 0.64444444375 0.546875 0.5944444437499999 0.5375 0.6125 0.5541666671875001 0.659722221875 0.5479166671875 0.6986111109375 0.5645833328125 0.7125 0.59375 0.6958333328124999