0 0.05 0.0859375 0.1 0.171875
0 0.18203125 0.10703125 0.1984375 0.2140625
0 0.5953125 0.12421875 0.2578125 0.2484375
0 0.82265625 0.09609375 0.171875 0.1921875
0 0.9578125 0.12890625 0.0828125 0.2578125
0 0.13359375 0.2984375 0.2671875 0.359375
0 0.35234375 0.23203125 0.2265625 0.3546875
0 0.775 0.29453125 0.3140625 0.290625
0 0.94375 0.35546875 0.1109375 0.2625
0 0.50390625 0.4578125 0.2046875 0.4078125
0 0.09375 0.56953125 0.1875 0.3125
0 0.26875 0.5828125 0.2203125 0.4390625
0 0.703125 0.61015625 0.275 0.39375
0 0.88046875 0.584375 0.2390625 0.334375
0 0.4640625 0.76328125 0.315625 0.321875
0 0.10546875 0.81953125 0.2109375 0.3453125
0 0.296875 0.91015625 0.275 0.1796875
0 0.59609375 0.9078125 0.3 0.184375
0 0.85234375 0.87578125 0.246875 0.2484375