0 0.13046875 0.17578125 0.234375 0.321875
0 0.9046875 0.271875 0.190625 0.46875
0 0.35625 0.31171875 0.1859375 0.371875
0 0.5390625 0.321875 0.1734375 0.275
0 0.728125 0.41953125 0.24375 0.403125
0 0.1390625 0.4890625 0.2265625 0.3359375
0 0.5296875 0.57890625 0.2234375 0.3671875
0 0.3453125 0.68046875 0.1796875 0.346875
0 0.89375 0.703125 0.2109375 0.4046875
0 0.71953125 0.753125 0.19375 0.3203125
0 0.1328125 0.809375 0.1890625 0.2953125
0 0.375 0.9171875 0.3078125 0.165625
0 0.77265625 0.9171875 0.4546875 0.165625
0 0.4828125 0.09375 0.2578125 0.16875
0 0.7015625 0.11875 0.2171875 0.21875