0 0.443313953125 0.41013071874999996 0.13808139531250002 0.5506535953125 0.066860465625 0.5923202609375 0.01162790625 0.633169934375 0.014534884375000001 0.6478758171875 0.0377906984375 0.6560457515625 0.15552325625000002 0.62418300625 0.254360465625 0.6078431375 0.33866279062500004 0.5751633984375 0.3822674421875 0.5490196078125 0.6700581390625 0.44444444375 0.73837209375 0.40114379062500005 0.723837209375 0.3635620921875 0.67587209375 0.3447712421875 0.640988371875 0.33986928125000004 0.443313953125 0.41013071874999996
0 0.20930232499999998 0.9893790843750001 0.2223837203125 0.9901960781250001 0.2732558140625 0.96323529375 0.3662790703125 0.8864379078125 0.44767441874999997 0.8096405234375 0.459302325 0.776960784375 0.505813953125 0.7426470593750001 0.5436046515624999 0.6903594765625 0.5436046515624999 0.6462418296875 0.4927325578125 0.616013071875 0.44912790625000004 0.614379084375 0.38662790625 0.6380718953125 0.34302325625 0.6740196078125 0.29360465156250004 0.7442810453125001 0.23837209375 0.7998366015625 0.15552325625000002 0.8529411765624999 0.0029069765625 0.919117646875 0.01017441875 1 0.1947674421875 0.99918300625 0.161337209375 0.9869281046875 0.140988371875 0.9934640515625001 0.13517441875 0.9852941171875 0.09447674375000001 0.9852941171875 0.09302325624999999 0.9795751640624999 0.1322674421875 0.98039215625 0.13808139531250002 0.972222221875 0.193313953125 0.9689542484375 0.2122093015625 0.9746732031249999 0.20930232499999998 0.9893790843750001
0 0.48255813906249995 0.99918300625 0.5726744187499999 0.901143790625 0.639534884375 0.8080065359375 0.630813953125 0.741013071875 0.59447674375 0.7173202609375 0.5654069765624999 0.722222221875 0.5348837203125 0.75081699375 0.494186046875 0.7704248359375 0.4447674421875 0.8243464046875 0.25 0.9975490203125 0.48255813906249995 0.99918300625
0 0.78197674375 0.8602941171875 0.7703488375 0.8161764703125 0.734011628125 0.8006535953125 0.6845930234375001 0.8039215687500001 0.625 0.8423202609375 0.48837209374999996 0.99918300625 0.6976744187499999 0.99918300625 0.735465115625 0.9616013078125001 0.78197674375 0.8602941171875
0 0.9941860468750001 0.89460784375 0.94912790625 0.8676470593750001 0.9055232562500001 0.8627450984375 0.816860465625 0.89297385625 0.7325581390625 0.9828431375 0.7514534890625 1 0.9302325578125 0.99918300625 0.9651162796874999 0.9616013078125001 0.9941860468750001 0.89460784375
0 1 0.74918300625 0.9985465109374999 0.5 0.9622093015625 0.5416666671875 0.941860465625 0.590686275 0.8517441859374999 0.6756535953125 0.828488371875 0.7263071890624999 0.8401162796874999 0.76879085 0.8880813953125 0.7892156859375 0.9273255812500001 0.7883986921874999 1 0.74918300625
0 0.7296511625 0.590686275 0.7470930234375001 0.6119281046875 0.7892441859375 0.62581699375 0.8575581390625 0.6299019609375 0.896802325 0.6209150328125 0.9273255812500001 0.6021241828125 0.9563953484375001 0.543300653125 1 0.4861111109375 0.9985465109374999 0.3169934640625 0.9709302328125 0.329248365625 0.9302325578125 0.39133986875 0.7587209296874999 0.5220588234375 0.7296511625 0.5580065359375 0.7296511625 0.590686275
0 0.8430232562500001 0.41258169999999994 0.8473837203125001 0.419934640625 0.8125 0.4232026140625 0.744186046875 0.46160130781250003 0.6540697671875 0.5302287578125 0.598837209375 0.5939542484375 0.5813953484375001 0.6282679734375 0.5872093015625001 0.6658496734375 0.629360465625 0.6928104578125 0.683139534375 0.6952614374999999 0.7151162796875 0.685457515625 0.7674418609375 0.634803921875 0.7267441859375 0.5890522875 0.7325581390625 0.546568628125 0.896802325 0.4068627453125 0.875 0.4158496734375 0.8677325578125 0.42973856250000003 0.8662790703125 0.4044117640625 0.8561046515624999 0.40359477187500004 0.8430232562500001 0.41258169999999994
0 0.7630813953125 0.3447712421875 0.7325581390625 0.3537581703125 0.7267441859375 0.366830065625 0.73837209375 0.3766339875 0.7412790703125001 0.40114379062500005 0.6875 0.439542484375 0.375 0.5580065359375 0.36337209375 0.579248365625 0.375 0.6102941171875 0.42151162812500004 0.615196078125 0.49563953437499997 0.6127450984375 0.5421511625 0.598039215625 0.5973837203125 0.5653594765625 0.609011628125 0.5702614374999999 0.6162790703125001 0.5661764703125 0.639534884375 0.53349673125 0.808139534375 0.419117646875 0.828488371875 0.3684640515625 0.8037790703125 0.348039215625 0.7630813953125 0.3447712421875
0 0 0.7736928109375001 0.0087209296875 0.7753267968750001 0.15552325625000002 0.73039215625 0.30087209375 0.7009803921875 0.360465115625 0.6544117640625 0.3372093015625 0.6102941171875 0.318313953125 0.6045751640625 0.22819767500000002 0.616013071875 0.01017441875 0.6846405234375 0 0.6936274515624999 0 0.7736928109375001
0 0.2325581390625 0.8014705875000001 0.2732558140625 0.758986928125 0.26889534843749996 0.73202614375 0.23401162812499998 0.723856209375 0.181686046875 0.7271241828125 0.0029069765625 0.778594771875 0.005813953125 0.9060457515625 0.1787790703125 0.8333333328125001 0.2325581390625 0.8014705875000001
0 0.22093023281250002 0.3799019609375 0.191860465625 0.4076797390625 0.17732558125 0.45016339843750003 0.2078488375 0.4705882359375 0.2529069765625 0.47303921562499995 0.2877906984375 0.4599673203125 0.4447674421875 0.3390522875 0.494186046875 0.311274509375 0.5 0.2818627453125 0.514534884375 0.275326796875 0.5101744187499999 0.26633986875 0.443313953125 0.2630718953125 0.4026162796875 0.2728758171875 0.3052325578125 0.32271241875 0.22093023281250002 0.3799019609375
0 0.619186046875 0.17892156875 0.5901162796875 0.23611111093749998 0.53197674375 0.2900326796875 0.3662790703125 0.40277777812500004 0.3459302328125 0.435457515625 0.360465115625 0.44362745156249994 0.5276162796875 0.37418300625 0.603197675 0.3529411765625 0.6337209296874999 0.332516340625 0.683139534375 0.2704248359375 0.6802325578125 0.242647059375 0.7005813953125 0.1756535953125 0.693313953125 0.1405228765625 0.672965115625 0.1372549015625 0.65697674375 0.14297385625 0.619186046875 0.17892156875
0 0.683139534375 0.2802287578125 0.703488371875 0.314542484375 0.7325581390625 0.31944444375000003 0.76162790625 0.3047385625 0.808139534375 0.2540849671875 0.8779069765624999 0.1985294125 0.88662790625 0.1756535953125 0.8735465109374999 0.1633986921875 0.8473837203125001 0.16176470625 0.82412790625 0.168300653125 0.754360465625 0.1993464046875 0.7005813953125 0.23774509843749997 0.683139534375 0.2802287578125
0 0.9186046515624999 0.275326796875 0.959302325 0.23774509843749997 0.9709302328125 0.20833333281250002 0.9316860468750001 0.1830065359375 0.9026162796874999 0.186274509375 0.875 0.20179738593750002 0.76162790625 0.3063725484375 0.7529069765624999 0.3357843140625 0.8197674421875 0.34068627500000004 0.9186046515624999 0.275326796875
0 0.9578488374999999 0.349673203125 0.9680232562500001 0.330882353125 1 0.312908496875 0.9985465109374999 0.24019607812500002 0.9055232562500001 0.28431372499999996 0.860465115625 0.31617647031249996 0.860465115625 0.348856209375 0.8764534890625001 0.3578431375 0.8982558140625001 0.35866013125 0.9578488374999999 0.349673203125
0 0.9171511625000001 0 0.7994186046875 0.0514705875 0.7877906984374999 0.06944444375 0.796511628125 0.0857843140625 0.8401162796874999 0.0939542484375 0.8735465109374999 0.0866013078125 0.9825581390625 0.0318627453125 1 0.0171568625 1 0 0.9171511625000001 0
0 0.8808139531249999 0.11846405156249999 0.8997093015625 0.1094771234375 0.9200581390625 0.10294117656249999 0.9607558140625001 0.10294117656249999 1 0.0776143796875 0.9985465109374999 0.026143790625000003 0.86337209375 0.0939542484375 0.848837209375 0.1299019609375 0.8691860468750001 0.1364379078125 0.8808139531249999 0.11846405156249999
0 0.7994186046875 0.0498366015625 0.86337209375 0.0171568625 0.870639534375 0 0.7790697671875 0.0024509796875 0.683139534375 0.0743464046875 0.6947674421875 0.1004901953125 0.7151162796875 0.10702614375 0.7790697671875 0.0743464046875 0.7994186046875 0.0498366015625
0 0.1787790703125 0.49509803906250005 0.2063953484375 0.47630718906249997 0.17441860468749998 0.44199346406249995 0.1889534890625 0.4076797390625 0.24854651093750002 0.35620915000000003 0.0799418609375 0.419934640625 0.023255814062499998 0.45669934687499997 0.0334302328125 0.49346405156250006 0.125 0.508986928125 0.1787790703125 0.49509803906250005
0 0 0.4599673203125 0.01162790625 0.46160130781250003 0.0625 0.4264705875 0.265988371875 0.34640522812499996 0.36337209375 0.2916666671875 0.3720930234375 0.2655228765625 0.3502906984375 0.258169934375 0.34447674375 0.2647058828125 0.3125 0.259803921875 0.21075581406250002 0.2990196078125 0.01017441875 0.3611111109375 0 0.3684640515625 0 0.4599673203125
0 0 0.3521241828125 0.014534884375000001 0.3521241828125 0.1264534890625 0.321895425 0.3154069765625 0.258169934375 0.32267441875 0.23774509843749997 0.308139534375 0.221405228125 0.2776162796875 0.2140522875 0.23982558125 0.215686275 0.1904069765625 0.23202614375000002 0.1061046515625 0.2450980390625 0.004360465625 0.2712418296875 0 0.3521241828125
0 0.3401162796875 0.24918300625 0.3953488375 0.2704248359375 0.6337209296874999 0.15441176406249998 0.6627906984374999 0.1266339875 0.6627906984374999 0.11356209218749999 0.646802325 0.099673203125 0.6061046515624999 0.09477124218750001 0.55087209375 0.1111111109375 0.431686046875 0.15849673125 0.3546511625 0.20506535937499998 0.334302325 0.23120915000000003 0.3401162796875 0.24918300625
0 0.2848837203125 0.1495098046875 0.2877906984375 0.16584967343749998 0.3125 0.1797385625 0.3662790703125 0.1821895421875 0.5232558140625 0.1217320265625 0.5813953484375001 0.08251634062499999 0.59302325625 0.06944444375 0.5828488375 0.055555556250000006 0.5654069765624999 0.0473856203125 0.5421511625 0.0506535953125 0.443313953125 0.0866013078125 0.36482558125 0.099673203125 0.30232558125 0.12826797343750002 0.2848837203125 0.1495098046875
0 0.2470930234375 0.14297385625 0.2572674421875 0.1552287578125 0.28197674375 0.15441176406249998 0.3125 0.1209150328125 0.38517441875 0.0931372546875 0.4607558140625 0.080065359375 0.494186046875 0.064542484375 0.4912790703125 0.053104575 0.46947674375000004 0.042483659374999996 0.431686046875 0.042483659374999996 0.3125 0.0866013078125 0.2790697671875 0.10539215625000001 0.2470930234375 0.14297385625