0 0.545751634375 0.20588235312499997 0.49509803906250005 0.1911764703125 0.4166666671875 0.2254901953125 0.41013071874999996 0.257352940625 0.3921568625 0.28676470625 0.37254902031250003 0.3431372546875 0.3692810453125 0.40931372499999996 0.37745097968749997 0.46568627500000004 0.41176470624999995 0.5416666671875 0.44607843125 0.580882353125 0.5326797390625 0.6029411765625 0.5653594765625 0.6004901953124999 0.6111111109375 0.561274509375 0.635620915625 0.5147058828125 0.6405228765625 0.42892156875 0.6225490203125 0.30882352968750004 0.596405228125 0.2549019609375 0.545751634375 0.20588235312499997
0 0.8709150328125 0.49754902031250003 0.83986928125 0.44362745156249994 0.7908496734375 0.4068627453125 0.7173202609375 0.39460784375 0.66013071875 0.43382352968750004 0.64379085 0.4828431375 0.62581699375 0.651960784375 0.653594771875 0.7279411765625 0.6944444437499999 0.784313725 0.7385620921875 0.8063725484375001 0.7745098046875001 0.8014705875000001 0.7794117640625 0.78676470625 0.8071895421875 0.7916666671875 0.8366013078125001 0.7720588234375 0.8692810453125001 0.7254901953124999 0.8888888890625 0.6666666671875 0.8921568625 0.5931372546875 0.8709150328125 0.49754902031250003
0 0.6176470593750001 1 0.6405228765625 0.9436274515624999 0.651960784375 0.8700980390625 0.6421568625 0.7573529406249999 0.6013071890624999 0.6666666671875 0.5588235296875 0.6200980390625 0.5326797390625 0.6102941171875 0.4771241828125 0.6127450984375 0.41339869218749997 0.6372549015625 0.37418300625 0.6911764703125 0.3545751640625 0.7720588234375 0.3545751640625 0.91176470625 0.366013071875 0.9583333328125001 0.382352940625 0.9779411765624999 0.44281045781249995 1 0.6176470593750001 1
0 0.33823529375 0.6985294125 0.312091503125 0.6323529406249999 0.2647058828125 0.58823529375 0.22875817031249998 0.5759803921875 0.1764705875 0.5759803921875 0.1405228765625 0.590686275 0.0866013078125 0.6470588234375 0.0669934640625 0.705882353125 0.06535947656249999 0.7549019609375 0.09150326875 0.848039215625 0.09640522812499999 0.8970588234375001 0.1111111109375 0.9436274515624999 0.12745097968750002 0.9583333328125001 0.1928104578125 0.96323529375 0.26797385625 0.9460784312499999 0.294117646875 0.9240196078125 0.3186274515625 0.8872549015625 0.34150326875000003 0.828431371875 0.34640522812499996 0.7524509796875 0.33823529375 0.6985294125
0 0.8578431375 0.151960784375 0.8088235296875 0.2254901953125 0.795751634375 0.2671568625 0.8006535953125 0.3357843140625 0.792483659375 0.35539215625 0.794117646875 0.40196078437500005 0.8447712421875 0.453431371875 0.87418300625 0.5073529406249999 0.937908496875 0.5122549015625 0.965686275 0.49264705937500003 0.9983660125 0.4485294125 1 0.223039215625 0.9624183000000001 0.169117646875 0.9166666671874999 0.1470588234375 0.8578431375 0.151960784375
0 0.31953125 0.26796875 0.234375 0.35
0 0.19140625 0.51640625 0.2328125 0.246875
0 0.1015625 0.2890625 0.203125 0.36875
0 0.86875 0.88984375 0.2625 0.2171875
0 0.7421875 0.2484375 0.1953125 0.2828125
0 0.63203125 0.08359375 0.2109375 0.1671875