0 0.1484375 0.0546875 0.121875 0.109375
0 0.0609375 0.628125 0.115625 0.20625
0 0.1953125 0.6328125 0.1515625 0.3265625
0 0.63125 0.68515625 0.1578125 0.234375
0 0.37734375 0.7078125 0.1515625 0.290625
0 0.96015625 0.0765625 0.0796875 0.153125
0 0.45703125 0.08515625 0.1140625 0.1703125
0 0.81328125 0.0859375 0.1 0.171875
0 0.87578125 0.8484375 0.1734375 0.221875
0 0.0859375 0.86171875 0.165625 0.259375
0 0.6671875 0.9 0.15625 0.19375
0 0.37109375 0.9234375 0.21875 0.153125
0 0.17109375 0.934375 0.1453125 0.13125
0 0.58984375 0.0984375 0.146875 0.175
0 0.70859375 0.10859375 0.0875 0.196875
0 0.05 0.14140625 0.0921875 0.2828125
0 0.9046875 0.159375 0.078125 0.15625
0 0.34140625 0.16875 0.1078125 0.184375
0 0.846875 0.234375 0.1015625 0.25
0 0.5296875 0.24453125 0.121875 0.2046875
0 0.64921875 0.2625 0.128125 0.2203125
0 0.75625 0.26328125 0.109375 0.1546875
0 0.1203125 0.265625 0.13125 0.215625
0 0.25078125 0.28359375 0.13125 0.2828125
0 0.34765625 0.0328125 0.0984375 0.065625
0 0.93046875 0.33515625 0.1078125 0.2109375
0 0.35546875 0.38828125 0.1359375 0.2625
0 0.87578125 0.04921875 0.071875 0.0984375
0 0.5109375 0.471875 0.140625 0.2890625
0 0.14140625 0.4734375 0.121875 0.2046875
0 0.6515625 0.49140625 0.1609375 0.2296875