0 0.01938610625 0.3143852625 0.0624668828125 0.3157894734375 0.10016155156249999 0.29894736875 0.11093214843750002 0.2736842109375 0.1012390953125 0.21894736875 0.0775444265625 0.1642105265625 0.051696284375 0.15017473750000002 0 0.151578946875 0.0021534734375 0.3003515796875 0.01938610625 0.3143852625
0 0.094777059375 0.18385894687499998 0.10770113125 0.22877263124999997 0.136780290625 0.26105263125 0.1755525046875 0.26105263125 0.2057075921875 0.22596421093750002 0.216478190625 0.1964905265625 0.202476575 0.151578946875 0.1766284328125 0.1235094734375 0.136780290625 0.1108778953125 0.098008078125 0.1431578953125 0.094777059375 0.18385894687499998
0 0.177705978125 0.29473684218749996 0.1906300484375 0.3368421046875 0.2294022609375 0.3536842109375 0.27248303749999997 0.3354378953125 0.2940226171875 0.2835094734375 0.296176090625 0.24 0.2434038765625 0.20491157968749998 0.21324717343750002 0.2175431578125 0.192783521875 0.2526315796875 0.177705978125 0.29473684218749996
0 0.3704894984375 0.3101747375 0.3920306953125 0.32 0.43187883749999995 0.29894736875 0.4501890140625 0.2736842109375 0.45342003281250004 0.221753684375 0.41141680156250005 0.1557894734375 0.3726445875 0.14877263125 0.338179321875 0.1950884203125 0.34141033906249996 0.2554378953125 0.3704894984375 0.3101747375
0 0.197092084375 0.002806315625 0.173397415625 0.0224568421875 0.1540113078125 0.0547368421875 0.159397415625 0.0968421046875 0.177705978125 0.1164905265625 0.2067851375 0.141753684375 0.2498659125 0.130526315625 0.276789984375 0.098246315625 0.28217609062500004 0.06175368437499999 0.277867528125 0.0350884203125 0.25309693125 0.0224568421875 0.23694184218749997 0 0.197092084375 0.002806315625
0 0.0796979 0.3508778953125 0.0840064625 0.381753684375 0.10770113125 0.42105263125 0.173397415625 0.423858946875 0.18847657499999998 0.3943852625 0.1992455578125 0.34666736875000004 0.177705978125 0.3185957890625 0.1766284328125 0.3003515796875 0.12816316562500002 0.29473684218749996 0.094777059375 0.311578946875 0.0796979 0.3508778953125
0 0.2649434578125 0.38877263125 0.2800210015625 0.42105263125 0.3123311796875 0.4308778953125 0.36725848125 0.42666736875 0.37587560625 0.408421053125 0.3726445875 0.36772 0.38879967656250003 0.3270168421875 0.35002746406249996 0.2849115796875 0.3134087234375 0.28772000000000003 0.2746365109375 0.338246315625 0.2649434578125 0.38877263125
0 0.4491114703125 0.29473684218749996 0.41249272968749995 0.3101747375 0.38879967656250003 0.328421053125 0.376951534375 0.34666736875000004 0.37587560625 0.38456210468749996 0.382337640625 0.41263157968749997 0.400646203125 0.43228 0.47065105 0.43228 0.488961228125 0.3929831578125 0.48788368281250005 0.34947368437500004 0.46203554062499996 0.3059642109375 0.4491114703125 0.29473684218749996
0 0.338179321875 0.1964905265625 0.35325848125000003 0.1656147375 0.3844911140625 0.1445621046875 0.3780290796875 0.119298946875 0.357565428125 0.1108778953125 0.333872375 0.0996484203125 0.32848626875 0.08842105312500001 0.304793215625 0.0968421046875 0.2757140546875 0.12912210468750002 0.268174475 0.1670168421875 0.27894507343749997 0.20772 0.296176090625 0.237193684375 0.3166397421875 0.2470168421875 0.34141033906249996 0.242806315625 0.338179321875 0.1964905265625
0 0.4868061390625 0.018246315625000002 0.4458804515625 0.029473684374999996 0.41464781874999995 0.0645621046875 0.4027996765625 0.0940357890625 0.40172374843750003 0.13754315781249998 0.4178788375 0.1642105265625 0.46418901406249996 0.1768421046875 0.49542326406250004 0.157193684375 0.5298869140625 0.12070105312499999 0.5417334406250001 0.0814042109375 0.5255783515625 0.05614105312499999 0.5051163171875 0.0224568421875 0.4868061390625 0.018246315625000002
0 0.6322019390625 0.0435094734375 0.5891227781249999 0.05614105312499999 0.565428109375 0.08561473750000001 0.544964459375 0.12070105312499999 0.5438885296875 0.16982526250000002 0.5665056546875 0.21333263125 0.5912762515625001 0.2273684203125 0.6225088859375 0.221753684375 0.653743134375 0.1950884203125 0.6752827140625 0.17122736875 0.6860533125 0.12912210468750002 0.6774361875 0.0870168421875 0.6612810984374999 0.0519305265625 0.6322019390625 0.0435094734375
0 0.5621970921874999 0.2624568421875 0.5869676890625 0.2273684203125 0.5675815828124999 0.216141053125 0.5438885296875 0.16982526250000002 0.5428109859375 0.13473684218749998 0.5245024234375 0.130526315625 0.499730209375 0.1529831578125 0.48142164843749996 0.1754378953125 0.47065105 0.2119305265625 0.47819062968750004 0.25122736875 0.4964991921875 0.2750884203125 0.5288093703125 0.2764905265625 0.5621970921874999 0.2624568421875
0 0.5535815828125 0.2891221046875 0.5191163171875 0.2821052625 0.4975767359375 0.2821052625 0.47172859375 0.3059642109375 0.48357512187499996 0.3452631578125 0.4921922453125 0.37754315781250003 0.48573020937500005 0.4056147375 0.499730209375 0.429473684375 0.5417334406250001 0.43228 0.5675815828124999 0.4350884203125 0.5805056546875 0.423858946875 0.565428109375 0.3831578953125 0.565428109375 0.3536842109375 0.57835218125 0.3298252625 0.5869676890625 0.317193684375 0.5535815828125 0.2891221046875
0 0.6289709203125 0.30877263125 0.6009693046875 0.3059642109375 0.5761987078125 0.3270168421875 0.5621970921874999 0.35228000000000004 0.565428109375 0.397193684375 0.5815831984375001 0.4252631578125 0.6085088859375001 0.439298946875 0.6472810984375 0.4350884203125 0.664512115625 0.4336842109375 0.6795912765625001 0.3985957890625 0.67851373125 0.35228000000000004 0.6580500812500001 0.3214042109375 0.6289709203125 0.30877263125
0 0.69682229375 0.23578947343749998 0.6838982234375 0.20491157968749998 0.667743134375 0.1908778953125 0.6343570281249999 0.21894736875 0.603122778125 0.2245621046875 0.5891227781249999 0.2273684203125 0.5729676890625 0.2498252625 0.5718901453125 0.28772000000000003 0.5848142171874999 0.3143852625 0.6095848140625 0.3031578953125 0.6354329562500001 0.3101747375 0.6569741515625 0.3214042109375 0.6828222937499999 0.29333263125000003 0.695746365625 0.2778947375 0.69682229375 0.23578947343749998
0 0.69682229375 0.29754315781249996 0.668820678125 0.3270168421875 0.6774361875 0.35929894687499997 0.6795912765625001 0.3985957890625 0.673129240625 0.418246315625 0.6849757671875001 0.440701053125 0.7635977390625001 0.4378947375 0.7786752828125 0.41964842031250005 0.78513731875 0.3859642109375 0.7819062999999999 0.35228000000000004 0.76682875625 0.3242105265625 0.7366720515625 0.29473684218749996 0.69682229375 0.29754315781249996
0 0.916531503125 0.29754315781249996 0.9176090468749999 0.2680694734375 0.88960743125 0.2245621046875 0.8594507265625 0.2119305265625 0.8400646203125 0.2175431578125 0.8228319875000001 0.22596421093750002 0.804523425 0.2456147375 0.7894458796875 0.2736842109375 0.7797528265625 0.301753684375 0.7840597734375 0.33122736875 0.791599353125 0.3564905265625 0.809907915625 0.37333263125 0.8389870765625 0.37754315781250003 0.8745282718749999 0.36772 0.8971453953124999 0.3424568421875 0.916531503125 0.29754315781249996
0 0.9176090468749999 0.29754315781249996 0.90360743125 0.3326315796875 0.893914378125 0.35228000000000004 0.8874523421875 0.3663157890625 0.8874523421875 0.40701684218749995 0.8993004843750001 0.4350884203125 0.9822294015624999 0.4421052625 0.9994620359375 0.418246315625 1 0.3031578953125 0.9789983843750001 0.29052631562500003 0.9402261718749999 0.2835094734375 0.9176090468749999 0.29754315781249996
0 0.9456106625 0.0364905265625 0.9219176093750001 0.0364905265625 0.904684975 0.06175368437499999 0.8863764140624999 0.0757894734375 0.8745282718749999 0.08561473750000001 0.871297253125 0.109473684375 0.8766833609375 0.1585957890625 0.8949919218750001 0.189473684375 0.9337641359375001 0.20070105312500003 0.970382875 0.18105263124999998 0.9886914375 0.13754315781249998 0.9876138937500001 0.09263157968749999 0.9714588046875001 0.05894736874999999 0.9456106625 0.0364905265625
0 0.2477108234375 0.6652631578125 0.2240177703125 0.6470168421875 0.202476575 0.6456147375 0.18416801249999998 0.663858946875 0.16047334375 0.669473684375 0.14108723750000002 0.6961410531250001 0.1303182546875 0.7270168421875 0.1378562203125 0.781753684375 0.16801292343750002 0.8252631578124999 0.2003231015625 0.8421052625 0.23801777031250002 0.8378947374999999 0.268174475 0.8056147375 0.277867528125 0.7649115796875 0.26709693125 0.7059642109375 0.2477108234375 0.6652631578125
0 0.14001130781249999 0.9445621046875001 0.14539580000000002 0.9389473687500001 0.14431825468749998 0.8996484203125 0.14647334375 0.8800000000000001 0.15293537968749998 0.850526315625 0.1475492734375 0.8154378953125001 0.12816316562500002 0.7873684203125 0.10554604218750001 0.7803515796875 0.0764668828125 0.7859642109375 0.054927301562499996 0.7957894734375001 0.0355411953125 0.8266673687500001 0.046311793750000003 0.850526315625 0.046311793750000003 0.877193684375 0.03769466875 0.9024568421874999 0.0312326328125 0.9178947375 0.0398497578125 0.94877263125 0.0624668828125 0.9726315796874999 0.08939095312499999 0.98666736875 0.11954765781250001 0.9740357890625001 0.14001130781249999 0.9445621046875001
0 0.258481421875 0.9656147374999999 0.276789984375 0.9192989468749999 0.2660210015625 0.8645621046875 0.2412487890625 0.8435094734374999 0.2143247171875 0.8449115796875001 0.2110937 0.8421052625 0.1895525046875 0.8364905265625 0.1712439421875 0.829473684375 0.156166396875 0.8463157890625 0.1475492734375 0.86877263125 0.14108723750000002 0.8800000000000001 0.14647334375 0.8870168421875 0.14431825468749998 0.9136842109375 0.14647334375 0.9389473687500001 0.16047334375 0.9642105265625001 0.197092084375 0.9810526312500001 0.234786753125 0.9810526312500001 0.258481421875 0.9656147374999999
0 0.49003715625 0.6989473687500001 0.465266559375 0.73122736875 0.45342003281250004 0.77333263125 0.45126494375000004 0.8196484203125 0.4684975765625 0.8617536843750001 0.507269790625 0.8757894734375 0.550350565625 0.86877263125 0.588045234375 0.8364905265625 0.5955848140625 0.7859642109375 0.5815831984375001 0.7270168421875 0.5525040390625 0.69333263125 0.5158852984375 0.690526315625 0.49003715625 0.6989473687500001
0 0.484652665625 0.9459642109375 0.4631130859375 0.9178947375 0.4254168015625 0.9164905265625001 0.3974151859375 0.9319305265625 0.38556865937499996 0.9656147374999999 0.376951534375 0.9978947375 0.5105008078125 1 0.504038771875 0.978246315625 0.484652665625 0.9459642109375
0 0.488961228125 0.5922799999999999 0.45557350625000004 0.5866673687499999 0.42218578281249997 0.5852631578125 0.39418416875 0.610526315625 0.380182553125 0.6624568421875 0.3877221328125 0.7045621046874999 0.4157237484375 0.7298252625 0.4448029078125 0.7396484203125 0.4631130859375 0.7368421046875 0.48034410312500003 0.7073684203124999 0.504038771875 0.6961410531250001 0.526655896875 0.68772 0.5341954765625 0.658246315625 0.5201938609375001 0.6259642109375 0.488961228125 0.5922799999999999
0 0.6548190625 0.5936842109375 0.6138933765625 0.5740357890625 0.5611195484375 0.5866673687499999 0.5385024234375 0.621753684375 0.53634895 0.66105263125 0.5417334406250001 0.69333263125 0.5621970921874999 0.7017536843750001 0.5772746359375 0.7242105265625 0.583736671875 0.743858946875 0.592353796875 0.7494736843750001 0.6225088859375 0.7564905265624999 0.6472810984375 0.74105263125 0.6655896609374999 0.7017536843750001 0.673129240625 0.6456147375 0.6548190625 0.5936842109375
0 0.794830371875 0.6273684203125 0.775444265625 0.6119305265625 0.7506736671875001 0.6063157890624999 0.7022084000000001 0.631578946875 0.67851373125 0.6596484203124999 0.6709741515625 0.6863157890625 0.672051696875 0.7185957890625 0.6742051703125 0.7396484203125 0.6946688203125 0.759298946875 0.7269789984374999 0.776141053125 0.75821163125 0.7747368421874999 0.78513731875 0.7494736843750001 0.8120630046875 0.7129831578125 0.815294021875 0.66666736875 0.794830371875 0.6273684203125
0 0.6806672046875 0.7466673687500001 0.672051696875 0.722806315625 0.66235864375 0.72 0.6515880453125 0.7368421046875 0.6354329562500001 0.7536842109374999 0.6009693046875 0.760701053125 0.6085088859375001 0.7621052625 0.5945072703125 0.7803515796875 0.5945072703125 0.8098252625000001 0.5858917609375001 0.8280694734375 0.603122778125 0.85333263125 0.610662359375 0.8729831578124999 0.6386639734374999 0.8842105265625 0.6698982234375 0.882806315625 0.7032843296875 0.8519305265625 0.7259014546875 0.8182463156249999 0.7259014546875 0.7803515796875 0.6946688203125 0.76772 0.6806672046875 0.7466673687500001
0 0.8831453953124999 0.7256147375 0.8562197093749999 0.7536842109374999 0.8476041999999999 0.7957894734375001 0.8540662359375 0.840701053125 0.8745282718749999 0.8673684203124999 0.8863764140624999 0.8870168421875 0.918686590625 0.8856147375000001 0.9542277875 0.8617536843750001 0.9660743140625 0.8449115796875001 0.974689821875 0.7985957890625001 0.9563812593750001 0.7494736843750001 0.9229935375 0.7270168421875 0.8831453953124999 0.7256147375
0 0.837911146875 0.8856147375000001 0.8486801296875001 0.8519305265625 0.84652665625 0.8196484203125 0.8368336031249999 0.791578946875 0.8163699515625 0.770526315625 0.794830371875 0.7578947375 0.7786752828125 0.7578947375 0.7603667203125 0.7747368421874999 0.7431340875 0.77894736875 0.7323634890624999 0.791578946875 0.7291324718750001 0.8196484203125 0.7226704359375 0.8392989468750001 0.7312875609375 0.86877263125 0.734518578125 0.8870168421875 0.748518578125 0.90666736875 0.771135703125 0.9192989468749999 0.8088319875 0.9207010531250001 0.837911146875 0.8856147375000001
0 0.5772746359375 1 0.592353796875 0.9740357890625001 0.6149709203125 0.9628063156250001 0.6225088859375 0.91228 0.6095848140625 0.8575431578125 0.5891227781249999 0.8350884203125 0.5589660750000001 0.8645621046875 0.5245024234375 0.8757894734375 0.4868061390625 0.8757894734375 0.48034410312500003 0.9291221046875 0.5018852984375 0.968421053125 0.5201938609375001 1 0.5772746359375 1
0 0.7969838453125 0.9277200000000001 0.791599353125 0.9557894734374999 0.7937528265625 0.9796484203125001 0.7937528265625 1 0.9359176093749999 0.999298946875 0.941303715625 0.978246315625 0.9316106625 0.941753684375 0.9133004843749999 0.9150884203125 0.8831453953124999 0.8968421046874999 0.84221809375 0.8856147375000001 0.8249870765624999 0.90666736875 0.7969838453125 0.9277200000000001
0 0.465266559375 0.7326315796875 0.442649434375 0.7396484203125 0.4211098546875 0.7340357890625 0.3866445875 0.711578946875 0.3694135703125 0.717193684375 0.35325848125000003 0.770526315625 0.3521809375 0.7929831578125001 0.34894991875 0.8252631578124999 0.3694135703125 0.8645621046875 0.3984927296875 0.882806315625 0.4448029078125 0.8856147375000001 0.4749596125 0.8631578953125001 0.45880452343749994 0.8435094734374999 0.45342003281250004 0.8098252625000001 0.45557350625000004 0.76772 0.465266559375 0.7326315796875
0 0.3554119546875 0.840701053125 0.347872375 0.8056147375 0.319870759375 0.81122736875 0.2929450734375 0.8336842109375 0.2843295640625 0.8757894734375 0.2843295640625 0.8968421046874999 0.28325201875 0.9178947375 0.296176090625 0.941753684375 0.318793215625 0.9557894734374999 0.358642971875 0.951578946875 0.39418416875 0.9291221046875 0.41464781874999995 0.8814042109375 0.376951534375 0.86877263125 0.3554119546875 0.840701053125
0 0.3467964453125 0.679298946875 0.318793215625 0.6624568421875 0.2864830375 0.66105263125 0.259558965625 0.679298946875 0.2746365109375 0.7143852625 0.277867528125 0.7649115796875 0.268174475 0.8070168421874999 0.29725363437499996 0.8196484203125 0.3166397421875 0.8140357890625 0.3371033921875 0.8042105265625 0.35325848125000003 0.7859642109375 0.3554119546875 0.7649115796875 0.3651050078125 0.7242105265625 0.36187399062500003 0.70877263125 0.3467964453125 0.679298946875
0 0.0635428109375 0.60772 0.0441567046875 0.5908778953125 0.0021534734375 0.5810526312500001 0 0.7621052625 0.0355411953125 0.7564905265624999 0.066773828125 0.7270168421875 0.074313409375 0.6652631578125 0.0635428109375 0.60772
0 0.82734375 0.20234375 0.1328125 0.1515625
0 0.8390625 0.6921875 0.090625 0.1453125
0 0.1 0.696875 0.0984375 0.1609375
0 0.10546875 0.10078125 0.1078125 0.096875
0 0.70234375 0.934375 0.140625 0.13125
0 0.38125 0.05078125 0.1171875 0.1015625
0 0.77890625 0.0390625 0.1203125 0.075
0 0.70390625 0.1203125 0.0703125 0.1515625
0 0.97421875 0.85546875 0.0515625 0.1671875
0 0.9390625 0.73046875 0.1078125 0.109375