0 0.415625 0.7625 0.1265625 0.125
0 0.33399999999999996 0.308 0.324 0.264 0.284 0.20600000000000002 0.242 0.178 0.15 0.16999999999999998 0.10200000000000001 0.188 0.074 0.21400000000000002 0.057999999999999996 0.242 0.044 0.308 0.057999999999999996 0.38 0.098 0.426 0.154 0.45999999999999996 0.264 0.45 0.31 0.41 0.33199999999999996 0.354 0.33399999999999996 0.308
0 0.54 0.374 0.51 0.32999999999999996 0.476 0.304 0.404 0.298 0.364 0.312 0.33399999999999996 0.34199999999999997 0.314 0.396 0.32 0.44400000000000006 0.33799999999999997 0.48 0.374 0.508 0.442 0.522 0.484 0.52 0.53 0.488 0.546 0.458 0.54 0.374
0 0.772 0.352 0.766 0.32799999999999996 0.738 0.29 0.658 0.242 0.63 0.238 0.612 0.268 0.5820000000000001 0.29 0.554 0.32799999999999996 0.544 0.366 0.548 0.418 0.58 0.45 0.614 0.46399999999999997 0.71 0.45599999999999996 0.742 0.434 0.766 0.404 0.772 0.352
0 0.9880000000000001 0.40599999999999997 0.9880000000000001 0.364 0.974 0.32799999999999996 0.944 0.296 0.906 0.27599999999999997 0.868 0.272 0.8140000000000001 0.288 0.78 0.322 0.77 0.33999999999999997 0.766 0.42400000000000004 0.78 0.45599999999999996 0.8099999999999999 0.484 0.85 0.49800000000000005 0.908 0.5 0.958 0.48200000000000004 0.976 0.46399999999999997 0.9880000000000001 0.40599999999999997
0 0.85 0.55 0.8380000000000001 0.522 0.806 0.492 0.77 0.47800000000000004 0.742 0.47800000000000004 0.6980000000000001 0.49800000000000005 0.674 0.526 0.6639999999999999 0.5599999999999999 0.662 0.614 0.674 0.638 0.696 0.658 0.782 0.666 0.8140000000000001 0.6519999999999999 0.844 0.622 0.852 0.6 0.85 0.55
0 0.65 0.628 0.662 0.6 0.6639999999999999 0.554 0.65 0.522 0.624 0.492 0.584 0.48200000000000004 0.5740000000000001 0.49400000000000005 0.548 0.484 0.53 0.48600000000000004 0.5 0.508 0.47800000000000004 0.546 0.476 0.5980000000000001 0.488 0.634 0.55 0.67 0.58 0.67 0.618 0.654 0.65 0.628
0 0.46399999999999997 0.568 0.43 0.524 0.362 0.51 0.314 0.524 0.292 0.548 0.27599999999999997 0.62 0.27799999999999997 0.646 0.306 0.678 0.356 0.6980000000000001 0.43 0.686 0.45599999999999996 0.666 0.47000000000000003 0.64 0.472 0.6 0.46399999999999997 0.568
0 0.158 0.6679999999999999 0.1 0.654 0.072 0.666 0.05 0.688 0.034 0.72 0.028000000000000004 0.76 0.048 0.798 0.064 0.8119999999999999 0.11399999999999999 0.8220000000000001 0.162 0.8140000000000001 0.194 0.782 0.198 0.712 0.158 0.6679999999999999
0 0.268 0.674 0.22799999999999998 0.692 0.20800000000000002 0.712 0.196 0.748 0.198 0.784 0.22999999999999998 0.8160000000000001 0.322 0.8140000000000001 0.356 0.786 0.35 0.712 0.33599999999999997 0.6940000000000001 0.306 0.678 0.268 0.674
0 0.45999999999999996 0.702 0.438 0.692 0.41 0.692 0.376 0.706 0.364 0.724 0.358 0.784 0.37 0.796 0.376 0.8220000000000001 0.394 0.836 0.44800000000000006 0.842 0.46799999999999997 0.8300000000000001 0.49000000000000005 0.8019999999999999 0.492 0.744 0.45999999999999996 0.702
0 0.64 0.728 0.614 0.688 0.5740000000000001 0.6719999999999999 0.546 0.6719999999999999 0.518 0.682 0.49800000000000005 0.704 0.488 0.734 0.49400000000000005 0.774 0.522 0.806 0.548 0.8160000000000001 0.576 0.8160000000000001 0.612 0.8019999999999999 0.636 0.778 0.642 0.766 0.64 0.728
0 0.752 0.6719999999999999 0.666 0.648 0.65 0.658 0.648 0.696 0.638 0.718 0.64 0.75 0.654 0.786 0.6679999999999999 0.798 0.7 0.8039999999999999 0.77 0.782 0.786 0.754 0.782 0.702 0.752 0.6719999999999999
0 0.8699999999999999 0.65 0.8480000000000001 0.6719999999999999 0.8019999999999999 0.692 0.788 0.708 0.786 0.772 0.834 0.8019999999999999 0.8880000000000001 0.798 0.906 0.784 0.914 0.764 0.9099999999999999 0.718 0.8779999999999999 0.6519999999999999 0.8699999999999999 0.65