0 0.475 0.17109375 0.1578125 0.1421875
0 0.66640625 0.07890625 0.1640625 0.125
0 0.53125 0.04765625 0.1328125 0.0875
0 0.2171875 0.26484375 0.1828125 0.1296875
0 0.33046875 0.29140625 0.1453125 0.1171875
0 0.7328125 0.475 0.1578125 0.15
0 0.14765625 0.6125 0.1078125 0.090625
0 0.07578125 0.60390625 0.0640625 0.0828125
0 0.53125 0.7875 0.1328125 0.1421875
0 0.41171875 0.79765625 0.11875 0.121875
0 0.11640625 0.75234375 0.09375 0.0875
0 0.0375 0.76484375 0.0640625 0.096875
0 0.95546875 0.421875 0.0890625 0.1375
0 0.6921875 0.24609375 0.1640625 0.1421875