0 0.065625 0.10078125 0.0796875 0.0578125
0 0.23515625 0.121875 0.090625 0.05
0 0.13515625 0.17421875 0.0921875 0.05625
0 0.48671875 0.10546875 0.0640625 0.0484375
0 0.125 0.33125 0.090625 0.06875
0 0.08828125 0.42890625 0.109375 0.0828125
0 0.4203125 0.3703125 0.065625 0.053125
0 0.29765625 0.38671875 0.046875 0.0296875
0 0.23125 0.4390625 0.04375 0.0296875
0 0.32890625 0.34375 0.053125 0.028125
0 0.50703125 0.378125 0.0765625 0.059375
0 0.43671875 0.803125 0.075 0.0578125
0 0.4109375 0.7328125 0.065625 0.053125
0 0.346875 0.80390625 0.0671875 0.0546875
0 0.30078125 0.4140625 0.046875 0.0375