0 0.21875 0.2609375 0.0390625 0.065625
0 0.18125 0.2703125 0.0375 0.05
0 0.7296875 0.06015625 0.0359375 0.05625
0 0.703125 0.0765625 0.0234375 0.053125
0 0.734375 0.1078125 0.0421875 0.053125
0 0.9296875 0.05078125 0.040625 0.0546875
0 0.78671875 0.59296875 0.0484375 0.084375
0 0.8265625 0.646875 0.0546875 0.0890625
0 0.8703125 0.69296875 0.0484375 0.0828125
0 0.921875 0.74609375 0.0578125 0.1109375
0 0.91484375 0.6640625 0.0484375 0.06875
0 0.9078125 0.596875 0.028125 0.075
0 0.01796875 0.54296875 0.0359375 0.09375