0 0.56375 0.33888888906250003 0.5729166671875 0.337777778125 0.58875 0.34555555625 0.6170833328125 0.34555555625 0.6174999999999999 0.3716666671875 0.6279166671875 0.41 0.6429166671875 0.40555555625000006 0.6629166671875 0.412222221875 0.6691666671875 0.40944444375 0.6775 0.3916666671875 0.6766666671875 0.35055555625 0.6616666671875 0.3283333328125 0.655 0.2916666671875 0.6495833328125 0.27999999999999997 0.6287499999999999 0.2733333328125 0.61875 0.2533333328125 0.5995833328125 0.24444444375000002 0.5904166671875 0.232222221875 0.5479166671875 0.22999999999999998 0.49625 0.24444444375000002 0.48250000000000004 0.26055555625000004 0.47375 0.27777777812500004 0.44625000000000004 0.29333333281249996 0.43583333281250003 0.3038888890625 0.42083333281249996 0.32944444375000004 0.42416666718749996 0.3761111109375 0.43375 0.39555555625 0.4516666671875 0.4061111109375 0.45125000000000004 0.41444444375 0.46749999999999997 0.4183333328125 0.4725 0.4438888890625 0.48166666718749995 0.46611111093749996 0.5025000000000001 0.49055555625 0.51 0.4783333328125 0.5133333328125 0.46055555625 0.51 0.4361111109375 0.5133333328125 0.39944444375 0.5204166671875 0.38555555625000004 0.5475 0.367222221875 0.545 0.35611111093750003 0.5470833328125 0.34444444375 0.5570833328125 0.3466666671875 0.56375 0.33888888906250003
0 0.7370833328125 0.307777778125 0.76875 0.3266666671875 0.7879166671875 0.3288888890625 0.7979166671875 0.32444444375 0.8104166671874999 0.31222222187500004 0.8225 0.2916666671875 0.8316666671874999 0.26277777812499997 0.8391666671875001 0.2561111109375 0.8516666671875001 0.22833333281249998 0.85 0.177222221875 0.83125 0.1433333328125 0.8074999999999999 0.13055555624999998 0.8058333328125 0.12055555625 0.8099999999999999 0.11055555624999999 0.8079166671875001 0.0988888890625 0.7920833328125 0.0966666671875 0.7720833328125 0.08 0.7462500000000001 0.072222221875 0.7179166671874999 0.06999999999999999 0.6979166671875 0.0733333328125 0.6895833328125 0.0788888890625 0.67125 0.077777778125 0.6320833328125001 0.09444444375 0.61625 0.11555555625 0.58875 0.11333333281249999 0.5833333328125 0.1238888890625 0.5816666671874999 0.1438888890625 0.5666666671875 0.1583333328125 0.5491666671875 0.225 0.5920833328125 0.2266666671875 0.6020833328124999 0.24333333281249997 0.6429166671875 0.262222221875 0.655 0.2838888890625 0.6616666671875 0.31944444375000003 0.6816666671875 0.352777778125 0.6825 0.365 0.6870833328125 0.3611111109375 0.6904166671875 0.372222221875 0.69875 0.3688888890625 0.7033333328125 0.375 0.7066666671874999 0.3716666671875 0.7041666671875 0.367222221875 0.705 0.34055555625 0.7191666671875 0.3083333328125 0.7179166671874999 0.30555555624999997 0.71375 0.3088888890625 0.71375 0.30333333281249997 0.7220833328125 0.30444444375 0.73375 0.297777778125 0.7370833328125 0.307777778125
0 0.8204166671875001 0.3266666671875 0.7804166671874999 0.332222221875 0.7495833328125 0.32444444375 0.71375 0.3433333328125 0.7108333328125 0.34944444375 0.7108333328125 0.37944444375 0.7150000000000001 0.4038888890625 0.7054166671875 0.41444444375 0.68625 0.42444444375 0.6841666671875 0.4361111109375 0.7029166671875 0.442222221875 0.7154166671875 0.45222222187499994 0.7404166671875 0.4511111109375 0.7570833328125001 0.45555555625000005 0.7729166671875001 0.4688888890625 0.7887500000000001 0.467777778125 0.8175000000000001 0.48722222187500003 0.8445833328125 0.44000000000000006 0.8808333328125 0.4038888890625 0.8783333328125 0.38388888906249996 0.8441666671875 0.352777778125 0.8416666671874999 0.33944444375 0.8366666671875 0.335 0.8375 0.32055555625 0.8354166671875 0.317777778125 0.8245833328125001 0.3211111109375 0.8204166671875001 0.3266666671875
0 0.7641666671875 0.522777778125 0.765 0.512777778125 0.7716666671875 0.5083333328124999 0.7741666671874999 0.47722222187499996 0.7654166671875 0.46333333281250005 0.7395833328125 0.4533333328125 0.71375 0.4533333328125 0.6979166671875 0.442222221875 0.6595833328125 0.43777777812499996 0.6345833328125 0.4511111109375 0.6041666671875 0.4938888890625 0.6041666671875 0.5038888890625 0.6174999999999999 0.522777778125 0.6154166671875 0.5288888890625 0.5779166671875 0.54444444375 0.5620833328125 0.542222221875 0.5475 0.5716666671875 0.545 0.5861111109375 0.5525 0.612777778125 0.5650000000000001 0.6216666671875 0.5733333328125 0.6427777781249999 0.60875 0.6911111109375 0.63125 0.7088888890625 0.6520833328125 0.7133333328125 0.67 0.735 0.67875 0.7533333328125 0.7116666671874999 0.7561111109375 0.7229166671875 0.7511111109375 0.7454166671875 0.7188888890625 0.7704166671875 0.7211111109375 0.7875 0.7083333328125 0.7933333328125001 0.6916666671875 0.795 0.66944444375 0.7866666671875 0.6183333328125 0.7958333328125 0.58055555625 0.7841666671875 0.5661111109375 0.7641666671875 0.522777778125
0 0.6666666671875 0.8427777781250001 0.665 0.8161111109375 0.6599999999999999 0.7961111109375001 0.6783333328125 0.7683333328125 0.6683333328125001 0.7361111109375 0.6487499999999999 0.7144444437499999 0.6129166671874999 0.70555555625 0.6004166671875 0.7211111109375 0.5620833328125 0.687777778125 0.5454166671875 0.69555555625 0.5279166671875 0.6888888890625 0.51875 0.6900000000000001 0.49791666718750005 0.6988888890625 0.4845833328125 0.71 0.47375 0.727777778125 0.4458333328125 0.7538888890625 0.43166666718749996 0.7883333328125001 0.4141666671875 0.805 0.41500000000000004 0.8516666671875001 0.4025 0.8916666671875 0.41500000000000004 0.9216666671875 0.4291666671875 0.9316666671875 0.43 0.9483333328124999 0.4341666671875 0.9561111109375 0.46375 0.9977777781249999 0.5608333328125 0.9994444437500001 0.5670833328125 0.9977777781249999 0.5783333328125 0.9838888890625 0.5870833328125 0.9400000000000001 0.6320833328125001 0.92444444375 0.6383333328125 0.9161111109375 0.6458333328125 0.8916666671875 0.65625 0.8788888890625 0.6658333328125 0.8738888890625001 0.6599999999999999 0.85944444375 0.6666666671875 0.8427777781250001
0 0.47416666718749995 0.722777778125 0.4783333328125 0.6950000000000001 0.46791666718749997 0.6811111109375 0.4345833328125 0.67 0.42625 0.65 0.40791666718749997 0.63555555625 0.3920833328125 0.63444444375 0.3795833328125 0.6411111109375 0.36875 0.622222221875 0.35291666718750003 0.62 0.3445833328125 0.6133333328125 0.31875 0.612222221875 0.2970833328125 0.62 0.27875 0.642222221875 0.2670833328125 0.6455555562499999 0.2525 0.657222221875 0.24500000000000002 0.69055555625 0.2341666671875 0.7150000000000001 0.2325 0.7383333328125 0.22833333281249998 0.7483333328125 0.2391666671875 0.79944444375 0.25833333281250004 0.8427777781250001 0.2741666671875 0.862777778125 0.2766666671875 0.8894444437500001 0.29041666718750003 0.9066666671875 0.30874999999999997 0.9011111109375 0.3341666671875 0.9116666671875 0.3541666671875 0.8416666671874999 0.3525 0.8161111109375 0.3583333328125 0.8138888890624999 0.3633333328125 0.787222221875 0.36875 0.782222221875 0.38375 0.7833333328125 0.39375 0.79 0.4279166671875 0.7866666671875 0.44749999999999995 0.7483333328125 0.47416666718749995 0.722777778125
0 0.40750000000000003 0.6072222218750001 0.3958333328125 0.612777778125 0.40791666718749997 0.62 0.4158333328125 0.612777778125 0.40875000000000006 0.6066666671875 0.4179166671875 0.602222221875 0.42374999999999996 0.60555555625 0.4325 0.602777778125 0.43166666718749996 0.58055555625 0.45875000000000005 0.5433333328125001 0.47791666718750003 0.53444444375 0.48875 0.53444444375 0.4933333328125 0.53944444375 0.495 0.5549999999999999 0.5020833328125 0.5611111109375 0.5091666671875 0.5483333328125 0.5091666671875 0.5361111109375 0.5075000000000001 0.5116666671875 0.5025000000000001 0.497222221875 0.4783333328125 0.467222221875 0.4654166671875 0.4266666671875 0.4454166671875 0.41444444375 0.4329166671875 0.4 0.40791666718749997 0.4011111109375 0.39875 0.3933333328125 0.3829166671875 0.39 0.36625 0.39888888906250003 0.3295833328125 0.40444444375 0.31124999999999997 0.43444444375 0.2958333328125 0.4438888890625 0.2716666671875 0.48722222187500003 0.2683333328125 0.5005555562499999 0.2683333328125 0.5316666671875 0.2633333328125 0.547222221875 0.255 0.5549999999999999 0.2541666671875 0.5638888890625 0.2633333328125 0.562777778125 0.26749999999999996 0.582777778125 0.28291666718749997 0.61444444375 0.29041666718750003 0.61444444375 0.29625 0.6066666671875 0.34125 0.6088888890625 0.34541666718749997 0.58555555625 0.3495833328125 0.61 0.35375 0.602222221875 0.3729166671875 0.6033333328125 0.375 0.612777778125 0.365 0.617222221875 0.3770833328125 0.617777778125 0.385 0.627222221875 0.38166666718750003 0.632777778125 0.3858333328125 0.6338888890625001 0.3908333328125 0.622777778125 0.3908333328125 0.60944444375 0.38875000000000004 0.60555555625 0.38125 0.61555555625 0.3783333328125 0.6116666671875 0.38 0.6038888890624999 0.39125 0.5888888890625 0.4016666671875 0.5916666671875 0.395 0.6016666671875 0.40750000000000003 0.6072222218750001
0 0.23374999999999999 0.64444444375 0.22458333281249998 0.6455555562499999 0.21625 0.617777778125 0.18375 0.5966666671875 0.1679166671875 0.5966666671875 0.0975 0.6516666671875 0.0808333328125 0.6950000000000001 0.0783333328125 0.722777778125 0.08499999999999999 0.7383333328125 0.0895833328125 0.7411111109374999 0.11041666718750001 0.7311111109375 0.1195833328125 0.75 0.13125 0.752222221875 0.1454166671875 0.747777778125 0.16999999999999998 0.775 0.1770833328125 0.79444444375 0.1854166671875 0.8 0.1983333328125 0.79944444375 0.205 0.7761111109375001 0.205 0.7338888890625 0.21625 0.72555555625 0.2279166671875 0.73444444375 0.2308333328125 0.7316666671875 0.23333333281250002 0.7138888890625 0.24666666718750002 0.6783333328125 0.25166666718749997 0.6438888890625 0.2429166671875 0.6333333328124999 0.23374999999999999 0.64444444375
0 0.42750000000000005 0.23055555625 0.4233333328125 0.22944444375 0.42083333281249996 0.21944444375 0.39625 0.21555555625 0.3908333328125 0.1883333328125 0.3745833328125 0.1766666671875 0.3620833328125 0.177777778125 0.3295833328125 0.2033333328125 0.3104166671875 0.22444444375 0.29375 0.22444444375 0.2820833328125 0.23444444375 0.2679166671875 0.2388888890625 0.24958333281249998 0.2533333328125 0.2408333328125 0.2683333328125 0.2375 0.317222221875 0.24583333281250003 0.325 0.24666666718750002 0.34055555625 0.2604166671875 0.35444444375 0.27375 0.3233333328125 0.2870833328125 0.322222221875 0.3 0.352777778125 0.2991666671875 0.367222221875 0.3025 0.3738888890625 0.3179166671875 0.3911111109375 0.3266666671875 0.3916666671875 0.3341666671875 0.3861111109375 0.35 0.3461111109375 0.3675 0.32944444375000004 0.3633333328125 0.29500000000000004 0.3770833328125 0.29111111093750003 0.39625 0.3 0.4 0.2816666671875 0.4145833328125 0.2788888890625 0.42416666718749996 0.257222221875 0.42750000000000005 0.23055555625
0 0.19875 0.317777778125 0.18125 0.3411111109375 0.16458333281249998 0.3466666671875 0.1545833328125 0.357777778125 0.1279166671875 0.3711111109375 0.1158333328125 0.387222221875 0.1183333328125 0.42611111093750004 0.12375 0.43555555625000003 0.1495833328125 0.45 0.1641666671875 0.45055555625 0.19375 0.44888888906249996 0.20625 0.44000000000000006 0.21375000000000002 0.447777778125 0.2204166671875 0.44888888906249996 0.2408333328125 0.432777778125 0.24666666718750002 0.4016666671875 0.2533333328125 0.385 0.21875 0.3211111109375 0.21125 0.3166666671875 0.19875 0.317777778125
0 0.1458333328125 0.2883333328125 0.14125000000000001 0.262222221875 0.1579166671875 0.2711111109375 0.1670833328125 0.28555555625 0.17250000000000001 0.2838888890625 0.16999999999999998 0.2338888890625 0.1395833328125 0.18222222187499998 0.1295833328125 0.1766666671875 0.11041666718750001 0.1788888890625 0.09875 0.172222221875 0.08875 0.172222221875 0.07375000000000001 0.18222222187499998 0.0429166671875 0.18444444375 0.0283333328125 0.1983333328125 0.021249999999999998 0.21777777812500002 0.0129166671875 0.21888888906249998 0.0008333328124999999 0.23722222187500003 0 0.2916666671875 0.0083333328125 0.30944444375 0.0091666671875 0.34944444375 0.02375 0.36222222187500003 0.037083332812499994 0.36666666718749996 0.04625 0.38 0.0641666671875 0.38055555625 0.0704166671875 0.37666666718749997 0.08333333281250001 0.35611111093750003 0.095 0.3238888890625 0.10874999999999999 0.30333333281249997 0.12208333281249999 0.2988888890625 0.1341666671875 0.30944444375 0.14125000000000001 0.3266666671875 0.1558333328125 0.317222221875 0.1575 0.3083333328125 0.1458333328125 0.2883333328125
0 0.1929166671875 0.18555555625 0.1720833328125 0.18555555625 0.1554166671875 0.19555555625 0.1541666671875 0.2038888890625 0.1679166671875 0.22555555625 0.1845833328125 0.212222221875 0.20125 0.21000000000000002 0.205 0.215 0.2079166671875 0.23444444375 0.1945833328125 0.2266666671875 0.1875 0.23055555625 0.1925 0.2616666671875 0.19875 0.27555555625 0.21208333281249997 0.27444444375 0.21541666718750002 0.27777777812500004 0.22000000000000003 0.29722222187499997 0.2325 0.3038888890625 0.2391666671875 0.29500000000000004 0.2425 0.2616666671875 0.2579166671875 0.24444444375000002 0.2833333328125 0.2316666671875 0.2783333328125 0.20833333281250002 0.26208333281249996 0.18777777812500002 0.2445833328125 0.18222222187499998 0.2320833328125 0.18444444375 0.2029166671875 0.1788888890625 0.1929166671875 0.18555555625
0 0 0.612777778125 0.00625 0.6188888890625 0.0195833328125 0.617777778125 0.0258333328125 0.605 0.03125 0.602222221875 0.0475 0.6238888890625 0.0645833328125 0.59555555625 0.11374999999999999 0.58444444375 0.1245833328125 0.5766666671875 0.14791666718750002 0.57444444375 0.1804166671875 0.5833333328125 0.195 0.5638888890625 0.1925 0.5461111109375001 0.1870833328125 0.5333333328125 0.15958333281249998 0.5111111109375 0.1454166671875 0.49000000000000005 0.12375 0.477777778125 0.10958333281249999 0.4733333328125 0.0570833328125 0.47888888906249993 0.0470833328125 0.48333333281249996 0.0320833328125 0.4966666671875 0.009583332812500001 0.50555555625 0 0.5205555562499999 0 0.612777778125
0 0.23125 0.477777778125 0.20458333281250002 0.49555555625 0.16625 0.5066666671875 0.1679166671875 0.5133333328125 0.19083333281249998 0.537222221875 0.1966666671875 0.56055555625 0.20166666718749998 0.5661111109375 0.2079166671875 0.55444444375 0.22458333281249998 0.55 0.2320833328125 0.5533333328125 0.24125000000000002 0.5477777781250001 0.2645833328125 0.5211111109375001 0.2683333328125 0.5138888890625 0.2683333328125 0.4938888890625 0.28250000000000003 0.46055555625 0.24375 0.46333333281250005 0.23125 0.477777778125