0 0.410909090625 0.1502732234375 0.4036363640625 0.1666666671875 0.4036363640625 0.21038251406250003 0.410909090625 0.2322404375 0.4272727265625 0.25683060156250004 0.43454545468749994 0.26229508125 0.4454545453125 0.26229508125 0.449090909375 0.2677595625 0.4654545453125 0.265027321875 0.4745454546875 0.26229508125 0.48181818125 0.2513661203125 0.4854545453125 0.2513661203125 0.49818181875 0.22131147499999998 0.49818181875 0.1612021859375 0.4854545453125 0.131147540625 0.46363636406250003 0.1147540984375 0.430909090625 0.1147540984375 0.410909090625 0.1393442625 0.410909090625 0.1502732234375
0 0.6272727265625 0.1967213109375 0.62 0.19125683124999998 0.5836363640625 0.19125683124999998 0.5563636359374999 0.2322404375 0.549090909375 0.2540983609375 0.549090909375 0.2978142078125 0.5563636359374999 0.31967213125 0.5690909093750001 0.3333333328125 0.5909090906250001 0.3497267765625 0.6036363640625 0.3469945359375 0.6163636359375 0.32786885312499997 0.630909090625 0.322404371875 0.6436363640625 0.2978142078125 0.6436363640625 0.28142076562499996 0.6472727265625 0.27595628437499997 0.6436363640625 0.265027321875 0.6436363640625 0.23770491875 0.64 0.2322404375 0.64 0.22131147499999998 0.6272727265625 0.1967213109375
0 0.609090909375 0 0.5963636359375 0.0136612015625 0.5927272734375 0.035519125 0.5890909093750001 0.04098360625 0.5890909093750001 0.0573770484375 0.5854545453125 0.0628415296875 0.5890909093750001 0.101092896875 0.5963636359375 0.1120218578125 0.6 0.1284153 0.6054545453125 0.136612021875 0.62 0.14754098437500002 0.6472727265625 0.14480874375 0.6545454546875 0.1393442625 0.6545454546875 0.13387978125 0.669090909375 0.1120218578125 0.669090909375 0.1065573765625 0.6799999999999999 0.084699453125 0.6799999999999999 0.07377049218750001 0.6836363640625 0.0683060109375 0.6836363640625 0.0300546453125 0.6799999999999999 0.0245901640625 0.6799999999999999 0.0136612015625 0.670909090625 0 0.609090909375 0
0 0.7472727265625 0.125683059375 0.74 0.131147540625 0.72181818125 0.131147540625 0.7145454546875001 0.136612021875 0.69818181875 0.1666666671875 0.6945454546875001 0.188524590625 0.690909090625 0.19398907031249998 0.690909090625 0.22677595625000002 0.6945454546875001 0.2322404375 0.6945454546875001 0.2431693984375 0.7054545453125 0.27595628437499997 0.7145454546875001 0.2841530046875 0.7254545453125 0.2841530046875 0.729090909375 0.2896174859375 0.7454545453125 0.28688524531250004 0.76181818125 0.2677595625 0.7654545453125 0.2677595625 0.7745454546875 0.2540983609375 0.78181818125 0.2322404375 0.78181818125 0.1994535515625 0.7854545453124999 0.19398907031249998 0.78181818125 0.1612021859375 0.7654545453125 0.136612021875 0.750909090625 0.131147540625 0.7472727265625 0.125683059375
0 0.750909090625 0 0.7454545453125 0.008196721875 0.7454545453125 0.0573770484375 0.749090909375 0.0628415296875 0.749090909375 0.07377049218750001 0.7654545453125 0.09836065625 0.78 0.10382513593750001 0.7836363640624999 0.10928961718750001 0.7854545453124999 0.1065573765625 0.7945454546875 0.10382513593750001 0.8072727265624999 0.090163934375 0.81818181875 0.05191256875 0.8254545453125001 0.04098360625 0.8236363640625 0 0.750909090625 0
0 0.8272727265625001 0.043715846875 0.8145454546875 0.07377049218750001 0.8145454546875 0.084699453125 0.81818181875 0.090163934375 0.81818181875 0.1284153 0.8254545453125001 0.1393442625 0.8290909093750001 0.15573770468749998 0.8381818187500001 0.1693989078125 0.8454545453125 0.1748633875 0.8727272734374999 0.172131146875 0.8818181812500001 0.1693989078125 0.8945454546875 0.1502732234375 0.8945454546875 0.1393442625 0.90181818125 0.11748633906249999 0.90181818125 0.0628415296875 0.89818181875 0.05191256875 0.8781818187500001 0.0218579234375 0.849090909375 0.0218579234375 0.8309090906250001 0.043715846875 0.8272727265625001 0.043715846875
0 0.789090909375 0.21038251406250003 0.789090909375 0.22677595625000002 0.7854545453124999 0.2322404375 0.7854545453124999 0.28142076562499996 0.789090909375 0.28688524531250004 0.789090909375 0.3032786890625 0.7927272734375 0.31420765 0.8054545453124999 0.3333333328125 0.8127272734375 0.3333333328125 0.8163636359374999 0.3387978140625 0.81818181875 0.3360655734375 0.8381818187500001 0.322404371875 0.8527272734375 0.322404371875 0.8727272734374999 0.2978142078125 0.8727272734374999 0.2158469953125 0.8563636359375 0.19125683124999998 0.849090909375 0.19125683124999998 0.8381818187500001 0.18032786875 0.8054545453124999 0.1748633875 0.7963636359375 0.188524590625 0.789090909375 0.21038251406250003
0 0.9 0.18032786875 0.8927272734375 0.18579235 0.8836363640625 0.1994535515625 0.8763636359375001 0.22131147499999998 0.8763636359375001 0.2322404375 0.8727272734374999 0.23770491875 0.8727272734374999 0.270491803125 0.8763636359375001 0.27595628437499997 0.8763636359375001 0.2978142078125 0.890909090625 0.31967213125 0.890909090625 0.3360655734375 0.8963636359375 0.34426229531249997 0.9036363640625 0.3497267765625 0.9054545453125 0.3469945359375 0.9218181812499999 0.34426229531249997 0.929090909375 0.3387978140625 0.94181818125 0.31420765 0.94181818125 0.30874316875 0.9472727265625001 0.3060109296875 0.9563636359375 0.28688524531250004 0.9563636359375 0.22131147499999998 0.949090909375 0.1994535515625 0.9363636359375 0.18032786875 0.9 0.18032786875
0 0.7472727265625 0.2950819671875 0.7327272734375 0.2950819671875 0.729090909375 0.2896174859375 0.7072727265625 0.2896174859375 0.69818181875 0.3032786890625 0.690909090625 0.32513661250000003 0.690909090625 0.34153005468750003 0.6872727265624999 0.3469945359375 0.690909090625 0.3797814203125 0.6945454546875001 0.3852459015625 0.6945454546875001 0.40163934375 0.69818181875 0.41256830625 0.71818181875 0.43715847031250005 0.74181818125 0.4344262296875 0.7563636359375 0.41803278749999995 0.76 0.3961748640625 0.7636363640625 0.3907103828125 0.7636363640625 0.374316940625 0.7672727265625 0.368852459375 0.7672727265625 0.3360655734375 0.7636363640625 0.3306010921875 0.7636363640625 0.31967213125 0.76 0.30874316875 0.7472727265625 0.2950819671875
0 0.8672727265625 0.3333333328125 0.8636363640625 0.32786885312499997 0.8345454546875001 0.32786885312499997 0.8163636359374999 0.3497267765625 0.8127272734375 0.3497267765625 0.8036363640624999 0.368852459375 0.8036363640624999 0.3907103828125 0.8 0.3961748640625 0.8 0.4398907109375 0.8036363640624999 0.44535519062500006 0.8036363640624999 0.45628415312500004 0.82 0.4808743171875 0.8345454546875001 0.491803278125 0.850909090625 0.4890710375 0.8672727265625 0.48633879843749994 0.890909090625 0.45628415312500004 0.890909090625 0.44535519062500006 0.89818181875 0.4289617484375 0.90181818125 0.3907103828125 0.89818181875 0.3852459015625 0.89818181875 0.368852459375 0.8945454546875 0.35792349687499997 0.8745454546874999 0.3333333328125 0.8672727265625 0.3333333328125
0 0.6072727265625 0.352459015625 0.5963636359375 0.3852459015625 0.5963636359375 0.4289617484375 0.6 0.4398907109375 0.6236363640625 0.4699453546875 0.630909090625 0.4699453546875 0.6345454546875 0.47540983593749997 0.6618181812499999 0.47267759531250003 0.6727272734375 0.461748634375 0.6872727265624999 0.41803278749999995 0.6872727265624999 0.3797814203125 0.6836363640625 0.374316940625 0.6836363640625 0.363387978125 0.6599999999999999 0.3333333328125 0.6527272734375 0.3333333328125 0.649090909375 0.32786885312499997 0.6272727265625 0.32786885312499997 0.6072727265625 0.352459015625
0 0.7872727265624999 0.415300546875 0.76181818125 0.415300546875 0.7545454546875 0.42076502656250003 0.730909090625 0.45628415312500004 0.7236363640625 0.47814207656249996 0.7236363640625 0.5163934421875 0.7272727265625 0.5218579234375 0.7272727265625 0.538251365625 0.7345454546875 0.5601092890625 0.7436363640625 0.5737704921875 0.7654545453125 0.5792349734375 0.769090909375 0.584699453125 0.77818181875 0.5819672125 0.80181818125 0.5737704921875 0.8072727265624999 0.5655737703125 0.8145454546875 0.543715846875 0.81818181875 0.5109289625 0.8145454546875 0.50546448125 0.8145454546875 0.4890710375 0.8072727265624999 0.4672131140625 0.8 0.45628415312500004 0.7963636359375 0.4289617484375 0.7872727265624999 0.415300546875
0 0.669090909375 0.6530054640625 0.6727272734375 0.6584699453125 0.6727272734375 0.6748633875000001 0.6799999999999999 0.68579235 0.6799999999999999 0.69125683125 0.6963636359375001 0.7103825140625 0.710909090625 0.7103825140625 0.7145454546875001 0.7158469953125 0.73818181875 0.7131147546875 0.76 0.6748633875000001 0.76 0.6092896171875 0.729090909375 0.5573770484375 0.72181818125 0.5519125687499999 0.710909090625 0.5519125687499999 0.7072727265625 0.5573770484375 0.7 0.5573770484375 0.6763636359375 0.592896175 0.669090909375 0.6147540984375001 0.669090909375 0.6530054640625
0 0.630909090625 0.672131146875 0.6127272734375 0.672131146875 0.609090909375 0.677595628125 0.60181818125 0.677595628125 0.5854545453125 0.7021857921875 0.57818181875 0.7240437156249999 0.57818181875 0.7568306015624999 0.58181818125 0.76229508125 0.58181818125 0.77322404375 0.5945454546875 0.7923497265624999 0.609090909375 0.8032786890624999 0.6163636359375 0.8032786890624999 0.62 0.8087431687500001 0.6363636359375 0.8060109296875 0.6527272734375 0.7923497265624999 0.6618181812499999 0.778688525 0.6618181812499999 0.7677595625 0.6654545453125 0.76229508125 0.6654545453125 0.718579234375 0.6618181812499999 0.7131147546875 0.6618181812499999 0.7021857921875 0.649090909375 0.6830601093750001 0.6345454546875 0.677595628125 0.630909090625 0.672131146875
0 0.5036363640625 0.5628415296875 0.5 0.5628415296875 0.49818181875 0.5710382515625 0.4872727265625 0.5874316937499999 0.4836363640625 0.59836065625 0.4836363640625 0.642076503125 0.49090909062500004 0.6639344265625 0.5072727265625 0.6830601093750001 0.5454545453125 0.68032786875 0.55818181875 0.672131146875 0.5709090906250001 0.6530054640625 0.5709090906250001 0.642076503125 0.5745454546875 0.636612021875 0.5709090906250001 0.592896175 0.5545454546874999 0.5519125687499999 0.5472727265625 0.5519125687499999 0.5436363640625 0.5464480875 0.51818181875 0.5464480875 0.5036363640625 0.5628415296875
0 0.390909090625 0.7868852453125 0.3763636359375 0.7868852453125 0.3727272734375 0.7923497265624999 0.35818181875 0.7978142078125 0.3454545453125 0.816939890625 0.3454545453125 0.8278688531249999 0.34181818124999996 0.8333333328125001 0.34181818124999996 0.8715847 0.3454545453125 0.8770491796875 0.349090909375 0.8989071031250001 0.36181818125 0.9234972671874999 0.3654545453125 0.9234972671874999 0.38 0.9398907109374999 0.4 0.9371584703125 0.40545454531249997 0.9344262296875 0.41818181875000004 0.9153005468750001 0.4254545453125 0.8934426234374999 0.4254545453125 0.8825136609375 0.429090909375 0.8770491796875 0.429090909375 0.8333333328125001 0.4254545453125 0.822404371875 0.409090909375 0.7978142078125 0.3945454546875 0.7923497265624999 0.390909090625 0.7868852453125
0 0.6472727265625 1 0.6581818187499999 0.9754098359375 0.6581818187499999 0.95901639375 0.6618181812499999 0.9535519125 0.6581818187499999 0.9316939890624999 0.6472727265625 0.8989071031250001 0.63818181875 0.8852459015624999 0.6236363640625 0.8797814203125001 0.62 0.8743169406250001 0.5909090906250001 0.8797814203125001 0.5709090906250001 0.909836065625 0.5672727265625 0.9207650265625 0.5672727265625 0.9535519125 0.5709090906250001 0.95901639375 0.5709090906250001 0.9808743171875 0.5836363640625 1 0.5945454546875 1 0.59818181875 1 0.6472727265625 1
0 0.7127272734375001 0.8497267765625001 0.7054545453125 0.8715847 0.7054545453125 0.909836065625 0.709090909375 0.9153005468750001 0.709090909375 0.9316939890624999 0.7127272734375001 0.9426229515625 0.7254545453125 0.9562841531249999 0.7563636359375 0.9535519125 0.7727272734375 0.9508196718749999 0.78181818125 0.9371584703125 0.78181818125 0.9262295078125 0.789090909375 0.904371584375 0.7854545453124999 0.8715847 0.78181818125 0.8606557374999999 0.76181818125 0.8360655734375 0.7472727265625 0.8251366125 0.7327272734375 0.8251366125 0.7127272734375001 0.8497267765625001
0 0.82 0.8415300546875001 0.8072727265624999 0.8606557374999999 0.8072727265624999 0.909836065625 0.8109090906249999 0.9153005468750001 0.8145454546875 0.9371584703125 0.82 0.9453551906250001 0.8345454546875001 0.9562841531249999 0.8418181812500001 0.9562841531249999 0.8454545453125 0.961748634375 0.86181818125 0.95901639375 0.8763636359375001 0.94808743125 0.8836363640625 0.9262295078125 0.890909090625 0.8825136609375 0.8709090906249999 0.863387978125 0.86 0.863387978125 0.8563636359375 0.857923496875 0.849090909375 0.863387978125 0.8345454546875001 0.8524590156249999 0.8272727265625001 0.8415300546875001 0.82 0.8415300546875001
0 0.7836363640624999 0.672131146875 0.769090909375 0.672131146875 0.7563636359375 0.68579235 0.7563636359375 0.6967213109375 0.74181818125 0.7240437156249999 0.74181818125 0.7841530046875 0.7454545453125 0.7950819671875 0.7654545453125 0.8251366125 0.7727272734375 0.8251366125 0.7763636359375 0.8306010921875 0.7927272734375 0.8278688531249999 0.80181818125 0.8196721312499999 0.809090909375 0.8196721312499999 0.81818181875 0.8060109296875 0.81818181875 0.778688525 0.82181818125 0.77322404375 0.8254545453125001 0.7240437156249999 0.82181818125 0.7131147546875 0.80181818125 0.6830601093750001 0.7872727265624999 0.677595628125 0.7836363640624999 0.672131146875
0 0.8254545453125001 0.7841530046875 0.82181818125 0.7896174859375 0.82181818125 0.816939890625 0.8290909093750001 0.8278688531249999 0.8290909093750001 0.8333333328125001 0.8454545453125 0.8524590156249999 0.86 0.8524590156249999 0.8636363640625 0.857923496875 0.8872727265625 0.85519125625 0.8945454546875 0.8442622953125 0.8945454546875 0.8333333328125001 0.90181818125 0.811475409375 0.90181818125 0.7240437156249999 0.8854545453125 0.6994535515625 0.8563636359375 0.6994535515625 0.8381818187500001 0.721311475 0.8345454546875001 0.721311475 0.8254545453125001 0.7404371578125 0.8254545453125001 0.7841530046875
0 0.90181818125 0.718579234375 0.90181818125 0.729508196875 0.9054545453125 0.734972678125 0.9054545453125 0.7677595625 0.9090909093749999 0.77322404375 0.9054545453125 0.7950819671875 0.9090909093749999 0.8060109296875 0.9145454546874999 0.81420765 0.930909090625 0.811475409375 0.9436363640625001 0.8032786890624999 0.9563636359375 0.77322404375 0.96 0.6967213109375 0.950909090625 0.677595628125 0.9218181812499999 0.6612021859375 0.9181818187499999 0.6666666671875 0.9072727265625 0.6666666671875 0.8945454546875 0.68579235 0.8945454546875 0.7076502734375001 0.90181818125 0.718579234375
0 0.82 0.6120218578125 0.8163636359374999 0.6120218578125 0.8145454546875 0.6202185796874999 0.8036363640624999 0.636612021875 0.8036363640624999 0.68032786875 0.82 0.7049180328125 0.8272727265625001 0.7103825140625 0.8400000000000001 0.7076502734375001 0.849090909375 0.7049180328125 0.8527272734375 0.6994535515625 0.8745454546874999 0.6939890703125 0.890909090625 0.6748633875000001 0.890909090625 0.625683059375 0.8636363640625 0.595628415625 0.8381818187500001 0.595628415625 0.8345454546875001 0.601092896875 0.8272727265625001 0.601092896875 0.82 0.6120218578125
0 0.8363636359375001 0.5710382515625 0.8363636359375001 0.5765027328125 0.8454545453125 0.590163934375 0.8690909093749999 0.5874316937499999 0.889090909375 0.5737704921875 0.90181818125 0.543715846875 0.90181818125 0.4836065578125 0.8927272734375 0.47540983593749997 0.8781818187500001 0.47540983593749997 0.8672727265625 0.491803278125 0.8381818187500001 0.502732240625 0.8290909093750001 0.5273224046875 0.8290909093750001 0.5601092890625 0.8363636359375001 0.5710382515625
0 0.9127272734374999 0.45628415312500004 0.9054545453125 0.47814207656249996 0.9054545453125 0.5273224046875 0.9090909093749999 0.5327868859375 0.9090909093749999 0.543715846875 0.9400000000000001 0.584699453125 0.9745454546874999 0.5819672125 0.9800000000000001 0.5792349734375 0.9927272734375 0.5601092890625 0.9927272734375 0.543715846875 0.9963636359375 0.538251365625 0.9927272734375 0.47267759531250003 0.9800000000000001 0.44808743125 0.95818181875 0.4316939890625 0.9363636359375 0.4316939890625 0.9218181812499999 0.4426229515625 0.9127272734374999 0.45628415312500004
0 1 0.27595628437499997 0.9836363640625001 0.27322404375 0.9763636359375001 0.278688525 0.9563636359375 0.30874316875 0.9527272734375 0.31967213125 0.9527272734375 0.3360655734375 0.9563636359375 0.34153005468750003 0.9563636359375 0.3961748640625 0.9654545453125 0.40983606562499997 0.9800000000000001 0.42076502656250003 0.9963636359375 0.41803278749999995 1 0.41256830625 1 0.27595628437499997
0 1 0.270491803125 0.99818181875 0.19125683124999998 0.9763636359375001 0.19125683124999998 0.9727272734374999 0.18579235 0.96 0.1994535515625 0.96 0.28688524531250004 0.9672727265625 0.28688524531250004 0.9800000000000001 0.27322404375 1 0.270491803125
0 1 0.09562841562499999 0.9945454546875 0.08743169375 0.9654545453125 0.08743169375 0.949090909375 0.1120218578125 0.949090909375 0.1284153 0.9563636359375 0.14480874375 0.9563636359375 0.17759562812500002 0.9654545453125 0.18032786875 0.969090909375 0.18579235 1 0.183060109375 1 0.09562841562499999
0 0.930909090625 0.084699453125 0.9436363640625001 0.0765027328125 0.949090909375 0.0628415296875 0.949090909375 0.05191256875 0.9527272734375 0.0464480875 0.9527272734375 0.002732240625 0.8781818187500001 0 0.8763636359375001 0.0136612015625 0.90181818125 0.0573770484375 0.9054545453125 0.084699453125 0.930909090625 0.084699453125
0 0.9345454546875 0.642076503125 0.95818181875 0.677595628125 0.970909090625 0.6748633875000001 0.9872727265625001 0.6612021859375 1 0.6584699453125 0.99818181875 0.5573770484375 0.9800000000000001 0.584699453125 0.9727272734374999 0.590163934375 0.95818181875 0.590163934375 0.9381818187500001 0.6038251359375 0.9381818187500001 0.6147540984375001 0.9345454546875 0.6202185796874999 0.9345454546875 0.642076503125
0 0.970909090625 0.778688525 0.9763636359375001 0.7868852453125 0.990909090625 0.7923497265624999 0.9945454546875 0.7978142078125 1 0.7950819671875 0.99818181875 0.6612021859375 0.9945454546875 0.6666666671875 0.9800000000000001 0.672131146875 0.970909090625 0.68579235 0.9672727265625 0.6967213109375 0.9672727265625 0.718579234375 0.9636363640625 0.7240437156249999 0.9636363640625 0.7459016390625 0.9672727265625 0.7513661203125 0.970909090625 0.778688525
0 1 0.8387978140625 0.9800000000000001 0.8360655734375 0.9636363640625 0.8661202187500001 0.9636363640625 0.9371584703125 0.9672727265625 0.9426229515625 0.970909090625 0.9644808749999999 0.9872727265625001 0.9781420765625001 0.99818181875 0.99453551875 1 0.991803278125 1 0.8387978140625
0 0.950909090625 1 0.9563636359375 0.991803278125 0.9636363640625 0.94808743125 0.96 0.9426229515625 0.96 0.9153005468750001 0.9563636359375 0.909836065625 0.9563636359375 0.8989071031250001 0.9436363640625001 0.8797814203125001 0.9218181812499999 0.8743169406250001 0.9181818187499999 0.8797814203125001 0.9072727265625 0.8797814203125001 0.9 0.8852459015624999 0.890909090625 0.8989071031250001 0.890909090625 0.909836065625 0.8872727265625 0.9153005468750001 0.8872727265625 0.95901639375 0.9072727265625 1 0.9254545453125 1 0.929090909375 1 0.9345454546875 1 0.950909090625 1