0 0.5065359484374999 0.16122004375 0.5 0.1220043578125 0.47222222187499996 0.069716775 0.44117647031249996 0.045751634375 0.38725490156250003 0.0239651421875 0.28431372499999996 0.0217864921875 0.2189542484375 0.037037037499999995 0.1911764703125 0.0588235296875 0.1764705875 0.08714596875 0.1797385625 0.15904139374999998 0.2124183 0.222222221875 0.2728758171875 0.27886710312499996 0.37581699375 0.30501089375 0.44281045781249995 0.2984749453125 0.48039215625000004 0.2636165578125 0.5 0.2265795203125 0.5065359484374999 0.16122004375
0 0 0.6884531593750001 0.0588235296875 0.6775599125 0.10620915 0.6492374734374999 0.1486928109375 0.599128540625 0.1813725484375 0.5359477125 0.1993464046875 0.4684095859375 0.2254901953125 0.4052287578125 0.2254901953125 0.313725490625 0.20098039218750002 0.296296296875 0.15849673125 0.2919389984375 0.12581699375 0.2984749453125 0.05392156875 0.33769063125 0 0.3899782140625 0 0.6884531593750001
0 0.5049019609375 0.8518518515625001 0.5702614374999999 0.812636165625 0.6013071890624999 0.7712418296875 0.616013071875 0.73202614375 0.616013071875 0.66230936875 0.60620915 0.6252723312499999 0.580065359375 0.5925925921874999 0.542483659375 0.5686274515624999 0.44444444375 0.5555555562500001 0.33169934687499997 0.58823529375 0.2892156859375 0.6165577343749999 0.2467320265625 0.6579520703124999 0.2173202609375 0.69716775625 0.2026143796875 0.73202614375 0.2026143796875 0.7886710234375001 0.2140522875 0.8213507625 0.23529411718749998 0.8431372546875 0.27777777812500004 0.85620915 0.41339869218749997 0.8692810453125001 0.5049019609375 0.8518518515625001
0 0.1405228765625 1 0.17810457500000001 0.98039215625 0.2173202609375 0.936819171875 0.23039215624999998 0.8867102390625 0.2271241828125 0.8453159046875 0.2026143796875 0.7995642703125 0.19444444375 0.758169934375 0.16993464062500002 0.7254901953124999 0.117647059375 0.6775599125 0.0751633984375 0.6644880171875001 0 0.6884531593750001 0 0.775599128125 0.008169934375 0.7908496734375 0.009803921875 0.847494553125 0 0.8801742921875 0 0.9150326796874999 0.0228758171875 0.9607843140625001 0.052287581250000006 0.989106753125 0.0735294125 1 0.1405228765625 1
0 1 0.7472766890625 0.9754901953124999 0.721132896875 0.937908496875 0.69716775625 0.8954248359375001 0.6840958609375 0.678104575 0.6688453156249999 0.653594771875 0.6797385625000001 0.64379085 0.6928104578125 0.633986928125 0.7494553374999999 0.6552287578125 0.8213507625 0.705882353125 0.8932461875 0.76960784375 0.9411764703125 0.8333333328125001 0.9673202609375 0.9509803921875 0.98039215625 1 0.9651416125000001 1 0.7472766890625
0 0.47222222187499996 0.4139433546875 0.44281045781249995 0.3638344234375 0.3954248359375 0.31590413906250003 0.3692810453125 0.3006535953125 0.27777777812500004 0.27886710312499996 0.2434640515625 0.296296296875 0.23039215624999998 0.313725490625 0.223856209375 0.3507625265625 0.23529411718749998 0.40958605625000005 0.28431372499999996 0.49673202656250004 0.3235294125 0.544662309375 0.3611111109375 0.57298475 0.4771241828125 0.5577342046875 0.49509803906250005 0.5228758171875 0.49346405156250006 0.47494553437500003 0.47222222187499996 0.4139433546875
0 0.758169934375 0.453159040625 0.7385620921875 0.41176470624999995 0.69607843125 0.3616557734375 0.6290849671875 0.3246187359375 0.5916683 0.3126797390625 0.559576796875 0.3063420484375 0.491830065625 0.31590413906250003 0.46405228750000005 0.3529411765625 0.4689542484375 0.4074074078125 0.48202614375 0.44226579531250004 0.581699346875 0.544662309375 0.635620915625 0.55337690625 0.6813725484375001 0.58823529375 0.73366013125 0.5708061 0.758169934375 0.5359477125 0.7630718953125 0.49673202656250004 0.758169934375 0.453159040625
0 0.954248365625 0.2461873640625 0.954248365625 0.20043572968749998 0.9428104578125 0.16122004375 0.919934640625 0.1372549015625 0.8839869281249999 0.1220043578125 0.8022875812500001 0.115468409375 0.7450980390625 0.12418300625 0.668300653125 0.1633986921875 0.62581699375 0.222222221875 0.58823529375 0.2549019609375 0.58986928125 0.26797385625 0.6323529406249999 0.328976034375 0.668300653125 0.33769063125 0.83986928125 0.3507625265625 0.8839869281249999 0.3333333328125 0.9232026140625 0.30283224375 0.954248365625 0.2461873640625
0 0.56328125 0.16171875 0.215625 0.296875
0 0.8375 0.47890625 0.309375 0.25625
0 0.05703125 0.1703125 0.1140625 0.23125
0 0.24765625 0.5765625 0.2171875 0.234375
0 0.4421875 0.928125 0.4234375 0.14375
0 0.59296875 0.70234375 0.1859375 0.30625