0 0.1484375 0.64921875 0.1515625 0.23125
0 0.20078125 0.79375 0.228125 0.2875
0 0.51953125 0.82109375 0.2359375 0.3015625
0 0.75390625 0.8046875 0.1890625 0.2484375
0 0.8828125 0.7296875 0.196875 0.253125
0 0.6515625 0.309375 0.16875 0.15625
0 0.7453125 0.23828125 0.153125 0.16875
0 0.7328125 0.33203125 0.196875 0.1625
0 0.6328125 0.21015625 0.1171875 0.1296875
0 0.6609375 0.16171875 0.1125 0.1609375
0 0.59921875 0.13828125 0.159375 0.1203125
0 0.45859375 0.12265625 0.15625 0.1578125
0 0.4890625 0.15546875 0.13125 0.1109375
0 0.4375 0.20703125 0.1828125 0.15
0 0.34921875 0.228125 0.1140625 0.1046875
0 0.2734375 0.240625 0.1546875 0.1625
0 0.34296875 0.31953125 0.1328125 0.184375
0 0.459375 0.31015625 0.153125 0.2078125
0 0.57421875 0.2625 0.153125 0.1859375