0 0.644880175 0.12418300625 0.6470588234375 0.1111111109375 0.760348584375 0.0016339875000000001 0.579520696875 0 0.5599128546875 0.0228758171875 0.46405228750000005 0.08333333281250001 0.348583878125 0.17320261406249998 0.259259259375 0.223856209375 0.18082788593750002 0.32516339843750003 0.1786492375 0.3545751640625 0.18954248437500001 0.3692810453125 0.357298475 0.3807189546875 0.43137254843750006 0.31535947656249996 0.5664488015625 0.1748366015625 0.644880175 0.12418300625
0 0.383442265625 1 0.3246187359375 0.8153594765625 0.2919389984375 0.7794117640625 0.23747276718750002 0.76633986875 0.13943355156249998 0.7892156859375 0.1067538125 0.8153594765625 0.0958605671875 0.8790849671875 0.1307189546875 1 0.383442265625 1
0 0.614379084375 1 0.5925925921874999 0.918300653125 0.5511982578125 0.8529411765624999 0.5119825703124999 0.828431371875 0.4509803921875 0.8267973859375 0.4052287578125 0.84150326875 0.3703703703125 0.8839869281249999 0.3616557734375 0.937908496875 0.37690631875 1 0.614379084375 1
0 0.7690631812500001 0.18954248437500001 0.7516339875 0.1633986921875 0.721132896875 0.13888888906250002 0.6928104578125 0.12581699375 0.66230936875 0.12254902031249999 0.6209150328125 0.135620915625 0.5664488015625 0.1748366015625 0.492374728125 0.258169934375 0.3616557734375 0.3790849671875 0.366013071875 0.3888888890625 0.47494553437500003 0.3986928109375 0.55337690625 0.3905228765625 0.6993464046875 0.294117646875 0.7189542484375 0.258169934375 0.7538126359375 0.23202614375000002 0.7690631812500001 0.18954248437500001
0 1 0.2140522875 0.9477124187499999 0.1650326796875 0.9498910671875 0.1372549015625 0.938997821875 0.12254902031249999 0.9106753812499999 0.10294117656249999 0.8801742921875 0.09640522812499999 0.8583878 0.071895425 0.8169934640625 0.0490196078125 0.7516339875 0.0375817 0.7254901953124999 0.0473856203125 0.7080610015625 0.06535947656249999 0.6797385625000001 0.0751633984375 0.633986928125 0.1209150328125 0.642701525 0.12581699375 0.6906318078125 0.12418300625 0.7080610015625 0.1307189546875 0.7625272328125 0.1764705875 0.7690631812500001 0.2124183 0.8692810453125001 0.2728758171875 0.938997821875 0.2859477125 1 0.27777777812500004 1 0.2140522875
0 0.5508867109375 0.4014934640625 0.435729846875 0.3968251640625 0.23965141562499997 0.37348202656249996 0.0746971671875 0.3828202609375 0.03423529375 0.44351143750000005 0.12138126406250001 0.501867646875 0.2178649234375 0.5042009796875 0.3392461875 0.53688071875 0.5010893249999999 0.56489215625 0.69716775625 0.6209150328125 0.8434488015625 0.6372549015625 0.911919390625 0.60691013125 0.9586056640624999 0.5345473859375 0.9461568625 0.4715212421875 0.911919390625 0.4481797390625 0.715840959375 0.41550000000000004 0.5508867109375 0.4014934640625
0 0.037348584375 0.5555555562500001 0.0684727671875 0.6092434640625 0.1680675375 0.646591503125 0.44817865 0.7072826796875 0.6940544656250001 0.77264215625 0.7998758171875 0.7609705875 0.8341111109374999 0.697946078125 0.802986928125 0.6325866015625 0.5788976031249999 0.5905702609375 0.373483659375 0.5462189546875 0.2365381265625 0.5345473859375 0.037348584375 0.5555555562500001
0 0 0.2450980390625 0.2614379078125 0.187908496875 0.3202614375 0.11601307187500001 0.30501089375 0.1045751640625 0.2483660125 0.1013071890625 0 0.12418300625 0 0.2450980390625
0 0.8453159046875 1 0.8017429187499999 0.9346405234375 0.7494553374999999 0.776143790625 0.6840958609375 0.7712418296875 0.5206971671875 0.73366013125 0.51633986875 0.7990196078125 0.527233115625 0.8267973859375 0.58823529375 0.91013071875 0.6122004359375001 1 0.8453159046875 1
0 1 0.939542484375 0.9869281046875 0.90849673125 0.956427015625 0.8872549015625 0.8932461875 0.7859477125 0.85620915 0.7516339875 0.8431372546875 0.7483660125 0.8409586062500001 0.73202614375 0.832244009375 0.73039215625 0.8017429187499999 0.7630718953125 0.7494553374999999 0.784313725 0.76688453125 0.8594771234374999 0.812636165625 0.9673202609375 0.8366013078125001 1 1 1 1 0.939542484375
0 0.8605664484375 0.321895425 0.8278867109375 0.28431372499999996 0.795206971875 0.2614379078125 0.777777778125 0.23856209218750002 0.758169934375 0.23202614375000002 0.7124183000000001 0.2810457515625 0.6666666671875 0.31535947656249996 0.66230936875 0.33169934687499997 0.7494553374999999 0.3905228765625 0.7886710234375001 0.4264705875 0.87363834375 0.44607843125 0.9063180828125 0.44607843125 0.9433551203125001 0.4068627453125 0.9411764703125 0.3905228765625 0.919389978125 0.364379084375 0.8605664484375 0.321895425
0 0.0479302828125 0.4705882359375 0.05446623125 0.55228758125 0.1655773421875 0.5359477125 0.2483660125 0.5359477125 0.23747276718750002 0.51633986875 0.11982570781249999 0.4983660125 0.0479302828125 0.4705882359375
0 0.030501089062499997 0.2794117640625 0.043572984375 0.40032679687500006 0.1067538125 0.37581699375 0.1830065359375 0.37254902031250003 0.167755990625 0.312091503125 0.14161220000000002 0.2728758171875 0.10021786562499999 0.25 0.063180828125 0.2467320265625 0.0413943359375 0.258169934375 0.030501089062499997 0.2794117640625
0 0.1045751640625 0.7614379078125 0.257080609375 0.7516339875 0.2897603484375 0.7369281046875 0.30501089375 0.7091503265625 0.2984749453125 0.678104575 0.1546840953125 0.6503267968750001 0.08932461875 0.6274509796875 0.0588235296875 0.6078431375 0.0675381265625 0.704248365625 0.1045751640625 0.7614379078125
0 1 0.5130718953125 0.9869281046875 0.5032679734375 0.9586056640624999 0.4983660125 0.9455337687500001 0.5588235296875 0.91285403125 0.6127450984375 0.8954248359375001 0.6274509796875 0.8453159046875 0.6421568625 0.8409586062500001 0.6503267968750001 0.938997821875 0.828431371875 0.9651416125000001 0.8643790843750001 0.9869281046875 0.8807189546874999 1 0.8725490203125 1 0.5130718953125