0 0.2546875 0.41015625 0.053125 0.0859375
0 0.246875 0.6890625 0.06875 0.1140625
0 0.15 0.9390625 0.05625 0.1046875
0 0.31875 0.91484375 0.05625 0.0953125
0 0.3671875 0.71953125 0.053125 0.08125
0 0.41875 0.6390625 0.05625 0.109375
0 0.46875 0.6109375 0.0625 0.109375
0 0.4734375 0.71953125 0.046875 0.090625
0 0.5203125 0.58515625 0.053125 0.121875
0 0.40625 0.46015625 0.05625 0.109375
0 0.58125 0.44609375 0.075 0.128125
0 0.7078125 0.3234375 0.046875 0.1
0 0.6578125 0.1578125 0.053125 0.090625
0 0.7828125 0.03515625 0.071875 0.0609375
0 0.884375 0.59921875 0.05625 0.0953125