0 0.46900000000000003 0.6839999999999999 0.5066666671875 0.6815 0.541 0.6759999999999999 0.5823333328125 0.66225 0.5926666671875 0.6559999999999999 0.6093333328125 0.648 0.627 0.63525 0.6356666671875 0.6275000000000001 0.643 0.6184999999999999 0.6616666671875 0.6 0.6763333328125001 0.5825 0.6900000000000001 0.5625 0.6996666671875 0.54425 0.7043333328125 0.5315000000000001 0.7053333328125 0.52175 0.7026666671874999 0.491 0.6926666671875 0.458 0.6799999999999999 0.429 0.6603333328125001 0.40199999999999997 0.6493333328124999 0.3915 0.6323333328125 0.37875000000000003 0.5983333328125 0.35975 0.5846666671875 0.35350000000000004 0.5676666671875 0.34775 0.5416666671875 0.34025 0.5223333328125 0.33725 0.46900000000000003 0.33999999999999997 0.429 0.34775 0.4073333328125 0.35325 0.37 0.36575 0.327 0.3895 0.313 0.40049999999999997 0.306 0.40824999999999995 0.2983333328125 0.4145 0.264 0.4575 0.2533333328125 0.48250000000000004 0.25033333281250003 0.49524999999999997 0.2483333328125 0.515 0.24933333281249997 0.53425 0.2636666671875 0.5690000000000001 0.2866666671875 0.6094999999999999 0.29700000000000004 0.6214999999999999 0.3116666671875 0.6345 0.32966666718750004 0.64675 0.34500000000000003 0.6537499999999999 0.3543333328125 0.6597500000000001 0.397 0.67425 0.43099999999999994 0.68225 0.44333333281250004 0.68425 0.46900000000000003 0.6839999999999999
0 0.7126666671875 1 0.7256666671875001 0.9955 0.7396666671875 0.9862500000000001 0.748 0.9775 0.7566666671875 0.962 0.7623333328124999 0.9375 0.7653333328125 0.9125 0.7653333328125 0.8977499999999999 0.7596666671875 0.874 0.75 0.8554999999999999 0.7436666671875 0.8470000000000001 0.7353333328125 0.841 0.716 0.8314999999999999 0.7056666671875 0.82925 0.6883333328125001 0.82875 0.63 0.8317500000000001 0.6193333328125 0.8352499999999999 0.6063333328125 0.8422499999999999 0.5933333328125 0.8554999999999999 0.5763333328125 0.8867499999999999 0.572 0.90075 0.5696666671874999 0.9179999999999999 0.5706666671875 0.93825 0.5766666671875 0.962 0.5873333328125 0.97675 0.5946666671874999 0.983 0.6073333328125 0.9887499999999999 0.6333333328124999 0.99475 0.6553333328125001 0.9984999999999999 0.6679999999999999 1 0.7126666671875 1
0 0.9003333328125 1 0.9233333328125 0.9957499999999999 0.9383333328125 0.9887499999999999 0.95 0.97775 0.9640000000000001 0.95075 0.9716666671875 0.9247500000000001 0.9723333328124999 0.91175 0.9673333328125 0.8865000000000001 0.9626666671875 0.874 0.9536666671875 0.86 0.951 0.857 0.9366666671875 0.8467499999999999 0.9096666671875001 0.83675 0.8996666671875 0.8345 0.8863333328125 0.8332499999999999 0.86 0.8342499999999999 0.849 0.83575 0.8306666671875 0.8414999999999999 0.8213333328125 0.8462500000000001 0.8056666671875 0.8574999999999999 0.79 0.8720000000000001 0.7813333328125001 0.88275 0.7733333328125 0.8995 0.7673333328124999 0.9395 0.7666666671875 0.951 0.768 0.96225 0.7736666671875 0.9737500000000001 0.7826666671875 0.9875 0.799 0.9962500000000001 0.8039999999999999 1 0.9003333328125 1
0 0.9498749999999999 0.79653725 0.9615416671875 0.78403725 0.976875 0.75803725 0.9818749999999999 0.74303725 0.9838749999999999 0.73178725 0.9838749999999999 0.71703725 0.9818749999999999 0.70528725 0.9765416671875 0.6930372499999999 0.9725416671874999 0.68778725 0.961875 0.67728725 0.9425416671875 0.66228725 0.9235416671875001 0.65528725 0.8955416671875 0.64828725 0.8785416671874999 0.64728725 0.8632083328125001 0.6485372500000001 0.8465416671874999 0.65303725 0.8235416671875001 0.66453725 0.785875 0.69178725 0.777875 0.70178725 0.7695416671875 0.71803725 0.766875 0.7282872499999999 0.7658750000000001 0.73978725 0.7655416671874999 0.76628725 0.7682083328125 0.77928725 0.7802083328125 0.80253725 0.784875 0.80878725 0.791875 0.8150372499999999 0.8052083328125 0.82103725 0.8342083328125 0.82678725 0.8585416671875 0.82628725 0.8948750000000001 0.8225372500000001 0.921875 0.8140372499999999 0.9328749999999999 0.80903725 0.9498749999999999 0.79653725
0 0.8060336671874999 0.526906 0.8340336671875 0.519156 0.856367 0.5081559999999999 0.866367 0.499406 0.874367 0.486406 0.8790336671875 0.469156 0.8783670000000001 0.452656 0.8747003328125 0.43765599999999993 0.865367 0.41890599999999995 0.8607003328125 0.41215599999999997 0.8523669999999999 0.40340600000000004 0.8440336671875001 0.396156 0.8200336671875 0.38190599999999997 0.8057003328125001 0.377156 0.784367 0.37415600000000004 0.7607003328124999 0.37390599999999996 0.7427003328125 0.37590599999999996 0.720367 0.38240599999999997 0.7060336671874999 0.38890600000000003 0.6910336671875 0.400406 0.6793669999999999 0.41265599999999997 0.677367 0.41665599999999997 0.6777003328125 0.428156 0.6857003328125 0.444406 0.6930336671874999 0.46965599999999996 0.700367 0.507406 0.703367 0.515656 0.7060336671874999 0.519156 0.7187003328125 0.521406 0.7317003328125 0.525156 0.7520336671875001 0.527906 0.7677003328125 0.528906 0.7970336671875 0.528406 0.8060336671874999 0.526906
0 0.2336833328125 0.2636685 0.25535 0.2561685 0.26835 0.24841850000000001 0.2776833328125 0.2399185 0.28735 0.2241685 0.2896833328125 0.2126685 0.28835 0.1856685 0.28135 0.1601685 0.27235 0.1446685 0.2580166671875 0.1294185 0.24535 0.12016849999999998 0.2280166671875 0.1114185 0.2016833328125 0.1021685 0.1636833328125 0.0944185 0.1490166671875 0.0941685 0.1256833328125 0.09941849999999999 0.1096833328125 0.1061685 0.0966833328125 0.11716850000000001 0.0840166671875 0.1331685 0.07868333281249999 0.1459185 0.07735 0.1536685 0.0770166671875 0.1656685 0.07835 0.1766685 0.0840166671875 0.1991685 0.08935 0.2114185 0.0986833328125 0.2241685 0.11435 0.2396685 0.1410166671875 0.2554185 0.1550166671875 0.25966849999999997 0.17268333281249998 0.2626685 0.21201666718749998 0.2664185 0.22501666718750002 0.2656685 0.2336833328125 0.2636685
0 0.5203333328124999 0.31475 0.5269999999999999 0.3345 0.5309999999999999 0.341 0.5690000000000001 0.35125 0.6086666671875001 0.36724999999999997 0.6186666671875 0.369 0.6226666671875 0.36875 0.6316666671875 0.364 0.6436666671875 0.36075 0.6533333328125 0.35325 0.6636666671875 0.348 0.6679999999999999 0.34075 0.678 0.335 0.682 0.32799999999999996 0.6886666671875 0.3235 0.6913333328125 0.32 0.71 0.28475 0.7176666671875 0.26575000000000004 0.717 0.252 0.7116666671874999 0.23174999999999998 0.7026666671874999 0.21725 0.693 0.20750000000000002 0.6773333328125 0.19624999999999998 0.659 0.19 0.648 0.18475 0.634 0.1825 0.621 0.1825 0.596 0.18475 0.5813333328125 0.188 0.5583333328125 0.19675 0.549 0.20299999999999999 0.5403333328125 0.21150000000000002 0.5283333328125 0.22675 0.521 0.24075000000000002 0.516 0.254 0.5123333328124999 0.27925 0.514 0.30325 0.5203333328124999 0.31475
0 0.714 0.35675 0.7356666671875 0.373 0.741 0.37575 0.7456666671875001 0.3775 0.753 0.3785 0.7826666671875 0.37975 0.8109999999999999 0.383 0.8240000000000001 0.3835 0.8553333328124999 0.37174999999999997 0.8716666671875 0.3625 0.8803333328124999 0.35550000000000004 0.8923333328125 0.34199999999999997 0.8976666671875 0.33075 0.8996666671875 0.31625000000000003 0.899 0.3045 0.8963333328124999 0.2905 0.8903333328124999 0.27799999999999997 0.8789999999999999 0.263 0.8606666671875001 0.24900000000000003 0.842 0.23900000000000002 0.8346666671875 0.23625 0.8220000000000001 0.23374999999999999 0.779 0.23275 0.769 0.23374999999999999 0.76 0.23675000000000002 0.7373333328125 0.2485 0.7243333328125 0.257 0.7183333328125 0.2625 0.7103333328125 0.27525 0.6976666671875 0.304 0.6956666671875 0.31875 0.6976666671875 0.32999999999999996 0.7023333328125 0.34275 0.714 0.35675
0 1 0.49375 0.9963333328124999 0.491 0.9896666671875 0.48825 0.975 0.48475 0.959 0.48324999999999996 0.9383333328125 0.483 0.921 0.48425 0.9043333328125 0.4875 0.8789999999999999 0.49775 0.8723333328124999 0.50225 0.8556666671875 0.5165 0.8463333328125 0.5287499999999999 0.8403333328124999 0.544 0.841 0.5585 0.8460000000000001 0.5782499999999999 0.8596666671875001 0.61925 0.8636666671875 0.6255 0.874 0.63225 0.8803333328124999 0.64025 0.8946666671875001 0.6487499999999999 0.9283333328125 0.6605000000000001 0.9486666671874999 0.6639999999999999 0.9726666671875 0.66325 0.9873333328125 0.6597500000000001 1 0.65125 1 0.49375
0 0.178125 0.33671875 0.2171875 0.159375
0 0.671875 0.759375 0.190625 0.1421875
0 0.3875 0.1953125 0.1890625 0.16875