0 0.5621584703125 0.26958105625 0.4856557375 0.26593806875000003 0.4501366125 0.27322404375 0.41803278749999995 0.30874316875 0.4112021859375 0.33424407968750003 0.407103825 0.4344262296875 0.398907103125 0.47996357031250003 0.398907103125 0.5218579234375 0.4084699453125 0.5673952640625 0.42691256875 0.595628415625 0.4515027328125 0.6029143890625 0.595628415625 0.6038251359375 0.697404371875 0.590163934375 0.7657103828125 0.5610200359374999 0.797131146875 0.5300546453125 0.8333333328125001 0.4744990890625 0.8346994531249999 0.4398907109375 0.8278688531249999 0.41803278749999995 0.8060109296875 0.3797814203125 0.7780054640625 0.3497267765625 0.6933060109375 0.30783242187500004 0.5621584703125 0.26958105625
0 0.2684426234375 0.054644809375000006 0.21653005468750003 0.0582877953125 0.1646174859375 0.09107468125 0.15300546406249999 0.1065573765625 0.1502732234375 0.1229508203125 0.1502732234375 0.16848816093750002 0.165300546875 0.23041894375 0.22814207656250002 0.3943533703125 0.2889344265625 0.47540983593749997 0.3121584703125 0.489981784375 0.3306010921875 0.49089253125 0.3572404375 0.4881602921875 0.3763661203125 0.4772313296875 0.4030054640625 0.4307832421875 0.4084699453125 0.33424407968750003 0.4193989078125 0.2996357015625 0.40163934375 0.101092896875 0.372267759375 0.041894353125 0.339480875 0.030965392187500003 0.31079235 0.034608378125 0.2684426234375 0.054644809375000006
0 0.6646174859375 0 0.427595628125 0.004553734375 0.4084699453125 0.0792349734375 0.4112021859375 0.1102003640625 0.4234972671875 0.14116575625 0.4788251359375 0.20218579218750002 0.5184426234374999 0.23132969062500003 0.5771857921875 0.25500910781249997 0.663251365625 0.278688525 0.7322404375 0.283242259375 0.7547814203125001 0.278688525 0.788251365625 0.25227686718750003 0.8073770484375 0.21766848749999998 0.8060109296875 0.17759562812500002 0.7950819671875 0.135701275 0.7800546453125 0.10473588281249999 0.7575136609374999 0.0728597453125 0.7137978140625 0.0291438984375 0.6796448093749999 0.00182149375 0.6646174859375 0
0 0.5648907109375 0.6083788703125 0.46243169375 0.6065573765625001 0.4282786890625 0.599271403125 0.415300546875 0.6220400734375 0.40983606562499997 0.6511839703125 0.4193989078125 0.7040072859375 0.41393442656249996 0.7276867031250001 0.422131146875 0.7604735890625001 0.45765027343750003 0.8424408015625 0.5334699453125 0.948998178125 0.5785519125 0.9908925312499999 0.5949453546875 1 0.6844262296875 0.999089253125 0.7199453546875 0.9535519125 0.72677595625 0.9189435343750001 0.7240437156249999 0.85701275 0.758196721875 0.8151183968750001 0.76229508125 0.8023679421875001 0.765027321875 0.7677595625 0.75 0.725865209375 0.6919398906249999 0.6666666671875 0.6140710375 0.6247723140625 0.5648907109375 0.6083788703125
0 0.31352459062500004 0.6047358828125 0.2889344265625 0.6193078328125 0.265027321875 0.6548269578125 0.24453551875 0.7003642984375 0.2363387984375 0.736794171875 0.2254098359375 0.8770491796875 0.22814207656250002 0.9972677593749999 0.48770491875 0.999089253125 0.491803278125 0.9735883421875 0.474043715625 0.8715847 0.4549180328125 0.8424408015625 0.41393442656249996 0.7404371578125 0.41803278749999995 0.7076502734375001 0.4084699453125 0.6712203999999999 0.4084699453125 0.634790528125 0.3845628421875 0.6138433515624999 0.3408469953125 0.6029143890625 0.31352459062500004 0.6047358828125
0 0.1523224046875 0.36976320625 0.13046448125000001 0.3825136609375 0.11133879843750001 0.3806921671875 0.10519125625 0.39799635625 0.1270491796875 0.4744990890625 0.125683059375 0.5273224046875 0.107923496875 0.58014571875 0.102459015625 0.8060109296875 0.11065573749999999 0.8442622953125 0.0997267765625 0.9007285968750001 0.102459015625 0.9571949 0.118852459375 0.9699453546875001 0.1782786890625 0.9362477234375 0.22267759531250003 0.8788706734374999 0.23907103749999997 0.7094717671875 0.278688525 0.6238615671875001 0.2964480875 0.5291438984375 0.2950819671875 0.49817850625000004 0.28073770468750003 0.4699453546875 0.217896175 0.3934426234375 0.1728142078125 0.3679417125 0.1523224046875 0.36976320625
0 0.0047814203125000005 0.1821493625 0 0.183060109375 0.0013661203125 0.647540984375 0.055327868749999995 0.62659380625 0.089480875 0.599271403125 0.11612021875 0.5582877953125001 0.125683059375 0.5218579234375 0.12431694062500001 0.4672131140625 0.0915300546875 0.36520947187499997 0.090163934375 0.3051001828125 0.0792349734375 0.261384334375 0.047131146875 0.20218579218750002 0.0047814203125000005 0.1821493625
0 0.0573770484375 0.19763205781249998 0.14685792343749998 0.17668488124999998 0.14754098437500002 0.1247723140625 0.15573770468749998 0.097449909375 0.18374316875000002 0.0692167578125 0.2308743171875 0.050091075 0.2308743171875 0.031876139062499996 0.2172131140625 0.004553734375 0.000683059375 0 0 0.179417121875 0.0573770484375 0.19763205781249998
0 0.0683060109375 0.999089253125 0.0806010921875 0.9426229515625 0.0792349734375 0.8897996359375 0.10519125625 0.85883424375 0.107923496875 0.8296903453125 0.102459015625 0.8151183968750001 0.0826502734375 0.7978142078125 0.047131146875 0.7486338796875 0.000683059375 0.721311475 0 0.999089253125 0.0683060109375 0.999089253125
0 1 0.8661202187500001 0.982923496875 0.8469945359375 0.8640710374999999 0.777777778125 0.82308743125 0.761384334375 0.7862021859375 0.7577413484375 0.7691256828124999 0.77140255 0.765027321875 0.8060109296875 0.73770491875 0.8460837890624999 0.729508196875 0.8788706734374999 0.7322404375 0.9389799640625001 0.7479508203125 1 1 0.999089253125 1 0.8661202187500001
0 0.9993169406250001 0.6029143890625 0.9351092890625001 0.6029143890625 0.8654371578125 0.6247723140625 0.8442622953125 0.645719490625 0.80191256875 0.7167577406250001 0.8005464484375 0.734972678125 0.813524590625 0.7559198546875 0.8640710374999999 0.774134790625 1 0.85883424375 0.9993169406250001 0.6029143890625
0 0.8210382515625 0.5127504546874999 0.816939890625 0.5582877953125001 0.8278688531249999 0.60018215 0.843579234375 0.6193078328125 0.8592896171875 0.625683059375 0.9282786890624999 0.6029143890625 1 0.60018215 0.9979508203125 0.2914389796875 0.9515027328125001 0.2859744984375 0.9187158468750001 0.2969034609375 0.86953551875 0.324225865625 0.8428961749999999 0.359744990625 0.8319672125 0.40163934375 0.8374316937499999 0.46903460781249995 0.8210382515625 0.5127504546874999
0 0.8101092890625001 0.22131147499999998 0.788251365625 0.261384334375 0.7923497265624999 0.2923497265625 0.808060109375 0.326047359375 0.8285519125 0.34608378906250004 0.8442622953125 0.3506375234375 0.859972678125 0.326047359375 0.9214480875 0.2932604734375 0.9596994531249999 0.2823315125 1 0.2887067390625 0.9993169406250001 0 0.98019125625 0.0036429875 0.9542349734375 0.0236794171875 0.859972678125 0.1165755921875 0.8101092890625001 0.17759562812500002 0.8101092890625001 0.22131147499999998