0 0.10078125 0.1375 0.165625 0.20625
0 0.246875 0.11484375 0.1421875 0.1921875
0 0.25 0.271875 0.15625 0.2125
0 0.12890625 0.30234375 0.15 0.1953125
0 0.23828125 0.81875 0.153125 0.134375
0 0.275 0.9359375 0.1296875 0.128125
0 0.40859375 0.95546875 0.1296875 0.0890625
0 0.1796875 0.9359375 0.1203125 0.128125
0 0.521875 0.79296875 0.14375 0.1953125
0 0.54765625 0.65703125 0.1359375 0.184375
0 0.69296875 0.41875 0.1703125 0.2078125
0 0.77421875 0.29453125 0.14375 0.1734375
0 0.73828125 0.115625 0.15625 0.2109375
0 0.92890625 0.13203125 0.1109375 0.13125
0 0.94765625 0.23828125 0.1046875 0.13125