0 0.477 0.5982008999999999 0.5 0.587706146875 0.545 0.5832083953125 0.579 0.5712143921874999 0.599 0.5562218890625 0.634 0.5142428781249999 0.661 0.4587706140625 0.666 0.43178410781250004 0.666 0.38680659687499996 0.661 0.3418290859375 0.626 0.23988005937499998 0.612 0.21439280312500003 0.596 0.1994003 0.572 0.187406296875 0.546 0.18590704687499998 0.484 0.19790105 0.45899999999999996 0.22188905625 0.417 0.2923538234375 0.394 0.3433283359375 0.384 0.37631184375000004 0.38 0.43328335781250005 0.385 0.4707646171875 0.417 0.560719640625 0.42800000000000005 0.5772113937500001 0.445 0.5907046484375 0.477 0.5982008999999999
0 0.41200000000000003 0.62218890625 0.442 0.610194903125 0.45 0.5922038984375 0.42800000000000005 0.5712143921874999 0.414 0.5442278859375 0.39 0.47676161875 0.383 0.43778110937500003 0.385 0.389805096875 0.398 0.3418290859375 0.417 0.2953523234375 0.41500000000000004 0.2803598203125 0.388 0.24137931093749998 0.351 0.20239880000000002 0.322 0.187406296875 0.29700000000000004 0.18590704687499998 0.258 0.20239880000000002 0.238 0.22488755624999998 0.231 0.23988005937499998 0.225 0.27436281875 0.22200000000000003 0.337331334375 0.23500000000000001 0.4077961015625 0.28900000000000003 0.5202398796875001 0.33799999999999997 0.6011993999999999 0.356 0.614692653125 0.39 0.62368815625 0.41200000000000003 0.62218890625
0 0 0.8215892046875 0.012 0.8290854578125 0.026000000000000002 0.8290854578125 0.08 0.8140929531250001 0.12 0.8140929531250001 0.149 0.8215892046875 0.16599999999999998 0.815592203125 0.188 0.761619190625 0.19 0.713643178125 0.183 0.6686656671875 0.16599999999999998 0.6086956515625 0.152 0.60269865 0.133 0.5787106453125 0.091 0.5547226390625 0.046 0.539730134375 0 0.5367316343749999 0 0.8215892046875
0 0.41100000000000003 1 0.44299999999999995 0.9505247375 0.457 0.910044978125 0.46399999999999997 0.865067465625 0.46699999999999997 0.8050974515625 0.461 0.77811094375 0.437 0.737631184375 0.417 0.7196401796874999 0.394 0.7121439281249999 0.359 0.7121439281249999 0.319 0.7196401796874999 0.27599999999999997 0.7406296859375 0.24 0.7676161921875 0.221 0.7931034484375 0.20600000000000002 0.8350824593749999 0.202 0.8830584703125 0.22400000000000003 1 0.41100000000000003 1
0 0.6599999999999999 0.7331334328125 0.683 0.72713643125 0.736 0.6821589203125 0.743 0.6521739125 0.743 0.6176911546875 0.728 0.560719640625 0.6900000000000001 0.512743628125 0.67 0.502248875 0.647 0.499250375 0.599 0.5547226390625 0.563 0.5772113937500001 0.542 0.5832083953125 0.5309999999999999 0.5937031484374999 0.515 0.6476761625 0.512 0.685157421875 0.52 0.7196401796874999 0.567 0.72413793125 0.607 0.7541229390625 0.623 0.7541229390625 0.6599999999999999 0.7331334328125
0 0.742 0.8920539734374999 0.771 0.87706146875 0.805 0.8665667171875 0.85 0.8710644671875001 0.858 0.8605697156250001 0.8720000000000001 0.8080959515625 0.877 0.77211394375 0.873 0.7091454265625 0.8460000000000001 0.6671664171875 0.829 0.6566716640625 0.808 0.6536731640625 0.7849999999999999 0.6566716640625 0.747 0.67466266875 0.6940000000000001 0.7196401796874999 0.671 0.7496251875 0.657 0.79910045 0.6559999999999999 0.8305847078124999 0.6639999999999999 0.8815592203125 0.6849999999999999 0.9115442281249999 0.7110000000000001 0.92353823125 0.72 0.9190404796875 0.742 0.8920539734374999
0 0.883 0.8440779609375 0.899 0.8455772109374999 0.925 0.809595203125 0.9390000000000001 0.7736131937499999 0.953 0.7046476765625 0.953 0.6476761625 0.9400000000000001 0.60269865 0.915 0.5667166421875 0.8859999999999999 0.5487256375 0.852 0.5472263875000001 0.826 0.565217390625 0.8119999999999999 0.5832083953125 0.795 0.6206896546875 0.7889999999999999 0.6521739125 0.79 0.6581709140625 0.817 0.6566716640625 0.837 0.664167915625 0.8630000000000001 0.6941529234375 0.873 0.7316341828125 0.869 0.82758620625 0.883 0.8440779609375
0 0.248 0.688155921875 0.272 0.6521739125 0.3 0.5922038984375 0.302 0.5577211390625 0.292 0.5187406296875 0.24300000000000002 0.42578710624999994 0.2 0.42278860625 0.16299999999999998 0.434782609375 0.127 0.464767615625 0.077 0.52623688125 0.06999999999999999 0.5457271359375 0.133 0.586206896875 0.152 0.6071964015625 0.16399999999999998 0.6086956515625 0.184 0.67766116875 0.191 0.7166416796874999 0.20400000000000001 0.7211394296875 0.248 0.688155921875
0 0.55546875 0.85703125 0.1953125 0.284375
0 0.8 0.93125 0.19375 0.1375
0 0.08046875 0.14296875 0.1609375 0.2859375
0 0.2625 0.10859375 0.1890625 0.20625
0 0.16640625 0.29296875 0.1609375 0.265625
0 0.05078125 0.40859375 0.1015625 0.2140625
0 0.109375 0.903125 0.2171875 0.19375
0 0.75234375 0.5359375 0.178125 0.2421875
0 0.58515625 0.946875 0.2 0.10625
0 0.37890625 0.703125 0.2171875 0.2015625
0 0.50625 0.15078125 0.221875 0.2640625
0 0.6703125 0.1421875 0.1921875 0.23125
0 0.80859375 0.29453125 0.1703125 0.2171875
0 0.928125 0.46875 0.14375 0.25625
0 0.9484375 0.1453125 0.103125 0.271875