0 0.6255060734375 0.8169934640625 0.6477732796875 0.7990196078125 0.6578947375 0.7745098046875001 0.6578947375 0.7450980390625 0.643724696875 0.704248365625 0.6032388656250001 0.6633986921874999 0.56680161875 0.6503267968750001 0.5384615390625 0.6503267968750001 0.5101214578125 0.66013071875 0.47773279375 0.66013071875 0.4676113359375 0.669934640625 0.4554655875 0.669934640625 0.4392712546875 0.7009803921875 0.441295546875 0.73366013125 0.4615384609375 0.758169934375 0.47773279375 0.7990196078125 0.5121457484375 0.8235294124999999 0.57894736875 0.8153594765625 0.6255060734375 0.8169934640625
0 0.7287449390625 0.795751634375 0.6983805671875001 0.8578431375 0.704453440625 0.9330065359375 0.73076923125 0.9493464046875 0.8744939265625 0.9281045750000001 0.878542509375 0.9232026140625 0.8744939265625 0.8807189546874999 0.8400809718750001 0.8071895421875 0.7874493921875 0.7728758171875 0.7651821859375 0.76960784375 0.7287449390625 0.795751634375
0 0.18016194375 0.75 0.159919028125 0.7385620921875 0.07894736875 0.7287581703125 0.02834008125 0.76797385625 0.020242915625 0.7826797390625 0.0242914984375 0.89379085 0.0404858296875 0.9232026140625 0.0850202421875 0.9346405234375 0.121457490625 0.9330065359375 0.196356275 0.90849673125 0.210526315625 0.8627450984375 0.2125506078125 0.8186274515624999 0.196356275 0.76797385625 0.18016194375 0.75
0 0.5890688265625 0.9428104578125 0.615384615625 0.9509803921875 0.66801619375 0.98202614375 0.6963562750000001 0.9673202609375 0.7064777328125 0.9133986921874999 0.6983805671875001 0.8611111109375 0.682186234375 0.8251633984375 0.66801619375 0.8153594765625 0.6417004046875 0.812091503125 0.5485829953125 0.8186274515624999 0.51619433125 0.828431371875 0.4757085015625 0.85620915 0.4615384609375 0.8774509796875 0.45951417031249997 0.9003267968750001 0.4757085015625 0.9493464046875 0.491902834375 0.965686275 0.51619433125 0.9754901953124999 0.536437246875 0.9754901953124999 0.5627530359375 0.9460784312499999 0.5890688265625 0.9428104578125
0 0.37734375 0.8234375 0.2578125 0.203125
0 0.7712550609375 0.2516339875 0.68016194375 0.2826797390625 0.6295546562500001 0.3267973859375 0.6275303640625001 0.3611111109375 0.66801619375 0.3970588234375 0.7550607281249999 0.40196078437500005 0.8279352234375 0.3905228765625 0.8542510125 0.37581699375 0.8603238859375001 0.321895425 0.8481781375 0.2859477125 0.805668015625 0.259803921875 0.7712550609375 0.2516339875
0 0.8198380562500001 0.428104575 0.795546559375 0.4150326796875 0.7550607281249999 0.4052287578125 0.6761133609375001 0.3986928109375 0.6396761140625 0.42483660156249997 0.631578946875 0.4607843140625 0.6518218625000001 0.4852941171875 0.6494797578125 0.510830065625 0.6818522265625 0.53371241875 0.7530364375 0.5359477125 0.791497975 0.5359477125 0.8218623484375 0.5310457515625 0.8380566796875 0.5212418296875 0.8380566796875 0.44771241875 0.8198380562500001 0.428104575
0 0.4959514171875 0.052287581250000006 0.47773279375 0.044117646875 0.4433198375 0.042483659374999996 0.4048583 0.060457515625 0.39271255 0.08986928125 0.3522267203125 0.135620915625 0.3582995953125 0.151960784375 0.378542509375 0.15849673125 0.419028340625 0.19607843125 0.4514170046875 0.1928104578125 0.491902834375 0.1748366015625 0.5323886640625 0.11928104531249999 0.530364371875 0.1013071890625 0.4959514171875 0.052287581250000006
0 0.38259109375 0.3578431375 0.3542510125 0.3202614375 0.3663967609375 0.26633986875 0.31983805625 0.2630718953125 0.2874493921875 0.2728758171875 0.2651821859375 0.292483659375 0.2408906875 0.3333333328125 0.2348178140625 0.3594771234375 0.2429149796875 0.3790849671875 0.261133603125 0.3790849671875 0.28137651875 0.367647059375 0.2995951421875 0.3921568625 0.334008096875 0.3954248359375 0.378542509375 0.3709150328125 0.38259109375 0.3578431375
0 0.506072875 0.3071895421875 0.542510121875 0.2908496734375 0.5445344125 0.27777777812500004 0.5323886640625 0.2614379078125 0.5384615390625 0.25 0.5607287453125 0.241830065625 0.5607287453125 0.23039215624999998 0.542510121875 0.215686275 0.536437246875 0.2205882359375 0.48380566875 0.2173202609375 0.4534412953125 0.223856209375 0.41093117343749996 0.2434640515625 0.384615384375 0.2647058828125 0.36437247031250003 0.2908496734375 0.356275303125 0.3202614375 0.39271255 0.367647059375 0.41497975781249996 0.3709150328125 0.4453441296875 0.3594771234375 0.506072875 0.3071895421875
0 0.08906882656250001 0.0866013078125 0.064777328125 0.099673203125 0.058704453125 0.1552287578125 0.1052631578125 0.186274509375 0.19058704531249998 0.1863856203125 0.238866396875 0.15359477187499998 0.2206477734375 0.14215686249999998 0.22874493906249999 0.1013071890625 0.1578947375 0.08496732031250001 0.1113360328125 0.08333333281250001 0.08906882656250001 0.0866013078125
0 0.8502024296874999 0.20751634062500002 0.8643724703125001 0.2140522875 0.8744939265625 0.20424836562499998 0.8299595140625 0.12581699375 0.8076923078125 0.1127450984375 0.783400809375 0.1111111109375 0.732793521875 0.132352940625 0.7004048578125001 0.1764705875 0.6983805671875001 0.20424836562499998 0.7267206484375001 0.23529411718749998 0.7773279359374999 0.24019607812500002 0.7975708499999999 0.2271241828125 0.834008096875 0.23202614375000002 0.8441295546875001 0.223856209375 0.8259109312499999 0.2189542484375 0.8299595140625 0.20915032656250002 0.8502024296874999 0.20751634062500002
0 1 0.3970588234375 0.935222671875 0.3888888890625 0.8582995953125 0.42483660156249997 0.8481781375 0.439542484375 0.8400809718750001 0.48856209218749996 0.8441295546875001 0.509803921875 0.8704453437499999 0.5359477125 0.9008097171875 0.5506535953125 0.9453441296875 0.542483659375 1 0.542483659375 1 0.3970588234375
0 1 0.62418300625 0.9878542515625 0.6094771234375 0.9777327937500001 0.6209150328125 0.9615384609375001 0.6225490203125 0.9311740890625 0.598039215625 0.935222671875 0.578431371875 0.9736842109375001 0.5571895421875 0.9433198375 0.55228758125 0.88259109375 0.5571895421875 0.862348178125 0.5506535953125 0.8502024296874999 0.5571895421875 0.8481781375 0.59150326875 0.8218623484375 0.6209150328125 0.83198380625 0.6568627453125 0.878542509375 0.6846405234375 0.9514170046875 0.707516340625 0.9655870453125001 0.722222221875 0.9898785421875 0.7254901953124999 1 0.704248365625 1 0.62418300625
0 0.131578946875 0.348039215625 0.0769230765625 0.366013071875 0.0748987859375 0.421568628125 0.09109311718749999 0.43464052343750004 0.121457490625 0.44444444375 0.19433198437500002 0.44607843125 0.210526315625 0.44117647031249996 0.22874493906249999 0.421568628125 0.244939271875 0.382352940625 0.2348178140625 0.3611111109375 0.196356275 0.348039215625 0.131578946875 0.348039215625
0 0.346153846875 0.4150326796875 0.32793522343750003 0.41013071874999996 0.311740890625 0.43300653593750005 0.283400809375 0.44444444375 0.283400809375 0.4705882359375 0.340080971875 0.5065359484374999 0.43319838125 0.46568627500000004 0.43724696406249997 0.4526143796875 0.4230769234375 0.40849673124999997 0.3866396765625 0.4052287578125 0.346153846875 0.4150326796875
0 0 0.6192810453125001 0.070850203125 0.6127450984375 0.143724696875 0.5833333328125 0.143724696875 0.5686274515624999 0.131578946875 0.5506535953125 0.08704453437500001 0.5049019609375 0.0121457484375 0.4983660125 0 0.5032679734375 0 0.6192810453125001
0 0.058704453125 0.2107843140625 0.034412954687500004 0.24019607812500002 0.0323886640625 0.2549019609375 0.1356275296875 0.2892156859375 0.188259109375 0.23202614375000002 0.1902834015625 0.2140522875 0.1336032390625 0.1928104578125 0.1052631578125 0.1928104578125 0.0850202421875 0.19607843125 0.058704453125 0.2107843140625
0 0.2408906875 0.2107843140625 0.23076923124999998 0.2173202609375 0.1923076921875 0.2205882359375 0.1619433203125 0.2483660125 0.143724696875 0.27777777812500004 0.1457489875 0.3169934640625 0.1842105265625 0.3431372546875 0.232793521875 0.3431372546875 0.2854251015625 0.2794117640625 0.289473684375 0.2630718953125 0.2773279359375 0.23856209218750002 0.2408906875 0.2107843140625
0 0.587044534375 0.10294117656249999 0.5465587046875 0.1127450984375 0.514170040625 0.151960784375 0.52226720625 0.18954248437500001 0.5587044531250001 0.2124183 0.5991902828125 0.2140522875 0.6194331984375 0.20751634062500002 0.637651821875 0.19771241875 0.6457489875 0.1830065359375 0.6356275296875 0.12418300625 0.6194331984375 0.1094771234375 0.587044534375 0.10294117656249999
0 0.246875 0.528125 0.228125 0.115625
0 0.5359375 0.3484375 0.18125 0.128125
0 0.31875 0.1828125 0.2078125 0.1375