0 0.05390625 0.1859375 0.0265625 0.0328125
0 0.0421875 0.2015625 0.025 0.0296875
0 0.25546875 0.23828125 0.0296875 0.0421875
0 0.0328125 0.2640625 0.0328125 0.04375
0 0.19453125 0.26875 0.0375 0.05
0 0.1546875 0.28828125 0.025 0.065625
0 0.24765625 0.290625 0.0234375 0.040625
0 0.35859375 0.29921875 0.0453125 0.0375
0 0.27265625 0.30078125 0.0234375 0.034375
0 0.12890625 0.3140625 0.028125 0.0671875
0 0.22109375 0.31796875 0.03125 0.0390625
0 0.3546875 0.31875 0.0328125 0.03125
0 0.42109375 0.3203125 0.0484375 0.0484375
0 0.1140625 0.32265625 0.01875 0.0640625
0 0.1671875 0.32421875 0.0453125 0.040625
0 0.28046875 0.33984375 0.028125 0.0453125
0 0.453125 0.34296875 0.0265625 0.046875
0 0.35234375 0.35078125 0.0296875 0.0421875
0 0.1703125 0.359375 0.0328125 0.040625
0 0.06015625 0.359375 0.0421875 0.05
0 0.0203125 0.3609375 0.0359375 0.04375
0 0.24609375 0.365625 0.0328125 0.0375
0 0.43125 0.36875 0.05625 0.0484375
0 0.13515625 0.3796875 0.025 0.0421875
0 0.3765625 0.3921875 0.03125 0.0625
0 0.06875 0.39609375 0.0375 0.0328125
0 0.11015625 0.40546875 0.0328125 0.04375
0 0.24453125 0.40546875 0.046875 0.05
0 0.209375 0.40703125 0.0328125 0.075
0 0.44921875 0.4125 0.0453125 0.0453125
0 0.3609375 0.4171875 0.0328125 0.0671875
0 0.1828125 0.4203125 0.0328125 0.0546875
0 0.14921875 0.42578125 0.0484375 0.0453125
0 0.5859375 0.42578125 0.0296875 0.0546875
0 0.30390625 0.43046875 0.0390625 0.0546875
0 0.65859375 0.43046875 0.0359375 0.0578125
0 0.08203125 0.440625 0.0375 0.04375
0 0.0296875 0.4453125 0.0484375 0.05625
0 0.33203125 0.4453125 0.03125 0.05
0 0.44453125 0.4515625 0.0453125 0.053125
0 0.67421875 0.46640625 0.025 0.0390625
0 0.41171875 0.47421875 0.04375 0.0671875
0 0.615625 0.47734375 0.034375 0.065625
0 0.2515625 0.478125 0.0390625 0.0421875
0 0.16015625 0.4796875 0.05 0.0640625
0 0.35625 0.484375 0.05 0.0515625
0 0.02265625 0.4859375 0.0453125 0.0609375
0 0.46328125 0.50390625 0.0578125 0.090625
0 0.28359375 0.50625 0.0390625 0.0421875
0 0.67109375 0.5171875 0.034375 0.0734375
0 0.73828125 0.51953125 0.0359375 0.065625
0 0.12890625 0.52265625 0.0625 0.059375
0 0.63515625 0.52578125 0.0203125 0.0703125
0 0.5515625 0.52890625 0.028125 0.0734375
0 0.22578125 0.55078125 0.0609375 0.0640625
0 0.32890625 0.56015625 0.0703125 0.059375
0 0.4421875 0.56484375 0.0546875 0.059375
0 0.24765625 0.5859375 0.05 0.0640625
0 0.70546875 0.59375 0.03125 0.0828125
0 0.18203125 0.6015625 0.040625 0.0734375
0 0.2796875 0.609375 0.0515625 0.0671875
0 0.59140625 0.609375 0.05 0.0671875
0 0.52578125 0.6125 0.0359375 0.0890625
0 0.13828125 0.615625 0.0390625 0.059375
0 0.63828125 0.61953125 0.0484375 0.0875
0 0.32578125 0.6265625 0.0484375 0.08125
0 0.4703125 0.628125 0.0578125 0.078125
0 0.0265625 0.63359375 0.053125 0.0828125
0 0.09765625 0.64375 0.046875 0.059375
0 0.56640625 0.6453125 0.0546875 0.075
0 0.3828125 0.6484375 0.0765625 0.084375
0 0.6265625 0.68671875 0.0484375 0.103125
0 0.11953125 0.68984375 0.0765625 0.0875
0 0.67421875 0.70390625 0.0390625 0.08125
0 0.21171875 0.7109375 0.075 0.1234375
0 0.59609375 0.715625 0.0515625 0.0984375
0 0.0171875 0.715625 0.034375 0.0875
0 0.54453125 0.72265625 0.0515625 0.08125
0 0.171875 0.7375 0.0484375 0.084375
0 0.7359375 0.7484375 0.046875 0.05625
0 0.06875 0.7640625 0.0953125 0.096875
0 0.29765625 0.76640625 0.0484375 0.1015625
0 0.565625 0.79453125 0.0890625 0.0875
0 0.43125 0.803125 0.065625 0.1046875
0 0.74765625 0.81015625 0.0890625 0.121875
0 0.840625 0.8171875 0.05625 0.0734375
0 0.33671875 0.82265625 0.0703125 0.1671875
0 0.225 0.84765625 0.046875 0.1375
0 0.27421875 0.86171875 0.05625 0.1015625
0 0.15390625 0.86875 0.0953125 0.1296875
0 0.90546875 0.88046875 0.046875 0.121875
0 0.365625 0.9078125 0.053125 0.1078125
0 0.44375 0.9125 0.0734375 0.1046875
0 0.55234375 0.91640625 0.0859375 0.1328125
0 0.678125 0.9203125 0.084375 0.1203125
0 0.8515625 0.934375 0.0625 0.13125
0 0.02421875 0.94375 0.0484375 0.1125
0 0.49609375 0.94375 0.0609375 0.1125
0 0.0765625 0.95546875 0.059375 0.0890625
0 0.23046875 0.96171875 0.0484375 0.0734375
0 0.27890625 0.97109375 0.046875 0.0578125
0 0.32265625 0.97265625 0.0703125 0.0546875