0 0.5735294125 0.35049019531250003 0.5669934640625 0.2990196078125 0.5408496734375 0.25 0.5228758171875 0.23284313750000002 0.48202614375 0.2107843140625 0.44934640468750003 0.20588235312499997 0.4068627453125 0.223039215625 0.3790849671875 0.27450980468749997 0.37418300625 0.33823529375 0.3807189546875 0.3921568625 0.39379084999999997 0.4264705875 0.41830065312500003 0.4607843140625 0.45751634062499996 0.4754901953125 0.5130718953125 0.46568627500000004 0.5473856203125 0.43382352968750004 0.5686274515624999 0.3921568625 0.5735294125 0.35049019531250003
0 0.8251633984375 0.526960784375 0.8022875812500001 0.49509803906250005 0.7712418296875 0.4754901953125 0.73202614375 0.47303921562499995 0.6666666671875 0.526960784375 0.6421568625 0.6078431375 0.6290849671875 0.69607843125 0.6944444437499999 0.776960784375 0.7450980390625 0.796568628125 0.7892156859375 0.794117646875 0.8267973859375 0.7647058828125 0.8545751640624999 0.7107843140625 0.8594771234374999 0.6568627453125 0.848039215625 0.580882353125 0.8251633984375 0.526960784375
0 0.715686275 0.8774509796875 0.715686275 0.830882353125 0.6993464046875 0.7818627453125 0.65849673125 0.7279411765625 0.6176470593750001 0.6911764703125 0.59150326875 0.688725490625 0.55392156875 0.71323529375 0.5310457515625 0.75 0.51633986875 0.813725490625 0.5147058828125 0.8848039218749999 0.526143790625 0.9166666671874999 0.571895425 0.9754901953124999 0.5947712421875 0.9901960781250001 0.6127450984375 0.9901960781250001 0.671568628125 0.9607843140625001 0.7026143796875 0.919117646875 0.715686275 0.8774509796875
0 0.6633986921874999 0.546568628125 0.6650326796875 0.5245098046875001 0.6846405234375 0.5220588234375 0.715686275 0.48039215625000004 0.722222221875 0.3897058828125 0.7091503265625 0.3259803921875 0.6813725484375001 0.276960784375 0.64379085 0.242647059375 0.6078431375 0.24019607812500002 0.560457515625 0.2671568625 0.571895425 0.35049019531250003 0.5686274515624999 0.3799019609375 0.5588235296875 0.40931372499999996 0.5245098046875001 0.453431371875 0.5245098046875001 0.46323529375000005 0.563725490625 0.49509803906250005 0.5931372546875 0.561274509375 0.6209150328125 0.5686274515624999 0.6552287578125 0.5563725484375001 0.6633986921874999 0.546568628125
0 0.8921568625 0.3921568625 0.8774509796875 0.3431372546875 0.85620915 0.311274509375 0.8218954249999999 0.28676470625 0.7908496734375 0.28431372499999996 0.7565359484374999 0.3014705875 0.7271241828125 0.348039215625 0.7189542484375 0.37745097968749997 0.7173202609375 0.4705882359375 0.784313725 0.4852941171875 0.812091503125 0.5122549015625 0.8349673203125001 0.5563725484375001 0.8496732031249999 0.5588235296875 0.87418300625 0.5171568625 0.8888888890625 0.4705882359375 0.8921568625 0.3921568625
0 0.598039215625 0.578431371875 0.5866013078125001 0.5294117640625 0.5653594765625 0.49264705937500003 0.5326797390625 0.46568627500000004 0.5065359484374999 0.46568627500000004 0.46568627500000004 0.490196078125 0.439542484375 0.51960784375 0.42483660156249997 0.5661764703125 0.419934640625 0.634803921875 0.44934640468750003 0.6740196078125 0.4787581703125 0.7352941171875 0.5294117640625 0.7377450984375 0.5767973859375 0.69607843125 0.58823529375 0.671568628125 0.598039215625 0.6323529406249999 0.598039215625 0.578431371875
0 0.4166666671875 0.455882353125 0.3790849671875 0.3921568625 0.3333333328125 0.3799019609375 0.2973856203125 0.39950980468749997 0.27450980468749997 0.43137254843750006 0.2450980390625 0.5147058828125 0.2434640515625 0.5735294125 0.2516339875 0.6029411765625 0.30228758125 0.651960784375 0.3578431375 0.6200980390625 0.40032679687500006 0.6176470593750001 0.4264705875 0.5514705875 0.428104575 0.5 0.4166666671875 0.455882353125
0 0.44607843125 0.6642156859375 0.41830065312500003 0.6323529406249999 0.3954248359375 0.6176470593750001 0.36274509843749997 0.615196078125 0.3169934640625 0.64460784375 0.2908496734375 0.7009803921875 0.2859477125 0.740196078125 0.2990196078125 0.8529411765624999 0.3235294125 0.901960784375 0.364379084375 0.9264705875000001 0.44607843125 0.901960784375 0.4754901953125 0.8161764703125 0.4771241828125 0.7573529406249999 0.4689542484375 0.71323529375 0.44607843125 0.6642156859375
0 0.26633986875 0.7377450984375 0.2647058828125 0.6813725484375001 0.25 0.625 0.23039215624999998 0.58823529375 0.20588235312499997 0.563725490625 0.1633986921875 0.5514705875 0.117647059375 0.57107843125 0.08986928125 0.60539215625 0.0702614375 0.66176470625 0.0702614375 0.723039215625 0.08496732031250001 0.7745098046875001 0.11928104531249999 0.8235294124999999 0.15359477187499998 0.8431372546875 0.2026143796875 0.8431372546875 0.23529411718749998 0.8161764703125 0.2516339875 0.784313725 0.26633986875 0.7377450984375
0 0.2892156859375 0.3602941171875 0.2712418296875 0.3235294125 0.23856209218750002 0.28676470625 0.2026143796875 0.2794117640625 0.16993464062500002 0.28676470625 0.132352940625 0.311274509375 0.1127450984375 0.3357843140625 0.098039215625 0.382352940625 0.098039215625 0.4240196078125 0.11601307187500001 0.5024509796875 0.171568628125 0.5514705875 0.20424836562499998 0.5490196078125 0.23366013125 0.5318627453125 0.2908496734375 0.4044117640625 0.2892156859375 0.3602941171875
0 0.4509803921875 0.11519607812499999 0.436274509375 0.15931372500000002 0.43464052343750004 0.20588235312499997 0.508169934375 0.2254901953125 0.5555555562500001 0.27450980468749997 0.5996732031249999 0.242647059375 0.5996732031249999 0.15931372500000002 0.580065359375 0.10294117656249999 0.5490196078125 0.078431371875 0.4983660125 0.07107843124999999 0.4509803921875 0.11519607812499999
0 0.75 0.1372549015625 0.7271241828125 0.1078431375 0.704248365625 0.0955882359375 0.65849673125 0.0931372546875 0.635620915625 0.1102941171875 0.6127450984375 0.1568627453125 0.614379084375 0.23529411718749998 0.653594771875 0.25 0.671568628125 0.2671568625 0.7009803921875 0.311274509375 0.722222221875 0.36274509843749997 0.75 0.31617647031249996 0.76633986875 0.257352940625 0.759803921875 0.1642156859375 0.75 0.1372549015625
0 0.3905228765625 0.05392156875 0.367647059375 0.034313725 0.3349673203125 0.01960784375 0.3006535953125 0.0171568625 0.276143790625 0.0318627453125 0.25326797343749996 0.0735294125 0.2483660125 0.169117646875 0.26633986875 0.223039215625 0.2908496734375 0.2475490203125 0.30392156875 0.25 0.3513071890625 0.1985294125 0.3986928109375 0.1838235296875 0.40849673124999997 0.151960784375 0.41176470624999995 0.0931372546875 0.3905228765625 0.05392156875
0 0.37109375 0.2859375 0.1640625 0.2234375