0 0.078125 0.3875 0.15625 0.165625
0 0.26171875 0.38984375 0.23125 0.1546875
0 0.71875 0.39921875 0.2609375 0.1578125
0 0.4875 0.42265625 0.2109375 0.1515625
0 0.9015625 0.5140625 0.196875 0.18125
0 0.228125 0.55390625 0.25625 0.196875
0 0.68828125 0.56328125 0.1796875 0.178125
0 0.475 0.57890625 0.215625 0.1859375
0 0.515625 0.06953125 0.26875 0.13125
0 0.84765625 0.71171875 0.2953125 0.1734375
0 0.26875 0.746875 0.2984375 0.2046875
0 0.58515625 0.78125 0.303125 0.2359375
0 0.87265625 0.9046875 0.2515625 0.190625
0 0.77578125 0.1 0.253125 0.19375
0 0.25859375 0.11171875 0.340625 0.2234375
0 0.35625 0.2703125 0.26875 0.146875
0 0.78828125 0.278125 0.3078125 0.2234375