0 0.3 0.4801670140625 0.33125 0.453027140625 0.3765625 0.3841336109375 0.3765625 0.279749478125 0.3421875 0.2129436328125 0.29375 0.1732776625 0.2296875 0.16075156562499998 0.1875 0.1732776625 0.1609375 0.19624217187499998 0.134375 0.2359081421875 0.115625 0.298538621875 0.1140625 0.3611691015625 0.1296875 0.41962421718750004 0.1515625 0.4655532359375 0.1859375 0.501043840625 0.21875 0.49478079375000006 0.246875 0.5031315234375 0.3 0.4801670140625
0 0.58125 0.206680584375 0.546875 0.17536534374999999 0.4546875 0.16075156562499998 0.425 0.179540709375 0.3796875 0.2400835078125 0.3734375 0.27348642968750003 0.3765625 0.3841336109375 0.453125 0.4926931109375 0.5125 0.49686847656250005 0.546875 0.48643006250000004 0.5796875 0.45511482187499996 0.6171875 0.379958246875 0.6015625 0.2505219203125 0.58125 0.206680584375
0 0.7953125 0.44467640937499997 0.8296875 0.44885177499999995 0.8734375 0.43215031249999997 0.8953125 0.4050104390625 0.915625 0.317327765625 0.91875 0.22755741093749998 0.903125 0.17536534374999999 0.871875 0.1252609609375 0.846875 0.1022964515625 0.784375 0.0793319421875 0.7328125 0.0793319421875 0.6921875 0.096033403125 0.65625 0.12317327812500001 0.628125 0.16075156562499998 0.603125 0.2129436328125 0.6 0.25469728593749996 0.6171875 0.3820459296875 0.653125 0.43215031249999997 0.7015625 0.46764091875 0.7390625 0.4572025046875 0.7703125 0.4655532359375 0.7953125 0.44467640937499997
0 0.8015625 0.7515657625000001 0.8875 0.7620041750000001 0.9140625 0.7515657625000001 0.953125 0.7098121078124999 0.9734375 0.6680584546875 0.978125 0.5929018796875 0.9625 0.5156576203125 0.9421875 0.482254696875 0.9234375 0.4655532359375 0.871875 0.43632567812499995 0.81875 0.44885177499999995 0.79375 0.44676409218749996 0.775 0.4613778703125 0.7546875 0.4655532359375 0.7265625 0.4926931109375 0.7078125 0.555323590625 0.715625 0.5845511484375 0.71875 0.6722338203125 0.7375 0.6910229640625001 0.74375 0.7077244265625 0.8015625 0.7515657625000001
0 0.715625 0.6847599171875001 0.7203125 0.6283924843750001 0.7171875 0.5845511484375 0.7078125 0.555323590625 0.671875 0.501043840625 0.6359375 0.471816284375 0.59375 0.46764091875 0.50625 0.49686847656250005 0.4875 0.5198329859374999 0.4671875 0.5762004171874999 0.4640625 0.665970771875 0.484375 0.7244258875 0.5046875 0.7515657625000001 0.5328125 0.7640918578125 0.54375 0.78079331875 0.6078125 0.7995824640625 0.6890625 0.7453027140625 0.715625 0.6847599171875001
0 0.425 0.7453027140625 0.46875 0.6972860125 0.4703125 0.582463465625 0.4578125 0.5407098125 0.43125 0.501043840625 0.403125 0.4739039671875 0.3796875 0.463465553125 0.3390625 0.4613778703125 0.25 0.5031315234375 0.2140625 0.5427974953125 0.2 0.5720250515624999 0.1875 0.6283924843750001 0.1890625 0.6847599171875001 0.2109375 0.7703549062499999 0.25 0.8058455109375 0.346875 0.8141962421875 0.371875 0.8058455109375 0.403125 0.7870563671874999 0.425 0.7453027140625
0 0.003125 0.885177453125 0.009375 0.8726513562499999 0.0671875 0.8538622124999999 0.1296875 0.7828810015625 0.1515625 0.728601253125 0.1546875 0.665970771875 0.1421875 0.5949895609375 0.103125 0.544885178125 0.0734375 0.52400835 0 0.5135699375 0.003125 0.885177453125
0 0.3125 1 0.3234375 0.985386221875 0.3359375 0.9415448859375 0.3359375 0.8977035484375 0.3109375 0.8121085593749999 0.2515625 0.803757828125 0.21875 0.7766179546875 0.2 0.739039665625 0.18125 0.7348643 0.140625 0.7578288093750001 0.103125 0.8141962421875 0.0609375 0.858037578125 0.053125 0.8935281843749999 0.0515625 0.9498956156249999 0.0609375 1 0.3125 1
0 0.5921875 0.80793319375 0.5296875 0.7620041750000001 0.4828125 0.739039665625 0.459375 0.7369519828125 0.4328125 0.7494780796875 0.3984375 0.78914405 0.3625 0.8121085593749999 0.3453125 0.8726513562499999 0.3453125 0.9373695203124999 0.3578125 0.9979123171875001 0.6 1 0.609375 0.9728601250000001 0.609375 0.9290187890625001 0.6046875 0.8601252609375001 0.5921875 0.80793319375
0 0.86875 1 0.8796875 0.9749478078125 0.884375 0.9060542796875 0.8734375 0.8350730687500001 0.8578125 0.7954070984375 0.8375 0.7640918578125 0.8046875 0.7536534453125 0.7359375 0.6972860125 0.71875 0.6972860125 0.70625 0.701461378125 0.671875 0.7578288093750001 0.6328125 0.7828810015625 0.6046875 0.8371607515624999 0.603125 0.9248434234375 0.609375 0.9791231734375 0.6296875 1 0.86875 1
0 0.2421875 0 0.2125 0.00835073125 0.059375 0 0.075 0.07306889375 0.1 0.12317327812500001 0.1390625 0.16075156562499998 0.175 0.1774530265625 0.2265625 0.1628392484375 0.2984375 0.169102296875 0.325 0.1461377875 0.353125 0.07306889375 0.35 0.0208768265625 0.3421875 0 0.2421875 0
0 0.3671875 0 0.359375 0.06263047968749999 0.3859375 0.129436325 0.4453125 0.1565762 0.546875 0.16492693125 0.575 0.129436325 0.609375 0.0521920671875 0.609375 0 0.5078125 0 0.5 0.016701460937500003 0.4890625 0.016701460937500003 0.4609375 0 0.3671875 0
0 0.06484375 0.3578125 0.1296875 0.3234375
0 0.04453125 0.09453125 0.0828125 0.178125
0 0.73515625 0.04140625 0.2390625 0.075
0 0.94375 0.18828125 0.1125 0.3390625
0 0.93828125 0.8359375 0.1234375 0.3109375