0 0.30392156875 0.3389021484375 0.2810457515625 0.29832935625 0.25326797343749996 0.2744630078125 0.19444444375 0.267303103125 0.1633986921875 0.2816229109375 0.14215686249999998 0.31980906875000004 0.1307189546875 0.36515513125 0.133986928125 0.4272076375 0.15359477187499998 0.4868735078125 0.1911764703125 0.5059665875 0.2205882359375 0.536992840625 0.2434640515625 0.536992840625 0.2892156859375 0.4940334125 0.3071895421875 0.44391408125 0.30392156875 0.3389021484375
0 0 0.1813842484375 0.0065359484374999995 0.2147971359375 0.0016339875000000001 0.29832935625 0.06535947656249999 0.3603818609375 0.1013071890625 0.362768496875 0.1290849671875 0.3436754171875 0.1552287578125 0.29832935625 0.171568628125 0.23150357968750002 0.17320261406249998 0.188544153125 0.15849673125 0.12887828125 0.135620915625 0.08830548906249999 0.11601307187500001 0.0739856796875 0.0735294125 0.064439140625 0.0228758171875 0.0835322203125 0 0.1193317421875 0 0.1813842484375
0 0.3807189546875 0.7398568015625 0.382352940625 0.7088305484374999 0.37418300625 0.6252983296875 0.3578431375 0.5966587109375 0.3349673203125 0.5799522671874999 0.2859477125 0.56801909375 0.2254901953125 0.5775656328125 0.1993464046875 0.60620525 0.187908496875 0.637231503125 0.186274509375 0.715990453125 0.20098039218750002 0.7732696890625 0.2271241828125 0.8210023859375 0.2467320265625 0.8329355609375 0.310457515625 0.8448687343750001 0.33169934687499997 0.8329355609375 0.3611111109375 0.7875894984375 0.3807189546875 0.7398568015625
0 0.563725490625 0.715990453125 0.5751633984375 0.6634844875 0.5767973859375 0.5990453453125 0.5588235296875 0.5441527453125 0.5310457515625 0.5155131265625 0.4754901953125 0.5011933171875 0.43464052343750004 0.5131264921875001 0.40359477187500004 0.5346062046875 0.3905228765625 0.55608591875 0.37581699375 0.6085918859375 0.37418300625 0.6634844875 0.383986928125 0.71360381875 0.41176470624999995 0.7732696890625 0.4492303921875 0.7946682578125001 0.5091535953124999 0.8010334125 0.5359477125 0.76372315 0.563725490625 0.715990453125
0 0.6650326796875 0.429594271875 0.6650326796875 0.3747016703125 0.653594771875 0.3389021484375 0.6372549015625 0.317422434375 0.5702614374999999 0.272076371875 0.5326797390625 0.2625298328125 0.5049019609375 0.284009546875 0.4754901953125 0.3365155125 0.4689542484375 0.40811455781249995 0.47385620937499995 0.49164677812499996 0.4852941171875 0.5059665875 0.5310457515625 0.520286396875 0.562091503125 0.558472553125 0.5702614374999999 0.5823389015625 0.5849673203125 0.5847255375 0.6486928109375001 0.4964200484375 0.6650326796875 0.429594271875
0 0.830065359375 0.575178996875 0.828431371875 0.5035799515625 0.8169934640625 0.44630071562499996 0.7908496734375 0.39856801875 0.7630718953125 0.37708830625 0.7287581703125 0.3723150359375 0.7026143796875 0.381861575 0.668300653125 0.41288782812499997 0.6470588234375 0.508353221875 0.6454248359375 0.5513126484375 0.6568627453125 0.5894988062500001 0.689542484375 0.6420047734375001 0.7173202609375 0.6634844875 0.7614379078125 0.665871121875 0.8006535953125 0.6467780421875 0.8202614374999999 0.620525059375 0.830065359375 0.575178996875
0 1 0.48926014375 0.9754901953124999 0.4725537 0.9264705875000001 0.4725537 0.8692810453125001 0.4821002390625 0.8431372546875 0.5035799515625 0.831699346875 0.536992840625 0.8267973859375 0.6300715984374999 0.8431372546875 0.6754176609375 0.8807189546874999 0.7207637234375001 0.9591503265625001 0.7255369921875 1 0.6778042953125001 1 0.48926014375
0 0.9460784312499999 0.238663484375 0.8905228765625001 0.22673031093749998 0.848039215625 0.25536992812500003 0.828431371875 0.3078758953125 0.8202614374999999 0.39379474999999997 0.83823529375 0.45823389062500003 0.85620915 0.4821002390625 0.9673202609375 0.47016706406250003 0.9869281046875 0.441527446875 0.9983660125 0.4033412890625 0.9967320265625 0.303102625 0.972222221875 0.2625298328125 0.9460784312499999 0.238663484375
0 0.795751634375 0.3747016703125 0.813725490625 0.3436754171875 0.830065359375 0.28639618125 0.8333333328125001 0.22673031093749998 0.828431371875 0.1861575171875 0.8153594765625 0.1503579953125 0.792483659375 0.126491646875 0.73039215625 0.1169451078125 0.668300653125 0.12410501249999999 0.651960784375 0.14797136093750002 0.635620915625 0.2004773265625 0.6421568625 0.300715990625 0.651960784375 0.3245823390625 0.6813725484375001 0.3603818609375 0.705882353125 0.3723150359375 0.75 0.3747016703125 0.8006535953125 0.4033412890625 0.8039215687500001 0.3914081140625 0.795751634375 0.3747016703125
0 0.8856209156249999 1 0.9068627453125 0.9069212406249999 0.90849673125 0.8568019093749999 0.901960784375 0.8090692125000001 0.8888888890625 0.78042959375 0.8709150328125 0.7661097859375 0.83986928125 0.7517899765625 0.8022875812500001 0.749403340625 0.75 0.7708830546875001 0.722222221875 0.8090692125000001 0.7091503265625 0.8568019093749999 0.715686275 0.9618138421875001 0.73202614375 1 0.8856209156249999 1
0 0.4166666671875 0.7971360375 0.3986928109375 0.806682578125 0.382352940625 0.8305489265625001 0.3709150328125 0.8711217187500001 0.3709150328125 0.94988066875 0.385620915625 1 0.5571895421875 0.9952267296875 0.5702614374999999 0.9212410500000001 0.5653594765625 0.8782816234374999 0.545751634375 0.8305489265625001 0.4787581703125 0.8019093078124999 0.4166666671875 0.7971360375
0 0.43300653593750005 0.0859188546875 0.42483660156249997 0.064439140625 0.3578431375 0.031026253124999997 0.30228758125 0.02863961875 0.2810457515625 0.050119331249999996 0.26960784375 0.08830548906249999 0.26633986875 0.16467780468749998 0.2728758171875 0.22673031093749998 0.2810457515625 0.23150357968750002 0.3006535953125 0.21241050156250002 0.3349673203125 0.2028639625 0.3709150328125 0.2028639625 0.4166666671875 0.21957040625 0.43464052343750004 0.1360381859375 0.43300653593750005 0.0859188546875
0 0.12265625 0.62265625 0.1875 0.2578125
0 0.07890625 0.86953125 0.1578125 0.2609375
0 0.234375 0.92109375 0.1890625 0.1578125
0 0.6265625 0.896875 0.159375 0.20625
0 0.8921875 0.85 0.1390625 0.2625
0 0.715625 0.74921875 0.15625 0.2296875
0 0.5828125 0.6796875 0.1171875 0.24375
0 0.3796875 0.4953125 0.184375 0.2125
0 0.3546875 0.3078125 0.1734375 0.196875
0 0.51328125 0.22578125 0.184375 0.2265625
0 0.81328125 0.121875 0.1609375 0.2265625
0 0.9484375 0.1265625 0.103125 0.196875
0 0.5015625 0.0828125 0.14375 0.1
0 0.0859375 0.0765625 0.171875 0.15
0 0.228125 0.14375 0.1140625 0.1203125
0 0.03828125 0.4265625 0.0765625 0.2375