0 0.4068627453125 0.16790123437499999 0.385620915625 0.20740740781250003 0.38725490156250003 0.2617283953125 0.40359477187500004 0.2888888890625 0.436274509375 0.2888888890625 0.454248365625 0.2617283953125 0.46568627500000004 0.222222221875 0.46405228750000005 0.177777778125 0.44444444375 0.15555555625 0.43137254843750006 0.15555555625 0.4068627453125 0.16790123437499999
0 0.505957515625 0.2393506171875 0.5386372546875 0.2393506171875 0.5582450984375 0.2171283953125 0.563147059375 0.1702148140625 0.5484411765625 0.1430543203125 0.5222973859375 0.13811605 0.49778758125 0.15786913593750002 0.48798365937500005 0.197375309375 0.505957515625 0.2393506171875
0 0.5408496734375 0.13333333281249998 0.5588235296875 0.158024690625 0.5653594765625 0.1876543203125 0.5849673203125 0.19012345625 0.5996732031249999 0.1629629625 0.596405228125 0.130864196875 0.571895425 0.0888888890625 0.5555555562500001 0.086419753125 0.5408496734375 0.1061728390625 0.5408496734375 0.13333333281249998
0 0.58986928125 0.2 0.6094771234375 0.2395061734375 0.62418300625 0.249382715625 0.64379085 0.2469135796875 0.6552287578125 0.222222221875 0.6552287578125 0.1753086421875 0.6323529406249999 0.1432098765625 0.6127450984375 0.1432098765625 0.5996732031249999 0.15555555625 0.58986928125 0.2
0 0.55392156875 0.2716049375 0.5506535953125 0.3111111109375 0.598039215625 0.323456790625 0.6290849671875 0.31851851875000003 0.6372549015625 0.308641975 0.635620915625 0.26419753125 0.614379084375 0.2395061734375 0.5947712421875 0.2370370375 0.5686274515624999 0.2518518515625 0.55392156875 0.2716049375
0 0.47222222187499996 0.1654320984375 0.49509803906250005 0.1703703703125 0.5228758171875 0.140740740625 0.5228758171875 0.11358024687499998 0.509803921875 0.08148148125 0.4869281046875 0.0740740734375 0.4673202609375 0.091358025 0.46241830000000006 0.12592592656249998 0.47222222187499996 0.1654320984375
0 0.37254902031250003 0.158024690625 0.37254902031250003 0.1753086421875 0.3888888890625 0.195061728125 0.421568628125 0.16790123437499999 0.44771241875 0.1629629625 0.44607843125 0.1432098765625 0.43137254843750006 0.12345679062499999 0.3970588234375 0.11851851875 0.3790849671875 0.1382716046875 0.37254902031250003 0.158024690625
0 0.3765625 0.29296875 0.0765625 0.0828125
0 0.459375 0.28984375 0.0625 0.0765625
0 0.51875 0.278125 0.0609375 0.071875
0 0.36953125 0.20859375 0.053125 0.0671875
0 0.190625 0.28671875 0.2875 0.3875
0 0.5734375 0.22421875 0.0671875 0.078125