0 0.3636363640625 0.491803278125 0.3636363640625 0.6502732234375 0.45454545468749996 0.7322404375 0.5599999999999999 0.6830601093750001 0.5745454546875 0.584699453125 0.5563636359374999 0.4699453546875 0.50181818125 0.40983606562499997 0.44000000000000006 0.40437158437500004 0.389090909375 0.43715847031250005 0.3636363640625 0.491803278125
0 0.46181818124999996 0.90163934375 0.64 0.8961748640625 0.650909090625 0.81420765 0.62181818125 0.72677595625 0.5672727265625 0.6885245906249999 0.5127272734375 0.6885245906249999 0.450909090625 0.7431693984375001 0.4436363640625 0.8852459015624999 0.46181818124999996 0.90163934375
0 0.22909090937499998 0.8196721312499999 0.24363636406250003 0.8961748640625 0.44000000000000006 0.8961748640625 0.43636363593749994 0.73770491875 0.3854545453125 0.672131146875 0.3236363640625 0.6557377046874999 0.2872727265625 0.6666666671875 0.2363636359375 0.7322404375 0.22909090937499998 0.8196721312499999
0 0.27999999999999997 0.3770491796875 0.2072727265625 0.36612021875 0.1672727265625 0.38797814218750004 0.12 0.45901639375 0.1236363640625 0.6065573765625001 0.14181818125 0.6557377046874999 0.1745454546875 0.6666666671875 0.2145454546875 0.7158469953125 0.250909090625 0.7158469953125 0.30181818125 0.6557377046874999 0.3163636359375 0.6120218578125 0.3236363640625 0.4426229515625 0.27999999999999997 0.3770491796875
0 0.6254545453125 0.40437158437500004 0.610909090625 0.508196721875 0.64 0.584699453125 0.7345454546875 0.6612021859375 0.8436363640625 0.5683060109375 0.8472727265625 0.491803278125 0.8072727265624999 0.3825136609375 0.7127272734375001 0.3333333328125 0.6581818187499999 0.35519125625000003 0.6254545453125 0.40437158437500004
0 0.8472727265625 0.5683060109375 0.7527272734375 0.6393442625 0.730909090625 0.6885245906249999 0.74181818125 0.8306010921875 0.81818181875 0.8852459015624999 0.8727272734374999 0.8852459015624999 0.9054545453125 0.857923496875 0.9345454546875 0.7759562843750001 0.9345454546875 0.7049180328125 0.9090909093749999 0.6284153 0.8763636359375001 0.5792349734375 0.8472727265625 0.5683060109375
0 0.2763636359375 0.2896174859375 0.28363636406250003 0.3715847 0.3163636359375 0.40437158437500004 0.40727272656249996 0.4316939890625 0.46909090937500003 0.322404371875 0.4654545453125 0.2896174859375 0.4254545453125 0.20218579218750002 0.3527272734375 0.18032786875 0.290909090625 0.24043715781250002 0.2763636359375 0.2896174859375
0 0.23984375 0.33203125 0.1234375 0.1078125
0 0.1171875 0.77734375 0.2203125 0.24375
0 0.646875 0.7296875 0.1671875 0.3015625
0 0.51875 0.440625 0.1796875 0.2703125