0 0.2826797390625 0.309756096875 0.23692810468749997 0.3 0.186274509375 0.32195121875 0.11928104531249999 0.3926829265625 0.11601307187500001 0.43658536562499994 0.132352940625 0.4804878046875 0.17320261406249998 0.5 0.2189542484375 0.49512195156249994 0.27450980468749997 0.460975609375 0.3202614375 0.40243902499999995 0.3267973859375 0.37317073125 0.313725490625 0.3341463421875 0.2826797390625 0.309756096875
0 0.32516339843750003 0.4073170734375 0.3006535953125 0.41951219531249995 0.2467320265625 0.4829268296875 0.2434640515625 0.52439024375 0.2483660125 0.5439024390625 0.313725490625 0.5829268296875 0.3986928109375 0.5634146343750001 0.428104575 0.5073170734375 0.42973856250000003 0.45609756093750004 0.42483660156249997 0.4439024390625 0.3790849671875 0.41219512187499996 0.32516339843750003 0.4073170734375
0 0.436274509375 0.590243903125 0.3986928109375 0.5682926828125 0.3611111109375 0.5682926828125 0.312091503125 0.5951219515624999 0.2647058828125 0.6439024390625 0.259803921875 0.6707317078125 0.2728758171875 0.7170731703125 0.3169934640625 0.7414634140625 0.3545751640625 0.7414634140625 0.4166666671875 0.712195121875 0.439542484375 0.6926829265625 0.4591503265625 0.6585365859375 0.45751634062499996 0.62439024375 0.436274509375 0.590243903125
0 0.1666666671875 0.62195121875 0.062091503125 0.660975609375 0.052287581250000006 0.6951219515625 0.06535947656249999 0.7487804875 0.09150326875 0.7804878046875 0.1307189546875 0.7951219515625 0.2173202609375 0.77560975625 0.2614379078125 0.7292682921875 0.26797385625 0.6829268296875 0.25 0.6487804875000001 0.2173202609375 0.62439024375 0.1666666671875 0.62195121875
0 0.15849673125 0.4926829265625 0.1209150328125 0.47317073125000003 0.078431371875 0.4926829265625 0.052287581250000006 0.52439024375 0.0408496734375 0.5512195125 0.0375817 0.609756096875 0.060457515625 0.6585365859375 0.1470588234375 0.6292682921874999 0.20098039218750002 0.62195121875 0.2271241828125 0.5780487812499999 0.23202614375000002 0.5365853656249999 0.2189542484375 0.497560975 0.15849673125 0.4926829265625
0 0.3970588234375 0.8804878046875 0.3594771234375 0.8292682921875001 0.3267973859375 0.814634146875 0.2434640515625 0.802439025 0.2026143796875 0.8195121953125 0.1928104578125 0.8560975609374999 0.19444444375 0.8853658531249999 0.20751634062500002 0.92682926875 0.23692810468749997 0.9658536578125 0.26797385625 0.9804878046875001 0.295751634375 0.9804878046875001 0.3513071890625 0.9585365859375001 0.38725490156250003 0.9560975609375 0.40032679687500006 0.9439024390625 0.3970588234375 0.8804878046875
0 0.31535947656249996 0.7682926828125 0.30228758125 0.8073170734374999 0.367647059375 0.8390243906249999 0.40196078437500005 0.8926829265625 0.4673202609375 0.8804878046875 0.5065359484374999 0.8439024390625001 0.5147058828125 0.797560975 0.4869281046875 0.7512195125 0.455882353125 0.72682926875 0.4052287578125 0.7195121953125 0.31535947656249996 0.7682926828125
0 0.223856209375 0.1536585359375 0.17810457500000001 0.1536585359375 0.14379085 0.1658536578125 0.1127450984375 0.197560975 0.09477124218750001 0.25609756093749997 0.10294117656249999 0.30731707343750003 0.1797385625 0.32439024375000003 0.2124183 0.30731707343750003 0.2549019609375 0.3 0.2859477125 0.25609756093749997 0.2973856203125 0.2048780484375 0.2794117640625 0.1707317078125 0.223856209375 0.1536585359375
0 0.33986928125000004 0.048780487500000004 0.2875817 0.07317073125 0.27450980468749997 0.0926829265625 0.3169934640625 0.0926829265625 0.3545751640625 0.112195121875 0.3692810453125 0.139024390625 0.367647059375 0.197560975 0.43464052343750004 0.1926829265625 0.4771241828125 0.114634146875 0.4754901953125 0.07804878125 0.45751634062499996 0.063414634375 0.33986928125000004 0.048780487500000004
0 0.4591503265625 0.3512195125 0.41830065312500003 0.3439024390625 0.33169934687499997 0.4048780484375 0.367647059375 0.41219512187499996 0.4166666671875 0.43902439062500004 0.4264705875 0.45609756093750004 0.42483660156249997 0.5024390249999999 0.42973856250000003 0.509756096875 0.48366013125 0.5024390249999999 0.5245098046875001 0.47560975625 0.527777778125 0.43902439062500004 0.49346405156250006 0.37804878125 0.4591503265625 0.3512195125
0 0.669934640625 0.085365853125 0.671568628125 0.10243902499999999 0.6127450984375 0.112195121875 0.571895425 0.1536585359375 0.5375816999999999 0.2536585359375 0.5392156859375 0.27560975625 0.55228758125 0.3 0.596405228125 0.312195121875 0.6552287578125 0.26585365781250003 0.689542484375 0.1707317078125 0.6846405234375 0.0951219515625 0.669934640625 0.085365853125
0 0.686274509375 0.27560975625 0.6552287578125 0.27560975625 0.60620915 0.312195121875 0.563725490625 0.37317073125 0.5571895421875 0.41219512187499996 0.5751633984375 0.4512195125 0.6192810453125001 0.463414634375 0.6503267968750001 0.4414634140625 0.6928104578125 0.42682926875 0.7140522875 0.3926829265625 0.73366013125 0.3414634140625 0.73202614375 0.30731707343750003 0.686274509375 0.27560975625
0 0.73039215625 0.42439024375 0.705882353125 0.42195121875 0.64379085 0.4414634140625 0.598039215625 0.48780487812500006 0.580065359375 0.5439024390625 0.5833333328125 0.585365853125 0.5947712421875 0.609756096875 0.614379084375 0.6146341468750001 0.6797385625000001 0.602439025 0.73366013125 0.5463414640625001 0.7450980390625 0.4829268296875 0.741830065625 0.4414634140625 0.73039215625 0.42439024375
0 0.66176470625 0.0073170734375 0.545751634375 0 0.5032679734375 0.026829268750000003 0.490196078125 0.048780487500000004 0.49346405156250006 0.090243903125 0.5032679734375 0.1170731703125 0.5212418296875 0.139024390625 0.571895425 0.15121951250000001 0.6078431375 0.11951219531249999 0.6552287578125 0.10731707343750001 0.6830065359375 0.0804878046875 0.6830065359375 0.026829268750000003 0.66176470625 0.0073170734375
0 0.795207515625 0.07072926874999999 0.7510898687500001 0.0756073171875 0.6955343140625 0.0975585359375 0.6873643796875 0.11463170781250001 0.692266340625 0.1634121953125 0.71841013125 0.207314634375 0.75435784375 0.2268268296875 0.86056699375 0.1878024390625 0.8736388890625 0.15365609687499998 0.8572990203125 0.10975365781249999 0.832789215625 0.082924390625 0.795207515625 0.07072926874999999
0 0.91176470625 0.2073170734375 0.831699346875 0.197560975 0.7859477125 0.2170731703125 0.7467320265625 0.25609756093749997 0.73366013125 0.297560975 0.73202614375 0.3292682921875 0.7467320265625 0.363414634375 0.758169934375 0.37317073125 0.8022875812500001 0.3707317078125 0.8692810453125001 0.3512195125 0.91013071875 0.297560975 0.9248366015625 0.2536585359375 0.91176470625 0.2073170734375
0 0.075 0.215625 0.15 0.1734375
0 0.17734375 0.11875 0.1359375 0.075
0 0.309375 0.16953125 0.1375 0.140625
0 0.34375 0.3234375 0.1296875 0.159375
0 0.40625 0.26171875 0.1328125 0.1671875
0 0.09375 0.39140625 0.15625 0.178125
0 0.0734375 0.8421875 0.140625 0.16875
0 0.0546875 0.696875 0.10625 0.15
0 0.0453125 0.540625 0.090625 0.159375
0 0.08984375 0.95703125 0.146875 0.0859375
0 0.19453125 0.971875 0.128125 0.05625
0 0.459375 0.94296875 0.1578125 0.1140625
0 0.55 0.890625 0.1359375 0.153125
0 0.609375 0.76796875 0.146875 0.1546875
0 0.48046875 0.721875 0.1359375 0.1703125
0 0.47890625 0.57578125 0.1484375 0.15625
0 0.821875 0.43359375 0.1671875 0.140625
0 0.759375 0.04609375 0.15 0.0921875