0 0.20758122812500002 0.5329670328125 0.1787003609375 0.5549450546875 0.11371841093749999 0.5549450546875 0.0920577625 0.527472528125 0.075812275 0.5357142859375 0.077617328125 0.54945055 0.10830324843750001 0.5741758234375001 0.115523465625 0.6016483515625 0.13537906093750002 0.63186813125 0.164259928125 0.6428571421875 0.1949458484375 0.640109890625 0.2220216609375 0.63186813125 0.25812274375 0.5989010984375 0.29602888125 0.5302197796875 0.31768953125 0.46428571406249997 0.32851985625 0.3983516484375 0.32851985625 0.3379120875 0.31227436875 0.28571428593750003 0.292418771875 0.29395604375 0.2454873640625 0.4697802203125 0.20758122812500002 0.5329670328125
0 0.4638989171875 0.24175824218750003 0.48736462031250005 0.23901098906249998 0.49819494531249997 0.21703296718749998 0.47472924218749996 0.1758241765625 0.37725631718749997 0.0824175828125 0.319494584375 0 0.2599277984375 0.002747253125 0.2599277984375 0.01923076875 0.2888086640625 0.090659340625 0.351985559375 0.1703296703125 0.41335740000000004 0.21978022031250002 0.4638989171875 0.24175824218750003
0 0.66606498125 0.021978021875 0.637184115625 0.021978021875 0.615523465625 0.0384615390625 0.577617328125 0.096153846875 0.5523465703125 0.178571428125 0.5270758125 0.359890109375 0.5306859203125 0.4478021984375 0.5487364625 0.46428571406249997 0.566787003125 0.44230769218750005 0.5848375453125 0.3928571421875 0.610108303125 0.228021978125 0.6389891703125 0.1291208796875 0.6841155234375 0.0769230765625 0.7454873640625 0.0824175828125 0.7509025265625 0.0741758234375 0.7454873640625 0.049450549999999996 0.68772563125 0.049450549999999996 0.66606498125 0.021978021875
0 0.77436823125 0.4120879125 0.7274368234375 0.384615384375 0.68772563125 0.3076923078125 0.66606498125 0.291208790625 0.6570397109375 0.29945055 0.696750903125 0.37087912031250003 0.70397111875 0.43131868124999995 0.7238267140625 0.472527471875 0.7707581234374999 0.50549450625 0.8339350187499999 0.502747253125 0.8826714796875 0.47802197812499997 0.945848375 0.3983516484375 0.97833935 0.3104395609375 0.97833935 0.25 0.9729241875 0.24175824218750003 0.9620938625000001 0.2362637359375 0.9476534296875 0.252747253125 0.8646209390624999 0.37912087968749997 0.8176895312499999 0.4120879125 0.77436823125 0.4120879125
0 0.45126353750000003 0.5576923078125 0.4259927796875 0.502747253125 0.4259927796875 0.4203296703125 0.41155234687500003 0.3763736265625 0.4025270765625 0.3736263734375 0.4043321296875 0.48626373593750005 0.389891696875 0.51923076875 0.389891696875 0.5796703296875 0.4043321296875 0.61813186875 0.4422382671875 0.6703296703125 0.49277978281249996 0.703296703125 0.577617328125 0.70604395625 0.626353790625 0.6868131875000001 0.66606498125 0.653846153125 0.6895306859375 0.6071428578125 0.685920578125 0.590659340625 0.6768953062499999 0.5824175828125 0.637184115625 0.5879120875 0.5649819500000001 0.615384615625 0.5216606500000001 0.615384615625 0.47833935 0.5934065937499999 0.45126353750000003 0.5576923078125
0 0.422382671875 1 0.4205776171875 0.99450549375 0.3989169671875 0.978021978125 0.36823104687499997 0.9203296703125 0.357400721875 0.8653846156249999 0.3610108296875 0.6950549453125 0.357400721875 0.6730769234375 0.3375451265625 0.659340659375 0.31768953125 0.6895604390625001 0.303249096875 0.7335164828125 0.29602888125 0.7829670328125 0.29602888125 0.8873626375000001 0.303249096875 0.93131868125 0.31768953125 0.98076923125 0.33393501875 1 0.422382671875 1
0 0.69314079375 1 0.685920578125 0.98076923125 0.6552346578125 0.9285714281249999 0.5866426 0.846153846875 0.550541515625 0.81868131875 0.5252707578125 0.8076923078125 0.5108303249999999 0.8076923078125 0.5054151625000001 0.815934065625 0.5018050546875 0.8324175828125 0.5234657046875 0.8818681312500001 0.615523465625 1 0.69314079375 1
0 0.685920578125 0.8324175828125 0.69855595625 0.846153846875 0.74187725625 0.840659340625 0.803249096875 0.8076923078125 0.8718411546875 0.8076923078125 0.8935018046875 0.81868131875 0.945848375 0.903846153125 0.945848375 0.9642857140625001 0.9584837546875 1 0.9711191328125001 0.997252746875 0.9638989171875 0.909340659375 0.97833935 0.8763736265625001 0.97833935 0.8379120875 0.9404332125 0.7582417578125 0.8971119140624999 0.7197802203125 0.82851985625 0.708791209375 0.7707581234374999 0.725274725 0.7274368234375 0.752747253125 0.685920578125 0.815934065625 0.685920578125 0.8324175828125
0 0.1787003609375 0.796703296875 0.142599278125 0.8296703296875 0.1245487359375 0.8296703296875 0.120938628125 0.8351648359375 0.0956678703125 0.8241758234375001 0.0703971125 0.8296703296875 0.0288808671875 0.8873626375000001 0.010830325 0.9532967031249999 0.0072202171875 0.997252746875 0.0685920578125 1 0.07220216562500001 0.997252746875 0.07220216562500001 0.9697802203125001 0.0902527078125 0.9148351640625 0.115523465625 0.8708791203124999 0.142599278125 0.8516483515625 0.1678700359375 0.846153846875 0.1787003609375 0.8241758234375001 0.1949458484375 0.8104395609375 0.1895306859375 0.796703296875 0.1787003609375 0.796703296875
0 0 0.140109890625 0.0234657046875 0.1758241765625 0.05234657031249999 0.208791209375 0.120938628125 0.2637362640625 0.16064981875 0.2802197796875 0.191335740625 0.277472528125 0.19855595625 0.25549450625 0.18231046875 0.225274725 0.1389891703125 0.1758241765625 0.0703971125 0.11538461562499999 0.0288808671875 0.046703296875 0.0198555953125 0 0 0.002747253125 0 0.140109890625
0 0.8483754515624999 0.1675824171875 0.879061371875 0.13186813125000002 0.895306859375 0.096153846875 0.9296028875 0.04395604375 0.9747292421875 0.002747253125 0.8718411546875 0 0.8447653421875 0.0521978015625 0.830324909375 0.1016483515625 0.830324909375 0.15659340625 0.835740071875 0.1648351640625 0.8483754515624999 0.1675824171875