0 0.7734375 0.59765625 0.109375 0.1796875
0 0.675 0.5875 0.09375 0.15
0 0.36875 0.5875 0.11875 0.175
0 0.2765625 0.59609375 0.078125 0.125
0 0.196875 0.64765625 0.0875 0.1046875
0 0.4234375 0.90234375 0.053125 0.0796875
0 0.3328125 0.73984375 0.046875 0.071875
0 0.6796875 0.075 0.084375 0.134375
0 0.56875 0.14609375 0.10625 0.1421875
0 0.2453125 0.31484375 0.053125 0.0703125
0 0.1796875 0.41640625 0.053125 0.0671875
0 0.1234375 0.42890625 0.040625 0.075
0 0.1421875 0.50234375 0.053125 0.071875
0 0.7109375 0.32265625 0.084375 0.1296875
0 0.9203125 0.75 0.071875 0.1