0 0.878125 0.8560000000000001 0.915 0.8244999999999999 0.9175000000000001 0.8074999999999999 0.915 0.26749999999999996 0.89375 0.2555 0.889375 0.242 0.853125 0.24300000000000002 0.8412499999999999 0.2625 0.8400000000000001 0.3585 0.8462500000000001 0.3815 0.85625 0.39649999999999996 0.85125 0.43150000000000005 0.86 0.46749999999999997 0.86625 0.5305 0.86625 0.7195 0.87375 0.7925 0.87375 0.8494999999999999 0.878125 0.8560000000000001
0 0.8637499999999999 0.7505 0.85125 0.4665 0.8462500000000001 0.4325 0.83375 0.4185 0.8375 0.3895 0.820625 0.327 0.8125 0.3305 0.79875 0.3525 0.8087500000000001 0.4135 0.8237500000000001 0.6255 0.8324999999999999 0.6745 0.8387499999999999 0.8574999999999999 0.85 0.8634999999999999 0.8412499999999999 0.8695 0.8412499999999999 0.8755000000000001 0.8456250000000001 0.877 0.85625 0.8644999999999999 0.8637499999999999 0.7505
0 0.809375 0.898 0.8375 0.8795 0.8324999999999999 0.6675 0.8237500000000001 0.6174999999999999 0.8074999999999999 0.41050000000000003 0.8012499999999999 0.3775 0.79125 0.35750000000000004 0.8012499999999999 0.33849999999999997 0.8275 0.3095 0.825 0.2815 0.8175000000000001 0.2785 0.825 0.26749999999999996 0.8175000000000001 0.2595 0.8243750000000001 0.259 0.825 0.2535 0.81875 0.2525 0.809375 0.24 0.759375 0.236 0.73875 0.2305 0.73 0.26549999999999996 0.725 0.3285 0.73 0.3605 0.72375 0.3785 0.7262500000000001 0.4295 0.7462500000000001 0.6035 0.76625 0.6995 0.78625 0.8935000000000001 0.785625 0.9 0.7725 0.9035 0.780625 0.905 0.809375 0.898
0 0.6625 0.6305 0.6625 0.7295 0.67 0.8065 0.67875 0.8435 0.69875 0.8515 0.7056250000000001 0.898 0.735 0.7144999999999999 0.74125 0.6165 0.73875 0.5545 0.725 0.4455 0.70875 0.3715 0.69625 0.34550000000000003 0.705 0.3195 0.71375 0.2425 0.7068749999999999 0.236 0.670625 0.23500000000000001 0.641875 0.24 0.63125 0.2475 0.651875 0.254 0.656875 0.251 0.6587500000000001 0.2555 0.6587500000000001 0.26349999999999996 0.62625 0.2975 0.63 0.3345 0.6375 0.3435 0.6275000000000001 0.3645 0.6287499999999999 0.3995 0.6625 0.6305
0 0.5275000000000001 0.7545 0.52625 0.8414999999999999 0.533125 0.8460000000000001 0.573125 0.8470000000000001 0.58125 0.8445 0.58375 0.8355 0.6012500000000001 0.7115 0.62625 0.3725 0.61375 0.35350000000000004 0.6224999999999999 0.3335 0.61625 0.2905 0.62 0.26749999999999996 0.60625 0.2555 0.605 0.2405 0.593125 0.242 0.563125 0.236 0.5443749999999999 0.236 0.5375 0.2395 0.5349999999999999 0.26349999999999996 0.5237499999999999 0.26749999999999996 0.525 0.28450000000000003 0.5387500000000001 0.3175 0.5650000000000001 0.35350000000000004 0.5525 0.3685 0.5425 0.4145 0.5375 0.5375 0.54 0.6325000000000001 0.5275000000000001 0.7545
0 0.6012500000000001 0.7135 0.58875 0.7965 0.5875 0.8225 0.593125 0.8470000000000001 0.646875 0.8480000000000001 0.6537499999999999 0.8445 0.6599999999999999 0.7885 0.66125 0.6545 0.65 0.5565 0.628125 0.43600000000000005 0.6224999999999999 0.4415 0.6012500000000001 0.7135
0 0.5575 0.35750000000000004 0.55375 0.34550000000000003 0.545625 0.33799999999999997 0.536875 0.33799999999999997 0.514375 0.36 0.501875 0.361 0.500625 0.356 0.491875 0.357 0.49375 0.36150000000000004 0.485 0.3765 0.49000000000000005 0.41550000000000004 0.5 0.4265 0.49124999999999996 0.45549999999999996 0.49375 0.5185 0.52125 0.6865 0.529375 0.71 0.5387500000000001 0.6395 0.5375 0.4265 0.54875 0.3725 0.5575 0.35750000000000004
0 0.480625 0.8460000000000001 0.5193749999999999 0.8460000000000001 0.5237499999999999 0.8414999999999999 0.5225 0.6985 0.49124999999999996 0.5065000000000001 0.48624999999999996 0.4145 0.4725 0.3915 0.5 0.2975 0.5175 0.2645 0.52 0.2425 0.515625 0.238 0.500625 0.23500000000000001 0.396875 0.23500000000000001 0.3675 0.2395 0.36875 0.2705 0.41125 0.3395 0.425 0.38849999999999996 0.41375 0.4025 0.40750000000000003 0.4255 0.41 0.4955 0.42000000000000004 0.5575 0.44749999999999995 0.6705 0.46875 0.8145 0.480625 0.8460000000000001
0 0.43624999999999997 0.6965 0.40625 0.6305 0.38125 0.5455 0.37374999999999997 0.4365 0.3625 0.4085 0.375625 0.404 0.38 0.39649999999999996 0.365 0.34550000000000003 0.35750000000000004 0.2545 0.351875 0.238 0.34625 0.2395 0.33125 0.27149999999999996 0.30375 0.3115 0.31124999999999997 0.40549999999999997 0.30625 0.5535 0.31124999999999997 0.5995 0.3275 0.6485000000000001 0.37875000000000003 0.7434999999999999 0.41624999999999995 0.8455 0.469375 0.8470000000000001 0.47375 0.8375 0.45499999999999996 0.7515 0.43624999999999997 0.6965
0 0.31 0.48550000000000004 0.3075 0.3635 0.3025 0.3345 0.289375 0.319 0.240625 0.32999999999999996 0.22749999999999998 0.3445 0.22125 0.6735 0.23374999999999999 0.9105000000000001 0.23937499999999998 0.917 0.26187499999999997 0.923 0.26749999999999996 0.9155 0.26875 0.8515 0.27999999999999997 0.8404999999999999 0.28625 0.8015000000000001 0.3 0.6515 0.31 0.48550000000000004
0 0.17875000000000002 0.4755 0.16875 0.36150000000000004 0.12125 0.3765 0.1275 0.5475 0.14250000000000002 0.6925 0.16 0.7424999999999999 0.1925 0.8785000000000001 0.20625 0.9025000000000001 0.22937500000000002 0.9109999999999999 0.23374999999999999 0.9065 0.23374999999999999 0.8925000000000001 0.22125 0.6865 0.17875000000000002 0.4755
0 0.1275 0.5565 0.12375 0.39249999999999996 0.12125 0.3815 0.11187499999999999 0.371 0.095625 0.361 0.08249999999999999 0.3635 0.08375 0.7735000000000001 0.0875 0.7885 0.10375000000000001 0.8154999999999999 0.11374999999999999 0.8515 0.15687500000000001 0.8789999999999999 0.16375 0.8585 0.16499999999999998 0.8145 0.16125 0.7765 0.1375 0.6645 0.1275 0.5565