0 0.27734375 0.90546875 0.4890625 0.1890625
0 0.7995642703125 0.87418300625 0.7973856203125 0.8578431375 0.7799564265625001 0.8496732031249999 0.7908496734375 0.83823529375 0.786492375 0.8218954249999999 0.723311546875 0.7450980390625 0.69498910625 0.7287581703125 0.6579520703124999 0.7271241828125 0.581699346875 0.741830065625 0.546840959375 0.76797385625 0.51633986875 0.813725490625 0.48366013125 0.901960784375 0.498910675 0.9248366015625 0.5403050109375 0.9591503265625001 0.579520696875 0.9607843140625001 0.6579520703124999 0.936274509375 0.69498910625 0.9346405234375 0.7625272328125 0.903594771875 0.7995642703125 0.87418300625
0 0.47276688437500003 0.8202614374999999 0.5294117640625 0.7728758171875 0.5294117640625 0.7271241828125 0.5119825703124999 0.668300653125 0.4945533765625 0.6323529406249999 0.46405228750000005 0.6013071890624999 0.3921568625 0.5702614374999999 0.36819172187500004 0.5686274515624999 0.30501089375 0.578431371875 0.26797385625 0.5931372546875 0.215686275 0.598039215625 0.18954248437500001 0.6176470593750001 0.167755990625 0.678104575 0.16993464062500002 0.723856209375 0.224400871875 0.784313725 0.2636165578125 0.812091503125 0.3333333328125 0.8006535953125 0.42047930312500004 0.8022875812500001 0.47276688437500003 0.8202614374999999
0 0.2483660125 0.58986928125 0.241830065625 0.51633986875 0.1917211328125 0.4705882359375 0.1742919390625 0.4705882359375 0.11328976093750001 0.44281045781249995 0.030501089062499997 0.437908496875 0.013071895312500002 0.44281045781249995 0 0.455882353125 0.010893246875 0.6225490203125 0.063180828125 0.6748366015625 0.1067538125 0.6797385625000001 0.12636165625 0.689542484375 0.152505446875 0.689542484375 0.1633986921875 0.6830065359375 0.18736383437499998 0.6176470593750001 0.2200435734375 0.6078431375 0.2483660125 0.58986928125
0 0.5947712421875 0.46241830000000006 0.5708061 0.4526143796875 0.5664488015625 0.43137254843750006 0.5359477125 0.39379084999999997 0.46623093750000005 0.3513071890625 0.42483660156249997 0.3431372546875 0.3703703703125 0.3513071890625 0.3202614375 0.37418300625 0.2723311546875 0.45751634062499996 0.276688453125 0.5 0.3180827890625 0.534313725 0.43137254843750006 0.5849673203125 0.46623093750000005 0.5947712421875 0.542483659375 0.5866013078125001 0.596949890625 0.5375816999999999 0.6056644875 0.48039215625000004 0.5947712421875 0.46241830000000006
0 0.7799564265625001 0.6127450984375 0.7799564265625001 0.5751633984375 0.7625272328125 0.5408496734375 0.7015250546875 0.491830065625 0.66013071875 0.4771241828125 0.6252723312499999 0.4771241828125 0.6056644875 0.4852941171875 0.599128540625 0.5 0.599128540625 0.534313725 0.6078431375 0.545751634375 0.546840959375 0.5947712421875 0.5490196078125 0.6486928109375001 0.5947712421875 0.6830065359375 0.66230936875 0.6928104578125 0.69498910625 0.686274509375 0.7625272328125 0.6503267968750001 0.7799564265625001 0.6127450984375
0 0.44226579531250004 0.3431372546875 0.42483660156249997 0.32516339843750003 0.383442265625 0.30228758125 0.276688453125 0.276143790625 0.23529411718749998 0.2908496734375 0.150326796875 0.366013071875 0.13943355156249998 0.38725490156250003 0.1481481484375 0.428104575 0.2614379078125 0.509803921875 0.2810457515625 0.508169934375 0.27886710312499996 0.46241830000000006 0.30283224375 0.4068627453125 0.3224400875 0.382352940625 0.37472766874999996 0.3545751640625 0.44226579531250004 0.3431372546875
0 0.5228758171875 0.222222221875 0.5511982578125 0.1797385625 0.5490196078125 0.1454248359375 0.562091503125 0.1290849671875 0.5599128546875 0.1111111109375 0.5381263609375 0.0866013078125 0.492374728125 0.078431371875 0.43355119843749995 0.10620915 0.3420479296875 0.1372549015625 0.27886710312499996 0.1748366015625 0.2636165578125 0.19444444375 0.2614379078125 0.2205882359375 0.28540305 0.2712418296875 0.3180827890625 0.28431372499999996 0.3921568625 0.2973856203125 0.4291939 0.2826797390625 0.4618736390625 0.2549019609375 0.5228758171875 0.222222221875
0 0.8496732031249999 0.2859477125 0.777777778125 0.276143790625 0.7450980390625 0.2892156859375 0.66230936875 0.3529411765625 0.6579520703124999 0.39379084999999997 0.705882353125 0.43464052343750004 0.7516339875 0.4591503265625 0.810457515625 0.47222222187499996 0.8605664484375 0.47222222187499996 0.9207538124999999 0.40735620937499994 0.9381742921875 0.3700179734375 0.9008431375000001 0.3196127453125 0.8496732031249999 0.2859477125
0 0.973856209375 0.6274509796875 0.99782135 0.5588235296875 0.9956427015625 0.5310457515625 0.9629629625 0.509803921875 0.9106753812499999 0.5016339875 0.8431372546875 0.4754901953125 0.760348584375 0.4673202609375 0.742919390625 0.4754901953125 0.7189542484375 0.5032679734375 0.7254901953124999 0.51960784375 0.758169934375 0.5408496734375 0.775599128125 0.5669934640625 0.775599128125 0.6111111109375 0.7559912859375 0.66013071875 0.795206971875 0.6764705875 0.9063180828125 0.669934640625 0.9324618734375001 0.66176470625 0.973856209375 0.6274509796875
0 0.8976034859375 0.3202614375 0.9433551203125001 0.28431372499999996 0.9433551203125001 0.2450980390625 0.9259259265625 0.2205882359375 0.8692810453125001 0.186274509375 0.8235294124999999 0.17810457500000001 0.7734204796874999 0.1552287578125 0.7538126359375 0.1552287578125 0.7124183000000001 0.1748366015625 0.6884531593750001 0.20588235312499997 0.6579520703124999 0.2794117640625 0.6666666671875 0.3447712421875 0.69716775625 0.33169934687499997 0.7516339875 0.2859477125 0.777777778125 0.27450980468749997 0.8061002171875 0.2728758171875 0.8540305015625 0.28431372499999996 0.8779956421874999 0.2973856203125 0.8976034859375 0.3202614375
0 0.7494553374999999 0.0702614375 0.7385620921875 0.044117646875 0.703703703125 0.01633986875 0.671023965625 0.0065359484374999995 0.6405228765625 0.0065359484374999995 0.6056644875 0.0228758171875 0.5773420484375 0.05392156875 0.562091503125 0.08333333281250001 0.5664488015625 0.099673203125 0.5838779953125 0.1045751640625 0.6666666671875 0.0931372546875 0.6928104578125 0.10294117656249999 0.7189542484375 0.12745097968750002 0.73202614375 0.12745097968750002 0.7494553374999999 0.10294117656249999 0.7494553374999999 0.0702614375
0 0.1568627453125 0.1633986921875 0.1045751640625 0.1764705875 0.0762527234375 0.2189542484375 0.071895425 0.2908496734375 0.08932461875 0.312091503125 0.1111111109375 0.3202614375 0.1917211328125 0.3169934640625 0.257080609375 0.276143790625 0.2483660125 0.25 0.2549019609375 0.19607843125 0.213507625 0.16993464062500002 0.1568627453125 0.1633986921875