0 0.1659672734375 0.0728579234375 0.1510472734375 0.065852459375 0.131469090625 0.0490382515625 0.11934909062500001 0.0420327875 0.092309090625 0.037830601562499996 0.06340363593750001 0.0574480875 0.0512836359375 0.071459015625 0.041025454687500004 0.08967213125 0.03916 0.113491803125 0.034498181249999996 0.17374316875 0.043821818750000005 0.22418579218749998 0.07272727343749999 0.2550109296875 0.1174836359375 0.2634153 0.14172363593749998 0.24800546406250001 0.1538472734375 0.217180328125 0.1762254546875 0.1975628421875 0.18181818125 0.17093989062499998 0.1771563640625 0.123300546875 0.1659672734375 0.0728579234375
0 0.16783272656249998 0.3923224046875 0.19114181875 0.40072677656250005 0.22564 0.407732240625 0.236829090625 0.39932786875000004 0.2386945453125 0.37690710312500003 0.23403272656250002 0.35028961718749996 0.2377636359375 0.3264699453125 0.24522181875000001 0.31525683125000004 0.2545454546875 0.2984426234375 0.2657345453125 0.26678142031249996 0.24801818125000002 0.24800546406250001 0.23403272656250002 0.22698360625 0.21538545468749998 0.2101748640625 0.1883454546875 0.2003661203125 0.170629090625 0.1989617484375 0.1538472734375 0.212972678125 0.136130909375 0.2353934421875 0.1286727265625 0.264819671875 0.12494181875000002 0.30124590156250003 0.13240000000000002 0.32786885312499997 0.14265818125000002 0.36289617500000004 0.16783272656249998 0.3923224046875
0 0.33753090937499997 0.486196721875 0.38135272656249997 0.48339890781249995 0.41118909062500003 0.4259508203125 0.4177163640625 0.3797103828125 0.4055927265625 0.3166612015625 0.3916072734375 0.28443169375 0.3543127265625 0.23679234999999998 0.303029090625 0.23455191250000001 0.280650909375 0.2550109296875 0.2694654546875 0.270420765625 0.2498836359375 0.3124535515625 0.24522181875000001 0.3250655734375 0.236829090625 0.354491803125 0.23310181874999997 0.385316940625 0.236829090625 0.4161420765625 0.2536145453125 0.4525737703125 0.2694654546875 0.476387978125 0.29464 0.486196721875 0.3170145453125 0.48760109218750003 0.33753090937499997 0.486196721875
0 0.52494181875 0.37130601093750004 0.5407927265625 0.34187978124999996 0.543589090625 0.31946448125 0.5445236359375001 0.2942404375 0.54732 0.26201639375 0.5445236359375001 0.238196721875 0.5333345453125 0.2087704921875 0.519349090625 0.17934972656249998 0.4829854546875 0.1569289625 0.44195636406250005 0.163092896875 0.4214436359375 0.1849508203125 0.403730909375 0.22558470000000003 0.39626909062500004 0.260612021875 0.4018654546875 0.2928415296875 0.4261054546875 0.3166612015625 0.4372945453125 0.344683059375 0.44662181875 0.3685027328125 0.465269090625 0.3937213109375 0.48391636406250005 0.40072677656250005 0.50349818125 0.3923224046875 0.5146836359375 0.3825136609375 0.52494181875 0.37130601093750004
0 0.60606181875 0.63612021875 0.6004654546875 0.5898852453125001 0.5752909093749999 0.5576557375 0.5351963640624999 0.5386010921875 0.50349818125 0.5534535515625 0.48112000000000005 0.5772732234375 0.46713454531250004 0.6109016390625001 0.4634036359375 0.650131146875 0.46713454531250004 0.6781584703125 0.48671272656250003 0.717387978125 0.50536 0.7454098359375 0.53706181875 0.753819671875 0.5650363640625 0.7468142078125 0.5846145453125 0.7187868859375001 0.6041963640625 0.6767540984375 0.60606181875 0.63612021875
0 0.76550181875 0.5520546453125 0.7664327265625 0.5044153 0.749650909375 0.45116939843750004 0.7254072734375 0.41473770468750004 0.7095563640625 0.4063333328125 0.6778545453125 0.4049344265625 0.66293818125 0.42090710312499996 0.6470872734374999 0.4609781421875 0.62564 0.48339890781249995 0.6200472734375 0.51422404375 0.612589090625 0.5394426234374999 0.6107236359375 0.570267759375 0.6153854546875 0.6109016390625001 0.6386945453124999 0.633316940625 0.66293818125 0.6557377046874999 0.7011672734375 0.6529344265625 0.72354181875 0.63612021875 0.7477854546875 0.5870819671875 0.76550181875 0.5520546453125
0 0.668530909375 0.3825136609375 0.6648036359375 0.333475409375 0.6470872734374999 0.2942404375 0.63030181875 0.2690218578125 0.60326181875 0.2564098359375 0.5799527265625 0.2611748640625 0.5650363640625 0.2942404375 0.5603745453125 0.329267759375 0.5463854546875 0.3488852453125 0.5286727265625 0.3811147546875 0.5230763640625 0.3951256828125 0.5212109093749999 0.4483661203125 0.53986181875 0.48760109218750003 0.5724945453125 0.51001639375 0.6014 0.4974098359375 0.64056 0.46518032812500004 0.66013818125 0.42314754062500004 0.668530909375 0.3825136609375
0 0.50349818125 0.5478469953125 0.52494181875 0.5352404374999999 0.5510472734375 0.5324371578125 0.5538472734375001 0.5268306015625 0.5613054546875 0.49320218593750004 0.53706181875 0.46798360624999996 0.5221454546875 0.42734972656250003 0.5100218187500001 0.407732240625 0.5146836359375 0.415300546875 0.48857818125 0.40213114687499996 0.45314545468749995 0.40072677656250005 0.4177163640625 0.43155191249999997 0.3981345453125 0.45957923437500003 0.38974181875 0.50020765 0.3869454546875 0.5534535515625 0.400930909375 0.606699453125 0.42237818125000004 0.626311475 0.45594545468750003 0.6529344265625 0.46713454531250004 0.6277158468749999 0.47645818125000006 0.588480875 0.50349818125 0.5478469953125
0 0.3589745453125 0.7103825140625 0.38041818125 0.685163934375 0.39254181875 0.6641420765625 0.39626909062500004 0.62491256875 0.39533818125 0.5828797812500001 0.38508 0.549251365625 0.37762181875 0.5268306015625 0.3636363640625 0.512819671875 0.3468545453125 0.49600546406249996 0.31328727343749996 0.4979672125 0.28717818125 0.5114207656249999 0.2741272734375 0.5184262296875 0.2592072734375 0.5324371578125 0.25268 0.5520546453125 0.24522181875000001 0.57867213125 0.2461527265625 0.603896175 0.251749090625 0.6403224046875 0.26293818125 0.6739508203125 0.280650909375 0.70477595625 0.2927745453125 0.7201912562499999 0.3328654546875 0.7243934421875 0.3589745453125 0.7103825140625
0 0.2275054546875 0.6347213109375 0.23310181874999997 0.5968907109375 0.22564 0.5464480875 0.2116545453125 0.5086174859375 0.19487272656250001 0.480595628125 0.16783272656249998 0.46798360624999996 0.1342654546875 0.47359016406250004 0.1407927265625 0.4749890703125 0.1221454546875 0.49040437187499997 0.1118872734375 0.5156229515625 0.0997672734375 0.543644809375 0.0867127265625 0.5716666671875 0.07086181875 0.5912841531249999 0.08205090937500001 0.6291147546875 0.08857818125 0.6669453546875 0.10442909062500001 0.7005737703125 0.136130909375 0.7033770484375 0.1780872734375 0.6977704921875 0.2069927265625 0.685163934375 0.2275054546875 0.6347213109375
0 0.8662000000000001 0.2690218578125 0.8475527265625 0.260612021875 0.8335672734375 0.24379781406249998 0.8289054546875001 0.2353934421875 0.815850909375 0.2550109296875 0.800930909375 0.28219125625 0.7822836359374999 0.33067213125 0.78508 0.3797103828125 0.7934727265625 0.43996174843749997 0.8130545453125 0.4637814203125 0.8662000000000001 0.46798360624999996 0.89790181875 0.44136065625 0.919349090625 0.39091803281250004 0.9268072734375 0.340480875 0.9258727265625 0.2914371578125 0.91002181875 0.2634153 0.8941709093749999 0.2634153 0.8662000000000001 0.2690218578125
0 0.72913818125 0.29564480937500004 0.7487163640625 0.308251365625 0.761770909375 0.306852459375 0.7897418187499999 0.2297868859375 0.7906763640625 0.1765464484375 0.76084 0.144316940625 0.7393927265625 0.126103825 0.7002327265625 0.11769398906249999 0.6731927265625 0.1204972671875 0.64801818125 0.1681366125 0.6461527265625 0.1989617484375 0.65734181875 0.26201639375 0.663869090625 0.306852459375 0.69930181875 0.2998469953125 0.72913818125 0.29564480937500004
0 0.3244763640625 0.0616502734375 0.2862472734375 0.035027321875 0.24242545468749999 0.026622951562500004 0.22284363593749998 0.0518415296875 0.20512727343749998 0.0980819671875 0.209789090625 0.149923496875 0.2116545453125 0.2003661203125 0.21818181874999998 0.20456830625000003 0.24801818125000002 0.24100000000000002 0.2703963640625 0.25780874374999996 0.2741272734375 0.250803278125 0.2927745453125 0.23959562812500002 0.32168 0.228387978125 0.33939272656249997 0.22418579218749998 0.35058181875 0.2059672125 0.35337818125 0.15832786875 0.344989090625 0.1078907109375 0.3244763640625 0.0616502734375
0 0.6778545453125 0.7930491796875 0.6554763640625 0.747371584375 0.6200472734375 0.7454098359375 0.5911418187499999 0.75101639375 0.570629090625 0.774836065625 0.56410181875 0.8056612015625 0.5557127265624999 0.8462950812500001 0.5696981812499999 0.8869289625000001 0.5958036359375 0.9373661203125 0.6386945453124999 0.9415737703125 0.6666654546874999 0.9345683062499999 0.68438181875 0.9079453546874999 0.6890436359375001 0.8350874312500001 0.6778545453125 0.7930491796875
0 0.76084 0.568027321875 0.7207454546875 0.638923496875 0.6974363640625 0.6557377046874999 0.6750581812500001 0.66274316875 0.6862472734375 0.7159890703125 0.7039636359375 0.7552185796875001 0.75337818125 0.77343169375 0.7906763640625 0.7608251359375 0.8177163640625 0.70477595625 0.823309090625 0.669748634375 0.8093236359375 0.612300546875 0.788810909375 0.5842786890625 0.76084 0.568027321875
0 0.8083927265625 0.5114207656249999 0.7972036359375 0.5814754093750001 0.81212 0.61370491875 0.8223781812500001 0.6473333328125 0.8466218187500001 0.6655464484375 0.8876472734374999 0.659939890625 0.90816 0.637524590625 0.90349818125 0.5968907109375 0.904429090625 0.52543169375 0.8867127265624999 0.480595628125 0.8428909093750001 0.4713442625 0.8083927265625 0.5114207656249999
0 0.9025636359375 0.8504972671875001 0.92028 0.864508196875 0.9370618187499999 0.8561038249999999 0.9491854546875 0.8420928968749999 0.95198181875 0.8028579234375 0.9491854546875 0.7818415296875 0.9463854546875 0.7636284156250001 0.9398618187500001 0.7342021859375001 0.9324 0.7229945359375 0.9174836359375 0.70898360625 0.8941709093749999 0.6865628421875 0.8708618187500001 0.6767540984375 0.8298363640625 0.68236065625 0.8139854546875 0.7019781421875 0.80745818125 0.7342021859375001 0.80466181875 0.759420765625 0.81025818125 0.816868853125 0.82704 0.8434918031249999 0.8475527265625 0.8448907109375 0.8689963640625 0.8364863390625 0.8895090906249999 0.840688525 0.9025636359375 0.8504972671875001
0 0.9501163640625 0.5716666671875 0.9948727265624999 0.5870819671875 0.9967381812499999 0.5842786890625 0.9967381812499999 0.364300546875 0.985549090625 0.35308743125 0.96689818125 0.354491803125 0.9454545453125001 0.36149726718749997 0.9230763640624999 0.38812021875 0.9137527265625 0.4063333328125 0.9062945453125 0.4287540984375 0.8988327265624999 0.455371584375 0.8951054546874999 0.48760109218750003 0.9006981812499999 0.5044153 0.9090909093749999 0.538043715625 0.9286727265625 0.5590601093750001 0.9501163640625 0.5716666671875
0 0.8382290906250001 0.056043715625000004 0.823309090625 0.113491803125 0.800930909375 0.13591256875 0.8130545453125 0.18915300468750001 0.83170181875 0.2466010921875 0.88857818125 0.264819671875 0.92773818125 0.24800546406250001 0.9463854546875 0.20456830625000003 0.9538472734375001 0.1401147546875 0.9333345453125 0.0770655734375 0.9016327265624999 0.0420327875 0.855010909375 0.037830601562499996 0.8382290906250001 0.056043715625000004
0 0.8568763640625001 0.83087978125 0.82704 0.8476939890624999 0.80466181875 0.8911311468750001 0.7972036359375 0.933163934375 0.7981345453124999 0.969595628125 0.8055927265625 0.9920109296874999 0.9566436359375 1 0.9613054546875001 0.9850054640625 0.96689818125 0.9709945359375001 0.96410181875 0.9401693984374999 0.9613054546875001 0.9163497265625 0.9538472734375001 0.8939344265625 0.9407927265625 0.8715136609374999 0.92773818125 0.8589016390624999 0.9109563640625 0.8504972671875001 0.8839163640625 0.83087978125 0.8568763640625001 0.83087978125
0 0.4568763640625 0.921956284375 0.46153818125 0.88832786875 0.4522145453125 0.8617049187499999 0.44382181875000004 0.840688525 0.41678181875 0.8076229515625 0.3972036359375 0.797251365625 0.37762181875 0.80425683125 0.3599054546875 0.8098633875000001 0.3468545453125 0.83087978125 0.33100363593750004 0.8546994531250001 0.31888 0.8953333328124999 0.310490909375 0.9345683062499999 0.31421818125 0.9709945359375001 0.32540727343750003 0.9934153 0.43916000000000005 0.9976174859375 0.44662181875 0.9667923500000001 0.4568763640625 0.921956284375
0 0.283450909375 0.9135464484375 0.26013818125 0.8504972671875001 0.2219127265625 0.8146284156249999 0.202330909375 0.8140655734375001 0.1687636359375 0.840688525 0.15198181875 0.8575027328125 0.1445236359375 0.8869289625000001 0.14172363593749998 0.9051420765625 0.1342654546875 0.9289617484375 0.1333345453125 0.9415737703125 0.13706181875 0.9850054640625 0.1454545453125 0.9962185796874999 0.22564 0.9990218578125001 0.2676 1 0.283450909375 0.9135464484375
0 0.7671875 0.08359375 0.1390625 0.1453125
0 0.496875 0.7765625 0.1359375 0.23125