0 0.76171875 0.6889534890625 0.79296875 0.6482558140625 0.8125 0.5959302328125 0.8125 0.5494186046875 0.80859375 0.5377906984374999 0.798828125 0.5232558140625 0.767578125 0.505813953125 0.751953125 0.505813953125 0.728515625 0.5232558140625 0.720703125 0.5232558140625 0.69140625 0.5610465109375 0.6875 0.5901162796875 0.68359375 0.5959302328125 0.6875 0.6075581390625 0.69140625 0.665697675 0.69921875 0.6889534890625 0.720703125 0.7151162796875 0.728515625 0.7151162796875 0.732421875 0.7209302328125 0.74609375 0.71802325625 0.755859375 0.7151162796875 0.759765625 0.703488371875 0.763671875 0.7151162796875 0.767578125 0.709302325 0.771484375 0.7151162796875 0.78125 0.7063953484375001 0.779296875 0.6860465109375 0.771484375 0.6860465109375 0.767578125 0.691860465625 0.76171875 0.6889534890625
0 0.68359375 0.619186046875 0.6796875 0.61337209375 0.6796875 0.6017441859375 0.666015625 0.5755813953125 0.646484375 0.558139534375 0.638671875 0.558139534375 0.634765625 0.5523255812500001 0.603515625 0.558139534375 0.595703125 0.5639534890625 0.5703125 0.6017441859375 0.56640625 0.61337209375 0.56640625 0.6889534890625 0.583984375 0.7151162796875 0.595703125 0.7151162796875 0.599609375 0.7209302328125 0.6015625 0.71802325625 0.630859375 0.7151162796875 0.634765625 0.709302325 0.646484375 0.709302325 0.650390625 0.7151162796875 0.669921875 0.7151162796875 0.6796875 0.7005813953125 0.68359375 0.665697675 0.6875 0.6598837203125 0.68359375 0.6540697671875 0.68359375 0.619186046875
0 0.662109375 0.44767441874999997 0.650390625 0.44767441874999997 0.646484375 0.45348837187499996 0.630859375 0.45348837187499996 0.623046875 0.459302325 0.6015625 0.4912790703125 0.6015625 0.5494186046875 0.607421875 0.558139534375 0.615234375 0.5523255812500001 0.638671875 0.5523255812500001 0.654296875 0.5639534890625 0.67578125 0.5610465109375 0.701171875 0.546511628125 0.716796875 0.5232558140625 0.732421875 0.5174418609375 0.73828125 0.5087209296874999 0.73828125 0.49709302343750006 0.73046875 0.47383720937499996 0.708984375 0.44767441874999997 0.701171875 0.44186046562500003 0.666015625 0.44186046562500003 0.662109375 0.44767441874999997
0 0.48828125 0.4563953484375 0.484375 0.46802325624999996 0.484375 0.5087209296874999 0.5 0.5552325578125 0.521484375 0.5872093015625001 0.529296875 0.59302325625 0.541015625 0.59302325625 0.544921875 0.598837209375 0.5546875 0.5959302328125 0.572265625 0.5872093015625001 0.58984375 0.566860465625 0.6015625 0.53197674375 0.6015625 0.485465115625 0.58984375 0.4505813953125 0.568359375 0.4186046515625 0.548828125 0.40697674375000004 0.529296875 0.40697674375000004 0.509765625 0.4186046515625 0.48828125 0.4563953484375
0 0.623046875 0.30232558125 0.611328125 0.308139534375 0.5703125 0.369186046875 0.56640625 0.380813953125 0.5625 0.4098837203125 0.576171875 0.4244186046875 0.603515625 0.4709302328125 0.609375 0.46802325624999996 0.623046875 0.45348837187499996 0.638671875 0.45348837187499996 0.642578125 0.44767441874999997 0.685546875 0.4360465109375 0.69921875 0.4040697671875 0.69921875 0.3459302328125 0.681640625 0.3139534890625 0.658203125 0.290697675 0.630859375 0.290697675 0.623046875 0.30232558125
0 0.818359375 0.2848837203125 0.763671875 0.2848837203125 0.759765625 0.290697675 0.744140625 0.296511628125 0.72265625 0.3401162796875 0.72265625 0.375 0.740234375 0.40697674375000004 0.748046875 0.40697674375000004 0.751953125 0.41279069843749994 0.76171875 0.4098837203125 0.783203125 0.40697674375000004 0.798828125 0.3953488375 0.814453125 0.3720930234375 0.818359375 0.3720930234375 0.83984375 0.3401162796875 0.84375 0.328488371875 0.84375 0.3052325578125 0.837890625 0.296511628125 0.822265625 0.290697675 0.818359375 0.2848837203125
0 0.462890625 0.33139534843749996 0.455078125 0.3372093015625 0.42578125 0.38662790625 0.42578125 0.43313953437499997 0.43359375 0.4447674421875 0.4375 0.46220930156250006 0.451171875 0.4767441859375 0.46875 0.47383720937499996 0.478515625 0.4709302328125 0.50390625 0.42732558125000003 0.505859375 0.4186046515625 0.521484375 0.41279069843749994 0.53515625 0.3982558140625 0.53515625 0.380813953125 0.53125 0.369186046875 0.509765625 0.3372093015625 0.501953125 0.33139534843749996 0.462890625 0.33139534843749996
0 0.560546875 0.255813953125 0.5390625 0.28197674375 0.53515625 0.3052325578125 0.53125 0.3110465109375 0.53125 0.3459302328125 0.544921875 0.3720930234375 0.552734375 0.3779069765625 0.5625 0.375 0.603515625 0.3139534890625 0.615234375 0.308139534375 0.625 0.29360465156250004 0.625 0.2877906984375 0.619140625 0.2790697671875 0.615234375 0.2790697671875 0.599609375 0.26162790625 0.587890625 0.26162790625 0.583984375 0.255813953125 0.560546875 0.255813953125
0 0.4375 0.53197674375 0.421875 0.5610465109375 0.421875 0.584302325 0.4296875 0.584302325 0.447265625 0.5697674421875 0.482421875 0.5697674421875 0.498046875 0.5813953484375001 0.50390625 0.5726744187499999 0.484375 0.514534884375 0.482421875 0.48255813906249995 0.466796875 0.48255813906249995 0.451171875 0.494186046875 0.44140625 0.5087209296874999 0.4375 0.53197674375
0 0.427734375 0.5872093015625001 0.42578125 0.5959302328125 0.4140625 0.61337209375 0.4140625 0.625 0.41015625 0.630813953125 0.41015625 0.6540697671875 0.4140625 0.6598837203125 0.4140625 0.671511628125 0.423828125 0.6860465109375 0.443359375 0.6860465109375 0.455078125 0.6976744187499999 0.462890625 0.6976744187499999 0.478515625 0.7151162796875 0.48046875 0.7122093015625001 0.49609375 0.665697675 0.5078125 0.6482558140625 0.51171875 0.619186046875 0.50390625 0.5959302328125 0.478515625 0.5697674421875 0.451171875 0.5697674421875 0.447265625 0.5755813953125 0.439453125 0.5755813953125 0.431640625 0.5872093015625001 0.427734375 0.5872093015625001
0 0.56640625 0.7703488375 0.55859375 0.8110465109374999 0.5625 0.816860465625 0.5625 0.834302325 0.568359375 0.8430232562500001 0.603515625 0.848837209375 0.626953125 0.8662790703125 0.65625 0.86337209375 0.689453125 0.8430232562500001 0.697265625 0.8313953484375001 0.73046875 0.8052325578125 0.7265625 0.776162790625 0.708984375 0.75 0.666015625 0.7151162796875 0.619140625 0.7151162796875 0.591796875 0.7325581390625 0.578125 0.7587209296874999 0.56640625 0.7703488375
0 0.5 0.776162790625 0.5 0.7936046515624999 0.517578125 0.8197674421875 0.525390625 0.8255813953125 0.541015625 0.8255813953125 0.544921875 0.8313953484375001 0.55859375 0.828488371875 0.55859375 0.7877906984374999 0.5625 0.776162790625 0.578125 0.7529069765624999 0.58203125 0.7296511625 0.556640625 0.6802325578125 0.529296875 0.6802325578125 0.501953125 0.703488371875 0.4921875 0.723837209375 0.4921875 0.7529069765624999 0.5 0.776162790625
0 0.36328125 0.7529069765624999 0.359375 0.764534884375 0.365234375 0.7790697671875 0.380859375 0.7848837203125 0.384765625 0.790697675 0.404296875 0.790697675 0.419921875 0.8023255812500001 0.431640625 0.8023255812500001 0.435546875 0.808139534375 0.447265625 0.808139534375 0.451171875 0.8139534890625001 0.466796875 0.8139534890625001 0.470703125 0.8197674421875 0.484375 0.816860465625 0.5 0.7936046515624999 0.49609375 0.78197674375 0.49609375 0.764534884375 0.484375 0.7296511625 0.466796875 0.703488371875 0.439453125 0.6860465109375 0.416015625 0.691860465625 0.408203125 0.703488371875 0.388671875 0.7151162796875 0.36328125 0.7529069765624999
0 0.345703125 0.5755813953125 0.298828125 0.6162790703125001 0.28125 0.6424418609375 0.28125 0.6598837203125 0.27734375 0.665697675 0.27734375 0.7005813953125 0.28515625 0.7296511625 0.294921875 0.744186046875 0.310546875 0.755813953125 0.326171875 0.755813953125 0.330078125 0.75 0.34375 0.7529069765624999 0.365234375 0.744186046875 0.392578125 0.703488371875 0.404296875 0.6976744187499999 0.4140625 0.6773255812500001 0.41015625 0.671511628125 0.41015625 0.6017441859375 0.388671875 0.5755813953125 0.373046875 0.5755813953125 0.369140625 0.5697674421875 0.345703125 0.5755813953125
0 0.244140625 0.6162790703125001 0.22265625 0.6424418609375 0.21484375 0.665697675 0.21875 0.7063953484375001 0.22265625 0.71802325625 0.240234375 0.744186046875 0.259765625 0.744186046875 0.263671875 0.75 0.28125 0.7470930234375001 0.28515625 0.7412790703125001 0.28515625 0.7296511625 0.27734375 0.7063953484375001 0.27734375 0.6482558140625 0.2890625 0.625 0.2890625 0.619186046875 0.279296875 0.610465115625 0.255859375 0.610465115625 0.251953125 0.6162790703125001 0.244140625 0.6162790703125001
0 0.12109375 0.7063953484375001 0.126953125 0.7151162796875 0.138671875 0.7151162796875 0.142578125 0.7209302328125 0.154296875 0.7209302328125 0.158203125 0.7267441859375 0.197265625 0.7325581390625 0.201171875 0.73837209375 0.2109375 0.735465115625 0.2109375 0.7122093015625001 0.20703125 0.7063953484375001 0.20703125 0.6598837203125 0.193359375 0.6453488375 0.185546875 0.6453488375 0.181640625 0.639534884375 0.158203125 0.639534884375 0.142578125 0.651162790625 0.125 0.6773255812500001 0.12109375 0.7063953484375001
0 0.072265625 0.5872093015625001 0.068359375 0.59302325625 0.060546875 0.59302325625 0.03125 0.63662790625 0.03125 0.683139534375 0.037109375 0.691860465625 0.044921875 0.691860465625 0.048828125 0.6976744187499999 0.068359375 0.6976744187499999 0.072265625 0.703488371875 0.087890625 0.703488371875 0.091796875 0.709302325 0.1015625 0.7063953484375001 0.107421875 0.703488371875 0.12109375 0.683139534375 0.12109375 0.671511628125 0.12890625 0.6540697671875 0.12890625 0.63662790625 0.125 0.625 0.103515625 0.59302325625 0.095703125 0.59302325625 0.091796875 0.5872093015625001 0.072265625 0.5872093015625001
0 0.166015625 0.505813953125 0.162109375 0.5 0.154296875 0.5 0.150390625 0.505813953125 0.134765625 0.51162790625 0.1171875 0.53197674375 0.1171875 0.5377906984374999 0.109375 0.5494186046875 0.109375 0.5901162796875 0.126953125 0.6279069765624999 0.142578125 0.639534884375 0.19921875 0.63662790625 0.208984375 0.6337209296874999 0.2265625 0.6075581390625 0.23046875 0.5959302328125 0.23046875 0.5726744187499999 0.234375 0.566860465625 0.23046875 0.5436046515624999 0.208984375 0.51162790625 0.197265625 0.51162790625 0.193359375 0.505813953125 0.166015625 0.505813953125
0 0.162109375 0.44186046562500003 0.13671875 0.4796511625 0.138671875 0.505813953125 0.146484375 0.505813953125 0.150390625 0.5 0.169921875 0.5 0.173828125 0.505813953125 0.197265625 0.505813953125 0.201171875 0.51162790625 0.22265625 0.5087209296874999 0.232421875 0.494186046875 0.23828125 0.4912790703125 0.23828125 0.46802325624999996 0.224609375 0.459302325 0.201171875 0.41279069843749994 0.181640625 0.4186046515625 0.173828125 0.4302325578125 0.169921875 0.4302325578125 0.16796875 0.4389534890625 0.162109375 0.44186046562500003
0 0.255859375 0.3546511625 0.251953125 0.34883720937499996 0.216796875 0.3546511625 0.20703125 0.375 0.20703125 0.415697675 0.21875 0.4389534890625 0.21875 0.4447674421875 0.228515625 0.459302325 0.236328125 0.4651162796875 0.24609375 0.46220930156250006 0.255859375 0.459302325 0.259765625 0.45348837187499996 0.267578125 0.45348837187499996 0.271484375 0.44767441874999997 0.279296875 0.44767441874999997 0.2890625 0.43313953437499997 0.2890625 0.380813953125 0.275390625 0.360465115625 0.267578125 0.3546511625 0.255859375 0.3546511625
0 0.259765625 0.308139534375 0.240234375 0.308139534375 0.232421875 0.3139534890625 0.21875 0.334302325 0.21875 0.3517441859375 0.20703125 0.375 0.20703125 0.415697675 0.21875 0.4389534890625 0.21875 0.4447674421875 0.240234375 0.4651162796875 0.25 0.46220930156250006 0.259765625 0.45348837187499996 0.279296875 0.44767441874999997 0.2890625 0.43313953437499997 0.2890625 0.380813953125 0.28515625 0.375 0.28515625 0.3575581390625 0.2890625 0.3459302328125 0.271484375 0.3139534890625 0.263671875 0.3139534890625 0.259765625 0.308139534375
0 0.427734375 0.34883720937499996 0.42578125 0.3401162796875 0.412109375 0.3197674421875 0.404296875 0.3139534890625 0.392578125 0.3139534890625 0.388671875 0.308139534375 0.349609375 0.308139534375 0.3125 0.334302325 0.30859375 0.3575581390625 0.3046875 0.36337209375 0.3046875 0.4040697671875 0.30859375 0.415697675 0.333984375 0.44186046562500003 0.359375 0.4389534890625 0.369140625 0.4244186046875 0.376953125 0.4244186046875 0.380859375 0.4186046515625 0.400390625 0.4186046515625 0.4140625 0.3982558140625 0.4140625 0.3924418609375 0.4375 0.36337209375 0.4375 0.3575581390625 0.431640625 0.34883720937499996 0.427734375 0.34883720937499996
0 0.234375 0.5494186046875 0.240234375 0.558139534375 0.2421875 0.5552325578125 0.2421875 0.5494186046875 0.248046875 0.546511628125 0.25390625 0.53197674375 0.248046875 0.5290697671875 0.24609375 0.5203488375 0.236328125 0.51162790625 0.224609375 0.51162790625 0.22265625 0.526162790625 0.234375 0.5436046515624999 0.234375 0.5494186046875
0 0.251953125 0.4651162796875 0.2421875 0.4796511625 0.23828125 0.5029069765624999 0.244140625 0.505813953125 0.259765625 0.5290697671875 0.265625 0.526162790625 0.291015625 0.494186046875 0.326171875 0.494186046875 0.33203125 0.4796511625 0.328125 0.46220930156250006 0.322265625 0.45348837187499996 0.298828125 0.44767441874999997 0.294921875 0.44186046562500003 0.291015625 0.44767441874999997 0.275390625 0.44767441874999997 0.251953125 0.4651162796875
0 0.26953125 0.578488371875 0.291015625 0.6162790703125001 0.296875 0.61337209375 0.326171875 0.59302325625 0.34375 0.566860465625 0.33984375 0.5377906984374999 0.328125 0.5029069765624999 0.318359375 0.494186046875 0.294921875 0.494186046875 0.287109375 0.5 0.265625 0.53197674375 0.265625 0.566860465625 0.26953125 0.578488371875
0 0.509765625 0.25 0.486328125 0.2325581390625 0.466796875 0.2325581390625 0.462890625 0.23837209375 0.455078125 0.23837209375 0.44921875 0.2470930234375 0.44921875 0.2529069765625 0.4375 0.27616279062500004 0.4375 0.3110465109375 0.447265625 0.33139534843749996 0.455078125 0.3372093015625 0.45703125 0.334302325 0.494140625 0.33139534843749996 0.498046875 0.3255813953125 0.505859375 0.3255813953125 0.509765625 0.3197674421875 0.51953125 0.316860465625 0.5234375 0.3052325578125 0.5234375 0.2877906984375 0.51953125 0.28197674375 0.51953125 0.2703488375 0.509765625 0.25
0 0.404296875 0.4244186046875 0.400390625 0.4186046515625 0.380859375 0.4186046515625 0.365234375 0.4360465109375 0.361328125 0.4360465109375 0.33984375 0.46802325624999996 0.33203125 0.4912790703125 0.33203125 0.5029069765624999 0.3359375 0.5087209296874999 0.3359375 0.5203488375 0.34375 0.5436046515624999 0.361328125 0.5697674421875 0.380859375 0.5697674421875 0.384765625 0.5755813953125 0.3984375 0.5726744187499999 0.416015625 0.5639534890625 0.4296875 0.5436046515624999 0.4375 0.5203488375 0.4375 0.4912790703125 0.44140625 0.485465115625 0.4375 0.4796511625 0.4375 0.46220930156250006 0.43359375 0.4505813953125 0.419921875 0.4302325578125 0.404296875 0.4244186046875