0 0.20390625 0.471875 0.1703125 0.228125
0 0.25234375 0.5640625 0.16875 0.1890625
0 0.16484375 0.6234375 0.1671875 0.2140625
0 0.26953125 0.67890625 0.15625 0.1890625
0 0.31953125 0.49375 0.153125 0.2359375
0 0.396875 0.8078125 0.171875 0.25
0 0.59609375 0.31328125 0.1609375 0.24375
0 0.7515625 0.1609375 0.159375 0.221875
0 0.7953125 0.31953125 0.1796875 0.1703125
0 0.8515625 0.35546875 0.1140625 0.1625
0 0.896875 0.465625 0.1359375 0.2078125
0 0.78515625 0.48515625 0.1921875 0.26875
0 0.79375 0.79453125 0.184375 0.265625
0 0.67109375 0.53125 0.1578125 0.16875
0 0.528125 0.57578125 0.153125 0.203125
0 0.5984375 0.65078125 0.1375 0.20625
0 0.67109375 0.659375 0.1296875 0.23125
0 0.6296875 0.815625 0.175 0.2203125
0 0.5359375 0.734375 0.1984375 0.1875