0 0.30078125 0.6625 0.184375 0.5265625
0 0.49140625 0.66484375 0.196875 0.5796875
0 0.12890625 0.65 0.1640625 0.553125
0 0.68359375 0.728125 0.178125 0.4296875
0 0.87421875 0.73828125 0.171875 0.40625
0 0.8171875 0.565625 0.1296875 0.2578125
0 0.5265625 0.1921875 0.128125 0.3375
0 0.6453125 0.2421875 0.0890625 0.28125
0 0.8234375 0.18671875 0.1109375 0.209375
0 0.89140625 0.08046875 0.0796875 0.1546875
0 0.3875 0.18515625 0.1171875 0.30625
0 0.0859375 0.2046875 0.128125 0.2984375
0 0.9515625 0.20078125 0.096875 0.2078125