0 0.6185661765625 0.40277777812500004 0.5799632359375 0.38055555625 0.5395220593750001 0.3861111109375 0.5009191171875 0.42222222187499997 0.45680147031249996 0.425 0.43014705937500003 0.4513888890625 0.40625 0.5125 0.398897059375 0.6319444437499999 0.40992647031249996 0.765277778125 0.4310661765625 0.8 0.47702205937500003 0.83055555625 0.5955882359375 0.8458333328125001 0.6130514703125 0.827777778125 0.653492646875 0.8111111109375001 0.6727941171875 0.7597222218749999 0.7113970593750001 0.7125 0.7279411765625 0.665277778125 0.731617646875 0.609722221875 0.7169117640625 0.534722221875 0.7169117640625 0.4986111109375 0.6516544125 0.40277777812500004 0.6185661765625 0.40277777812500004
0 0.7895220593750001 0.21111111093749999 0.7545955875 0.20555555625 0.7306985296875 0.225 0.703125 0.225 0.6948529406249999 0.23472222187499997 0.6948529406249999 0.2541666671875 0.669117646875 0.28472222187499996 0.6672794125 0.34027777812500004 0.6727941171875 0.3513888890625 0.6636029406249999 0.40416666718750005 0.6829044125 0.45 0.7205882359375 0.4875 0.7362132359375 0.5305555562500001 0.7564338234375 0.5583333328125 0.7702205875 0.559722221875 0.7821691171875 0.5527777781250001 0.8134191171875 0.497222221875 0.828125 0.49444444374999996 0.840992646875 0.4611111109375 0.8658088234375001 0.440277778125 0.8676470593750001 0.4236111109375 0.84926470625 0.365277778125 0.8455882359375 0.31805555625 0.825367646875 0.26805555625 0.7895220593750001 0.21111111093749999
0 0.3428308828125 0.28611111093749997 0.32261029375 0.27777777812500004 0.30055147031249996 0.2888888890625 0.2545955875 0.377777778125 0.21599264687500003 0.38333333281250004 0.1672794125 0.48194444374999995 0.174632353125 0.5263888890625 0.163602940625 0.60694444375 0.17279411718749998 0.6513888890625 0.2362132359375 0.75555555625 0.26930147031249996 0.79444444375 0.28125 0.7958333328125 0.2950367640625 0.7916666671875 0.3841911765625 0.69305555625 0.3970588234375 0.6541666671875 0.4044117640625 0.5013888890625 0.4329044125 0.4388888890625 0.4705882359375 0.40972222187499996 0.46875 0.3958333328125 0.4053308828125 0.3083333328125 0.3704044125 0.28055555625 0.3428308828125 0.28611111093749997
0 0.6525735296875 0.084722221875 0.6525735296875 0.059722221875 0.63511029375 0.002777778125 0.4678308828125 0 0.4512867640625 0.0111111109375 0.4237132359375 0.0083333328125 0.40257352968750004 0.0375 0.3841911765625 0.10694444375 0.3602941171875 0.1458333328125 0.351102940625 0.20694444375 0.3658088234375 0.26805555625 0.383272059375 0.2833333328125 0.3998161765625 0.28055555625 0.42555147031249996 0.3166666671875 0.440257353125 0.302777778125 0.453125 0.3138888890625 0.48069852968750004 0.3111111109375 0.481617646875 0.3986111109375 0.5 0.415277778125 0.559742646875 0.375 0.5863970593750001 0.33194444375 0.6001838234375 0.24722222187499998 0.6185661765625 0.2666666671875 0.6516544125 0.25833333281250004 0.69761029375 0.225 0.7077205875 0.20416666718749998 0.705882353125 0.134722221875 0.671875 0.09444444375 0.6525735296875 0.084722221875
0 0.7049632359375 0.12222222187500001 0.7251838234375 0.1166666671875 0.734375 0.127777778125 0.7564338234375 0.127777778125 0.7619485296875 0.11388888906250001 0.77113970625 0.11388888906250001 0.7766544125 0.127777778125 0.794117646875 0.13194444375 0.8143382359375 0.10138888906250001 0.8161764703125 0.0791666671875 0.79136029375 0.04444444375 0.7674632359375 0.0416666671875 0.7463235296875 0.0208333328125 0.77113970625 0.00555555625 0.643382353125 0.0041666671875 0.6544117640625 0.054166667187499996 0.6810661765625 0.10555555624999999 0.7049632359375 0.12222222187500001
0 1 0.084722221875 0.9724264703125 0.054166667187499996 0.9696691171875 0.00555555625 0.8299632359375 0 0.81801470625 0.0125 0.8318014703125 0.055555556250000006 0.8584558828125 0.059722221875 0.83363970625 0.072222221875 0.8143382359375 0.10694444375 0.7922794125 0.20694444375 0.8170955875000001 0.24444444375000002 0.825367646875 0.2375 0.825367646875 0.25694444375000003 0.8474264703125 0.31805555625 0.85386029375 0.32777777812500003 0.86948529375 0.3263888890625 0.8970588234375001 0.2958333328125 0.8943014703125 0.27777777812500004 0.9181985296875 0.29722222187499997 0.9411764703125 0.2791666671875 0.9466911765624999 0.24583333281250003 0.9227941171875 0.20972222187499998 0.92738970625 0.197222221875 0.94761029375 0.1833333328125 0.9696691171875 0.23055555625 1 0.2236111109375 1 0.084722221875
0 1 0.23194444375 0.9770220593750001 0.23055555625 0.9623161765624999 0.2416666671875 0.94301470625 0.2791666671875 0.93198529375 0.35972222187499997 0.90073529375 0.3875 0.8952205875000001 0.4125 0.90073529375 0.434722221875 0.8740808828125 0.4388888890625 0.846507353125 0.4611111109375 0.8345588234375001 0.4763888890625 0.8327205875000001 0.4986111109375 0.83823529375 0.5236111109375 0.8501838234375001 0.5388888890625 0.8630514703125 0.5388888890625 0.8832720593750001 0.58055555625 0.9071691171875 0.577777778125 0.9145220593750001 0.5944444437499999 0.9356617640625 0.5625 0.934742646875 0.522222221875 0.9549632359375 0.5416666671875 0.9356617640625 0.5791666671875 0.9338235296875 0.6041666671875 0.9457720593750001 0.625 0.9678308828125 0.6388888890625 1 0.7013888890625 1 0.23194444375
0 1 0.709722221875 0.97886029375 0.66944444375 0.9641544124999999 0.6638888890625 0.9136029406249999 0.70694444375 0.919117646875 0.7763888890625 0.9264705875000001 0.790277778125 0.9227941171875 0.8236111109375001 0.9411764703125 0.8819444437499999 0.9393382359375 0.98194444375 0.9512867640625 1 1 1 1 0.709722221875
0 0.7435661765625 0.6611111109375 0.7279411765625 0.68194444375 0.7205882359375 0.7208333328125 0.6994485296875 0.7361111109375 0.6856617640625 0.7625 0.6681985296875 0.8166666671874999 0.6130514703125 0.8361111109375001 0.5955882359375 0.8625 0.5955882359375 0.959722221875 0.6332720593750001 1 0.924632353125 0.9986111109375001 0.9375 0.9680555562500001 0.9375 0.909722221875 0.9154411765624999 0.8625 0.9172794124999999 0.7458333328125 0.9080882359375 0.709722221875 0.8887867640625 0.6805555562500001 0.8630514703125 0.6638888890625 0.8244485296875 0.672222221875 0.7895220593750001 0.64444444375 0.7435661765625 0.6611111109375
0 0.3391544125 0.772222221875 0.3134191171875 0.777777778125 0.2647058828125 0.8458333328125001 0.257352940625 0.940277778125 0.2766544125 0.997222221875 0.5533088234375 1 0.5588235296875 0.9902777781250001 0.55698529375 0.9541666671875 0.56801470625 0.9291666671875 0.5643382359375 0.8791666671874999 0.5193014703125 0.8444444437499999 0.440257353125 0.83055555625 0.4080882359375 0.7819444437499999 0.390625 0.7083333328125 0.3501838234375 0.7388888890625 0.3391544125 0.772222221875
0 0 0.9986111109375001 0.1911764703125 1 0.23897058750000003 0.9930555562500001 0.23345588281250002 0.9541666671875 0.2518382359375 0.9263888890624999 0.257352940625 0.8680555562500001 0.24632352968750001 0.784722221875 0.227022059375 0.752777778125 0.1985294125 0.7291666671875 0.194852940625 0.7013888890625 0.14613970625 0.61944444375 0.11121323593750002 0.625 0.08363970625 0.60555555625 0.059742646875000006 0.60555555625 0.04136029375 0.61944444375 0 0.6791666671875001 0 0.9986111109375001
0 0.0009191171874999999 0.252777778125 0 0.6375 0.00551470625 0.6375 0.0845588234375 0.5875 0.101102940625 0.5208333328125 0.0974264703125 0.4875 0.1102941171875 0.4486111109375 0.1102941171875 0.40694444374999994 0.0946691171875 0.372222221875 0.075367646875 0.3625 0.0735294125 0.3236111109375 0.0579044125 0.2888888890625 0.0009191171874999999 0.252777778125
0 0 0.24583333281250003 0.075367646875 0.3013888890625 0.1084558828125 0.2708333328125 0.11488970624999999 0.222222221875 0.147977940625 0.25833333281250004 0.171875 0.25833333281250004 0.203125 0.24444444375000002 0.22242647031249999 0.20972222187499998 0.23713235312499997 0.1458333328125 0.23529411718749998 0.1041666671875 0.2169117640625 0.07083333281250001 0.211397059375 0.040277778125000004 0.18658088281250002 0.002777778125 0 0.0013888890625 0 0.24583333281250003
0 0.234375 0.08333333281250001 0.23713235312499997 0.1541666671875 0.20220588281250002 0.25694444375000003 0.1369485296875 0.2638888890625 0.1295955875 0.24722222187499998 0.11856617656249999 0.24722222187499998 0.10294117656249999 0.28472222187499996 0.0974264703125 0.30416666718749996 0.10294117656249999 0.35694444375 0.11856617656249999 0.375 0.1314338234375 0.375 0.1608455875 0.3361111109375 0.17279411718749998 0.43194444374999996 0.18198529375 0.43194444374999996 0.22150735312499997 0.36944444375 0.24724264687500003 0.375 0.2637867640625 0.35555555625 0.30055147031249996 0.28611111093749997 0.3547794125 0.2736111109375 0.34742647031249996 0.17916666718750002 0.356617646875 0.1458333328125 0.3115808828125 0.08333333281250001 0.2821691171875 0.072222221875 0.234375 0.08333333281250001
0 0.21783088281250002 0 0.20772058750000003 0.026388889062499997 0.21875 0.06805555625000001 0.23529411718749998 0.0791666671875 0.26194852968750004 0.06944444375 0.315257353125 0.075 0.319852940625 0.0375 0.30055147031249996 0 0.21783088281250002 0