0 0.45078125 0.83671875 0.375 0.3265625
0 0.71875 0.74296875 0.3671875 0.3265625
0 0.25703125 0.64921875 0.3 0.3171875
0 0.45546875 0.6046875 0.2234375 0.175
0 0.63828125 0.4796875 0.3046875 0.2734375
0 0.1296875 0.41328125 0.259375 0.290625
0 0.4484375 0.27421875 0.28125 0.2734375
0 0.13203125 0.10703125 0.2640625 0.2140625
0 0.18984375 0.2703125 0.1921875 0.1734375
0 0.3234375 0.421875 0.2015625 0.228125
0 0.69609375 0.31015625 0.25 0.2015625
0 0.8390625 0.1515625 0.3046875 0.240625
0 0.58671875 0.16328125 0.28125 0.2453125
0 0.890625 0.37265625 0.21875 0.2453125
0 0.91953125 0.58671875 0.1609375 0.2375
0 0.1203125 0.9140625 0.240625 0.16875
0 0.10078125 0.765625 0.2015625 0.2546875