0 0.29100000000000004 0.62175 0.3066666671875 0.62825 0.3173333328125 0.63425 0.3286666671875 0.63775 0.354 0.648 0.391 0.658 0.4033333328125 0.6599999999999999 0.42400000000000004 0.66125 0.46733333281249995 0.6605000000000001 0.47766666718749995 0.65925 0.49400000000000005 0.65525 0.5389999999999999 0.64725 0.5846666671875 0.635 0.5956666671875 0.63075 0.6363333328125 0.611 0.6583333328125 0.5974999999999999 0.6663333328125 0.5912499999999999 0.6853333328125 0.5795 0.696 0.5700000000000001 0.7146666671874999 0.5575 0.7246666671875001 0.5485 0.7406666671875 0.5315000000000001 0.7583333328124999 0.49424999999999997 0.7673333328124999 0.479 0.7816666671875 0.4455 0.7866666671875 0.42925 0.79 0.4125 0.7916666671875 0.39649999999999996 0.7929999999999999 0.35325 0.7906666671875 0.341 0.782 0.31475 0.7703333328124999 0.29125 0.752 0.26349999999999996 0.7393333328125 0.25 0.7150000000000001 0.231 0.7096666671875 0.225 0.6963333328125 0.21600000000000003 0.6883333328125001 0.21325 0.6823333328125 0.20925 0.6273333328125 0.20325000000000001 0.615 0.20099999999999998 0.6063333328125 0.19824999999999998 0.5716666671875 0.1945 0.5650000000000001 0.19175 0.5493333328125 0.17875000000000002 0.545 0.17625 0.5389999999999999 0.17475000000000002 0.5183333328125 0.174 0.49466666718749996 0.17024999999999998 0.4653333328125 0.16725 0.43433333281250003 0.16675 0.4023333328125 0.1685 0.377 0.17124999999999999 0.3573333328125 0.17475000000000002 0.3413333328125 0.179 0.32166666718750003 0.18625 0.2926666671875 0.20024999999999998 0.2723333328125 0.2125 0.2396666671875 0.2355 0.223 0.24900000000000003 0.2096666671875 0.262 0.1883333328125 0.28900000000000003 0.1596666671875 0.3345 0.1503333328125 0.35750000000000004 0.1423333328125 0.39025 0.13999999999999999 0.409 0.1396666671875 0.43224999999999997 0.1413333328125 0.4445 0.1496666671875 0.47925000000000006 0.159 0.506 0.17333333281250002 0.53125 0.1846666671875 0.546 0.2113333328125 0.5715 0.22999999999999998 0.5855 0.25833333281250004 0.60225 0.268 0.6092500000000001 0.282 0.61575 0.29100000000000004 0.62175
0 0.6436666671875 0.89975 0.6523333328125 0.925 0.662 0.9407500000000001 0.6723333328125001 0.9535 0.678 0.9582499999999999 0.6866666671874999 0.962 0.6946666671874999 0.9637499999999999 0.7266666671875 0.9672499999999999 0.746 0.97075 0.786 0.9835 0.7996666671875 0.98575 0.836 0.9797499999999999 0.8413333328125001 0.97775 0.8456666671875 0.9744999999999999 0.8560000000000001 0.97075 0.8640000000000001 0.96675 0.8723333328124999 0.959 0.8783333328125 0.95525 0.8859999999999999 0.945 0.8893333328124999 0.9425000000000001 0.8976666671875 0.92675 0.9013333328125 0.91375 0.9053333328125 0.8865000000000001 0.9063333328125 0.8557499999999999 0.9036666671875 0.83675 0.8973333328124999 0.8182499999999999 0.8876666671875 0.79925 0.8773333328125 0.7845 0.8723333328124999 0.77925 0.8596666671875001 0.76875 0.849 0.76275 0.8356666671875 0.757 0.8146666671875 0.75275 0.7953333328125 0.752 0.745 0.75275 0.724 0.75475 0.7173333328125 0.75675 0.6916666671875 0.7695000000000001 0.679 0.7805 0.6686666671875 0.7925 0.657 0.8119999999999999 0.6443333328125 0.8467499999999999 0.6416666671875 0.8615 0.6416666671875 0.87575 0.6436666671875 0.89975
0 0.6353333328125 0.714 0.643 0.72375 0.6603333328125001 0.737 0.6676666671875 0.74075 0.6900000000000001 0.74875 0.7056666671875 0.7537499999999999 0.7123333328125 0.75475 0.7263333328125 0.75475 0.799 0.74925 0.8123333328125 0.7462500000000001 0.8363333328125 0.73625 0.8516666671875001 0.7275 0.86 0.721 0.8673333328125 0.71325 0.885 0.686 0.8913333328125 0.67 0.892 0.65775 0.891 0.6457499999999999 0.8853333328125 0.6075 0.8823333328125 0.59925 0.8746666671875 0.58675 0.8716666671875 0.584 0.8686666671875001 0.5765 0.8539999999999999 0.57325 0.8273333328125 0.5700000000000001 0.7976666671875 0.5645 0.7876666671875 0.56175 0.7593333328125 0.55025 0.7346666671875 0.5485 0.7216666671875 0.5545 0.7193333328125 0.5587500000000001 0.7190000000000001 0.5715 0.7133333328125 0.58425 0.705 0.5965 0.659 0.6487499999999999 0.638 0.66925 0.6276666671875 0.6809999999999999 0.62 0.69625 0.6246666671875001 0.70375 0.6353333328125 0.714
0 0.742 0.51875 0.74 0.5347500000000001 0.742 0.53825 0.7656666671875 0.5549999999999999 0.7823333328125 0.563 0.8143333328125 0.5715 0.8356666671875 0.5742499999999999 0.851 0.57475 0.8640000000000001 0.5730000000000001 0.8866666671875001 0.568 0.907 0.5622499999999999 0.9236666671875 0.5545 0.9323333328125001 0.54925 0.9573333328125001 0.5305 0.9696666671875 0.5175 0.9856666671875001 0.492 0.9903333328124999 0.48125 0.9936666671875001 0.46925 0.9949999999999999 0.44800000000000006 0.994 0.4405 0.9903333328124999 0.4305 0.9726666671875 0.393 0.967 0.386 0.9536666671875 0.375 0.9323333328125001 0.364 0.9099999999999999 0.35675 0.8856666671875001 0.35375 0.8366666671875 0.35275 0.8253333328125001 0.354 0.8106666671875 0.35750000000000004 0.7986666671875 0.35750000000000004 0.7946666671875 0.35950000000000004 0.7913333328125 0.364 0.7883333328125001 0.37575 0.7856666671875 0.41550000000000004 0.782 0.43324999999999997 0.7633333328125 0.47850000000000004 0.745 0.5105000000000001 0.742 0.51875
0 1 0.21800000000000003 0.9946666671875001 0.20125 0.9836666671875 0.1875 0.9613333328125 0.1705 0.9443333328125 0.1625 0.9283333328125 0.1565 0.913 0.1525 0.8966666671875 0.15 0.8743333328125 0.148 0.8563333328124999 0.14775 0.834 0.15 0.8166666671874999 0.15425 0.796 0.16299999999999998 0.7746666671875 0.17525 0.7603333328125 0.188 0.7453333328125 0.20525000000000002 0.735 0.2225 0.73 0.22825 0.7256666671875001 0.2375 0.7256666671875001 0.24100000000000002 0.748 0.267 0.7643333328125 0.2905 0.7783333328125 0.317 0.7836666671875 0.335 0.792 0.35175 0.7969999999999999 0.35775 0.7993333328125 0.358 0.8083333328125001 0.355 0.8220000000000001 0.357 0.8316666671874999 0.35724999999999996 0.906 0.35724999999999996 0.9136666671875 0.3565 0.9390000000000001 0.3465 0.9476666671875 0.34049999999999997 0.9643333328124999 0.333 0.9713333328125 0.32725 0.9846666671875001 0.31975 0.994 0.3105 0.9983333328124999 0.30375 1 0.29425 1 0.21800000000000003
0 0.24266666718750002 0.13874999999999998 0.2423333328125 0.15425 0.2443333328125 0.1655 0.2496666671875 0.175 0.2526666671875 0.1845 0.256 0.1905 0.2776666671875 0.20475 0.29133333281249996 0.20249999999999999 0.32799999999999996 0.18575 0.36866666718749996 0.17450000000000002 0.3896666671875 0.17175 0.418 0.16975 0.49533333281249997 0.17024999999999998 0.5053333328125 0.16899999999999998 0.5103333328125 0.16599999999999998 0.512 0.16325 0.5166666671875 0.13 0.522 0.11174999999999999 0.5203333328124999 0.10075 0.5156666671875 0.08775 0.4996666671875 0.061750000000000006 0.48166666718749995 0.045 0.4606666671875 0.0335 0.45066666718750004 0.03075 0.43666666718749997 0.028499999999999998 0.4136666671875 0.027500000000000004 0.4026666671875 0.028249999999999997 0.3676666671875 0.0335 0.341 0.0405 0.321 0.047 0.2976666671875 0.059750000000000004 0.28700000000000003 0.06725 0.27799999999999997 0.07475000000000001 0.2663333328125 0.088 0.2513333328125 0.11100000000000002 0.2456666671875 0.124 0.24266666718750002 0.13874999999999998
0 0 0.23199999999999998 0.0366666671875 0.24175 0.0506666671875 0.242 0.065 0.24474999999999997 0.074 0.24325000000000002 0.0773333328125 0.24125000000000002 0.1 0.21749999999999997 0.10900000000000001 0.21025 0.1196666671875 0.20400000000000001 0.1276666671875 0.19524999999999998 0.1386666671875 0.19225 0.1536666671875 0.18975 0.1636666671875 0.18175 0.174 0.18475 0.1806666671875 0.18475 0.192 0.18275 0.20099999999999998 0.17775000000000002 0.2026666671875 0.17575000000000002 0.2033333328125 0.16375 0.20566666718749999 0.1525 0.20600000000000002 0.13774999999999998 0.20366666718749998 0.12525 0.19766666718749998 0.10725 0.191 0.09975 0.182 0.0865 0.1676666671875 0.07375000000000001 0.1516666671875 0.06475 0.14466666718750001 0.058499999999999996 0.1346666671875 0.054000000000000006 0.1253333328125 0.04825 0.11499999999999999 0.04475 0.0883333328125 0.040999999999999995 0.0696666671875 0.03725 0.0366666671875 0.036 0.0233333328125 0.0375 0.013000000000000001 0.042249999999999996 0 0.046 0 0.121 0.014000000000000002 0.136 0.015 0.14075 0 0.15775 0 0.23199999999999998
0 0.17578125 0.26015625 0.2046875 0.1640625
0 0.6375 0.0765625 0.2484375 0.153125
0 0.88046875 0.07578125 0.2390625 0.1515625
0 0.94296875 0.6234375 0.1140625 0.2359375