0 0.2908496734375 0.2549019609375 0.28431372499999996 0.2107843140625 0.26633986875 0.17892156875 0.2173202609375 0.15931372500000002 0.187908496875 0.15931372500000002 0.16176470625 0.1642156859375 0.114379084375 0.1985294125 0.099673203125 0.24019607812500002 0.10620915 0.2794117640625 0.12418300625 0.313725490625 0.168300653125 0.348039215625 0.19771241875 0.3578431375 0.24019607812500002 0.3529411765625 0.2614379078125 0.3333333328125 0.2826797390625 0.2916666671875 0.2908496734375 0.2549019609375
0 0.34150326875000003 0.17892156875 0.32516339843750003 0.188725490625 0.310457515625 0.21323529375 0.32516339843750003 0.2916666671875 0.3529411765625 0.3357843140625 0.37254902031250003 0.348039215625 0.3921568625 0.3455882359375 0.4052287578125 0.330882353125 0.4150326796875 0.2990196078125 0.41013071874999996 0.24019607812500002 0.382352940625 0.1936274515625 0.34150326875000003 0.17892156875
0 0.560457515625 0.13970588281250002 0.5408496734375 0.125 0.509803921875 0.12254902031249999 0.4852941171875 0.132352940625 0.4673202609375 0.1642156859375 0.455882353125 0.2107843140625 0.455882353125 0.2549019609375 0.4869281046875 0.3235294125 0.5375816999999999 0.3431372546875 0.578431371875 0.313725490625 0.59150326875 0.2720588234375 0.59150326875 0.2254901953125 0.578431371875 0.169117646875 0.560457515625 0.13970588281250002
0 0.7189542484375 0.0931372546875 0.7026143796875 0.07107843124999999 0.6813725484375001 0.0661764703125 0.651960784375 0.0857843140625 0.6290849671875 0.12009803906250001 0.60620915 0.1985294125 0.6045751640625 0.23284313750000002 0.6176470593750001 0.2892156859375 0.6405228765625 0.31617647031249996 0.671568628125 0.313725490625 0.69771241875 0.2892156859375 0.7271241828125 0.1911764703125 0.7287581703125 0.1372549015625 0.7189542484375 0.0931372546875
0 0.87418300625 0.23774509843749997 0.8660130718750001 0.20588235312499997 0.8349673203125001 0.17892156875 0.810457515625 0.17892156875 0.758169934375 0.20833333281250002 0.7352941171875 0.2475490203125 0.7271241828125 0.276960784375 0.73202614375 0.3259803921875 0.7450980390625 0.348039215625 0.7728758171875 0.3700980390625 0.8055555562500001 0.3700980390625 0.8267973859375 0.3578431375 0.8594771234374999 0.313725490625 0.8709150328125 0.28431372499999996 0.87418300625 0.23774509843749997
0 0.7287581703125 0.42892156875 0.7140522875 0.3970588234375 0.689542484375 0.367647059375 0.668300653125 0.3602941171875 0.6454248359375 0.3700980390625 0.6307189546874999 0.3897058828125 0.6176470593750001 0.438725490625 0.6192810453125001 0.48039215625000004 0.6421568625 0.563725490625 0.678104575 0.60539215625 0.7009803921875 0.6078431375 0.7271241828125 0.580882353125 0.7352941171875 0.5563725484375001 0.7385620921875 0.4754901953125 0.7287581703125 0.42892156875
0 0.7630718953125 0.4509803921875 0.7647058828125 0.4852941171875 0.7892156859375 0.526960784375 0.8235294124999999 0.5416666671875 0.8496732031249999 0.509803921875 0.8513071890624999 0.4607843140625 0.8267973859375 0.4166666671875 0.792483659375 0.4068627453125 0.76960784375 0.42892156875 0.7630718953125 0.4509803921875
0 0.58986928125 0.4779411765625 0.544117646875 0.40931372499999996 0.5049019609375 0.382352940625 0.4852941171875 0.3799019609375 0.4689542484375 0.3897058828125 0.4526143796875 0.4240196078125 0.4526143796875 0.4705882359375 0.46568627500000004 0.5171568625 0.49673202656250004 0.5661764703125 0.5310457515625 0.598039215625 0.5702614374999999 0.6078431375 0.58986928125 0.5931372546875 0.6013071890624999 0.57107843125 0.6045751640625 0.534313725 0.58986928125 0.4779411765625
0 0.3267973859375 0.419117646875 0.3202614375 0.44362745156249994 0.3235294125 0.5049019609375 0.3447712421875 0.546568628125 0.36274509843749997 0.5563725484375001 0.383986928125 0.55392156875 0.42483660156249997 0.5049019609375 0.419934640625 0.455882353125 0.3905228765625 0.4142156859375 0.34150326875000003 0.40196078437500005 0.3267973859375 0.419117646875
0 0.27777777812500004 0.40196078437500005 0.23856209218750002 0.39460784375 0.19607843125 0.40196078437500005 0.1454248359375 0.4264705875 0.1290849671875 0.46568627500000004 0.132352940625 0.509803921875 0.16013071875 0.5392156859375 0.2107843140625 0.5588235296875 0.2565359484375 0.5563725484375001 0.295751634375 0.5318627453125 0.313725490625 0.49754902031250003 0.30882352968750004 0.438725490625 0.27777777812500004 0.40196078437500005
0 0.2859477125 0.7720588234375 0.2875817 0.7352941171875 0.2810457515625 0.7083333328125 0.2549019609375 0.6666666671875 0.222222221875 0.6421568625 0.187908496875 0.634803921875 0.1633986921875 0.64460784375 0.1372549015625 0.6838235296875 0.12581699375 0.7352941171875 0.12745097968750002 0.7892156859375 0.1372549015625 0.828431371875 0.15849673125 0.8602941171875 0.186274509375 0.8700980390625 0.215686275 0.8676470593750001 0.2450980390625 0.8504901953124999 0.2728758171875 0.811274509375 0.2859477125 0.7720588234375
0 0.4705882359375 0.6176470593750001 0.4232026140625 0.615196078125 0.366013071875 0.6421568625 0.328431371875 0.7009803921875 0.3267973859375 0.7720588234375 0.348039215625 0.811274509375 0.3954248359375 0.830882353125 0.44281045781249995 0.8235294124999999 0.48856209218749996 0.794117646875 0.5114379078125 0.7549019609375 0.51797385625 0.6936274515624999 0.5049019609375 0.6397058828125 0.4705882359375 0.6176470593750001
0 0.704248365625 0.7083333328125 0.6846405234375 0.6911764703125 0.6323529406249999 0.6838235296875 0.578431371875 0.7254901953124999 0.55392156875 0.76960784375 0.5408496734375 0.813725490625 0.545751634375 0.8872549015625 0.59150326875 0.9240196078125 0.6290849671875 0.9142156859374999 0.6748366015625 0.875 0.689542484375 0.8529411765624999 0.707516340625 0.7990196078125 0.7124183000000001 0.7352941171875 0.704248365625 0.7083333328125
0 0.8676470593750001 0.688725490625 0.8169934640625 0.625 0.76797385625 0.6029411765625 0.7369281046875 0.6176470593750001 0.723856209375 0.6544117640625 0.7287581703125 0.7083333328125 0.7450980390625 0.7573529406249999 0.76797385625 0.7916666671875 0.8055555562500001 0.8186274515624999 0.8267973859375 0.8210784312499999 0.8611111109375 0.8039215687500001 0.8725490203125 0.78676470625 0.8807189546874999 0.7524509796875 0.8676470593750001 0.688725490625