0 0.0225 0.07388888906249999 0.02375 0.077777778125 0.029166667187500002 0.075 0.0266666671875 0.0838888890625 0.028749999999999998 0.0866666671875 0.0395833328125 0.09555555624999999 0.055833332812500004 0.095 0.0616666671875 0.08944444375 0.0595833328125 0.0811111109375 0.0416666671875 0.0783333328125 0.04375 0.07444444375 0.0491666671875 0.075 0.04625 0.067777778125 0.0595833328125 0.0666666671875 0.0620833328125 0.057777778125 0.0233333328125 0.05944444375 0.0225 0.07388888906249999
0 0.1408333328125 0.2616666671875 0.1483333328125 0.242777778125 0.1541666671875 0.197222221875 0.135 0.16499999999999998 0.1366666671875 0.145 0.1304166671875 0.13999999999999999 0.1166666671875 0.1816666671875 0.11499999999999999 0.22055555624999998 0.10958333281249999 0.232222221875 0.08541666718749999 0.23333333281250002 0.0470833328125 0.24555555624999997 0.0395833328125 0.25 0.0325 0.2616666671875 0.0329166671875 0.26777777812500003 0.0566666671875 0.2838888890625 0.0616666671875 0.3083333328125 0.0725 0.31944444375000003 0.0470833328125 0.3311111109375 0.0208333328125 0.35944444375 0.0108333328125 0.3861111109375 0.0125 0.4038888890625 0.0429166671875 0.44333333281250004 0.060833332812499995 0.445 0.09 0.4338888890625 0.10333333281249998 0.382777778125 0.1025 0.37055555625 0.1066666671875 0.367222221875 0.1066666671875 0.35611111093750003 0.1025 0.35611111093750003 0.10500000000000001 0.3461111109375 0.1166666671875 0.33166666718750004 0.1325 0.30055555625 0.1408333328125 0.2616666671875
0 0.2066666671875 0.23055555625 0.1825 0.215 0.1979166671875 0.202222221875 0.21625 0.19555555625 0.21916666718750002 0.1838888890625 0.2170833328125 0.177777778125 0.20249999999999999 0.172777778125 0.2158333328125 0.15277777812499999 0.215 0.1361111109375 0.2108333328125 0.1261111109375 0.2125 0.0983333328125 0.2058333328125 0.07944444375000001 0.2058333328125 0.06944444375 0.19624999999999998 0.0533333328125 0.1745833328125 0.045555556250000004 0.15291666718750002 0.0511111109375 0.1433333328125 0.058333332812500006 0.145 0.08055555625000001 0.1366666671875 0.09388888906250001 0.13916666718749998 0.112777778125 0.1316666671875 0.12944444375 0.1416666671875 0.1616666671875 0.1541666671875 0.1761111109375 0.1566666671875 0.18722222187499998 0.1566666671875 0.2816666671875 0.1591666671875 0.292777778125 0.1445833328125 0.29 0.13374999999999998 0.3 0.10916666718750001 0.35722222187499997 0.1066666671875 0.3783333328125 0.1008333328125 0.39388888906249997 0.0991666671875 0.4338888890625 0.10500000000000001 0.4583333328125 0.11916666718749999 0.46388888906250003 0.14791666718750002 0.44888888906249996 0.1591666671875 0.4338888890625 0.1766666671875 0.39277777812500003 0.1875 0.34055555625 0.18416666718750002 0.315 0.1766666671875 0.2983333328125 0.195 0.2783333328125 0.2 0.25833333281250004 0.1983333328125 0.2461111109375 0.2066666671875 0.23055555625
0 0.265 0.3438888890625 0.25916666718750003 0.34055555625 0.2541666671875 0.325 0.2425 0.307222221875 0.2391666671875 0.272777778125 0.24583333281250003 0.2616666671875 0.24583333281250003 0.25055555625000003 0.2416666671875 0.2461111109375 0.24416666718750002 0.2416666671875 0.2366666671875 0.23500000000000001 0.23500000000000001 0.22722222187500002 0.24 0.16833333281250001 0.25 0.1416666671875 0.2533333328125 0.12055555625 0.2633333328125 0.09944444375 0.265 0.0816666671875 0.2341666671875 0.0116666671875 0.22374999999999998 0.0011111109375000002 0.2079166671875 0.0033333328125 0.19708333281249998 0.0111111109375 0.1891666671875 0.0216666671875 0.18 0.047222221875 0.18416666718750002 0.052777778124999994 0.1829166671875 0.058888889062500005 0.1866666671875 0.057222221875 0.18625 0.052222221874999995 0.1904166671875 0.052222221874999995 0.2008333328125 0.05944444375 0.20416666718749998 0.08055555625000001 0.2116666671875 0.095 0.2133333328125 0.13055555624999998 0.225 0.167222221875 0.225 0.252777778125 0.22208333281249998 0.26 0.21749999999999997 0.2616666671875 0.21749999999999997 0.2883333328125 0.21208333281249997 0.287777778125 0.20750000000000002 0.2938888890625 0.20750000000000002 0.307222221875 0.2158333328125 0.3161111109375 0.21833333281249998 0.3283333328125 0.2158333328125 0.3738888890625 0.21208333281249997 0.38444444375 0.1920833328125 0.38555555625000004 0.17250000000000001 0.40833333281249995 0.1583333328125 0.43833333281250003 0.15 0.46611111093749996 0.1433333328125 0.4716666671875 0.13333333281249998 0.512777778125 0.135 0.5349999999999999 0.145 0.56055555625 0.145 0.5772222218749999 0.1375 0.5994444437500001 0.1375 0.6261111109375 0.1458333328125 0.5983333328125 0.1458333328125 0.5716666671875 0.15 0.56055555625 0.1845833328125 0.54444444375 0.2325 0.465 0.2383333328125 0.4361111109375 0.2375 0.40833333281249995 0.24333333281249997 0.3883333328125 0.265 0.34944444375 0.265 0.3438888890625
0 0.3020833328125 0.2966666671875 0.2870833328125 0.2788888890625 0.2704166671875 0.2811111109375 0.2504166671875 0.27555555625 0.24333333281249997 0.2838888890625 0.24416666718750002 0.307222221875 0.2625 0.335 0.2783333328125 0.385 0.2791666671875 0.397222221875 0.2654166671875 0.4033333328125 0.2525 0.43166666718749996 0.2366666671875 0.497222221875 0.22833333281249998 0.5638888890625 0.24333333281249997 0.60944444375 0.2541666671875 0.6261111109375 0.2483333328125 0.65944444375 0.2533333328125 0.66944444375 0.25833333281250004 0.7016666671875 0.2633333328125 0.7061111109375 0.26749999999999996 0.65944444375 0.2666666671875 0.6061111109375 0.29333333281249996 0.537222221875 0.31083333281250003 0.44944444375000003 0.3066666671875 0.40277777812500004 0.3133333328125 0.39388888906249997 0.32999999999999996 0.34944444375 0.3366666671875 0.3016666671875 0.3229166671875 0.29333333281249996 0.3020833328125 0.2966666671875
0 0.39249999999999996 0.397222221875 0.38375 0.3788888890625 0.3725 0.3716666671875 0.3983333328125 0.292777778125 0.4025 0.26277777812499997 0.4141666671875 0.2338888890625 0.4175 0.20944444375 0.4108333328125 0.195 0.41500000000000004 0.15277777812499999 0.4108333328125 0.1161111109375 0.40041666718749996 0.102222221875 0.3920833328125 0.1 0.3829166671875 0.1011111109375 0.3791666671875 0.1061111109375 0.3708333328125 0.1316666671875 0.3716666671875 0.142777778125 0.365 0.167222221875 0.36583333281249997 0.215 0.3566666671875 0.23500000000000001 0.3633333328125 0.2983333328125 0.35625 0.3088888890625 0.3458333328125 0.30944444375 0.3483333328125 0.36833333281249997 0.33375 0.372222221875 0.3175 0.397222221875 0.30583333281249997 0.49055555625 0.3075 0.527222221875 0.3158333328125 0.545 0.3308333328125 0.562777778125 0.3233333328125 0.6516666671875 0.3241666671875 0.70055555625 0.3266666671875 0.7061111109375 0.3308333328125 0.6961111109375 0.3308333328125 0.645 0.3383333328125 0.60055555625 0.33999999999999997 0.5650000000000001 0.3570833328125 0.5588888890625 0.3641666671875 0.54944444375 0.3716666671875 0.515 0.38333333281250004 0.4883333328125 0.39416666718750004 0.44611111093750005 0.39249999999999996 0.397222221875
0 0.42000000000000004 0.27611111093749996 0.4225 0.2683333328125 0.4204166671875 0.262222221875 0.4141666671875 0.267222221875 0.4216666671875 0.287222221875 0.41916666718749995 0.2938888890625 0.42750000000000005 0.32944444375000004 0.42750000000000005 0.35944444375 0.4325 0.37055555625 0.4408333328125 0.3583333328125 0.44000000000000006 0.35055555625 0.43499999999999994 0.35055555625 0.4408333328125 0.33944444375 0.43875000000000003 0.337777778125 0.43624999999999997 0.3433333328125 0.43499999999999994 0.335 0.42833333281249997 0.32944444375000004 0.4266666671875 0.2883333328125 0.42000000000000004 0.27611111093749996
0 0.45958333281249997 0.3166666671875 0.4545833328125 0.31222222187500004 0.45 0.3183333328125 0.45083333281250004 0.3283333328125 0.44666666718750003 0.337222221875 0.4533333328125 0.3461111109375 0.4533333328125 0.352777778125 0.44625000000000004 0.3533333328125 0.445 0.35722222187499997 0.4516666671875 0.35722222187499997 0.4516666671875 0.377222221875 0.45583333281250005 0.37944444375 0.46749999999999997 0.3416666671875 0.46749999999999997 0.325 0.4716666671875 0.3138888890625 0.47041666718749997 0.282222221875 0.4625 0.28611111093749997 0.46375 0.29111111093750003 0.46749999999999997 0.29055555625 0.4658333328125 0.29944444375 0.47000000000000003 0.3083333328125 0.45958333281249997 0.3166666671875
0 0.42374999999999996 0.3966666671875 0.41500000000000004 0.407222221875 0.40499999999999997 0.43055555625 0.3791666671875 0.5161111109375 0.37666666718749997 0.545 0.3808333328125 0.5650000000000001 0.39249999999999996 0.5916666671875 0.38166666718750003 0.612777778125 0.3983333328125 0.6138888890625 0.40499999999999997 0.605 0.4095833328125 0.587777778125 0.4204166671875 0.58444444375 0.4325 0.5716666671875 0.4608333328125 0.48166666718749995 0.4658333328125 0.44611111093750005 0.465 0.41944444374999995 0.45875000000000005 0.40555555625000006 0.44375 0.39444444375 0.42374999999999996 0.3966666671875
0 0.5733333328125 0.3238888890625 0.5700000000000001 0.30944444375 0.5416666671875 0.2783333328125 0.5308333328125 0.24055555625 0.5175 0.225 0.5083333328124999 0.2038888890625 0.52125 0.19555555625 0.5308333328125 0.195 0.53 0.1861111109375 0.5225 0.1738888890625 0.5225 0.16499999999999998 0.51875 0.1633333328125 0.5070833328125001 0.167777778125 0.5037499999999999 0.1766666671875 0.48166666718749995 0.1783333328125 0.48166666718749995 0.185 0.48708333281250005 0.1933333328125 0.5025000000000001 0.19944444374999998 0.49749999999999994 0.232777778125 0.48333333281249996 0.25166666718749997 0.4791666671875 0.2638888890625 0.4904166671875 0.2733333328125 0.50625 0.27555555625 0.5091666671875 0.2816666671875 0.5158333328125 0.325 0.5141666671875 0.3438888890625 0.51 0.3461111109375 0.5091666671875 0.352777778125 0.5145833328125 0.35 0.5191666671874999 0.3616666671875 0.5191666671874999 0.4038888890625 0.5179166671875 0.41444444375 0.5158333328125 0.40499999999999997 0.5104166671875 0.40444444375 0.5070833328125001 0.39555555625 0.49833333281250003 0.397222221875 0.5066666671875 0.4138888890625 0.49916666718749997 0.41944444374999995 0.495 0.44055555625 0.4491666671875 0.532777778125 0.43 0.58055555625 0.42750000000000005 0.61944444375 0.4308333328125 0.647222221875 0.4379166671875 0.662222221875 0.4516666671875 0.667222221875 0.46291666718749996 0.662222221875 0.4791666671875 0.6338888890625001 0.4883333328125 0.5961111109375 0.5383333328125001 0.47277777812500005 0.5408333328125 0.46166666718749994 0.5391666671875 0.42833333281249997 0.5533333328125 0.39388888906249997 0.5716666671875 0.3616666671875 0.5700000000000001 0.34055555625 0.5733333328125 0.3238888890625
0 0.7025 0.335 0.6820833328125 0.31555555625 0.6637500000000001 0.3111111109375 0.6575 0.30055555625 0.665 0.26944444375 0.6633333328125001 0.24055555625 0.6541666671875 0.23500000000000001 0.6583333328125 0.207222221875 0.6487499999999999 0.19555555625 0.6354166671875 0.19444444375 0.6366666671875 0.1883333328125 0.6320833328125001 0.18222222187499998 0.6233333328125 0.18055555625 0.6258333328125001 0.16055555625 0.61875 0.14666666718750002 0.5758333328125 0.1616666671875 0.5716666671875 0.1838888890625 0.5745833328125001 0.2211111109375 0.5670833328125 0.21555555625 0.5666666671875 0.20944444375 0.5529166671875 0.1933333328125 0.5495833328125 0.1966666671875 0.5454166671875 0.1933333328125 0.53625 0.2 0.5129166671875 0.1988888890625 0.51 0.20277777812500003 0.5175 0.222777778125 0.5316666671875 0.2383333328125 0.5441666671875 0.277222221875 0.56375 0.3011111109375 0.5729166671875 0.30555555624999997 0.585 0.325 0.5833333328125 0.33055555625 0.5883333328125 0.335 0.5916666671875 0.375 0.5916666671875 0.41055555625 0.5858333328125 0.445 0.57125 0.4511111109375 0.5633333328125001 0.46055555625 0.5183333328125 0.5616666671874999 0.5183333328125 0.605 0.5254166671875 0.61444444375 0.5383333328125001 0.6138888890625 0.5645833328125 0.59555555625 0.5866666671874999 0.562777778125 0.6125 0.48722222187500003 0.6125 0.4683333328125 0.6066666671875 0.45055555625 0.6275000000000001 0.40833333281249995 0.6420833328125 0.38555555625000004 0.6604166671875 0.372222221875 0.67375 0.352222221875 0.7025 0.335
0 0.6725 0.4883333328125 0.67125 0.4911111109375 0.6554166671874999 0.48 0.6454166671875 0.48555555625 0.6366666671875 0.497222221875 0.6108333328125 0.5527777781250001 0.5958333328125 0.617222221875 0.5983333328125 0.6538888890625 0.60875 0.6711111109375001 0.62 0.6783333328125 0.6416666671875 0.657222221875 0.6533333328125 0.6316666671875 0.665 0.582777778125 0.6666666671875 0.5538888890625 0.6799999999999999 0.5083333328124999 0.6766666671875 0.4883333328125 0.6775 0.377222221875 0.67125 0.36666666718749996 0.67 0.47277777812500005 0.6725 0.4883333328125
0 0.6783333328125 0.625 0.6825 0.6516666671875 0.6920833328125 0.67 0.7075 0.6772222218749999 0.7212500000000001 0.67444444375 0.7304166671875 0.66555555625 0.7416666671875001 0.6361111109375 0.7383333328125 0.5583333328125 0.7179166671874999 0.5011111109375 0.7125 0.502777778125 0.7108333328125 0.5316666671875 0.6829166671875 0.55444444375 0.6775 0.5638888890625 0.6783333328125 0.625
0 0.8066666671875 0.42055555624999996 0.805 0.3916666671875 0.8099999999999999 0.3783333328125 0.8091666671875 0.35055555625 0.8216666671875 0.3161111109375 0.8162499999999999 0.31 0.8141666671875001 0.31944444375000003 0.8004166671874999 0.342222221875 0.7945833328125 0.3411111109375 0.7870833328125 0.32777777812500003 0.7770833328125 0.322222221875 0.7716666671875 0.33388888906249997 0.775 0.34055555625 0.7608333328125 0.355 0.7491666671874999 0.387222221875 0.7474999999999999 0.40277777812500004 0.7391666671875 0.41055555625 0.7583333328124999 0.4861111109375 0.7433333328125 0.49833333281250003 0.7383333328125 0.5183333328125 0.7433333328125 0.6316666671875 0.7558333328125 0.6583333328125 0.7645833328125 0.6688888890625 0.7708333328125 0.66944444375 0.7804166671874999 0.6666666671875 0.7875 0.6583333328125 0.7958333328125 0.635 0.7958333328125 0.5238888890625 0.79 0.49833333281250003 0.7845833328125 0.4888888890625 0.7783333328125 0.4861111109375 0.7783333328125 0.48166666718749995 0.7975 0.447222221875 0.8066666671875 0.42055555624999996
0 0.8658333328125 0.34055555625 0.8675 0.32944444375000004 0.8787499999999999 0.3133333328125 0.8933333328125 0.3083333328125 0.8941666671874999 0.27055555625 0.8979166671875 0.282222221875 0.9008333328125 0.2783333328125 0.8991666671875 0.23055555625 0.8970833328125 0.2288888890625 0.8949999999999999 0.23500000000000001 0.8945833328124999 0.25666666718750003 0.8941666671874999 0.22055555624999998 0.8916666671875 0.215 0.8729166671874999 0.2033333328125 0.8629166671874999 0.2 0.8495833328125 0.20555555625 0.8458333328125001 0.19944444374999998 0.8545833328124999 0.19 0.8591666671875 0.19388888906249999 0.8641666671875001 0.1583333328125 0.8675 0.15277777812499999 0.8670833328124999 0.13333333281249998 0.8625 0.137222221875 0.86 0.162777778125 0.85125 0.16 0.8445833328125 0.16444444375 0.845 0.1783333328125 0.8329166671875001 0.1966666671875 0.8308333328125 0.19277777812500002 0.835 0.18944444375 0.8262499999999999 0.18 0.8233333328124999 0.18944444375 0.8291666671875 0.19944444374999998 0.8237500000000001 0.2066666671875 0.8162499999999999 0.197777778125 0.8175000000000001 0.205 0.8125 0.20833333281250002 0.8183333328125 0.215 0.8141666671875001 0.2216666671875 0.8191666671875 0.2438888890625 0.8262499999999999 0.24555555624999997 0.8279166671875 0.2511111109375 0.83375 0.24333333281249997 0.8395833328125001 0.2533333328125 0.8441666671875 0.2538888890625 0.845 0.2683333328125 0.8416666671874999 0.272777778125 0.8408333328125 0.2883333328125 0.8358333328124999 0.292777778125 0.8375 0.2983333328125 0.83125 0.2988888890625 0.8291666671875 0.30944444375 0.8225 0.3183333328125 0.82 0.34055555625 0.8125 0.3461111109375 0.8116666671875 0.35722222187499997 0.8191666671875 0.3861111109375 0.8191666671875 0.3983333328125 0.8108333328124999 0.40944444375 0.805 0.4338888890625 0.8083333328125001 0.4361111109375 0.8091666671875 0.445 0.8 0.45722222187500006 0.795 0.48055555625 0.7983333328125 0.5361111109375 0.8066666671875 0.5838888890625 0.8245833328125001 0.61 0.8425 0.6138888890625 0.8591666671875 0.597222221875 0.865 0.5738888890625 0.8516666671875001 0.475 0.8474999999999999 0.46055555625 0.8316666671874999 0.43944444374999997 0.8474999999999999 0.3983333328125 0.8566666671875 0.39277777812500003 0.8691666671875 0.362777778125 0.8699999999999999 0.352777778125 0.8658333328125 0.34055555625
0 0.9079166671875001 0.487777778125 0.9158333328125 0.45722222187500006 0.9158333328125 0.4438888890625 0.9258333328124999 0.43055555625 0.9304166671875 0.40555555625000006 0.94625 0.4066666671875 0.9654166671875 0.4011111109375 0.9766666671875001 0.39055555625 0.9808333328125001 0.37944444375 0.9783333328125 0.34722222187499996 0.9816666671875 0.33388888906249997 0.9724999999999999 0.302777778125 0.95625 0.28555555625 0.9237500000000001 0.26777777812500003 0.9220833328125 0.2633333328125 0.915 0.2716666671875 0.9183333328125001 0.2883333328125 0.915 0.2938888890625 0.9175000000000001 0.2983333328125 0.9141666671875001 0.3083333328125 0.9095833328125 0.31444444374999997 0.9008333328125 0.3138888890625 0.9099999999999999 0.31944444375000003 0.8945833328124999 0.3266666671875 0.8904166671875 0.32444444375 0.8870833328125001 0.3311111109375 0.8712500000000001 0.33888888906250003 0.8724999999999999 0.3583333328125 0.8641666671875001 0.3761111109375 0.875 0.49611111093750004 0.8683333328125 0.5061111109375 0.8633333328124999 0.5261111109375001 0.8683333328125 0.605 0.8724999999999999 0.61944444375 0.8804166671875 0.63 0.8979166671875 0.6388888890625 0.9075 0.6383333328125 0.9199999999999999 0.6283333328125 0.9266666671875001 0.605 0.9241666671875001 0.5316666671875 0.9199999999999999 0.5138888890625 0.9099999999999999 0.502777778125 0.96125 0.447777778125 0.9641666671875001 0.43944444374999997 0.9579166671875001 0.4388888890625 0.9254166671874999 0.4766666671875 0.9079166671875001 0.487777778125
0 1 0.427222221875 0.9970833328125 0.42555555624999997 0.9841666671875 0.44055555625 0.9845833328125 0.44555555625 0.9770833328125 0.4511111109375 0.9729166671874999 0.44000000000000006 0.9658333328125 0.445 0.975 0.5183333328125 0.9541666671875 0.5416666671875 0.9383333328125 0.60944444375 0.9400000000000001 0.65944444375 0.9487500000000001 0.6777777781250001 0.9608333328124999 0.67944444375 0.9745833328125 0.67444444375 0.9833333328125 0.665 1 0.6216666671875 1 0.427222221875