0 0.6725 0.3313343328125 0.7355 0.3943028484375 0.8074999999999999 0.45427286406249995 0.8414999999999999 0.47676161875 0.8550000000000001 0.47751124375 0.8619999999999999 0.4715142421875 0.8789999999999999 0.4325337328125 0.8869999999999999 0.398050975 0.8805 0.3808095953125 0.7144999999999999 0.2473763125 0.6885 0.23388305781250002 0.6799999999999999 0.23913043437499998 0.675 0.2586206890625 0.659 0.28560719687499997 0.6725 0.3313343328125
0 0.43099999999999994 0.2586206890625 0.41500000000000004 0.28560719687499997 0.4245 0.32683658125 0.46849999999999997 0.37331334374999997 0.5445 0.439280359375 0.5925 0.47526236875 0.611 0.47751124375 0.617 0.47301349375 0.634 0.435532234375 0.643 0.3950524734375 0.6345 0.3793103453125 0.6155 0.35982009062500003 0.5735 0.33283358281250003 0.46950000000000003 0.2473763125 0.4445 0.23388305781250002 0.437 0.236131934375 0.43099999999999994 0.2586206890625
0 0.422 0.0502248875 0.4445 0.0794602703125 0.5615 0.1829085453125 0.5934999999999999 0.2053973015625 0.611 0.2076461765625 0.616 0.2046476765625 0.634 0.1671664171875 0.643 0.12518740625 0.6295 0.101949025 0.5755 0.06446776562499999 0.4995 0.0014992500000000001 0.42350000000000004 0 0.417 0.009745128124999999 0.41500000000000004 0.0187406296875 0.422 0.0502248875
0 0.666 0.0487256375 0.6875 0.07796101875 0.8085000000000001 0.184407796875 0.8385 0.2053973015625 0.8550000000000001 0.2076461765625 0.8630000000000001 0.200149925 0.8779999999999999 0.1671664171875 0.8869999999999999 0.12668665625 0.8734999999999999 0.101949025 0.8025 0.0509745125 0.7445 0.0014992500000000001 0.6685 0 0.663 0.006746626562499999 0.659 0.0187406296875 0.666 0.0487256375
0 1 0.009745128124999999 0.9884999999999999 0 0.9135 0.0014992500000000001 0.906 0.0187406296875 0.914 0.0517241375 0.9585000000000001 0.101949025 1 0.137181409375 1 0.009745128124999999
0 1 0.2796101953125 0.9615 0.2473763125 0.9305 0.23388305781250002 0.923 0.2481259375 0.923 0.25712143906249996 0.906 0.28710644687500003 0.915 0.32458770625 0.9385 0.3523238375 1 0.4085457265625 1 0.2796101953125
0 1 0.5494752625 0.9494999999999999 0.509745128125 0.9295 0.5052473765625 0.923 0.5179910046875 0.924 0.52698650625 0.907 0.5539730140625 0.914 0.5929535234375 0.9564999999999999 0.640179909375 1 0.67691154375 1 0.5494752625
0 0.659 0.5569715140625 0.665 0.585457271875 0.6745 0.6041979015625001 0.7264999999999999 0.6566716640625 0.8135 0.7286356828125 0.8404999999999999 0.7466266859374999 0.857 0.7473763124999999 0.8779999999999999 0.7068965515625 0.8869999999999999 0.6664167921875 0.8815 0.6521739125 0.8615 0.6311844078125 0.8175000000000001 0.60269865 0.7115 0.5157421296875 0.6885 0.5037481265625 0.6809999999999999 0.5074962515625 0.6759999999999999 0.5284857578125 0.659 0.5569715140625
0 0.41500000000000004 0.5569715140625 0.421 0.588455771875 0.4305 0.6041979015625001 0.48250000000000004 0.6566716640625 0.5515 0.715142428125 0.5925 0.7451274359375 0.613 0.7473763124999999 0.634 0.7068965515625 0.643 0.6649175406250001 0.6395 0.6551724140624999 0.6134999999999999 0.6281859078124999 0.5735 0.60269865 0.46950000000000003 0.5172413796875001 0.4445 0.5037481265625 0.43600000000000005 0.5089955015625 0.43099999999999994 0.5299850078125 0.41500000000000004 0.5569715140625
0 0.621 1 0.634 0.97676161875 0.643 0.936281859375 0.6285000000000001 0.9115442281249999 0.5745 0.87406296875 0.4665 0.785607196875 0.44349999999999995 0.7736131937499999 0.43600000000000005 0.7773613187499999 0.43200000000000005 0.7968515734375 0.41500000000000004 0.8238380812500001 0.421 0.8583208390625 0.42750000000000005 0.8710644671875001 0.49749999999999994 0.940029984375 0.5705 1 0.621 1
0 0.666 0.8583208390625 0.6735 0.87256371875 0.7415 0.940029984375 0.8145 0.99850075 0.8640000000000001 1 0.8779999999999999 0.97676161875 0.8869999999999999 0.9377811093749999 0.8859999999999999 0.9287856078125 0.8755000000000001 0.914542728125 0.7065 0.7826086953125 0.6885 0.7736131937499999 0.6809999999999999 0.7773613187499999 0.6769999999999999 0.7953523234375 0.659 0.82683658125 0.666 0.8583208390625
0 1 0.8208395796874999 0.9564999999999999 0.7841079453125 0.9295 0.77511244375 0.923 0.7878560718750001 0.923 0.798350825 0.906 0.82683658125 0.914 0.862818590625 0.9574999999999999 0.9115442281249999 1 0.9467766109375001 1 0.8208395796874999
0 0.373 1 0.388 0.97676161875 0.397 0.9377811093749999 0.396 0.9287856078125 0.3765 0.9055472265625 0.3285 0.87406296875 0.2425 0.8020989500000001 0.2015 0.77511244375 0.1925 0.77511244375 0.187 0.7953523234375 0.16899999999999998 0.8238380812500001 0.1805 0.8695652171875 0.2515 0.940029984375 0.3255 1 0.373 1
0 0.16899999999999998 0.5569715140625 0.1795 0.5982008999999999 0.2385 0.6581709140625 0.2965 0.7076461765625 0.3465 0.7451274359375 0.367 0.7473763124999999 0.389 0.7038980515625 0.397 0.6679160421875 0.3915 0.6521739125 0.3695 0.6296851578125 0.3275 0.60269865 0.22349999999999998 0.5172413796875001 0.1985 0.5037481265625 0.191 0.5074962515625 0.187 0.52548725625 0.16899999999999998 0.5569715140625
0 0.16899999999999998 0.28560719687499997 0.177 0.32308845625 0.1825 0.3313343328125 0.2435 0.3928035984375 0.3175 0.45427286406249995 0.3505 0.47676161875 0.366 0.47751124375 0.389 0.4325337328125 0.397 0.3965517234375 0.3915 0.3823088453125 0.3695 0.35982009062500003 0.3295 0.33433283281250004 0.2325 0.25337331406249997 0.1985 0.23388305781250002 0.19 0.23913043437499998 0.186 0.25712143906249996 0.16899999999999998 0.28560719687499997
0 0.11599999999999999 0.47751124375 0.13799999999999998 0.435532234375 0.146 0.399550225 0.143 0.384557721875 0.11750000000000001 0.3583208390625 0.0595 0.31934032968750004 0.0005 0.26836581718749997 0 0.3965517234375 0.0865 0.4692653671875 0.0985 0.47676161875 0.11599999999999999 0.47751124375
0 0.124 1 0.13799999999999998 0.97676161875 0.146 0.9302848578124999 0.11850000000000001 0.8995502249999999 0.0665 0.865067465625 0.0005 0.809595203125 0 0.9377811093749999 0.0755 1 0.124 1