0 0.6203125 0.284375 0.0671875 0.0921875
0 0.83203125 0.340625 0.0625 0.0921875
0 0.62265625 0.4 0.078125 0.0890625
0 0.6890625 0.04296875 0.0859375 0.0859375
0 0.675 0.484375 0.0734375 0.13125
0 0.75078125 0.50703125 0.0703125 0.125
0 0.815625 0.5859375 0.0828125 0.128125
0 0.54765625 0.6890625 0.0828125 0.121875
0 0.6109375 0.7 0.0640625 0.1609375
0 0.8015625 0.70546875 0.0828125 0.0953125
0 0.4828125 0.740625 0.0640625 0.1203125
0 0.63671875 0.078125 0.0640625 0.1171875
0 0.94296875 0.909375 0.0640625 0.1203125
0 0.84609375 0.1140625 0.071875 0.128125
0 0.69921875 0.15703125 0.0765625 0.13125
0 0.78671875 0.2015625 0.05 0.1203125