0 0.9830508468750001 0.30350877187499997 0.9661016953124999 0.2859649125 0.9774011296875 0.24035087656249998 0.9406779656250001 0.23157894687499997 0.9039548015625 0.43684210468750007 0.926553671875 0.47894736875 0.954802259375 0.48596491249999996 0.9774011296875 0.44035087656250005 0.9830508468750001 0.30350877187499997
0 0.8220338984375 0.23508771875 0.8135593218749999 0.45087719374999996 0.8531073453125 0.47894736875 0.8644067796874999 0.2368421046875 0.8220338984375 0.23508771875
0 0.7627118640624999 0.475438596875 0.7627118640624999 0.2368421046875 0.73163841875 0.23157894687499997 0.7118644062499999 0.3561403515625 0.7344632765625 0.46491228125 0.7627118640624999 0.475438596875
0 0.62711864375 0.4298245609375 0.6384180796875001 0.47894736875 0.6610169484374999 0.482456140625 0.68361581875 0.3596491234375 0.672316384375 0.24035087656249998 0.6412429375 0.23508771875 0.62711864375 0.4298245609375
0 0.5649717515625 0.48596491249999996 0.5932203390625 0.3807017546875 0.5762711859375 0.2368421046875 0.5508474578125 0.23157894687499997 0.5367231640625 0.331578946875 0.5649717515625 0.48596491249999996
0 0.4519774015625 0.50701754375 0.45762711874999995 0.538596490625 0.48587570625 0.54912280625 0.502824859375 0.36666666718749996 0.48587570625 0.23333333281250002 0.45480225937499996 0.23157894687499997 0.4519774015625 0.50701754375
0 0.3785310734375 0.4473684203125 0.41242937812499997 0.41578947343749995 0.38700565 0.23508771875 0.3615819203125 0.24035087656249998 0.3615819203125 0.43684210468750007 0.3785310734375 0.4473684203125
0 0.29378531093750004 0.23333333281250002 0.2627118640625 0.22807017499999999 0.25423728749999996 0.328070175 0.282485875 0.538596490625 0.31638418125 0.545614034375 0.31638418125 0.328070175 0.28813559375 0.271929825 0.29378531093750004 0.23333333281250002
0 0.1807909609375 0.275438596875 0.1920903953125 0.22982456093749998 0.1610169484375 0.22807017499999999 0.158192090625 0.4228070171875 0.214689265625 0.5421052625 0.2372881359375 0.5315789468750001 0.2372881359375 0.5 0.1807909609375 0.275438596875
0 0.0847457625 0.6473684203125 0.0480225984375 0.631578946875 0.056497175 0.7666666671875 0.0847457625 0.6473684203125
0 0.1666666671875 0.6491228062500001 0.1638418078125 0.69298245625 0.1355932203125 0.7 0.1355932203125 0.8052631578125 0.158192090625 0.8228070171875 0.186440678125 0.7701754390625 0.186440678125 0.668421053125 0.1666666671875 0.6491228062500001
0 0.23163841875000002 0.7596491234375 0.242937853125 0.7807017546874999 0.271186440625 0.7842105265625 0.2768361578125 0.6228070171875 0.2655367234375 0.5771929828125 0.2457627125 0.571929825 0.23163841875000002 0.7596491234375
0 0.33050847499999997 0.55087719375 0.3220338984375 0.7631578953125 0.34463276875000004 0.8228070171875 0.384180790625 0.731578946875 0.384180790625 0.66491228125 0.3672316390625 0.5666666671875 0.33050847499999997 0.55087719375
0 0.44067796562500006 0.8614035093749999 0.48587570625 0.73508771875 0.48022598906249997 0.6543859656250001 0.4491525421875 0.610526315625 0.42937853125 0.7736842109375 0.44067796562500006 0.8614035093749999
0 0.545197740625 0.6631578953124999 0.5367231640625 0.8122807015625 0.5593220343749999 0.8438596484374999 0.5819209046875 0.6789473687500001 0.545197740625 0.6631578953124999
0 0.6355932203125 0.6666666671875 0.6384180796875001 0.7771929828124999 0.672316384375 0.8298245609375 0.68361581875 0.73508771875 0.6355932203125 0.6666666671875
0 0.7514124296875 0.8052631578125 0.76836158125 0.8368421046875 0.7909604515625 0.8368421046875 0.79661016875 0.728070175 0.7796610171875 0.689473684375 0.7542372875 0.6877192984375 0.7514124296875 0.8052631578125
0 0.841807909375 0.7771929828124999 0.8587570625 0.8543859656249999 0.8870056500000001 0.875438596875 0.8870056500000001 0.710526315625 0.8615819203124999 0.6982456140625 0.841807909375 0.710526315625 0.841807909375 0.7771929828124999
0 0.9322033890625001 0.7807017546874999 0.9491525421875 0.8157894734375001 0.9830508468750001 0.8263157890624999 0.9774011296875 0.5807017546875 0.95762711875 0.561403509375 0.9322033890625001 0.5701754390625 0.9322033890625001 0.7807017546874999
0 0.9915254234375 0.4771929828125 0.9774011296875 0.5666666671875 1 0.5701754390625 0.9915254234375 0.4771929828125
0 0.9180790953125 0.4842105265625 0.9096045203124999 0.5596491234375 0.9322033890625001 0.5666666671875 0.943502825 0.5 0.9180790953125 0.4842105265625
0 0.8615819203124999 0.4807017546875 0.8587570625 0.5631578953124999 0.8870056500000001 0.5631578953124999 0.8870056500000001 0.482456140625 0.8615819203124999 0.4807017546875
0 0.8107344624999999 0.4736842109375 0.8079096046875 0.5631578953124999 0.830508475 0.5666666671875 0.830508475 0.475438596875 0.8107344624999999 0.4736842109375
0 0.7542372875 0.4771929828125 0.7457627125 0.5596491234375 0.76836158125 0.5596491234375 0.7796610171875 0.50701754375 0.7542372875 0.4771929828125
0 0.70338983125 0.4736842109375 0.6949152546875 0.5596491234375 0.7231638421875 0.5596491234375 0.7231638421875 0.47894736875 0.70338983125 0.4736842109375
0 0.6468926546875 0.4842105265625 0.6384180796875001 0.5561403515625 0.6666666671875 0.5596491234375 0.672316384375 0.50701754375 0.6468926546875 0.4842105265625
0 0.5903954796875001 0.4736842109375 0.5762711859375 0.53508771875 0.6045197734375 0.5421052625 0.5903954796875001 0.4736842109375
0 0.5282485875 0.4877192984375 0.5197740109375 0.54912280625 0.5480225984375 0.54912280625 0.5282485875 0.4877192984375
0 0.46045197812499994 0.4842105265625 0.45762711874999995 0.53508771875 0.49152542343750005 0.54912280625 0.48587570625 0.48596491249999996 0.46045197812499994 0.4842105265625
0 0.40112994375 0.503508771875 0.40112994375 0.545614034375 0.41807909531250004 0.54912280625 0.4350282484375 0.5421052625 0.426553671875 0.4736842109375 0.40677966093749995 0.475438596875 0.40112994375 0.503508771875
0 0.3531073453125 0.4736842109375 0.34463276875000004 0.5421052625 0.37288135625 0.54912280625 0.37288135625 0.47894736875 0.3531073453125 0.4736842109375
0 0.285310734375 0.4736842109375 0.282485875 0.538596490625 0.31073446250000003 0.54912280625 0.31638418125 0.48596491249999996 0.285310734375 0.4736842109375
0 0.144067796875 0.49824561406249995 0.1412429375 0.538596490625 0.169491525 0.545614034375 0.169491525 0.5 0.144067796875 0.49824561406249995
0 0.09887005625 0.4877192984375 0.0847457625 0.53508771875 0.11299435 0.54912280625 0.09887005625 0.4877192984375
0 0.025423728125 0.4842105265625 0.022598870312499998 0.5421052625 0.045197740624999996 0.5421052625 0.050847457812499997 0.5140350875 0.025423728125 0.4842105265625