0 0.21328125 0.69296875 0.1828125 0.4625
0 0.34921875 0.6765625 0.1296875 0.334375
0 0.45703125 0.71171875 0.1265625 0.3765625
0 0.56015625 0.80234375 0.125 0.290625
0 0.67890625 0.79765625 0.134375 0.3390625
0 0.9 0.76875 0.1640625 0.3671875
0 0.72890625 0.6046875 0.1421875 0.2765625
0 0.584375 0.56640625 0.125 0.2296875
0 0.60390625 0.41875 0.153125 0.2859375
0 0.528125 0.25703125 0.203125 0.41875
0 0.32421875 0.309375 0.15625 0.2671875
0 0.33125 0.46640625 0.146875 0.2
0 0.090625 0.56875 0.146875 0.3578125