0 0.25234375 0.4875 0.04375 0.090625
0 0.44375 0.51640625 0.053125 0.103125
0 0.38984375 0.52421875 0.0484375 0.0921875
0 0.1875 0.55859375 0.078125 0.05625
0 0.34765625 0.5859375 0.04375 0.1140625
0 0.19609375 0.58828125 0.04375 0.05
0 0.403125 0.58984375 0.046875 0.0953125
0 0.5203125 0.58984375 0.0734375 0.065625
0 0.2984375 0.59375 0.05625 0.1078125
0 0.25625 0.5984375 0.04375 0.1015625
0 0.2203125 0.62109375 0.053125 0.0625
0 0.65 0.63125 0.0546875 0.0640625
0 0.14765625 0.64609375 0.04375 0.1140625
0 0.11796875 0.6625 0.0359375 0.1015625
0 0.58125 0.6640625 0.059375 0.084375
0 0.409375 0.68828125 0.071875 0.071875
0 0.6625 0.6984375 0.0578125 0.09375
0 0.08671875 0.70703125 0.05625 0.065625
0 0.48828125 0.734375 0.0640625 0.1296875
0 0.1953125 0.7375 0.0671875 0.0625
0 0.60078125 0.740625 0.075 0.071875
0 0.38515625 0.7515625 0.05625 0.0734375
0 0.28125 0.77890625 0.053125 0.1375
0 0.67890625 0.7890625 0.0546875 0.0953125
0 0.06171875 0.79765625 0.059375 0.0578125
0 0.2578125 0.83203125 0.04375 0.084375
0 0.203125 0.83828125 0.065625 0.09375
0 0.525 0.84375 0.06875 0.084375
0 0.353125 0.84609375 0.0546875 0.1125
0 0.015625 0.85390625 0.03125 0.0796875
0 0.59453125 0.85703125 0.0578125 0.125
0 0.0546875 0.86484375 0.046875 0.075
0 0.72890625 0.86484375 0.065625 0.090625
0 0.66484375 0.88203125 0.0859375 0.0953125
0 0.46015625 0.90234375 0.05 0.1203125
0 0.196875 0.928125 0.05625 0.0875
0 0.78984375 0.934375 0.0671875 0.090625
0 0.5078125 0.93515625 0.04375 0.0875
0 0.409375 0.93984375 0.0515625 0.1046875
0 0.5640625 0.94140625 0.065625 0.075
0 0.25078125 0.94765625 0.053125 0.1046875
0 0.31171875 0.94765625 0.06875 0.1046875
0 0.75625 0.95859375 0.059375 0.0828125
0 0.6328125 0.9625 0.0671875 0.075
0 0.09296875 0.978125 0.0578125 0.04375