0 1 0.8430232562500001 0.954375 0.8106312296875 0.9418749999999999 0.7923588046875001 0.898125 0.8172757468749999 0.87375 0.8629568109375001 0.8887499999999999 0.922757475 0.89125 0.9559800671875 0.9025000000000001 0.9576411953124999 0.936875 0.9501661125 1 0.9559800671875 1 0.8430232562500001
0 0.6975 0.9543189375000001 0.720625 0.9966777406249999 0.85625 0.9991694359375 0.88375 0.9576411953124999 0.88375 0.9244186046875 0.86875 0.8729235875000001 0.8393750000000001 0.8372093015625 0.790625 0.82059800625 0.745625 0.8239202656250001 0.714375 0.8455149499999999 0.6925 0.8779069765624999 0.68875 0.9161129562499999 0.6975 0.9543189375000001
0 0.7162499999999999 1 0.6975 0.959302325 0.684375 0.9036544843750001 0.655625 0.910299003125 0.6443749999999999 0.92026578125 0.61 0.9958471765624999 0.6118750000000001 1 0.7162499999999999 1
0 0.54875 0.753322259375 0.54875 0.81146179375 0.56125 0.8413621265625 0.590625 0.873754153125 0.615625 0.8870431890624999 0.6475 0.889534884375 0.6743750000000001 0.880398671875 0.70125 0.8380398671875 0.70625 0.803156146875 0.6975 0.7516611296875 0.6799999999999999 0.7151162796875 0.659375 0.6926910296875 0.631875 0.682724253125 0.594375 0.6893687703125 0.5650000000000001 0.7184385375 0.54875 0.753322259375
0 0.428125 0.7607973421875001 0.40750000000000003 0.796511628125 0.39625 0.8596345515625 0.39625 0.8961794015625 0.40875000000000006 0.937707640625 0.429375 0.96345515 0.448125 0.9651162796874999 0.46187500000000004 0.9817275750000001 0.47375 0.9825581390625 0.506875 0.9684385375 0.5287499999999999 0.9426910296875001 0.5475 0.8945182718750001 0.55375 0.8529900328125001 0.545 0.789867109375 0.5375 0.7699335546875 0.520625 0.7458471765625 0.496875 0.7325581390625 0.460625 0.7358803984375 0.428125 0.7607973421875001
0 0.305 0.969269103125 0.2975 0.9991694359375 0.43125 1 0.42374999999999996 0.969269103125 0.40125 0.9310631234375 0.395 0.8945182718750001 0.4 0.82973421875 0.379375 0.8255813953125 0.36062500000000003 0.8388704312499999 0.335 0.8745847171875001 0.32125 0.919435215625 0.32125 0.9426910296875001 0.305 0.969269103125
0 0.20625 0.8928571421875 0.20375000000000001 0.919435215625 0.20750000000000002 0.9393687703125 0.215625 0.9269102984375 0.21625 0.944352159375 0.2225 0.9493355484375 0.215 0.9543189375000001 0.21749999999999997 0.9626245843750001 0.236875 0.9800664453125 0.27 0.9825581390625 0.290625 0.9767441859374999 0.3125 0.9543189375000001 0.3275 0.8911960140625 0.34249999999999997 0.8596345515625 0.3375 0.839700996875 0.31062500000000004 0.8139534890625001 0.274375 0.8139534890625001 0.24312499999999998 0.8322259140625 0.21749999999999997 0.8629568109375001 0.20625 0.8928571421875
0 0.0925 0.82475083125 0.07625 0.8729235875000001 0.07625 0.9044850500000001 0.08937500000000001 0.9285714281249999 0.12062500000000001 0.9551495015624999 0.14125000000000001 0.9576411953124999 0.169375 0.9435215953125 0.19624999999999998 0.9111295687500001 0.22625 0.8430232562500001 0.22875 0.8147840531250001 0.22374999999999998 0.7948504984375 0.200625 0.7641196015625 0.183125 0.7524916937499999 0.151875 0.7574750828125 0.118125 0.7857142859375 0.0925 0.82475083125
0 0.103125 0.6046511625 0.08 0.6420265781250001 0.07625 0.6686046515624999 0.09375 0.728405315625 0.123125 0.7491694359375 0.15625 0.753322259375 0.191875 0.7392026578124999 0.22374999999999998 0.6968438531250001 0.2375 0.6636212625 0.24 0.635382059375 0.23500000000000001 0.6121262453125 0.221875 0.589700996875 0.20812499999999998 0.5780730890625 0.170625 0.5730897015624999 0.12437499999999999 0.589700996875 0.103125 0.6046511625
0 0.3625 0.778239203125 0.383125 0.8089701 0.39875 0.8147840531250001 0.4175 0.77491694375 0.45875000000000005 0.7317275750000001 0.43375 0.7117940203125 0.42125 0.6785714281249999 0.416875 0.6428571421875 0.396875 0.6495016609375 0.370625 0.6727574749999999 0.35375 0.7134551499999999 0.35375 0.7416943515625001 0.3625 0.778239203125
0 0.240625 0.7408637875 0.21625 0.7765780734375001 0.22875 0.808139534375 0.22875 0.8446843859375001 0.271875 0.8139534890625001 0.304375 0.812292359375 0.323125 0.8222591359375 0.3275 0.7882059796875 0.3375 0.759966778125 0.335 0.7416943515625001 0.318125 0.7242524921875 0.296875 0.7176079734374999 0.260625 0.725913621875 0.240625 0.7408637875
0 0.36875 0.5589701 0.37374999999999997 0.598837209375 0.390625 0.62956810625 0.40812499999999996 0.639534884375 0.41875 0.63870431875 0.4375 0.5855481734375 0.459375 0.558139534375 0.4875 0.537375415625 0.48375 0.505813953125 0.495625 0.4950166109375 0.48687500000000006 0.48837209374999996 0.44437499999999996 0.48338870468749995 0.40437500000000004 0.49667774062500003 0.38 0.5207641203125 0.36875 0.5589701
0 0.45062499999999994 0.5681063125 0.42874999999999996 0.6038205984375 0.42000000000000004 0.6436877078125 0.4225 0.6785714281249999 0.436875 0.7109634546875 0.458125 0.7292358796875 0.49375 0.7300664453125 0.505625 0.7292358796875 0.528125 0.7142857140625 0.55375 0.6769102984375001 0.56375 0.6403654484375 0.56375 0.6088039859375 0.5549999999999999 0.5755813953125 0.533125 0.5498338875 0.5131249999999999 0.539867109375 0.48187499999999994 0.54318936875 0.45062499999999994 0.5681063125
0 0.5587500000000001 0.6669435218750001 0.5337500000000001 0.7117940203125 0.54 0.7333887046875 0.55375 0.73837209375 0.5662499999999999 0.7151162796875 0.586875 0.6926910296875 0.6118750000000001 0.682724253125 0.6443749999999999 0.6843853828124999 0.65125 0.6320598000000001 0.6487499999999999 0.6220930234375001 0.610625 0.5996677734375 0.593125 0.5996677734375 0.569375 0.61129568125 0.5587500000000001 0.6669435218750001
0 0.6625 0.6088039859375 0.6487499999999999 0.6420265781250001 0.6475 0.6802325578125 0.6799999999999999 0.7117940203125 0.703125 0.7591362125 0.735 0.76162790625 0.7581249999999999 0.755813953125 0.780625 0.7358803984375 0.795 0.7134551499999999 0.8012499999999999 0.6802325578125 0.79125 0.5971760796875001 0.7849999999999999 0.5855481734375 0.7618750000000001 0.5664451828125 0.7268749999999999 0.56146179375 0.698125 0.5714285718750001 0.6625 0.6088039859375
0 0.2325 0.6038205984375 0.24 0.6320598000000001 0.24 0.6553156140625 0.22374999999999998 0.6985049828125 0.24312499999999998 0.719269103125 0.26749999999999996 0.721760796875 0.294375 0.7159468437500001 0.318125 0.6993355484375 0.33375 0.67026578125 0.33625 0.6420265781250001 0.330625 0.6312292359375 0.294375 0.6262458468750001 0.275 0.610465115625 0.268125 0.5880398671875 0.260625 0.5880398671875 0.2325 0.6038205984375
0 0.275 0.5257475078125 0.26749999999999996 0.5523255812500001 0.26749999999999996 0.5789036546874999 0.27375 0.6038205984375 0.29562499999999997 0.6262458468750001 0.32375 0.6287375421875 0.350625 0.614617940625 0.37 0.5855481734375 0.365 0.5689368765625 0.37625000000000003 0.530730896875 0.3775 0.5091362125 0.370625 0.490033221875 0.346875 0.4767441859375 0.323125 0.4800664453125 0.294375 0.49833887031249996 0.275 0.5257475078125
0 0.276875 0.435215946875 0.258125 0.4501661125 0.23875000000000002 0.48255813906249995 0.23625 0.5107973421875001 0.2425 0.5357142859375 0.26625 0.5589701 0.27749999999999997 0.5207641203125 0.299375 0.49335548124999995 0.335625 0.478405315625 0.34187500000000004 0.4700996671875 0.354375 0.478405315625 0.35625 0.469269103125 0.35 0.4526578078125 0.330625 0.4335548171875 0.304375 0.42524916875 0.276875 0.435215946875
0 0.37875000000000003 0.49750830625000003 0.38937499999999997 0.48837209374999996 0.40062499999999995 0.48837209374999996 0.42374999999999996 0.459302325 0.4225 0.450996678125 0.40062499999999995 0.4335548171875 0.375625 0.4368770765625 0.365625 0.445182725 0.35750000000000004 0.45764119531249997 0.35750000000000004 0.475913621875 0.37875000000000003 0.49750830625000003
0 0.441875 0.481727575 0.484375 0.48671096406250003 0.48875 0.4792358796875 0.48312499999999997 0.4684385375 0.464375 0.4551495015625 0.43562500000000004 0.45348837187499996 0.40499999999999997 0.4792358796875 0.4025 0.4858803984375 0.41 0.494186046875 0.441875 0.481727575
0 0.4925 0.475913621875 0.5081249999999999 0.48671096406250003 0.52125 0.4858803984375 0.51875 0.44269102968749996 0.49437499999999995 0.4368770765625 0.4875 0.4493355484375 0.4925 0.475913621875
0 0.693125 0.57475083125 0.71875 0.562292359375 0.7068749999999999 0.5382059796875 0.684375 0.5299003328125 0.6681250000000001 0.5365448500000001 0.651875 0.52491694375 0.62 0.5573089703125 0.60875 0.5971760796875001 0.6525000000000001 0.6237541531249999 0.693125 0.57475083125
0 0.10687500000000001 0.744186046875 0.09125 0.764950165625 0.08 0.79318936875 0.07875 0.82475083125 0.08375 0.839700996875 0.12062500000000001 0.7823920265625001 0.14750000000000002 0.75664451875 0.10687500000000001 0.744186046875
0 0.025625 0.8172757468749999 0.046875 0.830564784375 0.0725 0.8313953484375001 0.07875 0.8280730890625 0.07875 0.7981727578125 0.0975 0.753322259375 0.078125 0.682724253125 0.05437499999999999 0.6893687703125 0.030625000000000003 0.7059800671875001 0.01625 0.7267441859375 0.01 0.75 0.0125 0.79318936875 0.025625 0.8172757468749999
0 0.038125 0.6993355484375 0.0675 0.6818936875 0.055625 0.6561461796875 0.026875 0.6561461796875 0.00125 0.67524916875 0 0.764950165625 0.00625 0.7682724249999999 0.017499999999999998 0.7234219265624999 0.038125 0.6993355484375
0 0.023125 0.614617940625 0 0.6220930234375001 0.00125 0.67524916875 0.03125 0.65199335625 0.0225 0.6370431890625 0.026250000000000002 0.6287375421875 0.023125 0.614617940625
0 0.0225 0.6088039859375 0.03125 0.6320598000000001 0.04375 0.6453488375 0.057499999999999996 0.5938538203125 0.078125 0.5697674421875 0.115625 0.554817275 0.115625 0.5448504984375 0.103125 0.5365448500000001 0.073125 0.5365448500000001 0.045625 0.5514950171875 0.03375 0.5656146171875001 0.025 0.58388704375 0.0225 0.6088039859375
0 0.052500000000000005 0.605481728125 0.04875 0.6337209296874999 0.0675 0.67524916875 0.07625 0.6802325578125 0.08 0.6403654484375 0.103125 0.6046511625 0.12687500000000002 0.5880398671875 0.165625 0.57475083125 0.16499999999999998 0.5689368765625 0.14937499999999998 0.5564784046875 0.118125 0.5531561468749999 0.08687500000000001 0.564784053125 0.068125 0.57973421875 0.052500000000000005 0.605481728125
0 0.22312500000000002 0.5514950171875 0.20125 0.5689368765625 0.2325 0.60215946875 0.26749999999999996 0.5855481734375 0.265 0.562292359375 0.248125 0.5448504984375 0.22312500000000002 0.5514950171875
0 0.16 0.5606312296875 0.168125 0.5730897015624999 0.19875 0.5722591359375 0.21875 0.5539867109375 0.20437500000000003 0.533222590625 0.179375 0.539867109375 0.16 0.5606312296875
0 0.195 0.5074750828125 0.20375000000000001 0.5323920265625001 0.213125 0.5448504984375 0.22749999999999998 0.549003321875 0.24125000000000002 0.5423588046875001 0.23625 0.49086378750000004 0.24375 0.469269103125 0.26875 0.4393687703125 0.26437499999999997 0.435215946875 0.241875 0.4335548171875 0.220625 0.44352159531249996 0.20750000000000002 0.45764119531249997 0.19624999999999998 0.48255813906249995 0.195 0.5074750828125
0 0.14750000000000002 0.505813953125 0.165625 0.533222590625 0.18 0.5390365453125 0.20125 0.530730896875 0.195 0.4892026578125 0.205 0.4609634546875 0.225 0.4393687703125 0.22312500000000002 0.435215946875 0.210625 0.4302325578125 0.18562499999999998 0.4335548171875 0.15375 0.462624584375 0.14750000000000002 0.48255813906249995 0.14750000000000002 0.505813953125
0 0.11625 0.4792358796875 0.136875 0.5049833890625 0.145 0.505813953125 0.15 0.47259136249999995 0.164375 0.44850498281249995 0.205 0.42774086406249995 0.195625 0.4136212625 0.175625 0.4053156140625 0.14937499999999998 0.40863787343749997 0.129375 0.42026578125 0.11750000000000001 0.4360465109375 0.1125 0.4493355484375 0.11625 0.4792358796875
0 0 0.5539867109375 0.014374999999999999 0.5697674421875 0.028749999999999998 0.573920265625 0.043125000000000004 0.5531561468749999 0.059375 0.5415282390625 0.095 0.5323920265625001 0.10124999999999999 0.505813953125 0.1 0.48754152812499996 0.079375 0.45182724218750003 0.061875 0.445182725 0.038125 0.4501661125 0.019375 0.4651162796875 0 0.4958471765625 0 0.5539867109375
0 0.021249999999999998 0.46428571406249997 0.051875000000000004 0.445182725 0.083125 0.4551495015625 0.08499999999999999 0.4393687703125 0.0775 0.4210963453125 0.064375 0.41196013281250005 0.033125 0.41196013281250005 0.021249999999999998 0.42275747499999994 0.013750000000000002 0.44102990000000003 0.013750000000000002 0.45764119531249997 0.021249999999999998 0.46428571406249997
0 0.095625 0.39202657812499997 0.08 0.41279069843749994 0.07875 0.4244186046875 0.08875 0.4493355484375 0.1025 0.45764119531249997 0.13874999999999998 0.41279069843749994 0.123125 0.39202657812499997 0.095625 0.39202657812499997
0 0.14875 0.3563122921875 0.139375 0.34053156093750003 0.110625 0.3289036546875 0.09125 0.34302325625 0.08499999999999999 0.3729235875 0.094375 0.3903654484375 0.135 0.39617940156250003 0.14875 0.3679402 0.14875 0.3563122921875
0 0.179375 0.3687707640625 0.15812500000000002 0.3654485046875 0.1375 0.389534884375 0.1375 0.40448505 0.14250000000000002 0.41112956875 0.195625 0.4003322265625 0.19624999999999998 0.389534884375 0.179375 0.3687707640625
0 0.23875000000000002 0.3779069765625 0.21812499999999999 0.37043189375 0.210625 0.355481728125 0.196875 0.35215946875 0.2 0.394518271875 0.21000000000000002 0.426079734375 0.22999999999999998 0.4360465109375 0.24375 0.42940199375 0.23875000000000002 0.3779069765625
0 0.244375 0.3903654484375 0.24625 0.42940199375 0.275 0.4360465109375 0.28250000000000003 0.42940199375 0.27999999999999997 0.41112956875 0.26437499999999997 0.39202657812499997 0.244375 0.3903654484375
0 0.286875 0.3953488375 0.26937500000000003 0.3953488375 0.27875 0.40946843906249997 0.28250000000000003 0.42774086406249995 0.28875 0.42940199375 0.3025 0.4210963453125 0.3 0.40946843906249997 0.286875 0.3953488375
0 0.05 0.40448505 0.030625000000000003 0.3936877078125 0.010624999999999999 0.398671096875 0.0025 0.4177740859375 0.013750000000000002 0.44269102968749996 0.01625 0.43106312343750003 0.031875 0.41196013281250005 0.05 0.40448505