0 0.6733333328125 0.42699115 0.6216666671875 0.36725663750000004 0.5916666671875 0.3539823015625 0.5416666671875 0.3539823015625 0.515 0.371681415625 0.48333333281249996 0.422566371875 0.5 0.44469026562499997 0.48333333281249996 0.5376106187499999 0.5316666671875 0.6017699109375 0.5549999999999999 0.6150442484374999 0.5933333328125 0.6128318578124999 0.63 0.5862831859375001 0.6366666671875 0.5641592921874999 0.6366666671875 0.5331858406250001 0.6483333328125 0.5088495578125001 0.6583333328125 0.5088495578125001 0.665 0.5176991156249999 0.6733333328125 0.5110619468750001 0.6833333328125 0.48893805312499994 0.6799999999999999 0.44911504375 0.6733333328125 0.42699115
0 0.7683333328125 0.1902654875 0.7216666671875 0.1637168140625 0.6883333328125001 0.1637168140625 0.6483333328125 0.1858407078125 0.6266666671875 0.210176990625 0.61 0.25442477812500003 0.61 0.32079646093749997 0.6233333328125 0.36061946875 0.6516666671875 0.3982300890625 0.6816666671875 0.4247787609375 0.7116666671874999 0.42035398281249997 0.7216666671875 0.43362831875 0.8300000000000001 0.43584070781250006 0.8433333328125 0.422566371875 0.8566666671875 0.39159292031250004 0.86 0.3252212390625 0.85 0.2853982296875 0.8166666671874999 0.22787610625000002 0.8333333328125001 0.1747787609375 0.8283333328125 0.15929203593750002 0.8083333328125001 0.15929203593750002 0.7816666671875 0.1902654875 0.7683333328125 0.1902654875
0 0.46333333281250005 0.5022123890625 0.4733333328125 0.5243362828125 0.4683333328125 0.5309734515625 0.4583333328125 0.5088495578125001 0.44166666718750003 0.5088495578125001 0.43833333281250003 0.52212389375 0.4183333328125 0.52212389375 0.41500000000000004 0.5132743359374999 0.355 0.5132743359374999 0.315 0.5353982296875001 0.29333333281249996 0.5641592921874999 0.2833333328125 0.5907079640624999 0.2833333328125 0.643805309375 0.2966666671875 0.6792035390625 0.3483333328125 0.7345132750000001 0.3866666671875 0.75 0.43499999999999994 0.7079646015625001 0.5083333328124999 0.7345132750000001 0.5333333328125 0.6880530968749999 0.5366666671875 0.6393805312499999 0.5233333328125 0.59513274375 0.4733333328125 0.5376106187499999 0.485 0.47787610625 0.4783333328125 0.47787610625 0.48 0.48893805312499994 0.46333333281250005 0.5022123890625
0 0.21000000000000002 0.27212389375 0.2316666671875 0.2964601765625 0.3516666671875 0.2787610625 0.3783333328125 0.28761061875 0.4016666671875 0.31858407031249997 0.41 0.31637168125000004 0.4266666671875 0.289823009375 0.4266666671875 0.2367256640625 0.395 0.1858407078125 0.3616666671875 0.15929203593750002 0.3016666671875 0.1371681421875 0.2483333328125 0.1371681421875 0.21833333281249998 0.15486725625 0.2 0.18362831875000002 0.2 0.25 0.21000000000000002 0.27212389375
0 0.24 0.3650442484375 0.24666666718750002 0.44911504375 0.2816666671875 0.504424778125 0.3183333328125 0.5176991156249999 0.3333333328125 0.5154867249999999 0.38166666718750003 0.49557522187499997 0.41333333281250006 0.46238938125000006 0.4166666671875 0.38274336249999996 0.41 0.338495575 0.4 0.31637168125000004 0.36833333281249997 0.28318584062499996 0.2983333328125 0.28318584062499996 0.2383333328125 0.30530973437500003 0.22999999999999998 0.3252212390625 0.24 0.3650442484375
0 0.15 0.4092920359375 0.1066666671875 0.46238938125000006 0.09 0.4977876109375 0.08333333281250001 0.5376106187499999 0.1183333328125 0.5752212390625 0.13333333281249998 0.6039823015625 0.13333333281249998 0.6747787609375 0.1616666671875 0.69911504375 0.19 0.6969026546875 0.2416666671875 0.67699115 0.26 0.6526548671875 0.2766666671875 0.59513274375 0.2766666671875 0.5199115046875 0.24333333281249997 0.44911504375 0.1983333328125 0.41150442500000006 0.1766666671875 0.3650442484375 0.1616666671875 0.35840707968749996 0.1533333328125 0.36946902656249997 0.15 0.4092920359375
0 0.0083333328125 0.7212389375 0.06833333281250001 0.7168141593749999 0.08499999999999999 0.7256637171875 0.1 0.723451328125 0.1166666671875 0.7057522125 0.13333333281249998 0.6659292031249999 0.13333333281249998 0.6128318578124999 0.1266666671875 0.5907079640624999 0.1116666671875 0.5707964609375 0.0716666671875 0.5353982296875001 0.031666667187500004 0.5353982296875001 0.0016666671875 0.5530973453125 0 0.7146017703124999 0.0083333328125 0.7212389375
0 0.225 0.6858407078125001 0.155 0.7300884953125 0.1266666671875 0.7367256640625001 0.13333333281249998 0.7411504421874999 0.1266666671875 0.754424778125 0.13333333281249998 0.7809734515625 0.13333333281249998 0.8517699109375 0.1233333328125 0.9092920359375001 0.135 0.9380530968749999 0.1583333328125 0.951327434375 0.1916666671875 0.995575221875 0.2066666671875 0.99336283125 0.25166666718749997 0.9380530968749999 0.2983333328125 0.9115044250000001 0.3283333328125 0.9070796453125001 0.33999999999999997 0.8827433625 0.35 0.8252212390624999 0.3466666671875 0.776548671875 0.32999999999999996 0.72787610625 0.305 0.69911504375 0.275 0.6858407078125001 0.225 0.6858407078125001
0 0 0.9756637171874999 0.0166666671875 0.9800884953125 0.034999999999999996 0.9778761062499999 0.0983333328125 0.9292035390625 0.1266666671875 0.8694690265625 0.13 0.8517699109375 0.1266666671875 0.7853982296875001 0.1166666671875 0.7632743359374999 0.095 0.7345132750000001 0.0816666671875 0.7256637171875 0.025 0.7212389375 0 0.7367256640625001 0 0.9756637171874999
0 0.3466666671875 0.856194690625 0.3466666671875 0.9092920359375001 0.3716666671875 0.9203539828125 0.395 0.9424778765624999 0.42833333281249997 1 0.55 0.9977876109375 0.5733333328125 0.9623893812500001 0.5833333328125 0.9269911499999999 0.5833333328125 0.856194690625 0.5700000000000001 0.81637168125 0.5416666671875 0.7743362828125 0.4916666671875 0.7345132750000001 0.4483333328125 0.7123893812500001 0.4216666671875 0.7212389375 0.36 0.8075221234375001 0.3466666671875 0.856194690625
0 0.6733333328125 0.5331858406250001 0.6583333328125 0.5132743359374999 0.6483333328125 0.5132743359374999 0.64 0.5287610625 0.64 0.5597345125000001 0.6266666671875 0.599557521875 0.5716666671875 0.6415929203124999 0.5466666671875 0.6747787609375 0.5233333328125 0.7411504421874999 0.5766666671875 0.8252212390624999 0.5866666671874999 0.8650442484375 0.5866666671874999 0.9314159296875 0.6016666671875 0.9469026546875 0.6133333328125 0.944690265625 0.65 0.900442478125 0.665 0.8407079640624999 0.6983333328125 0.8672566375 0.7466666671875 0.8606194687500001 0.7133333328125 0.7809734515625 0.7 0.701327434375 0.6766666671875 0.6526548671875 0.6866666671874999 0.621681415625 0.6733333328125 0.6039823015625 0.6733333328125 0.5331858406250001
0 0.6849999999999999 0.6371681421875001 0.6799999999999999 0.6615044250000001 0.7 0.6969026546875 0.71 0.7632743359374999 0.7366666671875 0.834070796875 0.755 0.8584070796875001 0.805 0.8982300890625 0.8633333328124999 0.9225663718750001 0.8816666671875 0.915929203125 0.9099999999999999 0.8694690265625 0.9066666671875 0.8252212390624999 0.9 0.81637168125 0.8833333328125 0.7323008843750001 0.8699999999999999 0.7057522125 0.8483333328124999 0.67699115 0.8116666671875 0.65486725625 0.7216666671875 0.650442478125 0.6849999999999999 0.6371681421875001
0 1 0.5287610625 0.9949999999999999 0.526548671875 0.9516666671875 0.5442477875 0.9266666671875001 0.5818584078125 0.9166666671874999 0.6172566374999999 0.9166666671874999 0.6880530968749999 0.9566666671874999 0.7853982296875001 0.9816666671875 0.8185840703125 1 0.8252212390624999 1 0.5287610625
0 0.9783333328125 0.3141592921875 1 0.32079646093749997 0.9983333328124999 0.02212389375 0.9516666671875 0.0442477875 0.925 0.0707964609375 0.9 0.1084070796875 0.8766666671875001 0.1703539828125 0.8733333328124999 0.2367256640625 0.8833333328125 0.2853982296875 0.905 0.32300885 0.9283333328125 0.3141592921875 0.9783333328125 0.3141592921875
0 1 0.32964601718750003 0.9949999999999999 0.32300885 0.9650000000000001 0.3141592921875 0.925 0.31858407031249997 0.8816666671875 0.349557521875 0.8699999999999999 0.3650442484375 0.8466666671875 0.43584070781250006 0.8466666671875 0.44469026562499997 0.875 0.46902654843749997 0.9083333328125001 0.5176991156249999 0.9283333328125 0.526548671875 0.945 0.5442477875 0.95 0.5420353984374999 0.9816666671875 0.526548671875 1 0.5243362828125 1 0.32964601718750003
0 0.7333333328125 0.15707964531250002 0.745 0.17256637187499999 0.7783333328125 0.1858407078125 0.7983333328125 0.1637168140625 0.8216666671875 0.150442478125 0.8366666671875 0.16592920312499998 0.8366666671875 0.1747787609375 0.82 0.223451328125 0.8283333328125 0.234513275 0.85 0.232300884375 0.8699999999999999 0.21902654843749997 0.8800000000000001 0.1482300890625 0.9166666671874999 0.07300885 0.9166666671874999 0.042035398437499996 0.9400000000000001 0.00663716875 0.9349999999999999 0 0.7283333328125 0.004424778125 0.7166666671875 0.042035398437499996 0.7166666671875 0.09513274375 0.7333333328125 0.15707964531250002
0 0.5683333328125 0 0.55 0.0287610625 0.5466666671875 0.0685840703125 0.5700000000000001 0.09513274375 0.5866666671874999 0.1349557515625 0.5933333328125 0.19690265468749998 0.605 0.2079646015625 0.6233333328125 0.20575221250000003 0.6716666671875 0.1681415921875 0.7216666671875 0.1637168140625 0.7266666671875 0.15707964531250002 0.7166666671875 0.1084070796875 0.7133333328125 0.037610618750000005 0.6983333328125 0.030973451562499997 0.6716666671875 0 0.5683333328125 0
0 0.4883333328125 0.0353982296875 0.41500000000000004 0.0353982296875 0.385 0.0530973453125 0.36 0.0818584078125 0.35 0.1128318578125 0.3633333328125 0.15265486718750002 0.3983333328125 0.1858407078125 0.43499999999999994 0.24336283124999997 0.44000000000000006 0.2411504421875 0.4566666671875 0.201327434375 0.4716666671875 0.1814159296875 0.49833333281250003 0.1637168140625 0.545 0.1637168140625 0.5816666671874999 0.1902654875 0.5900000000000001 0.18362831875000002 0.5866666671874999 0.143805309375 0.5766666671875 0.1128318578125 0.545 0.06637168125000001 0.4883333328125 0.0353982296875
0 0.16833333281250001 0 0.14666666718750002 0.033185840625000004 0.1366666671875 0.07300885 0.1816666671875 0.11504424843750001 0.19 0.1261061953125 0.2 0.161504425 0.21000000000000002 0.161504425 0.255 0.13274336250000002 0.3183333328125 0.1371681421875 0.3333333328125 0.10398230156249999 0.3483333328125 0.0973451328125 0.3633333328125 0.07300885 0.3633333328125 0.033185840625000004 0.3533333328125 0.011061946875 0.3416666671875 0 0.16833333281250001 0
0 0.075 0.039823009375 0.06999999999999999 0.0464601765625 0.06999999999999999 0.09513274375 0.0533333328125 0.1172566375 0.04 0.161504425 0.04 0.19247787656249998 0.0466666671875 0.223451328125 0.058333332812500006 0.24336283124999997 0.0916666671875 0.238938053125 0.11499999999999999 0.2522123890625 0.13 0.25 0.16833333281250001 0.216814159375 0.1883333328125 0.216814159375 0.1933333328125 0.210176990625 0.1966666671875 0.19247787656249998 0.1933333328125 0.13938053125 0.1816666671875 0.1194690265625 0.155 0.0929203546875 0.12833333281249998 0.0752212390625 0.10166666718749999 0.0752212390625 0.075 0.039823009375
0 0.1116666671875 0.25663716875000003 0.095 0.24336283124999997 0.0516666671875 0.24778761093749999 0.031666667187500004 0.25663716875000003 0.0033333328125 0.289823009375 0.0033333328125 0.41814159218749997 0.0216666671875 0.43805309687499994 0.0416666671875 0.4247787609375 0.058333332812500006 0.4247787609375 0.07666666718750001 0.44026548749999994 0.08499999999999999 0.46902654843749997 0.1 0.466814159375 0.15 0.40486725625000003 0.1533333328125 0.3650442484375 0.16999999999999998 0.3517699109375 0.1533333328125 0.2853982296875 0.1933333328125 0.25 0.1933333328125 0.232300884375 0.1816666671875 0.216814159375 0.1516666671875 0.23008849531250003 0.125 0.25663716875000003 0.1116666671875 0.25663716875000003
0 0.4533333328125 0.210176990625 0.44000000000000006 0.25442477812500003 0.44000000000000006 0.2853982296875 0.45 0.32079646093749997 0.48166666718749995 0.3628318578125 0.49833333281250003 0.3761061953125 0.51 0.3738938046875 0.5483333328125 0.349557521875 0.5883333328125 0.349557521875 0.6066666671875 0.32079646093749997 0.6066666671875 0.2411504421875 0.6 0.21902654843749997 0.5683333328125 0.17699115 0.5416666671875 0.1637168140625 0.505 0.1637168140625 0.4683333328125 0.1858407078125 0.4533333328125 0.210176990625
0 0.725 0.43805309687499994 0.7116666671874999 0.4247787609375 0.6950000000000001 0.42920353906250003 0.6866666671874999 0.44026548749999994 0.6933333328125 0.55088495625 0.7133333328125 0.6305309734375 0.725 0.6460176984375 0.8083333328125001 0.650442478125 0.8416666671874999 0.6681415921875 0.875 0.7079646015625001 0.8866666671875001 0.7057522125 0.8983333328124999 0.69911504375 0.9133333328125 0.6703539828125 0.9133333328125 0.6261061953125 0.9199999999999999 0.599557521875 0.9133333328125 0.55088495625 0.8933333328125 0.4977876109375 0.8716666671875 0.46902654843749997 0.8316666671874999 0.4424778765625 0.7916666671875 0.43362831875 0.725 0.43805309687499994
0 0.6583333328125 0.8982300890625 0.6516666671875 0.9026548671875 0.6233333328125 0.9358407078125 0.6 0.984513275 0.6016666671875 1 0.8099999999999999 0.9977876109375 0.8233333328124999 0.966814159375 0.8233333328124999 0.944690265625 0.8133333328125 0.9137168140625 0.7916666671875 0.8893805312499999 0.765 0.8716814156250001 0.7416666671875001 0.8672566375 0.7116666671874999 0.8716814156250001 0.6816666671875 0.8849557515625 0.6616666671875 0.9026548671875 0.6583333328125 0.8982300890625
0 0.4183333328125 1 0.42000000000000004 0.9889380531249999 0.4033333328125 0.9579646015625001 0.3783333328125 0.9292035390625 0.3416666671875 0.9115044250000001 0.305 0.9115044250000001 0.2483333328125 0.9424778765624999 0.21000000000000002 0.9977876109375 0.2233333328125 1 0.4183333328125 1