0 0.06484375 0.76484375 0.128125 0.2546875
0 0.103125 0.76015625 0.1015625 0.159375
0 0.1 0.69375 0.090625 0.1125
0 0.05234375 0.4921875 0.096875 0.1625
0 0.37890625 0.63203125 0.115625 0.15625
0 0.240625 0.86875 0.1890625 0.203125
0 0.29140625 0.8046875 0.1265625 0.1640625
0 0.928125 0.89609375 0.14375 0.1984375
0 0.478125 0.6046875 0.0875 0.128125
0 0.49609375 0.6109375 0.10625 0.146875
0 0.571875 0.63828125 0.140625 0.1375
0 0.57421875 0.56171875 0.1015625 0.125
0 0.5484375 0.4921875 0.0828125 0.1015625
0 0.62421875 0.3984375 0.1796875 0.165625
0 0.6421875 0.50234375 0.1765625 0.1640625
0 0.7046875 0.62578125 0.1453125 0.1609375
0 0.7421875 0.53359375 0.1375 0.1609375
0 0.77578125 0.47421875 0.15 0.1328125
0 0.8296875 0.57265625 0.1375 0.134375