0 0.31328125 0.3015625 0.3515625 0.31875
0 0.4359375 0.54140625 0.2671875 0.265625
0 0.5578125 0.74453125 0.315625 0.315625
0 0.20078125 0.70078125 0.234375 0.2640625
0 0.13203125 0.509375 0.246875 0.2625
0 0.0734375 0.2890625 0.146875 0.2046875
0 0.8140625 0.50390625 0.3671875 0.3515625
0 0.809375 0.90234375 0.2671875 0.1953125
0 0.26875 0.8671875 0.2359375 0.1890625
0 0.61875 0.2375 0.278125 0.3765625
0 0.45546875 0.09375 0.3328125 0.1875
0 0.81796875 0.2296875 0.2046875 0.271875
0 0 0.63555555625 0.022222221875 0.6488888890625 0.13333333281249998 0.64 0.2311111109375 0.59555555625 0.2666666671875 0.5466666671875 0.24444444375000002 0.4533333328125 0.15555555625 0.382222221875 0.0933333328125 0.377777778125 0 0.41777777812499994 0 0.63555555625
0 0.35555555625 0.14666666718750002 0.257777778125 0.13333333281249998 0.20444444375 0.15111111093750001 0.15111111093750001 0.20444444375 0.142222221875 0.36 0.2 0.42222222187499997 0.2666666671875 0.44888888906249996 0.36 0.457777778125 0.4311111109375 0.4311111109375 0.462222221875 0.39555555625 0.4711111109375 0.31555555625 0.4311111109375 0.20444444375 0.35555555625 0.14666666718750002
0 0.497777778125 0.12 0.47555555624999996 0.1688888890625 0.48 0.36 0.5333333328125 0.42222222187499997 0.63555555625 0.4311111109375 0.742222221875 0.342222221875 0.76 0.23555555625000002 0.7288888890624999 0.14666666718750002 0.6666666671875 0.07555555625 0.5733333328125 0.057777778125 0.497777778125 0.12
0 0.8755555562499999 0.36444444374999996 0.7333333328125 0.36 0.6799999999999999 0.3911111109375 0.64444444375 0.4533333328125 0.64 0.5288888890625 0.662222221875 0.6 0.7733333328125 0.6711111109375001 0.8933333328125 0.6711111109375001 0.9288888890625 0.6533333328125 0.9688888890625 0.6133333328125 0.9911111109374999 0.5377777781249999 0.942222221875 0.41333333281250006 0.8755555562499999 0.36444444374999996
0 0.6488888890625 1 0.6977777781250001 0.9288888890625 0.72 0.6933333328125 0.6533333328125 0.5911111109375 0.5866666671874999 0.5866666671874999 0.51555555625 0.6266666671875 0.44888888906249996 0.6933333328125 0.4266666671875 0.75555555625 0.4266666671875 0.8355555562499999 0.48 0.9066666671875 0.47555555624999996 0.9511111109374999 0.5066666671875 1 0.6488888890625 1
0 0.3688888890625 0.4888888890625 0.3288888890625 0.5511111109375 0.32 0.6311111109375 0.37333333281250003 0.6799999999999999 0.457777778125 0.6888888890625 0.5822222218750001 0.5866666671874999 0.5866666671874999 0.502222221875 0.5688888890625 0.462222221875 0.51555555625 0.40888888906250004 0.47555555624999996 0.40444444375 0.3688888890625 0.4888888890625
0 0.3466666671875 0.862222221875 0.3866666671875 0.8933333328125 0.457777778125 0.8888888890625 0.4266666671875 0.8177777781250001 0.4533333328125 0.68444444375 0.342222221875 0.662222221875 0.32 0.7066666671874999 0.32 0.7911111109375 0.3466666671875 0.862222221875
0 0.2311111109375 0.5866666671874999 0.12 0.64 0.097777778125 0.68444444375 0.097777778125 0.777777778125 0.16444444375 0.8400000000000001 0.2488888890625 0.8311111109375 0.3066666671875 0.76 0.32444444375 0.6977777781250001 0.32 0.5688888890625 0.262222221875 0.5511111109375 0.2311111109375 0.5866666671874999