0 0.1796875 0.53125 0.134375 0.171875
0 0.1109375 0.64375 0.128125 0.1625
0 0.29375 0.63359375 0.1125 0.1671875
0 0.2671875 0.83984375 0.121875 0.171875
0 0.36875 0.84140625 0.1 0.1421875
0 0.146875 0.86875 0.1125 0.1375
0 0.04375 0.88984375 0.08125 0.1546875
0 0.1921875 0.96640625 0.115625 0.0671875
0 0.5265625 0.78984375 0.071875 0.096875
0 0.7078125 0.7 0.103125 0.1328125
0 0.7796875 0.69375 0.071875 0.1296875
0 0.61875 0.8125 0.10625 0.159375
0 0.784375 0.58515625 0.125 0.1375
0 0.884375 0.5625 0.08125 0.1421875
0 0.8109375 0.43125 0.090625 0.171875