0 0.419140625 0.4291666671875 0.391796875 0.447222221875 0.37265625 0.4798611109375 0.3625 0.515972221875 0.3609375 0.5631944437499999 0.365625 0.6145833328125 0.3796875 0.6659722218749999 0.396484375 0.69305555625 0.412109375 0.7083333328125 0.4375 0.715972221875 0.466796875 0.702777778125 0.51328125 0.6395833328125 0.5265625 0.60625 0.53046875 0.5798611109375 0.53046875 0.54930555625 0.52578125 0.5173611109375 0.515625 0.48541666718750004 0.494921875 0.45555555625000005 0.446484375 0.43194444374999996 0.419140625 0.4291666671875
0 0.02734375 0.2645833328125 0.01328125 0.3145833328125 0.01171875 0.37569444375 0.021875 0.428472221875 0.041796875 0.47222222187499996 0.062890625 0.49583333281249997 0.075390625 0.502777778125 0.0921875 0.503472221875 0.131640625 0.4875 0.14921875 0.4604166671875 0.1640625 0.40625 0.16484375 0.346527778125 0.153125 0.2854166671875 0.133984375 0.24444444375000002 0.108203125 0.222222221875 0.073046875 0.2208333328125 0.051953125 0.23194444375 0.02734375 0.2645833328125
0 0.901953125 0.2208333328125 0.871875 0.278472221875 0.85859375 0.32430555625 0.85703125 0.36319444375 0.86640625 0.396527778125 0.876171875 0.4125 0.886328125 0.41944444374999995 0.91171875 0.4201388890625 0.923828125 0.415277778125 0.941015625 0.3958333328125 0.9578125 0.36180555625 0.965625 0.3298611109375 0.96875 0.278472221875 0.9671875 0.24375 0.9609375 0.22152777812500002 0.945703125 0.20138888906250002 0.922265625 0.20277777812500003 0.901953125 0.2208333328125
0 0.8578125 0.6173611109375 0.8578125 0.63680555625 0.8625 0.66180555625 0.871484375 0.68194444375 0.885546875 0.7 0.915234375 0.715277778125 0.93359375 0.715972221875 0.957421875 0.6944444437499999 0.96875 0.6631944437499999 0.97265625 0.6270833328125 0.96640625 0.5923611109375 0.945703125 0.5555555562500001 0.923828125 0.5388888890625 0.899609375 0.540277778125 0.879296875 0.5541666671875001 0.865625 0.5826388890625 0.8578125 0.6173611109375
0 0.86875 0.76180555625 0.8671875 0.803472221875 0.8703125 0.8270833328125 0.88203125 0.859027778125 0.899609375 0.8861111109375001 0.917578125 0.9013888890624999 0.94140625 0.90625 0.966796875 0.89305555625 0.9828125 0.86180555625 0.98671875 0.83819444375 0.9828125 0.7909722218749999 0.963671875 0.7486111109375 0.947265625 0.7291666671875 0.929296875 0.7180555562500001 0.894140625 0.7180555562500001 0.879296875 0.734722221875 0.86875 0.76180555625
0 0.73359375 0.684027778125 0.728125 0.71319444375 0.728125 0.746527778125 0.73828125 0.7729166671875001 0.74609375 0.809027778125 0.757421875 0.827777778125 0.776953125 0.8430555562500001 0.79921875 0.84375 0.823828125 0.827777778125 0.83671875 0.80625 0.846875 0.76875 0.84609375 0.7270833328124999 0.8328125 0.684027778125 0.808984375 0.6513888890625 0.783203125 0.6375 0.761328125 0.6416666671875 0.745703125 0.6583333328125 0.73359375 0.684027778125
0 0.6390625 0.75625 0.6328125 0.7881944437499999 0.63359375 0.8354166671875 0.64296875 0.8743055562500001 0.660546875 0.9083333328125001 0.676953125 0.9236111109375 0.69609375 0.92430555625 0.719140625 0.91805555625 0.73515625 0.89375 0.74453125 0.8534722218749999 0.74453125 0.80625 0.7328125 0.759027778125 0.716015625 0.73055555625 0.699609375 0.7166666671875 0.673046875 0.715277778125 0.653515625 0.7291666671875 0.6390625 0.75625
0 0.6234375 0.5215277781250001 0.61171875 0.5548611109375 0.60546875 0.6104166671875 0.61015625 0.64375 0.628515625 0.675 0.638671875 0.6805555562500001 0.65703125 0.6798611109375 0.676953125 0.6708333328125 0.698046875 0.6458333328125 0.715625 0.61319444375 0.728125 0.56875 0.72890625 0.5298611109375 0.72109375 0.49652777812500004 0.701171875 0.47083333281249995 0.676171875 0.46527777812500004 0.648828125 0.48333333281249996 0.6234375 0.5215277781250001
0 0.7234375 0.40069444374999996 0.721875 0.4270833328125 0.72734375 0.4548611109375 0.737109375 0.47361111093749997 0.754296875 0.4888888890625 0.77109375 0.4895833328125 0.787890625 0.477777778125 0.80390625 0.44097222187499996 0.80625 0.403472221875 0.8 0.37569444375 0.791796875 0.3583333328125 0.774609375 0.3458333328125 0.762109375 0.3458333328125 0.743359375 0.35555555625 0.73359375 0.3673611109375 0.7234375 0.40069444374999996
0 0.7859375 0.49375 0.7875 0.53125 0.79453125 0.553472221875 0.816015625 0.5791666671875 0.8265625 0.58125 0.851171875 0.565277778125 0.8609375 0.546527778125 0.8671875 0.5145833328125 0.86640625 0.48819444375 0.86015625 0.4604166671875 0.845703125 0.4388888890625 0.831640625 0.43055555625 0.805078125 0.44166666718750003 0.78984375 0.47569444375 0.7859375 0.49375
0 0.818359375 0.11388888906250001 0.796875 0.1548611109375 0.78515625 0.21458333281250003 0.7890625 0.2604166671875 0.802734375 0.3 0.812109375 0.30694444375 0.828125 0.30763888906250003 0.851171875 0.3013888890625 0.868359375 0.28472222187499996 0.8984375 0.2270833328125 0.90703125 0.19375 0.9078125 0.1576388890625 0.90078125 0.1270833328125 0.887109375 0.102777778125 0.858203125 0.0916666671875 0.839453125 0.0958333328125 0.818359375 0.11388888906250001
0 0.65546875 0.06875 0.64765625 0.09097222187500001 0.6421875 0.1270833328125 0.65390625 0.16180555624999998 0.658984375 0.190277778125 0.678515625 0.20972222187499998 0.6953125 0.2104166671875 0.713671875 0.20138888906250002 0.73046875 0.17986111093749999 0.74140625 0.14375 0.74296875 0.11180555625 0.7375 0.0770833328125 0.724609375 0.052777778124999994 0.711328125 0.0416666671875 0.688671875 0.0388888890625 0.669140625 0.05 0.65546875 0.06875
0 0.56171875 0.1604166671875 0.56015625 0.2270833328125 0.56953125 0.259027778125 0.580859375 0.27638888906250003 0.594140625 0.28472222187499996 0.61640625 0.284027778125 0.635546875 0.2736111109375 0.6484375 0.24930555625 0.65625 0.21180555625 0.6546875 0.171527778125 0.6421875 0.13125 0.627734375 0.11388888906250001 0.602734375 0.1111111109375 0.588671875 0.115277778125 0.573046875 0.13194444375 0.56171875 0.1604166671875
0 0.615234375 0.309722221875 0.587109375 0.34027777812500004 0.55390625 0.4048611109375 0.5453125 0.446527778125 0.54609375 0.465972221875 0.5515625 0.48819444375 0.567578125 0.5125 0.582421875 0.51944444375 0.59453125 0.51875 0.632421875 0.5 0.665234375 0.459722221875 0.6796875 0.43263888906250003 0.68984375 0.3923611109375 0.69140625 0.36319444375 0.684375 0.3298611109375 0.673828125 0.309722221875 0.655859375 0.29722222187499997 0.630859375 0.3 0.615234375 0.309722221875
0 0.384375 0.346527778125 0.3921875 0.38680555625 0.409765625 0.4291666671875 0.430078125 0.427777778125 0.466015625 0.4375 0.503125 0.4604166671875 0.521875 0.43680555625000006 0.5328125 0.38819444375 0.5375 0.3326388890625 0.5328125 0.3145833328125 0.523046875 0.3 0.496484375 0.28472222187499996 0.446484375 0.28611111093749997 0.417578125 0.3 0.384375 0.3298611109375 0.384375 0.346527778125
0 0.40078125 0.13263888906250001 0.3984375 0.153472221875 0.40078125 0.18680555625 0.41171875 0.21875 0.428515625 0.24722222187499998 0.444140625 0.25833333281250004 0.45390625 0.2576388890625 0.465234375 0.25 0.478125 0.22569444375 0.48125 0.19930555625 0.4765625 0.1673611109375 0.4625 0.134027778125 0.450390625 0.1166666671875 0.432421875 0.1041666671875 0.416015625 0.10694444375 0.408203125 0.115277778125 0.40078125 0.13263888906250001
0 0.30234375 0.1576388890625 0.30390625 0.178472221875 0.316015625 0.20416666718749998 0.33125 0.2076388890625 0.355078125 0.1916666671875 0.36953125 0.17013888906250002 0.378125 0.14930555625 0.38125 0.11319444375000001 0.372265625 0.0875 0.365234375 0.08194444375 0.342578125 0.0861111109375 0.323046875 0.10694444375 0.30703125 0.13680555625 0.30234375 0.1576388890625
0 0.24765625 0.0979166671875 0.2453125 0.12291666718750001 0.2484375 0.1395833328125 0.265234375 0.1625 0.278125 0.16458333281249998 0.304296875 0.13888888906250002 0.3234375 0.09652777812499999 0.32578125 0.084027778125 0.32421875 0.0548611109375 0.318359375 0.0375 0.305078125 0.025 0.293359375 0.025 0.273046875 0.04305555625 0.25703125 0.071527778125 0.24765625 0.0979166671875
0 0.2015625 0.2298611109375 0.1953125 0.2576388890625 0.19609375 0.29375 0.2 0.31597222187499996 0.216796875 0.3375 0.226953125 0.34305555625 0.24140625 0.3423611109375 0.272265625 0.3138888890625 0.278125 0.30069444375 0.2828125 0.27569444375 0.28203125 0.23958333281250002 0.27421875 0.2076388890625 0.264453125 0.190277778125 0.247265625 0.18194444375000002 0.228515625 0.1888888890625 0.214453125 0.20416666718749998 0.2015625 0.2298611109375
0 0.1171875 0.12847222187500001 0.11875 0.1673611109375 0.129296875 0.19583333281249998 0.148046875 0.2166666671875 0.17421875 0.22152777812500002 0.187109375 0.215277778125 0.2015625 0.1895833328125 0.2078125 0.1576388890625 0.20703125 0.12847222187500001 0.19765625 0.0951388890625 0.177734375 0.06944444375 0.146484375 0.06944444375 0.130859375 0.0861111109375 0.1203125 0.11041666718750001 0.1171875 0.12847222187500001
0 0.040625 0.09930555625000001 0.03828125 0.1270833328125 0.04140625 0.14930555625 0.05 0.17430555625 0.064453125 0.19305555624999998 0.077734375 0.20138888906250002 0.0921875 0.20069444375 0.107421875 0.19583333281249998 0.11953125 0.18125 0.11640625 0.13125 0.1234375 0.0979166671875 0.109765625 0.072222221875 0.094140625 0.058333332812500006 0.082421875 0.054166667187499996 0.059765625 0.0625 0.04453125 0.084027778125 0.040625 0.09930555625000001
0 0.05703125 0.6645833328124999 0.05078125 0.6881944437499999 0.0515625 0.7256944437499999 0.06015625 0.75625 0.074609375 0.7805555562500001 0.093359375 0.8 0.117578125 0.8111111109375001 0.13671875 0.8118055562500001 0.162890625 0.8027777781250001 0.179296875 0.7819444437499999 0.18828125 0.76319444375 0.19140625 0.7284722218749999 0.18359375 0.6895833328125 0.158984375 0.65 0.126171875 0.6263888890625 0.096484375 0.625 0.069921875 0.64305555625 0.05703125 0.6645833328124999
0 0.0078125 0.7743055562500001 0.00859375 0.8020833328125001 0.01484375 0.8298611109375 0.02734375 0.86180555625 0.043359375 0.890277778125 0.051953125 0.8819444437499999 0.076953125 0.8819444437499999 0.08828125 0.8923611109375 0.094140625 0.8819444437499999 0.106640625 0.8861111109375001 0.1109375 0.8826388890624999 0.1125 0.8423611109375001 0.1078125 0.815972221875 0.073046875 0.7805555562500001 0.053515625 0.74444444375 0.025390625 0.7430555562500001 0.013671875 0.7513888890625 0.0078125 0.7743055562500001
0 0.314453125 0.940277778125 0.32109375 0.934027778125 0.32109375 0.8854166671874999 0.334765625 0.8833333328125 0.33828125 0.8743055562500001 0.33515625 0.82430555625 0.32734375 0.7923611109375 0.302734375 0.7597222218749999 0.276953125 0.7569444437499999 0.249609375 0.7638888890625 0.226171875 0.784722221875 0.2125 0.8173611109375001 0.20703125 0.846527778125 0.20703125 0.878472221875 0.211328125 0.8861111109375001 0.225390625 0.8833333328125 0.2296875 0.8895833328125 0.23125 0.9020833328125001 0.225390625 0.9111111109375001 0.216015625 0.9111111109375001 0.21171875 0.9201388890625 0.237109375 0.9708333328125001 0.259765625 0.9861111109375 0.284375 0.9895833328125001 0.301171875 0.977777778125 0.31015625 0.9645833328125001 0.29765625 0.940972221875 0.298046875 0.8833333328125 0.31328125 0.88680555625 0.31484375 0.9020833328125001 0.31171875 0.909027778125 0.31484375 0.9298611109375001 0.3125 0.9368055562500001 0.314453125 0.940277778125
0 0.38828125 0.80069444375 0.3828125 0.8298611109375 0.384375 0.8770833328125001 0.390625 0.9104166671874999 0.407421875 0.9458333328125 0.423046875 0.9611111109375001 0.440625 0.96319444375 0.458984375 0.95 0.47265625 0.928472221875 0.47890625 0.9020833328125001 0.47734375 0.8548611109375001 0.471875 0.82430555625 0.455078125 0.7888888890625 0.436328125 0.772222221875 0.421484375 0.76944444375 0.403515625 0.7805555562500001 0.38828125 0.80069444375
0 0.48984375 0.7854166671875 0.4796875 0.821527778125 0.478125 0.8451388890624999 0.48359375 0.8854166671874999 0.498828125 0.922222221875 0.519921875 0.9416666671874999 0.53828125 0.94375 0.555859375 0.934722221875 0.57734375 0.9048611109375001 0.58671875 0.86319444375 0.5875 0.83819444375 0.58046875 0.803472221875 0.555859375 0.7666666671875 0.540234375 0.7541666671875 0.519140625 0.752777778125 0.499609375 0.76944444375 0.48984375 0.7854166671875
0 0.24765625 0.34930555625 0.2421875 0.3729166671875 0.24296875 0.41180555625000004 0.253125 0.446527778125 0.262890625 0.46388888906250003 0.281640625 0.4791666671875 0.29921875 0.4798611109375 0.313671875 0.47222222187499996 0.33046875 0.44097222187499996 0.3359375 0.41180555625000004 0.3359375 0.3770833328125 0.3296875 0.34930555625 0.312890625 0.32083333281250004 0.299609375 0.3125 0.276171875 0.3125 0.258203125 0.3291666671875 0.24765625 0.34930555625
0 0.283984375 0.5069444437499999 0.264453125 0.5208333328125 0.240625 0.553472221875 0.21953125 0.609027778125 0.215625 0.6326388890625 0.21484375 0.67430555625 0.22265625 0.7173611109375 0.22109375 0.7479166671875 0.226953125 0.7611111109375 0.240625 0.7604166671875 0.278515625 0.7541666671875 0.298046875 0.7388888890625 0.32578125 0.690972221875 0.34453125 0.6354166671875 0.34921875 0.609027778125 0.34921875 0.5868055562500001 0.34453125 0.5631944437499999 0.321484375 0.525 0.305859375 0.5083333328124999 0.283984375 0.5069444437499999
0 0.45234375 0.0548611109375 0.45 0.08541666718749999 0.45390625 0.1076388890625 0.46875 0.14236111093749998 0.483984375 0.16388888906250001 0.498828125 0.17361111093749998 0.5140625 0.17430555625 0.527734375 0.165277778125 0.5390625 0.14375 0.54375 0.11180555625 0.5421875 0.08680555625 0.5328125 0.05625 0.512109375 0.0208333328125 0.496484375 0.009722221875000001 0.474609375 0.013888889062500001 0.46171875 0.0298611109375 0.45234375 0.0548611109375