0 0.49375 0.8712624578125 0.485 0.89784053125 0.48375 0.9260797343749999 0.4875 0.944352159375 0.504375 0.971760796875 0.521875 0.9817275750000001 0.54 0.980897009375 0.556875 0.971760796875 0.5775 0.9426910296875001 0.5875 0.919435215625 0.58875 0.8961794015625 0.58375 0.8745847171875001 0.568125 0.85215946875 0.5506249999999999 0.8388704312499999 0.535625 0.8372093015625 0.5131249999999999 0.8471760796875 0.49375 0.8712624578125
0 0.47750000000000004 0.746677740625 0.47750000000000004 0.7799003328125 0.49124999999999996 0.808139534375 0.505625 0.8222591359375 0.529375 0.8355481734374999 0.55125 0.8347176078125 0.568125 0.8255813953125 0.58125 0.7981727578125 0.5875 0.7799003328125 0.585 0.75 0.571875 0.7242524921875 0.545625 0.7026578078125 0.528125 0.6993355484375 0.5081249999999999 0.7059800671875001 0.496875 0.7142857140625 0.47750000000000004 0.746677740625
0 0.48250000000000004 0.9210963453125001 0.4875 0.8845514953125001 0.5075000000000001 0.84800664375 0.50875 0.82973421875 0.490625 0.8139534890625001 0.453125 0.8156146171875 0.440625 0.8222591359375 0.43125 0.8446843859375001 0.4325 0.876245846875 0.45437500000000003 0.910299003125 0.48250000000000004 0.9210963453125001
0 0.45062499999999994 0.7076411953124999 0.41937499999999994 0.6960132890625 0.399375 0.7076411953124999 0.39249999999999996 0.7184385375 0.38125 0.7815614625 0.40062499999999995 0.812292359375 0.418125 0.8222591359375 0.42874999999999996 0.8214285718750001 0.449375 0.812292359375 0.48312499999999997 0.8156146171875 0.48875 0.8048172750000001 0.47625 0.7765780734375001 0.47625 0.7367109640625 0.4725 0.735049834375 0.47625 0.72508305625 0.47062499999999996 0.7242524921875 0.46687500000000004 0.73421926875 0.45062499999999994 0.7076411953124999
0 0.37625000000000003 0.8679401999999999 0.3725 0.9044850500000001 0.365 0.922757475 0.371875 0.9451827249999999 0.39125 0.9493355484375 0.399375 0.9401993359375 0.4125 0.937707640625 0.41125 0.9260797343749999 0.405625 0.9219269109375 0.421875 0.9235880406250001 0.44125 0.901162790625 0.42874999999999996 0.86129568125 0.40812499999999996 0.8471760796875 0.388125 0.8554817281249999 0.37625000000000003 0.8679401999999999
0 0.405625 0.8455149499999999 0.41624999999999995 0.82475083125 0.396875 0.8089701 0.3825 0.7865448500000001 0.380625 0.755813953125 0.37374999999999997 0.76162790625 0.36124999999999996 0.82475083125 0.369375 0.8455149499999999 0.39125 0.8546511625000001 0.405625 0.8455149499999999
0 0.306875 0.960132890625 0.32125 0.959302325 0.35812499999999997 0.9352159468749999 0.37 0.907807309375 0.36625 0.8579734218749999 0.338125 0.8405315609375 0.306875 0.85215946875 0.28625 0.882890365625 0.27749999999999997 0.907807309375 0.27875 0.9310631234375 0.290625 0.9485049828125 0.306875 0.960132890625
0 0.29125 1 0.299375 0.985049834375 0.32125 0.9908637875 0.306875 0.9800664453125 0.3 0.959302325 0.278125 0.9368770765625 0.2425 0.9177740859375 0.275 0.9244186046875 0.27875 0.89784053125 0.29125 0.8712624578125 0.28625 0.851328903125 0.275625 0.8355481734374999 0.26937500000000003 0.830564784375 0.24937499999999999 0.8355481734374999 0.230625 0.85215946875 0.21937500000000001 0.8754152828124999 0.18062499999999998 0.8621262453125 0.17124999999999999 0.876245846875 0.16375 0.8911960140625 0.16375 0.9127906984375 0.184375 0.953488371875 0.200625 0.9551495015624999 0.20437500000000003 0.96345515 0.216875 0.9485049828125 0.226875 0.9617940203125 0.24312499999999998 0.9584717609375 0.24937499999999999 0.9817275750000001 0.26937500000000003 0.9833887046875001 0.27937500000000004 1 0.29125 1
0 0.11187499999999999 1 0.11687499999999999 0.9750830562499999 0.13187500000000002 0.9700996671875 0.140625 0.9800664453125 0.14750000000000002 0.9775747515625 0.13125 0.9476744187499999 0.15437499999999998 0.9368770765625 0.16375 0.9260797343749999 0.16375 0.9177740859375 0.16125 0.8911960140625 0.146875 0.8720930234375001 0.118125 0.867109634375 0.104375 0.873754153125 0.08625000000000001 0.89784053125 0.08125 0.9310631234375 0.06375 0.9393687703125 0.065 0.9493355484375 0.058750000000000004 0.9642857140625001 0.061250000000000006 0.9775747515625 0.073125 0.990033221875 0.083125 0.990033221875 0.083125 1 0.09625 1 0.103125 0.9916943515625001 0.10687500000000001 1 0.11187499999999999 1
0 0.15562499999999999 0.7823920265625001 0.143125 0.7607973421875001 0.14125000000000001 0.778239203125 0.1525 0.8280730890625 0.169375 0.8388704312499999 0.18562499999999998 0.8621262453125 0.215 0.8679401999999999 0.24500000000000002 0.839700996875 0.25625 0.8181063125 0.255 0.7998338875 0.244375 0.7923588046875001 0.228125 0.7956810625 0.216875 0.7790697671875 0.198125 0.780730896875 0.184375 0.7923588046875001 0.173125 0.7724252484374999 0.15562499999999999 0.7823920265625001
0 0.25187499999999996 0.7956810625 0.26187499999999997 0.7840531562499999 0.26875 0.8181063125 0.26375000000000004 0.82475083125 0.28125 0.8280730890625 0.2925 0.8197674421875 0.2975 0.8048172750000001 0.29 0.7682724249999999 0.26687500000000003 0.7475083062500001 0.241875 0.744186046875 0.234375 0.7491694359375 0.225 0.7666112953125 0.22749999999999998 0.7915282390625 0.244375 0.7890365453125 0.25187499999999996 0.7956810625
0 0.1575 0.75 0.179375 0.7757475078125 0.205 0.7799003328125 0.220625 0.769102990625 0.23625 0.746677740625 0.24125000000000002 0.7084717609375 0.23374999999999999 0.685215946875 0.220625 0.669435215625 0.18812500000000001 0.6594684390625 0.170625 0.6677740859375 0.1575 0.685215946875 0.15125 0.728405315625 0.1575 0.75
0 0.0875 0.7666112953125 0.110625 0.8006644515625 0.14625 0.808139534375 0.16 0.7815614625 0.15125 0.7084717609375 0.1675 0.6686046515624999 0.160625 0.6644518265625 0.148125 0.66611295625 0.129375 0.6910299 0.103125 0.7142857140625 0.08687500000000001 0.719269103125 0.08249999999999999 0.7300664453125 0.0875 0.7666112953125
0 0.027500000000000004 0.65199335625 0.0325 0.65697674375 0.03625 0.6868770765625001 0.048125 0.7076411953124999 0.064375 0.7176079734374999 0.08625000000000001 0.7184385375 0.118125 0.6976744187499999 0.1325 0.6686046515624999 0.13374999999999998 0.6553156140625 0.11875 0.630398671875 0.11750000000000001 0.592192690625 0.090625 0.59800664375 0.051875000000000004 0.546511628125 0.04875 0.5689368765625 0.021249999999999998 0.5888704312499999 0.027500000000000004 0.65199335625
0 0.173125 0.66611295625 0.200625 0.651162790625 0.20437500000000003 0.6594684390625 0.23374999999999999 0.67524916875 0.23374999999999999 0.65697674375 0.21125 0.6187707640625 0.21125 0.5872093015625001 0.195625 0.5664451828125 0.148125 0.554817275 0.12375 0.5789036546874999 0.11750000000000001 0.6220930234375001 0.12375 0.6403654484375 0.136875 0.6561461796875 0.173125 0.66611295625
0 0.078125 0.5714285718750001 0.0925 0.5722591359375 0.10375000000000001 0.5656146171875001 0.1275 0.519102990625 0.12250000000000001 0.4892026578125 0.100625 0.4684385375 0.068125 0.478405315625 0.057499999999999996 0.49086378750000004 0.05125 0.5141196015625 0.052500000000000005 0.5390365453125 0.06 0.5523255812500001 0.078125 0.5714285718750001
0 0.10500000000000001 0.4343853828125 0.125 0.4177740859375 0.1325 0.37624584687499996 0.110625 0.36378737499999997 0.095625 0.342192690625 0.088125 0.34053156093750003 0.065 0.3629568109375 0.061250000000000006 0.394518271875 0.074375 0.42691029843750006 0.088125 0.435215946875 0.10500000000000001 0.4343853828125
0 0.06375 0.480897009375 0.108125 0.4651162796875 0.12250000000000001 0.44269102968749996 0.114375 0.4302325578125 0.090625 0.4368770765625 0.074375 0.42691029843750006 0.059375 0.38870431875 0.04375 0.407807309375 0.0375 0.4393687703125 0.05 0.4742524921875 0.06375 0.480897009375
0 0.029375000000000002 0.4003322265625 0.04 0.40116279062500004 0.06 0.3845514953125 0.0625 0.3662790703125 0.07375000000000001 0.3496677734375 0.0675 0.32475083125 0.046875 0.3073089703125 0.016875 0.317275746875 0.00375 0.34634551562500004 0.005 0.3679402 0.0125 0.3845514953125 0.029375000000000002 0.4003322265625
0 0.065 0.31146179375 0.080625 0.3322259140625 0.095 0.3380398671875 0.09625 0.31312292343750003 0.10375000000000001 0.29318936875 0.113125 0.280730896875 0.13187500000000002 0.274086378125 0.13874999999999998 0.259966778125 0.13874999999999998 0.253322259375 0.11187499999999999 0.22425249218749999 0.080625 0.2392026578125 0.061250000000000006 0.26827242500000004 0.065 0.31146179375
0 0.061250000000000006 0.20847176093750003 0.06999999999999999 0.2333887046875 0.08 0.23837209375 0.11687499999999999 0.21926910312499998 0.1375 0.173588040625 0.15375 0.1586378734375 0.141875 0.12956810624999998 0.134375 0.126245846875 0.121875 0.136212625 0.104375 0.12956810624999998 0.06999999999999999 0.15697674374999998 0.061250000000000006 0.18853820625 0.061250000000000006 0.20847176093750003
0 0.1575 0.2051495015625 0.1625 0.20847176093750003 0.15 0.23671096406249997 0.15375 0.2699335546875 0.18062499999999998 0.3006644515625 0.20750000000000002 0.304817275 0.216875 0.30232558125 0.23500000000000001 0.28156146249999997 0.24125000000000002 0.2549833890625 0.2375 0.22840531562500002 0.220625 0.2043189375 0.196875 0.1893687703125 0.175625 0.1910299 0.165625 0.2043189375 0.160625 0.19767441875 0.1575 0.2051495015625
0 0.13625 0.3712624578125 0.15625 0.36129568125 0.15625 0.333056478125 0.16875 0.3014950171875 0.15562499999999999 0.2823920265625 0.12687500000000002 0.274086378125 0.1025 0.2948504984375 0.09625 0.314784053125 0.09625 0.3380398671875 0.114375 0.3654485046875 0.13625 0.3712624578125
0 0.215 0.37956810625 0.2225 0.3596345515625 0.22125 0.3280730890625 0.198125 0.30398671093749996 0.170625 0.30897009999999997 0.15625 0.3347176078125 0.15875 0.3629568109375 0.181875 0.3870431890625 0.20125 0.389534884375 0.215 0.37956810625
0 0.140625 0.44850498281249995 0.15562499999999999 0.4584717609375 0.16875 0.45764119531249997 0.18687499999999999 0.45182724218750003 0.2 0.43770764062499995 0.205 0.3995016609375 0.200625 0.3903654484375 0.178125 0.38538205937500003 0.15562499999999999 0.36378737499999997 0.13625 0.37624584687499996 0.12625 0.41279069843749994 0.13 0.43106312343750003 0.140625 0.44850498281249995
0 0.258125 0.280730896875 0.238125 0.2823920265625 0.21375000000000002 0.3098006640625 0.225 0.351328903125 0.26375000000000004 0.36461794062499997 0.26375000000000004 0.3280730890625 0.27375 0.29152823906249997 0.258125 0.280730896875
0 0.270625 0.44352159531249996 0.27749999999999997 0.4343853828125 0.27999999999999997 0.39784053125 0.26687500000000003 0.3687707640625 0.230625 0.3571428578125 0.21375000000000002 0.3845514953125 0.21125 0.41943521562499997 0.224375 0.44850498281249995 0.24125000000000002 0.45431893749999996 0.270625 0.44352159531249996
0 0.15812500000000002 0.5514950171875 0.19125 0.5573089703125 0.200625 0.554817275 0.215 0.537375415625 0.22374999999999998 0.5024916937499999 0.21375000000000002 0.4742524921875 0.20187499999999997 0.460132890625 0.170625 0.45681063125000004 0.14875 0.475913621875 0.14375 0.5008305640625 0.1525 0.51578073125 0.15812500000000002 0.5514950171875
0 0.2725 0.5539867109375 0.29 0.5440199328124999 0.30874999999999997 0.5074750828125 0.30874999999999997 0.48754152812499996 0.291875 0.45681063125000004 0.260625 0.445182725 0.23374999999999999 0.46760797343749994 0.22625 0.5074750828125 0.240625 0.54318936875 0.250625 0.5514950171875 0.2725 0.5539867109375
0 0.22125 0.6403654484375 0.23937499999999998 0.6611295687500001 0.25125000000000003 0.6636212625 0.270625 0.6411960140625 0.29125 0.6337209296874999 0.2925 0.6071428578125 0.2875 0.5855481734375 0.275625 0.5664451828125 0.258125 0.554817275 0.24312499999999998 0.5531561468749999 0.21749999999999997 0.5689368765625 0.21125 0.610465115625 0.22125 0.6403654484375
0 0.29125 0.74335548125 0.29 0.703488371875 0.29874999999999996 0.6802325578125 0.2875 0.6453488375 0.274375 0.6428571421875 0.2425 0.6785714281249999 0.24125000000000002 0.7051495015625 0.254375 0.7392026578124999 0.2875 0.7483388703125 0.29125 0.74335548125
0 0.775 0.7666112953125 0.77 0.783222590625 0.77125 0.8164451828124999 0.791875 0.8554817281249999 0.809375 0.867109634375 0.83375 0.869601328125 0.8556250000000001 0.8538205984375 0.8675 0.8347176078125 0.875 0.808139534375 0.87375 0.783222590625 0.865 0.759966778125 0.853125 0.7458471765625 0.8306250000000001 0.7325581390625 0.8106249999999999 0.730897009375 0.7893749999999999 0.744186046875 0.775 0.7666112953125
0 0.8699999999999999 0.7549833890625 0.875 0.8131229234375 0.8856249999999999 0.8289036546874999 0.9256249999999999 0.8455149499999999 0.93875 0.8446843859375001 0.951875 0.842192690625 0.9706250000000001 0.8255813953125 0.98375 0.8098006640625 0.985 0.7998338875 0.96875 0.7117940203125 0.953125 0.6943521593749999 0.934375 0.687707640625 0.8881249999999999 0.7043189375 0.8699999999999999 0.7450166109375 0.8699999999999999 0.7549833890625
0 0.8775000000000001 0.5606312296875 0.86875 0.5722591359375 0.86 0.60215946875 0.8612500000000001 0.6470099671875 0.8768750000000001 0.682724253125 0.898125 0.6943521593749999 0.91625 0.6935215953125 0.9356249999999999 0.682724253125 0.9475 0.6652823921875 0.95375 0.6420265781250001 0.9525 0.605481728125 0.9412499999999999 0.5722591359375 0.92125 0.5573089703125 0.9237500000000001 0.5357142859375 0.8943749999999999 0.528239203125 0.87375 0.5423588046875001 0.8775000000000001 0.5606312296875
0 0.860625 0.42026578125 0.8306250000000001 0.42691029843750006 0.81125 0.45764119531249997 0.82125 0.5274086375 0.8487500000000001 0.549003321875 0.8568749999999999 0.5481727578125 0.86 0.5323920265625001 0.8768750000000001 0.51162790625 0.8868750000000001 0.51162790625 0.8943749999999999 0.521594684375 0.9037499999999999 0.4958471765625 0.9012499999999999 0.469269103125 0.8925000000000001 0.44767441874999997 0.8768750000000001 0.428571428125 0.860625 0.42026578125
0 0.8012499999999999 0.7051495015625 0.81375 0.7084717609375 0.8400000000000001 0.6652823921875 0.8462500000000001 0.6220930234375001 0.83375 0.5772425250000001 0.820625 0.564784053125 0.805625 0.56146179375 0.771875 0.5880398671875 0.7675 0.605481728125 0.8025 0.63870431875 0.8074999999999999 0.67524916875 0.8012499999999999 0.7051495015625
0 0.6993750000000001 0.5880398671875 0.69375 0.6004983390625 0.7075 0.6320598000000001 0.6837500000000001 0.6586378734375 0.6950000000000001 0.6686046515624999 0.69625 0.70681063125 0.719375 0.744186046875 0.743125 0.7541528234375 0.7625 0.753322259375 0.781875 0.7408637875 0.7975 0.7151162796875 0.8074999999999999 0.67524916875 0.8025 0.63870431875 0.778125 0.61129568125 0.755625 0.6063122921875 0.750625 0.5847176078125 0.740625 0.5863787375 0.721875 0.6046511625 0.6993750000000001 0.5880398671875
0 0.61875 0.6835548171875 0.61375 0.7051495015625 0.61625 0.716777409375 0.631875 0.7358803984375 0.6525000000000001 0.740033221875 0.640625 0.7574750828125 0.658125 0.774086378125 0.67125 0.7732558140625 0.7075 0.7317275750000001 0.6950000000000001 0.7018272421875 0.6950000000000001 0.673588040625 0.6837500000000001 0.6619601328125 0.69875 0.6370431890625 0.693125 0.62956810625 0.665625 0.6245847171875 0.6475 0.635382059375 0.64 0.6553156140625 0.61875 0.6835548171875
0 0.5775 0.5789036546874999 0.566875 0.5880398671875 0.5549999999999999 0.5639534890625 0.5543750000000001 0.5514950171875 0.529375 0.5448504984375 0.495 0.5789036546874999 0.495625 0.5847176078125 0.54125 0.6154485046875 0.545625 0.6627906984374999 0.5543750000000001 0.6345514953125 0.55625 0.6586378734375 0.5706249999999999 0.6810631234375 0.6 0.68853820625 0.629375 0.6677740859375 0.64125 0.6503322265625 0.65 0.6237541531249999 0.65 0.5789036546874999 0.635625 0.5531561468749999 0.628125 0.5481727578125 0.6131249999999999 0.5598006640625 0.588125 0.5448504984375 0.57875 0.5539867109375 0.5775 0.5789036546874999
0 0.44375 0.6503322265625 0.44125 0.673588040625 0.46687500000000004 0.712624584375 0.49124999999999996 0.716777409375 0.505625 0.7076411953124999 0.5225 0.6818936875 0.53 0.6636212625 0.5337500000000001 0.6320598000000001 0.5275000000000001 0.6121262453125 0.514375 0.59800664375 0.48187499999999994 0.5913621265625 0.45875000000000005 0.6088039859375 0.4575 0.6220930234375001 0.44375 0.6503322265625
0 0.359375 0.5514950171875 0.350625 0.5498338875 0.32625000000000004 0.5755813953125 0.325 0.6237541531249999 0.334375 0.6411960140625 0.338125 0.62956810625 0.34750000000000003 0.6287375421875 0.34625 0.6652823921875 0.364375 0.6976744187499999 0.37687499999999996 0.7076411953124999 0.3975 0.7084717609375 0.421875 0.6926910296875 0.44000000000000006 0.6686046515624999 0.44625000000000004 0.6403654484375 0.45499999999999996 0.6254152828125 0.45375 0.5971760796875001 0.438125 0.5714285718750001 0.42437500000000006 0.56146179375 0.401875 0.558139534375 0.380625 0.57973421875 0.359375 0.5514950171875
0 0.32875 0.685215946875 0.325625 0.7076411953124999 0.301875 0.6843853828124999 0.28875 0.7134551499999999 0.2925 0.7483388703125 0.308125 0.7508305640625 0.31625000000000003 0.7865448500000001 0.34125 0.808139534375 0.3275 0.833056478125 0.33125 0.8347176078125 0.34562499999999996 0.812292359375 0.354375 0.8139534890625001 0.36375 0.8048172750000001 0.37124999999999997 0.771594684375 0.3625 0.76162790625 0.38375 0.75 0.39375 0.7151162796875 0.361875 0.6960132890625 0.34562499999999996 0.66611295625 0.32875 0.685215946875
0 0.29874999999999996 0.524086378125 0.2875 0.5606312296875 0.29 0.592192690625 0.3025 0.610465115625 0.29 0.65199335625 0.30125 0.6835548171875 0.3075 0.6868770765625001 0.311875 0.6810631234375 0.328125 0.6810631234375 0.34375 0.6636212625 0.34375 0.6370431890625 0.36625 0.6088039859375 0.38 0.5755813953125 0.34875 0.5423588046875001 0.32937500000000003 0.503322259375 0.311875 0.5083056484374999 0.29874999999999996 0.524086378125
0 0.32999999999999996 0.47757475156250007 0.3325 0.5091362125 0.353125 0.546511628125 0.374375 0.56146179375 0.38875000000000004 0.5639534890625 0.405625 0.554817275 0.42125 0.5340531562499999 0.42625 0.49750830625000003 0.42374999999999996 0.48255813906249995 0.410625 0.46179402031250005 0.390625 0.445182725 0.365625 0.4368770765625 0.346875 0.44186046562500003 0.335 0.45764119531249997 0.32999999999999996 0.47757475156250007
0 0.43375 0.4858803984375 0.425 0.5041528234375 0.42874999999999996 0.51578073125 0.425 0.5390365453125 0.45062499999999994 0.5448504984375 0.45375 0.5822259140625 0.460625 0.5913621265625 0.47874999999999995 0.5905315609375 0.49312500000000004 0.5847176078125 0.525625 0.546511628125 0.55625 0.5390365453125 0.5587500000000001 0.5224252484374999 0.545625 0.49335548124999995 0.5181250000000001 0.478405315625 0.48312499999999997 0.51162790625 0.459375 0.503322259375 0.43937499999999996 0.48338870468749995 0.43375 0.4858803984375
0 0.510625 0.48837209374999996 0.51375 0.46760797343749994 0.489375 0.410299003125 0.468125 0.40365448437499996 0.448125 0.41196013281250005 0.43375 0.450996678125 0.43499999999999994 0.47757475156250007 0.456875 0.5016611296875 0.48375 0.5074750828125 0.510625 0.48837209374999996
0 0.42000000000000004 0.450996678125 0.42874999999999996 0.444352159375 0.44749999999999995 0.407807309375 0.445 0.37458471718749997 0.425625 0.34053156093750003 0.39187500000000003 0.34053156093750003 0.37374999999999997 0.369601328125 0.3725 0.407807309375 0.388125 0.44352159531249996 0.403125 0.45182724218750003 0.42000000000000004 0.450996678125
0 0.381875 0.3355481734375 0.4025 0.3380398671875 0.42312500000000003 0.3322259140625 0.43875000000000003 0.3098006640625 0.43875000000000003 0.2666112953125 0.41312499999999996 0.2325581390625 0.38687499999999997 0.23421926875 0.364375 0.24750830625 0.35125 0.278239203125 0.35125 0.2948504984375 0.36062500000000003 0.3156146171875 0.381875 0.3355481734375
0 0.36375 0.4061461796875 0.37124999999999997 0.3995016609375 0.3725 0.3729235875 0.38875000000000004 0.339700996875 0.366875 0.323920265625 0.349375 0.2940199328125 0.32875 0.32973421875 0.3225 0.36129568125 0.32687499999999997 0.3770764125 0.356875 0.40697674375000004 0.36375 0.4061461796875
0 0.29874999999999996 0.4028239203125 0.29500000000000004 0.444352159375 0.31 0.48754152812499996 0.32375 0.494186046875 0.32875 0.49086378750000004 0.33625 0.4493355484375 0.348125 0.43853820624999995 0.36062500000000003 0.4368770765625 0.36124999999999996 0.42774086406249995 0.35625 0.40946843906249997 0.34562499999999996 0.3970099671875 0.334375 0.38538205937500003 0.320625 0.3820598 0.29874999999999996 0.4028239203125
0 0.33375 0.304817275 0.325625 0.2890365453125 0.294375 0.2757475078125 0.275 0.289867109375 0.26375000000000004 0.34302325625 0.27875 0.3878737546875 0.3025 0.394518271875 0.32 0.37624584687499996 0.33375 0.304817275
0 0.3375 0.240033221875 0.32937500000000003 0.23089700937500002 0.301875 0.22923587968749998 0.28125 0.25664451875 0.28312499999999996 0.2823920265625 0.291875 0.2757475078125 0.3275 0.28156146249999997 0.33999999999999997 0.253322259375 0.3375 0.240033221875
0 0.27625 0.2848837203125 0.28250000000000003 0.253322259375 0.30625 0.22674418593749998 0.30625 0.21843853750000003 0.296875 0.20099667812500002 0.27937500000000004 0.1860465109375 0.253125 0.1843853828125 0.2375 0.2001661125 0.24125000000000002 0.2666112953125 0.25187499999999996 0.2790697671875 0.27625 0.2848837203125
0 0.2575 0.1636212625 0.2575 0.15199335625 0.244375 0.126245846875 0.220625 0.12292358750000001 0.20625 0.1370431890625 0.19875 0.166943521875 0.2 0.185215946875 0.20812499999999998 0.194352159375 0.2325 0.195182725 0.2575 0.1636212625
0 0.1925 0.1320598 0.18625 0.13870431875 0.19 0.1436877078125 0.19437500000000002 0.1345514953125 0.20437500000000003 0.13787375468750002 0.215625 0.126245846875 0.21625 0.113787375 0.19437500000000002 0.09302325624999999 0.165625 0.0996677734375 0.15375 0.1254152828125 0.173125 0.13787375468750002 0.190625 0.1279069765625 0.1925 0.1320598
0 0.256875 0.10963455156249999 0.26749999999999996 0.0905315609375 0.26749999999999996 0.0539867109375 0.24312499999999998 0.021594684375 0.215625 0.021594684375 0.19375 0.049003321875 0.1925 0.0855481734375 0.220625 0.11960132812499999 0.24375 0.12043189375 0.256875 0.10963455156249999
0 0.35625 0.142026578125 0.375 0.12209302343749999 0.37625000000000003 0.08887043125 0.361875 0.059800664062499995 0.34187500000000004 0.058139534375 0.328125 0.0664451828125 0.31 0.09551495 0.305 0.123754153125 0.335625 0.11960132812499999 0.349375 0.1428571421875 0.35625 0.142026578125
0 0.40812499999999996 0.1162790703125 0.434375 0.1162790703125 0.43624999999999997 0.09219269062499999 0.41187500000000005 0.0681063125 0.385625 0.0697674421875 0.37875000000000003 0.0855481734375 0.37625000000000003 0.123754153125 0.384375 0.132890365625 0.39375 0.1320598 0.40812499999999996 0.1162790703125
0 0.4875 0.2001661125 0.516875 0.1993355484375 0.5349999999999999 0.173588040625 0.5349999999999999 0.13870431875 0.516875 0.11129568125 0.488125 0.107973421875 0.473125 0.1212624578125 0.46749999999999997 0.135382059375 0.46624999999999994 0.166943521875 0.47375 0.18853820625 0.4875 0.2001661125
0 0.654375 0.1860465109375 0.64 0.2001661125 0.63 0.2300664453125 0.6325000000000001 0.26162790625 0.646875 0.287375415625 0.665625 0.30232558125 0.6849999999999999 0.3014950171875 0.6993750000000001 0.2973421921875 0.71375 0.2799003328125 0.7212500000000001 0.2549833890625 0.7212500000000001 0.22508305625 0.72875 0.21677740937499998 0.71875 0.185215946875 0.709375 0.17441860468749998 0.6956249999999999 0.182724253125 0.671875 0.1777408640625 0.654375 0.1860465109375
0 0.7787499999999999 0.2333887046875 0.7681250000000001 0.2142857140625 0.740625 0.2043189375 0.7224999999999999 0.22840531562500002 0.71875 0.27657807343749996 0.729375 0.2923588046875 0.75875 0.3014950171875 0.7787499999999999 0.27657807343749996 0.7787499999999999 0.2333887046875
0 0.78125 0.29318936875 0.806875 0.3139534890625 0.83125 0.3164451828125 0.845 0.30315614687500003 0.8425 0.2666112953125 0.8462500000000001 0.2516611296875 0.818125 0.2142857140625 0.791875 0.2076411953125 0.7837500000000001 0.21843853750000003 0.7787499999999999 0.240033221875 0.78 0.26827242500000004 0.78625 0.28654484999999996 0.78125 0.29318936875
0 0.755 0.3729235875 0.755 0.389534884375 0.765 0.41279069843749994 0.765625 0.4501661125 0.780625 0.4401993359375 0.8125 0.4493355484375 0.836875 0.4219269109375 0.859375 0.42026578125 0.8625 0.3928571421875 0.8550000000000001 0.3629568109375 0.8331250000000001 0.33056478437500003 0.819375 0.317275746875 0.7993750000000001 0.3156146171875 0.788125 0.32059800625 0.765 0.3496677734375 0.755 0.3729235875
0 0.6625 0.45431893749999996 0.665 0.47757475156250007 0.6743750000000001 0.49667774062500003 0.686875 0.509966778125 0.7112499999999999 0.5174418609375 0.725625 0.514950165625 0.73625 0.5041528234375 0.7525000000000001 0.44767441874999997 0.7525000000000001 0.43106312343750003 0.745 0.41112956875 0.718125 0.39202657812499997 0.696875 0.3936877078125 0.680625 0.40365448437499996 0.66625 0.42940199375 0.6625 0.45431893749999996
0 0.751875 0.5830564781249999 0.76875 0.5855481734375 0.783125 0.57973421875 0.80625 0.5556478406250001 0.82 0.5141196015625 0.8150000000000001 0.480897009375 0.7993750000000001 0.46179402031250005 0.776875 0.45182724218750003 0.74875 0.475913621875 0.7325 0.5207641203125 0.73875 0.567275746875 0.751875 0.5830564781249999
0 0.665625 0.54318936875 0.64625 0.5523255812500001 0.655 0.6088039859375 0.670625 0.6229235875 0.7 0.6270764125 0.69875 0.6088039859375 0.69375 0.6038205984375 0.698125 0.5880398671875 0.7306250000000001 0.5946843859375 0.7424999999999999 0.580564784375 0.7325 0.5440199328124999 0.7318749999999999 0.51162790625 0.7106250000000001 0.5199335546875 0.685625 0.5132890359375 0.665625 0.54318936875
0 0.655 0.7948504984375 0.65 0.8347176078125 0.6537499999999999 0.8546511625000001 0.665625 0.8621262453125 0.684375 0.8504983390625 0.7068749999999999 0.863787375 0.725 0.8646179406250001 0.748125 0.8571428578125 0.77 0.8363787374999999 0.76875 0.7815614625 0.756875 0.7591362125 0.709375 0.7392026578124999 0.691875 0.7508305640625 0.6756249999999999 0.780730896875 0.666875 0.7790697671875 0.6599999999999999 0.7865448500000001 0.655 0.7948504984375
0 0.56125 0.512458471875 0.578125 0.5365448500000001 0.6174999999999999 0.5589701 0.62625 0.5473421921875 0.625 0.5340531562499999 0.63875 0.5041528234375 0.63875 0.47757475156250007 0.6325000000000001 0.459302325 0.620625 0.445182725 0.594375 0.4401993359375 0.568125 0.460132890625 0.5587500000000001 0.475913621875 0.56125 0.512458471875
0 0.49749999999999994 0.3563122921875 0.4925 0.38621262500000003 0.49375 0.4177740859375 0.515625 0.466777409375 0.529375 0.4767441859375 0.5425 0.475913621875 0.564375 0.46345515 0.5875 0.43770764062499995 0.5925 0.4210963453125 0.5912499999999999 0.3729235875 0.5875 0.3529900328125 0.5756249999999999 0.342192690625 0.558125 0.33388704375 0.521875 0.3322259140625 0.5081249999999999 0.34053156093750003 0.49749999999999994 0.3563122921875
0 0.609375 0.43853820624999995 0.64 0.4559800671875 0.649375 0.45348837187499996 0.665 0.4244186046875 0.6625 0.3729235875 0.6481250000000001 0.34883720937499996 0.628125 0.3355481734375 0.6018749999999999 0.33887043125 0.58875 0.3546511625 0.59375 0.394518271875 0.5900000000000001 0.4393687703125 0.609375 0.43853820624999995
0 0.563125 0.3355481734375 0.58875 0.34800664375 0.5974999999999999 0.33139534843749996 0.5925 0.27657807343749996 0.576875 0.2541528234375 0.565625 0.24750830625 0.5443749999999999 0.25249169375 0.5287499999999999 0.278239203125 0.52625 0.3181063125 0.5543750000000001 0.3139534890625 0.5625 0.3197674421875 0.563125 0.3355481734375
0 0.6212500000000001 0.33139534843749996 0.631875 0.33056478437500003 0.6375 0.3230897015625 0.635 0.27657807343749996 0.615625 0.2541528234375 0.590625 0.2574750828125 0.5875 0.2666112953125 0.5962500000000001 0.2848837203125 0.6 0.3181063125 0.609375 0.3322259140625 0.6212500000000001 0.33139534843749996
0 0.44125 0.29318936875 0.44000000000000006 0.3230897015625 0.44749999999999995 0.34634551562500004 0.468125 0.3687707640625 0.47750000000000004 0.369601328125 0.491875 0.367109634375 0.5025000000000001 0.3446843859375 0.525 0.3230897015625 0.5175 0.2799003328125 0.525625 0.2774086375 0.5287499999999999 0.2666112953125 0.5118750000000001 0.25083056406250004 0.505625 0.23588039843750003 0.460625 0.2541528234375 0.44125 0.29318936875
0 0.3675 0.24335548125 0.399375 0.2275747515625 0.40875000000000006 0.20348837187500002 0.40750000000000003 0.18189368749999998 0.39875 0.1636212625 0.37687499999999996 0.14784053125000002 0.34187500000000004 0.157807309375 0.32999999999999996 0.18189368749999998 0.33999999999999997 0.22674418593749998 0.353125 0.2408637875 0.3675 0.24335548125
0 0.583125 0.1528239203125 0.60875 0.1337209296875 0.6075 0.117109634375 0.599375 0.10465116249999999 0.579375 0.096345515625 0.558125 0.10132890312500001 0.55125 0.11046511562500001 0.54875 0.1287375421875 0.5675 0.153654484375 0.583125 0.1528239203125
0 0.69625 0.1769102984375 0.7006249999999999 0.1710963453125 0.719375 0.169435215625 0.73125 0.1553156140625 0.73 0.12707641249999999 0.721875 0.11295681093750001 0.693125 0.107973421875 0.6675 0.1320598 0.66625 0.160299003125 0.676875 0.17441860468749998 0.69625 0.1769102984375
0 0.694375 0.107973421875 0.711875 0.107973421875 0.724375 0.114617940625 0.73875 0.1436877078125 0.7474999999999999 0.130398671875 0.74375 0.11544850468750001 0.721875 0.0913621265625 0.696875 0.07475083125000001 0.6743750000000001 0.071428571875 0.6525000000000001 0.0938538203125 0.65125 0.117109634375 0.663125 0.14119601406249999 0.6793750000000001 0.1162790703125 0.694375 0.107973421875
0 0.7625 0.0789036546875 0.75625 0.0440199328125 0.744375 0.033222590625 0.7106250000000001 0.0382059796875 0.69875 0.058970100000000004 0.6993750000000001 0.07475083125000001 0.72875 0.09219269062499999 0.759375 0.0847176078125 0.7625 0.0789036546875
0 0.74375 0.14700996718749998 0.7737499999999999 0.1586378734375 0.7887500000000001 0.14700996718749998 0.7887500000000001 0.135382059375 0.7787499999999999 0.1320598 0.7849999999999999 0.1254152828125 0.7725 0.0938538203125 0.759375 0.0847176078125 0.7318749999999999 0.0913621265625 0.73 0.098837209375 0.7474999999999999 0.12209302343749999 0.74375 0.14700996718749998
0 0.790625 0.054817275 0.766875 0.051495017187500006 0.7625 0.08388704375 0.784375 0.11794020000000001 0.7887500000000001 0.117109634375 0.8087500000000001 0.09219269062499999 0.8074999999999999 0.0789036546875 0.790625 0.054817275
0 0.79875 0.14700996718749998 0.818125 0.13787375468750002 0.8456250000000001 0.1428571421875 0.85 0.11544850468750001 0.84375 0.098837209375 0.8331250000000001 0.0880398671875 0.8168749999999999 0.0880398671875 0.8006249999999999 0.0996677734375 0.7887500000000001 0.12043189375 0.79375 0.1436877078125 0.79875 0.14700996718749998
0 0.8568749999999999 0.04318936875 0.835625 0.0382059796875 0.82125 0.050664451562500004 0.8099999999999999 0.08388704375 0.845 0.08887043125 0.859375 0.0813953484375 0.8637499999999999 0.06395348906250001 0.8568749999999999 0.04318936875
0 0.48312499999999997 0.054817275 0.458125 0.046511628124999996 0.44625000000000004 0.0573089703125 0.44125 0.0789036546875 0.446875 0.0913621265625 0.464375 0.08970099687500001 0.48875 0.1038205984375 0.49625 0.0872093015625 0.48312499999999997 0.054817275
0 0.496875 0.003322259375 0.484375 0.00664451875 0.47625 0.025747507812499997 0.47874999999999995 0.0473421921875 0.5075000000000001 0.050664451562500004 0.515 0.025747507812499997 0.51125 0.012458471875 0.496875 0.003322259375