0 0.3842857140625 0.3271428578125 0.3671428578125 0.39 0.3657142859375 0.4728571421875 0.3742857140625 0.521428571875 0.39642857187499997 0.58 0.43071428593750005 0.628571428125 0.4542857140625 0.63 0.485 0.62 0.503571428125 0.6 0.541428571875 0.5157142859375 0.5457142859374999 0.44714285781249996 0.5328571421875 0.37 0.5107142859375 0.3171428578125 0.4878571421875 0.291428571875 0.44928571406250006 0.27714285781250003 0.406428571875 0.29428571406250004 0.3842857140625 0.3271428578125
0 0.44571428593749995 0.6842857140625 0.431428571875 0.73 0.42714285781249994 0.79 0.44285714218749994 0.8614285718750001 0.46214285781250003 0.9 0.483571428125 0.9171428578124999 0.508571428125 0.918571428125 0.5335714281249999 0.9028571421875 0.5628571421874999 0.8528571421875 0.5728571421875001 0.8042857140624999 0.5728571421875001 0.7642857140625 0.5642857140624999 0.7042857140625001 0.5478571421875 0.6628571421875 0.5278571421875 0.64 0.4907142859375 0.6342857140625 0.46214285781250003 0.6571428578125 0.44571428593749995 0.6842857140625
0 0.6778571421875 0.5628571421874999 0.6707142859374999 0.5342857140625 0.6392857140625 0.5342857140625 0.625 0.5457142859374999 0.601428571875 0.5900000000000001 0.5871428578125 0.6585714281249999 0.5871428578125 0.7471428578125 0.6057142859375 0.8242857140625001 0.633571428125 0.871428571875 0.6728571421875 0.8842857140625 0.7007142859375 0.8771428578125 0.7178571421875 0.86 0.738571428125 0.8157142859375 0.7542857140625 0.75 0.758571428125 0.6900000000000001 0.7542857140625 0.5900000000000001 0.736428571875 0.551428571875 0.7092857140625 0.5342857140625 0.686428571875 0.5342857140625 0.6778571421875 0.5628571421874999
0 0.58 0.278571428125 0.5685714281250001 0.318571428125 0.5671428578125 0.381428571875 0.5728571421875001 0.41857142812500003 0.596428571875 0.468571428125 0.6207142859375 0.48857142812500004 0.6471428578125 0.49000000000000005 0.675 0.468571428125 0.6900000000000001 0.4357142859375 0.698571428125 0.39 0.698571428125 0.341428571875 0.6914285718750001 0.298571428125 0.6707142859374999 0.251428571875 0.646428571875 0.22857142812500003 0.626428571875 0.22857142812500003 0.603571428125 0.2428571421875 0.58 0.278571428125
0 0.4828571421875 0.098571428125 0.478571428125 0.178571428125 0.506428571875 0.2542857140625 0.513571428125 0.2571428578125 0.518571428125 0.24428571406250002 0.518571428125 0.2671428578125 0.526428571875 0.28571428593750003 0.5571428578125001 0.29571428593750004 0.5778571421875001 0.27714285781250003 0.6 0.2242857140625 0.608571428125 0.181428571875 0.608571428125 0.121428571875 0.6028571421875 0.098571428125 0.5707142859375 0.04 0.5549999999999999 0.028571428125 0.5278571421875 0.031428571875 0.49785714218750005 0.0628571421875 0.4828571421875 0.098571428125
0 0.45499999999999996 0.11428571406250002 0.468571428125 0.0871428578125 0.47428571406250003 0.044285714062499995 0.4707142859375 0 0.36 0.001428571875 0.3642857140625 0.0728571421875 0.3821428578125 0.1171428578125 0.3921428578125 0.128571428125 0.4328571421875 0.1271428578125 0.45499999999999996 0.11428571406250002
0 0.24428571406250002 0.1471428578125 0.24428571406250002 0.20142857187500002 0.2571428578125 0.258571428125 0.2807142859375 0.3 0.3078571421875 0.32 0.32999999999999996 0.318571428125 0.35357142812500003 0.3 0.371428571875 0.261428571875 0.38 0.21000000000000002 0.378571428125 0.1442857140625 0.34785714218749997 0.068571428125 0.323571428125 0.051428571874999995 0.296428571875 0.051428571874999995 0.2707142859375 0.0742857140625 0.2528571421875 0.11000000000000001 0.24428571406250002 0.1471428578125
0 0.17428571406249999 0.5071428578125 0.18 0.5528571421875 0.1921428578125 0.5857142859375 0.21214285781250003 0.608571428125 0.23571428593750002 0.618571428125 0.2607142859375 0.611428571875 0.29285714218750003 0.5728571421875001 0.3071428578125 0.5242857140625 0.308571428125 0.47000000000000003 0.298571428125 0.42142857187500005 0.2807142859375 0.3857142859375 0.23071428593749999 0.3571428578125 0.188571428125 0.40714285781250004 0.1771428578125 0.45857142812499996 0.17428571406249999 0.5071428578125
0 0.11357142812500001 0.7 0.13571428593749998 0.698571428125 0.16142857187499998 0.6642857140625 0.16999999999999998 0.5900000000000001 0.1507142859375 0.5342857140625 0.1292857140625 0.5171428578125 0.10642857187500002 0.52 0.0921428578125 0.5371428578125 0.078571428125 0.5757142859375 0.078571428125 0.641428571875 0.09642857187500001 0.6857142859375001 0.11357142812500001 0.7
0 0.058571428125000005 0.8471428578125 0.0857142859375 0.8185714281250001 0.0942857140625 0.781428571875 0.0942857140625 0.741428571875 0.07642857187499999 0.6942857140625 0.043571428125 0.6828571421875 0.0128571421875 0.7242857140625001 0.0071428578125 0.781428571875 0.0128571421875 0.8099999999999999 0.029285714062500003 0.8400000000000001 0.058571428125000005 0.8471428578125
0 0.10571428593750001 0.8042857140624999 0.10714285781249999 0.8642857140625001 0.1321428578125 0.9314285718749999 0.1521428578125 0.9485714281250001 0.17428571406249999 0.95 0.195 0.9400000000000001 0.21142857187500003 0.9071428578124999 0.22000000000000003 0.8614285718750001 0.22000000000000003 0.8128571421874999 0.208571428125 0.77 0.1892857140625 0.7371428578125 0.1521428578125 0.7257142859375 0.1307142859375 0.7428571421875 0.111428571875 0.778571428125 0.10571428593750001 0.8042857140624999
0 0.34571428593750003 1 0.35 0.9871428578125 0.3442857140625 0.9442857140625 0.33214285781249997 0.9171428578124999 0.3121428578125 0.9 0.2821428578125 0.9057142859375 0.261428571875 0.9442857140625 0.2557142859375 0.9728571421875 0.2592857140625 1 0.34571428593750003 1
0 0.46214285781250003 1 0.468571428125 0.941428571875 0.45214285781249997 0.8857142859374999 0.4178571421875 0.871428571875 0.3992857140625 0.8885714281249999 0.388571428125 0.9128571421875 0.381428571875 0.9528571421875001 0.3828571421875 0.9842857140625 0.3878571421875 1 0.4342857140625 1 0.46214285781250003 1
0 0.278571428125 0.7128571421875 0.27714285781250003 0.7528571421875 0.288571428125 0.8128571421874999 0.3121428578125 0.8628571421875 0.3278571421875 0.8800000000000001 0.35 0.8842857140625 0.3807142859375 0.8657142859375 0.40142857187500003 0.8271428578125001 0.41285714218749997 0.781428571875 0.4142857140625 0.71 0.40571428593750003 0.6671428578125 0.383571428125 0.6257142859375 0.333571428125 0.608571428125 0.3092857140625 0.6257142859375 0.291428571875 0.6585714281249999 0.278571428125 0.7128571421875
0 0.1121428578125 0.27142857187499997 0.148571428125 0.2757142859375 0.17428571406249999 0.24428571406250002 0.18 0.1842857140625 0.16857142812499998 0.1271428578125 0.1578571421875 0.10571428593750001 0.1221428578125 0.09714285781250001 0.09714285781250001 0.1328571421875 0.08857142812499999 0.1871428578125 0.09 0.2157142859375 0.09714285781250001 0.24714285781249998 0.1121428578125 0.27142857187499997
0 0.11499999999999999 0 0.027142857812499997 0.001428571875 0.0357142859375 0.0642857140625 0.050714285937500006 0.0942857140625 0.08857142812499999 0.10142857187500001 0.11000000000000001 0.0728571421875 0.1171428578125 0.038571428125 0.11499999999999999 0
0 0.8792857140624999 0 0.8757142859375 0.024285714062499998 0.8628571421875 0.041428571875 0.8592857140625 0.08 0.796428571875 0.09714285781250001 0.7842857140625 0.081428571875 0.7971428578124999 0.01 0.793571428125 0 0.7871428578125 0.001428571875 0.7842857140625 0.03 0.763571428125 0.091428571875 0.7421428578125 0.051428571874999995 0.705 0.051428571874999995 0.6828571421875 0.09 0.6757142859374999 0.158571428125 0.6900000000000001 0.21857142812500002 0.706428571875 0.251428571875 0.728571428125 0.261428571875 0.745 0.2542857140625 0.768571428125 0.22142857187499998 0.78 0.15 0.776428571875 0.12285714218749999 0.781428571875 0.1242857140625 0.7849999999999999 0.15714285781249998 0.8092857140625 0.1628571421875 0.8128571421874999 0.158571428125 0.79 0.11285714218750001 0.8335714281250001 0.1 0.866428571875 0.131428571875 0.8707142859375001 0.1457142859375 0.8742857140625 0.141428571875 0.868571428125 0.1328571421875 0.875 0.1257142859375 0.8742857140625 0.15 0.8907142859375 0.15714285781249998 0.8942857140625 0.181428571875 0.905 0.1828571421875 0.9099999999999999 0.1957142859375 0.9099999999999999 0.2157142859375 0.923571428125 0.22000000000000003 0.9228571421874999 0.23571428593750002 0.933571428125 0.24571428593750003 0.9400000000000001 0.1928571421875 0.921428571875 0.158571428125 0.9614285718750001 0.11857142812499999 0.968571428125 0.0957142859375 0.9614285718750001 0.0728571421875 0.971428571875 0.061428571875000004 0.97 0.038571428125 0.9621428578125 0.025714285937499998 0.9292857140624999 0.022857142187500002 0.9007142859374999 0 0.8792857140624999 0
0 0.8057142859375 0.24714285781249998 0.7971428578124999 0.28714285781250004 0.7971428578124999 0.3471428578125 0.8057142859375 0.3842857140625 0.825 0.42000000000000004 0.8335714281250001 0.4171428578125 0.8378571421875 0.4 0.8378571421875 0.4342857140625 0.853571428125 0.44571428593749995 0.8800000000000001 0.44428571406249995 0.8978571421874999 0.428571428125 0.918571428125 0.3842857140625 0.9257142859374999 0.3471428578125 0.9242857140625 0.2757142859375 0.9142857140625 0.2328571421875 0.8949999999999999 0.2 0.8721428578125 0.18 0.846428571875 0.18 0.8221428578125 0.208571428125 0.8057142859375 0.24714285781249998
0 0.7628571421875 0.5871428578125 0.7657142859375 0.6242857140625 0.7835714281249999 0.6771428578124999 0.7992857140625 0.6942857140625 0.82 0.6957142859375 0.8421428578124999 0.6828571421875 0.8557142859375 0.6585714281249999 0.8657142859375 0.621428571875 0.8657142859375 0.5671428578125 0.8585714281250001 0.53 0.843571428125 0.5 0.826428571875 0.4857142859375 0.8078571421875 0.4857142859375 0.7728571421875 0.5271428578124999 0.7628571421875 0.5871428578125
0 0.9292857140624999 0.6142857140625 0.9528571421875001 0.6128571421875 0.9707142859375001 0.5942857140625 0.9842857140625 0.5585714281249999 0.981428571875 0.4957142859375 0.956428571875 0.44000000000000006 0.9192857140624999 0.4371428578125 0.8971428578125 0.4728571421875 0.89 0.5157142859375 0.8914285718749999 0.5471428578124999 0.9121428578125 0.6 0.9292857140624999 0.6142857140625
0 0.8735714281250001 0.6914285718750001 0.8578571421875001 0.7057142859375001 0.843571428125 0.7371428578125 0.8321428578125 0.7142857140625 0.8257142859375 0.7442857140625 0.8328571421875001 0.7757142859374999 0.8300000000000001 0.8128571421874999 0.8142857140625 0.838571428125 0.843571428125 0.8571428578125 0.8735714281250001 0.9057142859375 0.9057142859375 0.9099999999999999 0.923571428125 0.8971428578125 0.9392857140625 0.868571428125 0.963571428125 0.8800000000000001 0.9978571421875 0.8657142859375 1 0.738571428125 0.9864285718750001 0.768571428125 0.9521428578125001 0.8114285718750001 0.9428571421875 0.7471428578125 0.9221428578124999 0.7057142859375001 0.8735714281250001 0.6914285718750001
0 0.6371428578125 1 0.6457142859375 0.9985714281250001 0.641428571875 0.95 0.6107142859375 0.908571428125 0.5792857140625001 0.9257142859374999 0.5657142859375 0.9728571421875 0.5657142859375 0.9928571421875001 0.5721428578125 1 0.6371428578125 1
0 0.781428571875 1 0.7757142859374999 0.97 0.7521428578125 0.9428571421875 0.7164285718750001 0.9571428578125 0.7 0.9957142859375001 0.781428571875 1
0 0.6571428578125 0.038571428125 0.6721428578124999 0.031428571875 0.688571428125 0.001428571875 0.6142857140625 0.001428571875 0.633571428125 0.0342857140625 0.6571428578125 0.038571428125