0 0.36 0.625683059375 0.370909090625 0.6748633875000001 0.4 0.729508196875 0.45272727343749997 0.8032786890624999 0.4963636359375 0.8360655734375 0.58181818125 0.8387978140625 0.6236363640625 0.8251366125 0.6545454546875 0.77322404375 0.6545454546875 0.69125683125 0.6254545453125 0.5874316937499999 0.5836363640625 0.5300546453125 0.5254545453125 0.491803278125 0.45636363593749996 0.48633879843749994 0.3872727265625 0.5136612015625001 0.370909090625 0.538251365625 0.36 0.625683059375
0 0.4654545453125 0.45628415312500004 0.4745454546875 0.4808743171875 0.5472727265625 0.491803278125 0.5945454546875 0.535519125 0.6236363640625 0.5792349734375 0.649090909375 0.590163934375 0.690909090625 0.5874316937499999 0.7127272734375001 0.5710382515625 0.7163636359375001 0.5327868859375 0.69818181875 0.47267759531250003 0.630909090625 0.35519125625000003 0.5945454546875 0.322404371875 0.5472727265625 0.32786885312499997 0.49818181875 0.30874316875 0.4945454546875 0.3360655734375 0.4654545453125 0.41256830625 0.4654545453125 0.45628415312500004
0 0.2072727265625 0.40163934375 0.2072727265625 0.4344262296875 0.2236363640625 0.464480875 0.269090909375 0.47267759531250003 0.409090909375 0.43715847031250005 0.45272727343749997 0.40983606562499997 0.49090909062500004 0.3360655734375 0.49090909062500004 0.21038251406250003 0.470909090625 0.18032786875 0.4236363640625 0.1584699453125 0.369090909375 0.16393442656249999 0.32909090937499996 0.18579235 0.2363636359375 0.31967213125 0.2072727265625 0.40163934375
0 0.1327272734375 0.54098360625 0.08181818125 0.5792349734375 0.0472727265625 0.625683059375 0.032727273437499996 0.6748633875000001 0.032727273437499996 0.7404371578125 0.04 0.77322404375 0.06 0.7923497265624999 0.11636363593750002 0.7896174859375 0.190909090625 0.7868852453125 0.2145454546875 0.76229508125 0.2254545453125 0.7076502734375001 0.23272727343750002 0.6967213109375 0.23272727343750002 0.647540984375 0.24727272656250002 0.6092896171875 0.24727272656250002 0.5601092890625 0.23090909062499998 0.5245901640625 0.18 0.5191256828124999 0.1327272734375 0.54098360625
0 0.1327272734375 0.38797814218750004 0.11454545468749999 0.40437158437500004 0.1127272734375 0.41256830625 0.1072727265625 0.415300546875 0.0872727265625 0.44535519062500006 0.07272727343749999 0.47814207656249996 0.07272727343749999 0.49453551874999996 0.069090909375 0.5 0.069090909375 0.538251365625 0.07272727343749999 0.543715846875 0.07272727343749999 0.5601092890625 0.08181818125 0.5737704921875 0.0872727265625 0.5710382515625 0.1363636359375 0.535519125 0.15818181874999998 0.5300546453125 0.1745454546875 0.5109289625 0.1745454546875 0.4890710375 0.1672727265625 0.47267759531250003 0.1672727265625 0.45628415312500004 0.1527272734375 0.4289617484375 0.1527272734375 0.41803278749999995 0.13999999999999999 0.38797814218750004 0.1327272734375 0.38797814218750004
0 0.2163636359375 0.2677595625 0.1945454546875 0.2677595625 0.190909090625 0.27322404375 0.16181818125 0.27322404375 0.1527272734375 0.28142076562499996 0.14181818125 0.30874316875 0.14181818125 0.3797814203125 0.149090909375 0.40163934375 0.16181818125 0.42076502656250003 0.1727272734375 0.42622950781249996 0.18 0.43715847031250005 0.2036363640625 0.4344262296875 0.2036363640625 0.407103825 0.2072727265625 0.40163934375 0.2072727265625 0.3907103828125 0.21818181874999998 0.368852459375 0.21818181874999998 0.35792349687499997 0.2254545453125 0.3469945359375 0.24727272656250002 0.2923497265625 0.23454545468750002 0.27322404375 0.22000000000000003 0.27322404375 0.2163636359375 0.2677595625
0 0.0527272734375 0.20218579218750002 0.029090909375 0.2486338796875 0.029090909375 0.30874316875 0.0436363640625 0.34153005468750003 0.06181818125000001 0.450819671875 0.07272727343749999 0.4672131140625 0.11454545468749999 0.398907103125 0.13818181875 0.374316940625 0.14181818125 0.2978142078125 0.15818181874999998 0.27322404375 0.1963636359375 0.265027321875 0.1854545453125 0.22677595625000002 0.150909090625 0.18579235 0.11818181875 0.1748633875 0.07818181874999999 0.18032786875 0.0527272734375 0.20218579218750002
0 0 0.1666666671875 0.0054545453125 0.1748633875 0.0272727265625 0.18032786875 0.030909090625000003 0.18579235 0.05818181875 0.183060109375 0.0745454546875 0.18032786875 0.07818181874999999 0.1748633875 0.11090909062500001 0.1748633875 0.11454545468749999 0.1693989078125 0.12181818124999999 0.1693989078125 0.1272727265625 0.1612021859375 0.1272727265625 0.1284153 0.12 0.1065573765625 0.10363636406250001 0.0819672125 0.0745454546875 0.0601092890625 0.04181818125 0.0601092890625 0.03818181875 0.0655737703125 0.030909090625000003 0.0655737703125 0.0127272734375 0.0819672125 0 0.1120218578125 0 0.1666666671875
0 0.0054545453125 0 0 0.008196721875 0.0036363640625 0.035519125 0.0236363640625 0.0655737703125 0.030909090625000003 0.0601092890625 0.08181818125 0.0601092890625 0.09272727343750001 0.0710382515625 0.10909090937499999 0.0683060109375 0.1127272734375 0.0628415296875 0.1127272734375 0.0136612015625 0.1072727265625 0 0.0054545453125 0
0 0.1327272734375 0 0.12 0.0136612015625 0.12 0.0245901640625 0.11636363593750002 0.0300546453125 0.12 0.084699453125 0.1327272734375 0.10928961718750001 0.13999999999999999 0.1147540984375 0.1454545453125 0.1120218578125 0.169090909375 0.092896175 0.21090909062500002 0.090163934375 0.2145454546875 0.0792349734375 0.2145454546875 0.035519125 0.21818181874999998 0.0300546453125 0.2163636359375 0 0.1327272734375 0
0 0.17636363593749999 0.092896175 0.150909090625 0.10928961718750001 0.1345454546875 0.13387978125 0.130909090625 0.1666666671875 0.13999999999999999 0.18032786875 0.14727272656249998 0.18032786875 0.1727272734375 0.20218579218750002 0.2054545453125 0.26229508125 0.22909090937499998 0.2595628421875 0.2363636359375 0.23770491875 0.2363636359375 0.20491803281249998 0.23272727343750002 0.1994535515625 0.23272727343750002 0.17759562812500002 0.22181818125000002 0.1393442625 0.22181818125000002 0.1120218578125 0.20909090937500002 0.09836065625 0.19818181875000002 0.09836065625 0.1945454546875 0.092896175 0.17636363593749999 0.092896175
0 0.2272727265625 0 0.21818181874999998 0.0191256828125 0.21818181874999998 0.04098360625 0.2145454546875 0.0464480875 0.2145454546875 0.09562841562499999 0.2254545453125 0.11748633906249999 0.2254545453125 0.13387978125 0.23272727343750002 0.15573770468749998 0.2672727265625 0.2131147546875 0.2745454546875 0.2131147546875 0.27818181875 0.21857923437500001 0.29454545468750004 0.2158469953125 0.30727272656250004 0.2076502734375 0.32 0.188524590625 0.3236363640625 0.04098360625 0.3163636359375 0.0245901640625 0.3163636359375 0.0136612015625 0.30727272656250004 0 0.2272727265625 0
0 0.32909090937499996 0 0.3272727265625 0.0191256828125 0.33090909062499996 0.0245901640625 0.33090909062499996 0.04098360625 0.33999999999999997 0.0601092890625 0.3472727265625 0.0655737703125 0.349090909375 0.0628415296875 0.35818181875 0.043715846875 0.3654545453125 0.043715846875 0.3763636359375 0.032786885937499996 0.40545454531249997 0.032786885937499996 0.42000000000000004 0.043715846875 0.43454545468749994 0.043715846875 0.43636363593749994 0.035519125 0.4236363640625 0 0.32909090937499996 0
0 0.36181818125 0.043715846875 0.349090909375 0.0628415296875 0.349090909375 0.11748633906249999 0.3527272734375 0.1229508203125 0.3527272734375 0.13387978125 0.36181818125 0.14754098437500002 0.3763636359375 0.14754098437500002 0.38 0.15300546406249999 0.42000000000000004 0.15300546406249999 0.4236363640625 0.1584699453125 0.43636363593749994 0.15573770468749998 0.44181818125000005 0.15300546406249999 0.450909090625 0.13387978125 0.450909090625 0.07377049218750001 0.4454545453125 0.0601092890625 0.44181818125000005 0.0601092890625 0.4272727265625 0.043715846875 0.41636363593750003 0.043715846875 0.40181818125 0.032786885937499996 0.3763636359375 0.032786885937499996 0.36181818125 0.043715846875
0 0.54 0.0109289625 0.4963636359375 0.0109289625 0.4927272734375 0.016393442187500003 0.4854545453125 0.016393442187500003 0.4672727265625 0.032786885937499996 0.45454545468749996 0.0573770484375 0.45454545468749996 0.101092896875 0.45818181874999997 0.1065573765625 0.45818181874999997 0.1229508203125 0.46909090937500003 0.15573770468749998 0.47818181875 0.16393442656249999 0.4963636359375 0.16393442656249999 0.5 0.1693989078125 0.5272727265625 0.1666666671875 0.5436363640625 0.15300546406249999 0.5454545453125 0.14480874375 0.55818181875 0.131147540625 0.5727272734375 0.12021857968750001 0.58 0.12021857968750001 0.5854545453125 0.1120218578125 0.5854545453125 0.0464480875 0.5763636359375 0.032786885937499996 0.5690909093750001 0.032786885937499996 0.54 0.0109289625
0 0.6236363640625 0.0218579234375 0.6145454546875 0.0300546453125 0.6145454546875 0.101092896875 0.630909090625 0.131147540625 0.6345454546875 0.131147540625 0.6599999999999999 0.1693989078125 0.6618181812499999 0.1666666671875 0.670909090625 0.16393442656249999 0.6927272734375001 0.136612021875 0.7072727265625 0.125683059375 0.729090909375 0.12021857968750001 0.730909090625 0.0683060109375 0.710909090625 0.038251365625 0.6781818187499999 0.016393442187500003 0.63818181875 0.016393442187500003 0.6345454546875 0.0218579234375 0.6236363640625 0.0218579234375
0 0.53818181875 0.172131146875 0.54 0.2131147546875 0.5472727265625 0.2131147546875 0.550909090625 0.2076502734375 0.5836363640625 0.2076502734375 0.62 0.23497267812499997 0.6272727265625 0.2459016390625 0.63818181875 0.2459016390625 0.64181818125 0.2513661203125 0.650909090625 0.2486338796875 0.6581818187499999 0.23770491875 0.6581818187499999 0.188524590625 0.650909090625 0.1666666671875 0.630909090625 0.136612021875 0.6163636359375 0.125683059375 0.6054545453125 0.125683059375 0.60181818125 0.12021857968750001 0.5727272734375 0.125683059375 0.55818181875 0.136612021875 0.53818181875 0.172131146875
0 0.710909090625 0.131147540625 0.6963636359375001 0.136612021875 0.669090909375 0.172131146875 0.6654545453125 0.183060109375 0.6654545453125 0.2158469953125 0.6727272734375 0.23770491875 0.6890909093750001 0.2513661203125 0.6927272734375001 0.26229508125 0.7072727265625 0.26229508125 0.710909090625 0.2677595625 0.7563636359375 0.265027321875 0.7727272734375 0.2513661203125 0.78181818125 0.23770491875 0.789090909375 0.2158469953125 0.789090909375 0.183060109375 0.78181818125 0.1612021859375 0.7654545453125 0.136612021875 0.750909090625 0.131147540625 0.7472727265625 0.125683059375 0.7145454546875001 0.125683059375 0.710909090625 0.131147540625
0 0.7654545453125 0.136612021875 0.7854545453124999 0.1666666671875 0.7872727265624999 0.1748633875 0.8327272734375001 0.172131146875 0.8363636359375001 0.1393442625 0.8254545453125001 0.11748633906249999 0.8254545453125001 0.1120218578125 0.8127272734375 0.09836065625 0.78 0.09836065625 0.7654545453125 0.10928961718750001 0.7563636359375 0.1229508203125 0.7563636359375 0.1284153 0.76181818125 0.136612021875 0.7654545453125 0.136612021875
0 0.8927272734375 0.21857923437500001 0.8781818187500001 0.2076502734375 0.8709090906249999 0.2076502734375 0.8672727265625 0.20218579218750002 0.8418181812500001 0.20218579218750002 0.8054545453124999 0.229508196875 0.7927272734375 0.2540983609375 0.7927272734375 0.270491803125 0.80181818125 0.2896174859375 0.809090909375 0.2950819671875 0.8254545453125001 0.2923497265625 0.8418181812500001 0.2896174859375 0.8454545453125 0.2841530046875 0.8672727265625 0.2841530046875 0.8709090906249999 0.278688525 0.8927272734375 0.278688525 0.9072727265625 0.2677595625 0.9127272734374999 0.2595628421875 0.9127272734374999 0.2540983609375 0.9090909093749999 0.2431693984375 0.8927272734375 0.21857923437500001
0 0.8454545453125 0.5683060109375 0.8236363640625 0.584699453125 0.8 0.6147540984375001 0.7963636359375 0.625683059375 0.7963636359375 0.6639344265625 0.82 0.6939890703125 0.8418181812500001 0.7049180328125 0.8563636359375 0.7049180328125 0.86 0.7103825140625 0.8945454546875 0.7076502734375001 0.9363636359375 0.7049180328125 0.9454545453125001 0.69125683125 0.9454545453125001 0.5655737703125 0.9363636359375 0.5519125687499999 0.929090909375 0.5464480875 0.9 0.5464480875 0.8963636359375 0.5519125687499999 0.8854545453125 0.5519125687499999 0.8745454546874999 0.5628415296875 0.8454545453125 0.5683060109375
0 0.24727272656250002 0.68032786875 0.24 0.69125683125 0.2363636359375 0.7076502734375001 0.2363636359375 0.7513661203125 0.2527272734375 0.7868852453125 0.27818181875 0.7868852453125 0.28181818125 0.7923497265624999 0.370909090625 0.7896174859375 0.37818181875 0.7841530046875 0.37818181875 0.7076502734375001 0.36 0.6584699453125 0.36 0.647540984375 0.33999999999999997 0.6174863390625001 0.3 0.595628415625 0.28545454531250003 0.595628415625 0.250909090625 0.625683059375 0.24727272656250002 0.642076503125 0.24727272656250002 0.68032786875
0 0.46181818124999996 1 0.46909090937500003 0.9972677593749999 0.4654545453125 0.9699453546875001 0.450909090625 0.9535519125 0.4436363640625 0.9262295078125 0.41818181875000004 0.8770491796875 0.41818181875000004 0.8606557374999999 0.41454545468750004 0.85519125625 0.41454545468750004 0.8005464484375 0.409090909375 0.7923497265624999 0.390909090625 0.7923497265624999 0.389090909375 0.8060109296875 0.3636363640625 0.8661202187500001 0.3636363640625 0.8825136609375 0.36 0.8879781421875 0.3636363640625 0.9316939890624999 0.37818181875 0.9644808749999999 0.38181818125 0.9863387984375 0.390909090625 1 0.409090909375 1 0.41272727343750004 1 0.41636363593750003 1 0.4236363640625 1 0.46181818124999996 1
0 0.349090909375 1 0.3563636359375 0.9972677593749999 0.3527272734375 0.9863387984375 0.3563636359375 0.9808743171875 0.3527272734375 0.9754098359375 0.349090909375 0.94808743125 0.34363636406250003 0.9453551906250001 0.3363636359375 0.9289617484375 0.32181818125 0.9180327875 0.3145454546875 0.9180327875 0.310909090625 0.9125683062500001 0.27818181875 0.9125683062500001 0.2745454546875 0.9180327875 0.2672727265625 0.9180327875 0.2527272734375 0.9344262296875 0.249090909375 0.9344262296875 0.23272727343750002 0.95901639375 0.23272727343750002 0.9644808749999999 0.22181818125000002 0.9754098359375 0.2254545453125 0.9863387984375 0.22181818125000002 0.991803278125 0.23454545468750002 1 0.349090909375 1