0 0.013000000000000001 0.3705 0.009333332812500001 0.38525 0.020999999999999998 0.389 0.0363333328125 0.39125 0.048 0.39449999999999996 0.0546666671875 0.394 0.060333332812499994 0.38875000000000004 0.0823333328125 0.36275 0.0943333328125 0.34500000000000003 0.10933333281249999 0.31275 0.1173333328125 0.29100000000000004 0.1296666671875 0.24525000000000002 0.13533333281249998 0.20425 0.13533333281249998 0.19475 0.133 0.1855 0.1193333328125 0.16 0.093 0.1575 0.089 0.15925 0.0726666671875 0.17625 0.0616666671875 0.19424999999999998 0.0576666671875 0.20400000000000001 0.0396666671875 0.273 0.026000000000000002 0.30125 0.0186666671875 0.31124999999999997 0.014000000000000002 0.32725 0.0156666671875 0.33625 0.0126666671875 0.34575 0.013000000000000001 0.3705
0 0.0846666671875 0.40700000000000003 0.08966666718750001 0.4095 0.0916666671875 0.414 0.0956666671875 0.41624999999999995 0.1366666671875 0.41125 0.1563333328125 0.40425000000000005 0.1646666671875 0.39449999999999996 0.16499999999999998 0.391 0.172 0.386 0.18 0.384 0.1863333328125 0.3805 0.19866666718749998 0.3715 0.20566666718749999 0.3645 0.2176666671875 0.34625 0.2246666671875 0.33175 0.2366666671875 0.2925 0.24100000000000002 0.244 0.24133333281249997 0.22599999999999998 0.2396666671875 0.22149999999999997 0.23533333281250002 0.21775000000000003 0.23199999999999998 0.20950000000000002 0.2196666671875 0.19624999999999998 0.2136666671875 0.18575 0.21033333281250002 0.18375 0.1983333328125 0.181 0.1806666671875 0.18625 0.16833333281250001 0.2065 0.16499999999999998 0.217 0.1596666671875 0.26175000000000004 0.154 0.28975 0.1463333328125 0.31225 0.13633333281249999 0.33399999999999996 0.1266666671875 0.34975 0.1203333328125 0.35775 0.0846666671875 0.39475 0.0846666671875 0.40700000000000003
0 0 0.43174999999999997 0.051000000000000004 0.4335 0.0533333328125 0.43600000000000005 0.056999999999999995 0.43724999999999997 0.0586666671875 0.43975 0.063 0.441 0.066 0.44349999999999995 0.0706666671875 0.44525 0.08 0.45199999999999996 0.091 0.46675000000000005 0.10033333281250001 0.475 0.11000000000000001 0.47975 0.1186666671875 0.48175 0.1366666671875 0.48250000000000004 0.1463333328125 0.481 0.1793333328125 0.47300000000000003 0.199 0.466 0.2126666671875 0.4585 0.2306666671875 0.44575 0.242 0.43600000000000005 0.2533333328125 0.42400000000000004 0.255 0.42024999999999996 0.25633333281250004 0.40075000000000005 0.2606666671875 0.38849999999999996 0.269 0.375 0.2846666671875 0.36124999999999996 0.2873333328125 0.34500000000000003 0.2873333328125 0.33675 0.2846666671875 0.32525 0.27999999999999997 0.318 0.2656666671875 0.30225 0.258 0.30125 0.2423333328125 0.3035 0.2363333328125 0.30625 0.2323333328125 0.315 0.2293333328125 0.3185 0.2176666671875 0.34475 0.1993333328125 0.37225 0.182 0.39125 0.1596666671875 0.40800000000000003 0.1536666671875 0.41100000000000003 0.1246666671875 0.42125 0.10466666718749999 0.42374999999999996 0.0956666671875 0.4205 0.088 0.40925 0.0716666671875 0.40449999999999997 0.056333332812500005 0.39675 0.045 0.39575 0.0293333328125 0.39849999999999997 0.0016666671875 0.39875 0 0.399 0 0.43174999999999997
0 0.2896666671875 0.47400000000000003 0.306 0.48150000000000004 0.329 0.48674999999999996 0.3536666671875 0.489 0.3556666671875 0.48674999999999996 0.3586666671875 0.48600000000000004 0.3636666671875 0.48925 0.37933333281250003 0.49074999999999996 0.3986666671875 0.487 0.4066666671875 0.4845 0.4183333328125 0.47874999999999995 0.43 0.47125000000000006 0.4403333328125 0.46699999999999997 0.4723333328125 0.4615 0.48266666718750006 0.4585 0.483 0.45675 0.4803333328125 0.45525000000000004 0.46966666718749994 0.4525 0.45866666718750004 0.44800000000000006 0.4583333328125 0.43825000000000003 0.4556666671875 0.437 0.43899999999999995 0.441 0.42800000000000005 0.44525 0.41966666718749995 0.4455 0.3693333328125 0.43375 0.3573333328125 0.42925 0.3523333328125 0.42625 0.3423333328125 0.41925 0.3363333328125 0.41150000000000003 0.335 0.40025000000000005 0.33799999999999997 0.372 0.335 0.36275 0.3266666671875 0.3545 0.3173333328125 0.35175 0.2906666671875 0.35950000000000004 0.275 0.369 0.26433333281250004 0.382 0.257 0.39725 0.2556666671875 0.40675 0.256 0.41825 0.2606666671875 0.4385 0.2646666671875 0.44749999999999995 0.272 0.458 0.2826666671875 0.46900000000000003 0.2896666671875 0.47400000000000003
0 0.43233333281249997 0.73375 0.4476666671875 0.7434999999999999 0.46666666718750005 0.75125 0.48 0.75475 0.4966666671875 0.757 0.5096666671875 0.75675 0.5206666671875 0.75475 0.533 0.74875 0.5486666671875 0.73725 0.558 0.7342500000000001 0.5626666671875 0.7304999999999999 0.5633333328125001 0.72675 0.5596666671875 0.71675 0.5559999999999999 0.7115 0.5526666671875 0.7112499999999999 0.546 0.71425 0.542 0.7144999999999999 0.538 0.71325 0.5349999999999999 0.71075 0.507 0.71025 0.49833333281250003 0.7085 0.48600000000000004 0.70425 0.4783333328125 0.7 0.475 0.6955 0.47466666718750006 0.69025 0.4636666671875 0.6825 0.45999999999999996 0.67675 0.44966666718750004 0.6425 0.44566666718750003 0.637 0.43533333281250003 0.6275000000000001 0.42300000000000004 0.624 0.41633333281249996 0.62325 0.41333333281250006 0.624 0.40800000000000003 0.628 0.3993333328125 0.6405000000000001 0.3956666671875 0.6497499999999999 0.395 0.6605000000000001 0.3993333328125 0.6797500000000001 0.4073333328125 0.6980000000000001 0.40933333281250006 0.70025 0.41100000000000003 0.7070000000000001 0.42133333281249996 0.7224999999999999 0.43233333281249997 0.73375
0 0.7283333328125 0.77225 0.7543333328124999 0.78175 0.7686666671875 0.7847500000000001 0.775 0.7847500000000001 0.7833333328125 0.78275 0.7929999999999999 0.782 0.8006666671874999 0.7795 0.8176666671874999 0.767 0.842 0.7555 0.8423333328125 0.7502500000000001 0.8390000000000001 0.74675 0.8300000000000001 0.7474999999999999 0.8196666671875 0.7445 0.8150000000000001 0.74425 0.8 0.74775 0.7929999999999999 0.748 0.779 0.74375 0.762 0.73625 0.7536666671875001 0.7295 0.742 0.71575 0.731 0.706 0.7123333328125 0.6765 0.6936666671875 0.66075 0.6873333328125 0.65825 0.6823333328125 0.65825 0.671 0.6615 0.667 0.66025 0.6639999999999999 0.66325 0.661 0.68025 0.661 0.69025 0.6626666671875 0.6975 0.6683333328125001 0.71275 0.6816666671875 0.7342500000000001 0.6963333328125 0.75075 0.7150000000000001 0.7655000000000001 0.7283333328125 0.77225
0 0.205 0.72475 0.2166666671875 0.73125 0.2326666671875 0.73675 0.253 0.74025 0.2736666671875 0.74025 0.2906666671875 0.73875 0.3023333328125 0.7344999999999999 0.314 0.7262500000000001 0.343 0.70925 0.344 0.706 0.34199999999999997 0.69625 0.33799999999999997 0.692 0.3326666671875 0.6895 0.32766666718750004 0.68875 0.31766666718750003 0.68975 0.30333333281249997 0.6935 0.2896666671875 0.69475 0.2773333328125 0.6917500000000001 0.25466666718750003 0.68425 0.2476666671875 0.6775 0.23766666718749999 0.67125 0.23199999999999998 0.6639999999999999 0.217 0.65175 0.2046666671875 0.64525 0.20033333281250001 0.64425 0.19 0.6455 0.1776666671875 0.6505 0.16699999999999998 0.65225 0.1646666671875 0.6537499999999999 0.1613333328125 0.6587500000000001 0.1613333328125 0.6715 0.1643333328125 0.6839999999999999 0.17366666718749998 0.6995 0.188 0.71275 0.1953333328125 0.717 0.205 0.72475
0 0.45366666718750004 0.44375 0.4646666671875 0.43674999999999997 0.47133333281249995 0.4345 0.4836666671875 0.43274999999999997 0.5066666671875 0.43174999999999997 0.5116666671875 0.4305 0.5153333328125 0.42824999999999996 0.5183333328125 0.40425000000000005 0.526 0.385 0.5316666671875 0.36625 0.5346666671875 0.354 0.5356666671875 0.33999999999999997 0.5309999999999999 0.3285 0.5223333328125 0.3185 0.5173333328124999 0.31575000000000003 0.505 0.31325 0.49400000000000005 0.315 0.4743333328125 0.324 0.4613333328125 0.33525 0.45066666718750004 0.35225 0.43933333281250003 0.385 0.4336666671875 0.41600000000000004 0.434 0.44125 0.4363333328125 0.44400000000000006 0.44066666718749997 0.44625000000000004 0.445 0.4465 0.45366666718750004 0.44375
0 0.5466666671875 0.4285 0.5703333328125 0.43099999999999994 0.5823333328125 0.43099999999999994 0.5876666671875 0.4285 0.5900000000000001 0.414 0.5996666671875001 0.3915 0.611 0.3565 0.6126666671875001 0.34075 0.6093333328125 0.32725 0.6036666671875001 0.31625000000000003 0.5953333328125 0.31175 0.5803333328125 0.31124999999999997 0.5686666671875 0.31425000000000003 0.561 0.32 0.55 0.33199999999999996 0.5393333328125001 0.34975 0.533 0.3685 0.528 0.379 0.5223333328125 0.3995 0.516 0.41600000000000004 0.515 0.4285 0.5183333328125 0.4305 0.5466666671875 0.4285
0 0.6363333328125 0.42699999999999994 0.6276666671875 0.441 0.629 0.44625000000000004 0.6396666671875 0.45875000000000005 0.6486666671875 0.472 0.654 0.47675 0.6586666671875 0.47874999999999995 0.6719999999999999 0.47775 0.6839999999999999 0.47525000000000006 0.6943333328125 0.4725 0.7016666671875 0.46900000000000003 0.7116666671874999 0.46025 0.716 0.4545 0.725 0.43125 0.739 0.37975 0.74 0.364 0.739 0.35475 0.734 0.3415 0.7253333328125 0.3315 0.7193333328125 0.32825000000000004 0.7083333328125 0.3275 0.6936666671875 0.33399999999999996 0.6823333328125 0.3415 0.6763333328125001 0.34325 0.673 0.34625 0.669 0.35475 0.6643333328125001 0.35875 0.662 0.36275 0.659 0.3715 0.6523333328125 0.384 0.6493333328124999 0.39475 0.6363333328125 0.42699999999999994
0 0.1359375 0.32421875 0.271875 0.3234375
0 0.55 0.40546875 0.4921875 0.271875
0 0.93203125 0.44453125 0.1359375 0.2734375
0 0.840625 0.70859375 0.31875 0.1796875
0 0.55234375 0.6578125 0.2890625 0.14375
0 0.2921875 0.6484375 0.275 0.15625