0 0.515267175 0.1321243515625 0.486641221875 0.119170984375 0.45038167968750004 0.21502590625 0.41603053437500004 0.3549222796875 0.4293893125 0.35233160625000004 0.431297709375 0.370466321875 0.41984732812500003 0.5207253890625 0.40076335937499996 0.6088082906250001 0.40076335937499996 0.6865284968750001 0.41793893125 0.720207253125 0.43320610625 0.6891191703125 0.46755725156250005 0.6839378234375 0.48473282500000003 0.722797928125 0.5076335875 0.73834196875 0.5515267171875 0.7046632125000001 0.576335878125 0.6502590671874999 0.572519084375 0.51036269375 0.5534351140625 0.51036269375 0.5534351140625 0.4792746109375 0.572519084375 0.44818652812500004 0.576335878125 0.40673575156249997 0.568702290625 0.277202071875 0.5534351140625 0.22020725312499997 0.515267175 0.1321243515625
0 0.34351145 0.1839378234375 0.33396946562499996 0.17098445625 0.314885496875 0.17098445625 0.2843511453125 0.2124352328125 0.2576335875 0.22279792812500002 0.2213740453125 0.2927461140625 0.2251908390625 0.32901554375000003 0.1793893125 0.619170984375 0.1870229 0.7538860109375001 0.23091603125 0.76165803125 0.2805343515625 0.8393782390625001 0.2900763359375 0.8367875640625 0.3129771 0.8108808296875001 0.3206106875 0.779792746875 0.35496183281250004 0.7487046625 0.35496183281250004 0.6036269437499999 0.33206106874999997 0.5051813468749999 0.34351145 0.4585492234375 0.33206106874999997 0.334196890625 0.34732824375 0.2979274609375 0.33587786249999996 0.2409326421875 0.34351145 0.1839378234375
0 0.10114503749999999 0.129533678125 0.06106870156250001 0.1891191703125 0.064885496875 0.25647668437500004 0.015267175 0.4326424875 0.00381679375 0.5155440421875 0.0076335875 0.73834196875 0.0400763359375 0.7979274609375 0.080152671875 0.8264248703125 0.1278625953125 0.7512953375 0.15267175625 0.73834196875 0.16030534375 0.676165803125 0.1450381671875 0.5259067359375 0.1450381671875 0.313471503125 0.16030534375 0.3031088078125 0.1641221375 0.2823834203125 0.16030534375 0.1839378234375 0.1240458015625 0.129533678125 0.10114503749999999 0.129533678125
0 0.6145038171875 0.6088082906250001 0.6221374046875 0.7072538859375 0.666030534375 0.71502590625 0.7099236640625 0.8316062171875 0.7213740453125 0.8367875640625 0.74618320625 0.82901554375 0.7938931296875 0.743523315625 0.7977099234375 0.4585492234375 0.763358778125 0.2253886015625 0.7251908390625 0.16321243593749998 0.7137404578125001 0.1062176171875 0.6927480921875 0.0932642484375 0.6717557249999999 0.11139896406250001 0.6259541984375 0.34974093281249996 0.6145038171875 0.6088082906250001
0 0.8854961828125001 0.1839378234375 0.8606870234375 0.17616580312500002 0.84732824375 0.1891191703125 0.8435114499999999 0.2461139890625 0.8129771 0.2927461140625 0.7977099234375 0.3445595859375 0.8015267171874999 0.4585492234375 0.8129771 0.494818653125 0.8053435109375 0.5155440421875 0.8129771 0.7020725390625 0.8740458015625 0.779792746875 0.8912213734375 0.81865285 0.916030534375 0.8264248703125 0.9809160312499999 0.73834196875 0.9885496187499999 0.6347150265625 0.9809160312499999 0.494818653125 0.9694656484375 0.41709844531250007 0.9541984734375 0.380829015625 0.9351145031250001 0.370466321875 0.9427480921875 0.34974093281249996 0.931297709375 0.2927461140625 0.9007633593750001 0.2409326421875 0.8854961828125001 0.1839378234375
0 0.7977099234375 0.7746113984375 0.7919847328125 0.777202071875 0.7824427484375 0.7953367874999999 0.7824427484375 0.8212435234375001 0.7900763359375 0.8419689124999999 0.7900763359375 0.89896373125 0.7958015265625 0.9067357515625 0.8721374046875001 0.9067357515625 0.8759541984375 0.9015544046875 0.8835877859375 0.9067357515625 0.9007633593750001 0.9041450781249999 0.904580153125 0.89896373125 0.908396946875 0.8730569953125 0.8740458015625 0.790155440625 0.8606870234375 0.772020725 0.8492366406249999 0.766839378125 0.8301526718750001 0.7357512953125 0.8225190843749999 0.7305699484375 0.8034351140625 0.7305699484375 0.7977099234375 0.73834196875 0.7977099234375 0.7746113984375
0 0.650763359375 0.71502590625 0.646946565625 0.709844559375 0.6278625953125 0.709844559375 0.6221374046875 0.7176165796875 0.6183206109375 0.73834196875 0.591603053125 0.7746113984375 0.580152671875 0.8108808296875001 0.580152671875 0.8264248703125 0.568702290625 0.8730569953125 0.5706106875 0.9067357515625 0.5820610687500001 0.9119170984375 0.59351145 0.9067357515625 0.6297709921875 0.909326425 0.7213740453125 0.9041450781249999 0.7213740453125 0.8834196890625 0.7061068703125 0.8523316062499999 0.7061068703125 0.8264248703125 0.6984732828125 0.8108808296875001 0.6984732828125 0.800518134375 0.67557251875 0.7538860109375001 0.67557251875 0.733160621875 0.662213740625 0.71502590625 0.650763359375 0.71502590625
0 0.435114503125 0.6968911921875 0.427480915625 0.727979275 0.427480915625 0.7487046625 0.40458015312500006 0.8108808296875001 0.40458015312500006 0.8316062171875 0.40076335937499996 0.8367875640625 0.40076335937499996 0.89896373125 0.40648855 0.9067357515625 0.431297709375 0.909326425 0.5229007640625001 0.9041450781249999 0.5229007640625001 0.8626943 0.51908396875 0.8575129531250001 0.51145038125 0.8056994812499999 0.48854961875 0.7642487046875 0.48091603125000004 0.743523315625 0.4732824421875 0.6917098453125 0.46374045781250006 0.6839378234375 0.4522900765625 0.6839378234375 0.435114503125 0.6968911921875
0 0.2576335875 0.9067357515625 0.2576335875 0.8601036265625 0.27099236718749997 0.8886010359375 0.2843511453125 0.9067357515625 0.2938931296875 0.9041450781249999 0.2786259546875 0.847150259375 0.263358778125 0.8160621765625 0.2270992359375 0.76165803125 0.2156488546875 0.76165803125 0.1965648859375 0.772020725 0.16030534375 0.8367875640625 0.15648855 0.8782383421875 0.15267175625 0.8834196890625 0.154580153125 0.9067357515625 0.2576335875 0.9067357515625
0 0.041984732812499995 0.0544041453125 0.0458015265625 0.0595854921875 0.0458015265625 0.152849740625 0.05534351093749999 0.17616580312500002 0.064885496875 0.1735751296875 0.09732824375 0.129533678125 0.1049618328125 0.129533678125 0.1087786265625 0.12435233125 0.1240458015625 0.12435233125 0.1278625953125 0.129533678125 0.1450381671875 0.1269430046875 0.1450381671875 0.0077720203125 0.1393129765625 0 0.041984732812499995 0.0025906734375 0.041984732812499995 0.0544041453125
0 0.1927480921875 0 0.18320610625 0.0129533671875 0.18320610625 0.038860103125 0.171755725 0.10103626875 0.171755725 0.14766839375000002 0.1793893125 0.1683937828125 0.1793893125 0.1891191703125 0.18320610625 0.2046632125 0.2232824421875 0.2487046625 0.24045801562500002 0.2461139890625 0.2576335875 0.21761657968749998 0.2843511453125 0.2072538859375 0.3015267171875 0.1787564765625 0.3053435109375 0.16321243593749998 0.3015267171875 0.0544041453125 0.29770992343749997 0.0492227984375 0.29770992343749997 0.0233160625 0.2881679390625 0 0.1927480921875 0
0 0.36068702343750003 0 0.3511450375 0.0077720203125 0.34732824375 0.0233160625 0.33969465625 0.1373057 0.32442748125 0.16321243593749998 0.34351145 0.1787564765625 0.33969465625 0.2357512953125 0.35877862656250004 0.313471503125 0.3835877859375 0.3316062171875 0.40076335937499996 0.32901554375000003 0.42175572499999997 0.30051813437499997 0.427480915625 0.3031088078125 0.45038167968750004 0.199481865625 0.4694656484375 0.16321243593749998 0.48091603125000004 0.095854921875 0.4770992359375 0.08031088125 0.48091603125000004 0.0492227984375 0.4732824421875 0.044041449999999996 0.4694656484375 0.0129533671875 0.4732824421875 0.0077720203125 0.46374045781250006 0 0.36068702343750003 0
0 0.5248091609375 0.005181346875 0.51908396875 0.0233160625 0.51908396875 0.1062176171875 0.515267175 0.11139896406250001 0.5229007640625001 0.152849740625 0.5534351140625 0.22020725312499997 0.5820610687500001 0.2590673578125 0.5896946562500001 0.25388601093749996 0.59351145 0.2590673578125 0.6106870234375 0.25647668437500004 0.6202290078125 0.243523315625 0.6374045796875001 0.2409326421875 0.6450381671875001 0.22020725312499997 0.6450381671875001 0.2046632125 0.6603053437499999 0.1683937828125 0.6717557249999999 0.09067357499999999 0.6679389312499999 0.075129534375 0.6679389312499999 0.0025906734375 0.5400763359375 0 0.5248091609375 0.005181346875
0 0.7232824421874999 0 0.7099236640625 0.018134715625 0.7137404578125001 0.10103626875 0.7251908390625 0.152849740625 0.748091603125 0.1839378234375 0.767175571875 0.23056994843749998 0.7824427484375 0.32901554375000003 0.7938931296875 0.34974093281249996 0.8091603046875001 0.2927461140625 0.8396946562500001 0.2461139890625 0.8435114499999999 0.23056994843749998 0.8435114499999999 0.1839378234375 0.8549618328124999 0.16321243593749998 0.8549618328124999 0.1321243515625 0.8625954203124999 0.11139896406250001 0.8625954203124999 0.0077720203125 0.8568702296874999 0 0.7232824421874999 0
0 1 0.0025906734375 0.8797709921875001 0 0.8702290078124999 0.0077720203125 0.8664122140625 0.044041449999999996 0.8664122140625 0.1373057 0.8740458015625 0.16321243593749998 0.8893129765625 0.1839378234375 0.904580153125 0.2409326421875 0.9274809156250001 0.277202071875 0.9427480921875 0.33937823906250003 0.9618320609375001 0.3549222796875 0.9656488546875 0.37564766875 0.9770992359375 0.39119170937500003 0.9790076328125 0.3834196890625 0.982824428125 0.3886010359375 1 0.37564766875 1 0.0025906734375