0 0.35436893281250004 0.5 0.322815534375 0.528571428125 0.2888349515625 0.596428571875 0.2864077671875 0.7321428578125 0.3082524265625 0.771428571875 0.3810679609375 0.828571428125 0.432038834375 0.828571428125 0.483009709375 0.7892857140625 0.5097087375 0.75 0.5218446609375 0.6142857140625 0.4660194171875 0.5107142859375 0.35436893281250004 0.5
0 0.7111650484375 0.4 0.6893203890625 0.3428571421875 0.672330096875 0.32142857187499996 0.6092233015625 0.3 0.57038835 0.30357142812500004 0.5291262140625 0.33214285781249997 0.4757281546875 0.42142857187500005 0.46844660156250006 0.4892857140625 0.47815533906249996 0.528571428125 0.5315533984374999 0.5857142859375 0.563106796875 0.5928571421875 0.6213592234374999 0.575 0.6941747578124999 0.521428571875 0.7135922328125 0.475 0.7111650484375 0.4
0 0.769417475 0.7928571421874999 0.76456310625 0.6892857140624999 0.7791262140625 0.625 0.7742718453124999 0.6071428578125 0.7111650484375 0.5607142859375001 0.6917475734375 0.5607142859375001 0.67475728125 0.5821428578125001 0.6213592234374999 0.575 0.577669903125 0.5928571421875 0.563106796875 0.675 0.58495145625 0.7678571421875 0.6043689328124999 0.7892857140625 0.6213592234374999 0.8357142859375 0.686893203125 0.8678571421875001 0.7160194171875001 0.8678571421875001 0.7402912625 0.853571428125 0.769417475 0.7928571421874999
0 0.1990291265625 0.8892857140625001 0.2160194171875 0.8857142859374999 0.1966019421875 0.8392857140625001 0.1990291265625 0.7892857140625 0.2087378640625 0.7428571421875 0.24757281562500003 0.7 0.24757281562500003 0.6821428578125001 0.2233009703125 0.6428571421875 0.19174757343749999 0.628571428125 0.1699029125 0.6 0.1383495140625 0.5928571421875 0.11893203906250001 0.603571428125 0.1092233015625 0.6321428578125 0.06310679687500001 0.6357142859375 0.031553398437500005 0.6964285718750001 0.0364077671875 0.7321428578125 0.0291262140625 0.761428571875 0.027184465624999998 0.7942857140624999 0.0412621359375 0.8607142859374999 0.07524271875 0.9285714281249999 0.18446601875 0.9285714281249999 0.1990291265625 0.8892857140625001
0 0.2888349515625 0.121428571875 0.2087378640625 0.1428571421875 0.17475728125 0.1928571421875 0.172330096875 0.30357142812500004 0.22087378593749998 0.371428571875 0.262135921875 0.375 0.3009708734375 0.3571428578125 0.3640776703125 0.296428571875 0.3762135921875 0.21785714218750002 0.3689320390625 0.175 0.3300970875 0.125 0.2888349515625 0.121428571875
0 0.342233009375 0.4928571421875 0.46844660156250006 0.5 0.4733009703125 0.425 0.50485436875 0.35357142812500003 0.44174757343750004 0.3107142859375 0.3665048546875 0.3 0.337378640625 0.328571428125 0.32524271875 0.371428571875 0.342233009375 0.4928571421875
0 0.16504854375 0.3178571421875 0.1383495140625 0.35357142812500003 0.12378640781250001 0.4 0.1310679609375 0.5821428578125001 0.266990290625 0.6678571421874999 0.2839805828125 0.6 0.3082524265625 0.5607142859375001 0.2961165046875 0.446428571875 0.2718446609375 0.40714285781250004 0.269417475 0.378571428125 0.2257281546875 0.371428571875 0.16504854375 0.3178571421875
0 1 0.6892857140624999 0.932038834375 0.6142857140625 0.8956310671875001 0.6071428578125 0.8932038828125 0.625 0.8543689328124999 0.603571428125 0.82038835 0.603571428125 0.7815533984374999 0.6357142859375 0.766990290625 0.6892857140624999 0.769417475 0.746428571875 0.7985436890625001 0.8107142859375 0.8058252421875001 0.875 0.8519417468749999 0.9285714281249999 1 0.9285714281249999 1 0.7821428578125 0.9927184468749999 0.7642857140625 1 0.753571428125 1 0.6892857140624999
0 0.81953125 0.47265625 0.2546875 0.2609375
0 0.43359375 0.10390625 0.2078125 0.2015625
0 0.11875 0.2359375 0.1296875 0.2578125
0 0.64140625 0.25703125 0.234375 0.2296875
0 0.9171875 0.27109375 0.1640625 0.3140625
0 0.61484375 0.103125 0.1875 0.1921875
0 0.84296875 0.084375 0.23125 0.1625