0 0.2325 0.44437499999999996 0.2308333328125 0.42062499999999997 0.22125 0.39625 0.21291666718750002 0.38875000000000004 0.20458333281250002 0.38875000000000004 0.1933333328125 0.41312499999999996 0.19583333281249998 0.441875 0.20875 0.44375 0.2225 0.456875 0.2325 0.44437499999999996
0 0.1833333328125 0.46187500000000004 0.195 0.44437499999999996 0.19583333281249998 0.43062500000000004 0.1925 0.416875 0.18375 0.4025 0.17124999999999999 0.39875 0.155 0.41937499999999994 0.1516666671875 0.44312500000000005 0.1570833328125 0.45625 0.17041666718749998 0.4525 0.1833333328125 0.46187500000000004
0 0.2 0.39187500000000003 0.1966666671875 0.369375 0.18625 0.35625 0.17375000000000002 0.35750000000000004 0.1583333328125 0.38937499999999997 0.1591666671875 0.39437500000000003 0.16458333281249998 0.4025 0.17791666718750002 0.39875 0.1933333328125 0.410625 0.2 0.39187500000000003
0 0.2258333328125 0.471875 0.21458333281250003 0.44875 0.19875 0.4425 0.1866666671875 0.46312499999999995 0.1891666671875 0.490625 0.1954166671875 0.5037499999999999 0.215 0.5081249999999999 0.2266666671875 0.489375 0.2258333328125 0.471875
0 0.17333333281250002 0.526875 0.1875 0.506875 0.1883333328125 0.48312499999999997 0.1825 0.464375 0.17541666718749999 0.45499999999999996 0.16375 0.4525 0.1516666671875 0.469375 0.1458333328125 0.500625 0.1495833328125 0.5125 0.16458333281249998 0.5275000000000001 0.17333333281250002 0.526875
0 0.1079166671875 0.4925 0.13 0.495625 0.1358333328125 0.488125 0.13333333281249998 0.46187500000000004 0.1366666671875 0.440625 0.1295833328125 0.42874999999999996 0.12125 0.42625 0.10500000000000001 0.44437499999999996 0.0991666671875 0.46312499999999995 0.0991666671875 0.47437500000000005 0.1025 0.48687500000000006 0.1079166671875 0.4925
0 0.1395833328125 0.44749999999999995 0.14750000000000002 0.446875 0.1508333328125 0.44312500000000005 0.1541666671875 0.418125 0.1525 0.40437500000000004 0.1404166671875 0.38125 0.1295833328125 0.38 0.1158333328125 0.396875 0.1125 0.414375 0.1179166671875 0.425 0.1320833328125 0.43125 0.1395833328125 0.44749999999999995
0 0.0908333328125 0.42312500000000003 0.0875 0.449375 0.1 0.45437500000000003 0.11750000000000001 0.42437500000000006 0.11125 0.41125 0.10124999999999999 0.4125 0.0908333328125 0.42312500000000003
0 0.08375 0.47000000000000003 0.0775 0.490625 0.0783333328125 0.5181250000000001 0.0845833328125 0.52625 0.09 0.525625 0.10500000000000001 0.49437499999999995 0.09625 0.46749999999999997 0.08375 0.47000000000000003
0 0.13 0.530625 0.12625 0.515 0.11125 0.49625 0.10541666718750001 0.495 0.0991666671875 0.501875 0.0941666671875 0.516875 0.0916666671875 0.5443749999999999 0.09875 0.5599999999999999 0.11499999999999999 0.565625 0.13 0.530625
0 0.1008333328125 0.565625 0.0941666671875 0.556875 0.0908333328125 0.5393749999999999 0.08375 0.5287499999999999 0.06875 0.53 0.054166667187499996 0.553125 0.055833332812500004 0.5706249999999999 0.06375 0.58125 0.0725 0.5818749999999999 0.1008333328125 0.565625
0 0.07125000000000001 0.4875 0.061250000000000006 0.4925 0.0508333328125 0.5181250000000001 0.05375 0.53 0.0633333328125 0.535625 0.0783333328125 0.5193749999999999 0.0775 0.491875 0.07125000000000001 0.4875
0 0.11416666718749999 0.596875 0.10458333281250001 0.57375 0.0845833328125 0.57375 0.06999999999999999 0.5856250000000001 0.0675 0.604375 0.07291666718749999 0.61875 0.1 0.628125 0.1066666671875 0.624375 0.11416666718749999 0.596875
0 0.13874999999999998 0.65625 0.14666666718750002 0.645625 0.15 0.620625 0.1454166671875 0.6075 0.12375 0.595 0.1116666671875 0.6068749999999999 0.1058333328125 0.6443749999999999 0.1145833328125 0.6599999999999999 0.1275 0.660625 0.13874999999999998 0.65625
0 0.14750000000000002 0.596875 0.15625 0.5925 0.16999999999999998 0.5756249999999999 0.1716666671875 0.558125 0.1625 0.525625 0.15125 0.51375 0.1429166671875 0.51375 0.1291666671875 0.536875 0.1241666671875 0.571875 0.13125 0.58875 0.14750000000000002 0.596875
0 0.19583333281249998 0.646875 0.20166666718749998 0.624375 0.1883333328125 0.589375 0.1820833328125 0.5825 0.17375000000000002 0.5825 0.155 0.608125 0.1525 0.626875 0.1604166671875 0.6599999999999999 0.1808333328125 0.661875 0.19583333281249998 0.646875
0 0.2225 0.569375 0.2258333328125 0.548125 0.2116666671875 0.5118750000000001 0.19875 0.5037499999999999 0.18875 0.5075000000000001 0.1775 0.524375 0.17333333281250002 0.556875 0.1845833328125 0.5825 0.20166666718749998 0.589375 0.2225 0.569375
0 0.21208333281249997 0.6425 0.23583333281250002 0.653125 0.24416666718750002 0.6481250000000001 0.2508333328125 0.628125 0.2508333328125 0.6056250000000001 0.2429166671875 0.58375 0.2270833328125 0.575 0.21208333281249997 0.5825 0.20458333281250002 0.5925 0.1916666671875 0.590625 0.19583333281249998 0.609375 0.21208333281249997 0.6425
0 0.2541666671875 0.546875 0.25666666718750003 0.520625 0.24041666718750002 0.485 0.2295833328125 0.485 0.2166666671875 0.510625 0.2166666671875 0.520625 0.2270833328125 0.545 0.23625 0.55625 0.2425 0.555625 0.2541666671875 0.546875
0 0.2616666671875 0.479375 0.25666666718750003 0.45562500000000006 0.2470833328125 0.4375 0.23541666718749998 0.43875000000000003 0.2233333328125 0.460625 0.22749999999999998 0.484375 0.24041666718750002 0.485 0.2520833328125 0.50625 0.2558333328125 0.506875 0.2616666671875 0.479375
0 0.2833333328125 0.528125 0.27125 0.5125 0.2579166671875 0.51375 0.255 0.548125 0.26375000000000004 0.5475 0.2679166671875 0.5599999999999999 0.27999999999999997 0.568125 0.2866666671875 0.559375 0.2833333328125 0.528125
0 0.2841666671875 0.599375 0.2833333328125 0.584375 0.27291666718749996 0.56375 0.2554166671875 0.5599999999999999 0.24 0.569375 0.2375 0.576875 0.24666666718750002 0.590625 0.2520833328125 0.61 0.2725 0.6118750000000001 0.2841666671875 0.599375
0 0.2366666671875 0.744375 0.2479166671875 0.75875 0.26 0.7618750000000001 0.2995833328125 0.7575000000000001 0.31083333281250003 0.743125 0.3158333328125 0.716875 0.3116666671875 0.696875 0.3020833328125 0.67625 0.2545833328125 0.67625 0.2470833328125 0.67875 0.2425 0.686875 0.2341666671875 0.725625 0.2366666671875 0.744375
0 0.2316666671875 0.8143750000000001 0.2416666671875 0.784375 0.2366666671875 0.759375 0.2104166671875 0.72375 0.18875 0.725 0.18 0.7418750000000001 0.18 0.764375 0.19 0.786875 0.19875 0.79875 0.21125 0.8012499999999999 0.2316666671875 0.8143750000000001
0 0.12208333281249999 0.8574999999999999 0.1591666671875 0.8568749999999999 0.1708333328125 0.843125 0.1875 0.803125 0.1883333328125 0.783125 0.17791666718750002 0.76375 0.17041666718749998 0.76125 0.16125 0.75 0.12875 0.75 0.11416666718749999 0.783125 0.11333333281249999 0.840625 0.12208333281249999 0.8574999999999999
0 0.054166667187499996 0.7106250000000001 0.0516666671875 0.7306250000000001 0.054166667187499996 0.756875 0.0645833328125 0.7775000000000001 0.08625000000000001 0.79 0.1 0.7893749999999999 0.11125 0.7837500000000001 0.12250000000000001 0.7581249999999999 0.1266666671875 0.740625 0.1266666671875 0.719375 0.1208333328125 0.703125 0.11041666718750001 0.6900000000000001 0.09875 0.6837500000000001 0.07375000000000001 0.6849999999999999 0.0654166671875 0.6912499999999999 0.054166667187499996 0.7106250000000001
0 0.0283333328125 0.8568749999999999 0.03 0.8706250000000001 0.0404166671875 0.8875 0.0758333328125 0.8943749999999999 0.0904166671875 0.8887499999999999 0.1025 0.871875 0.1041666671875 0.8618750000000001 0.0958333328125 0.805625 0.08125 0.7875 0.0670833328125 0.78125 0.05 0.8006249999999999 0.0491666671875 0.818125 0.029166667187500002 0.844375 0.0283333328125 0.8568749999999999
0 0.0158333328125 0.968125 0.0279166671875 0.9875 0.0420833328125 0.99375 0.0625 0.993125 0.0920833328125 0.9800000000000001 0.0933333328125 0.953125 0.08249999999999999 0.914375 0.07625 0.905 0.0645833328125 0.89375 0.0495833328125 0.8925000000000001 0.0183333328125 0.921875 0.013333332812500001 0.9393750000000001 0.013333332812500001 0.954375 0.0158333328125 0.968125
0 0.175 0.858125 0.1875 0.9018750000000001 0.1945833328125 0.9087500000000001 0.2058333328125 0.909375 0.23541666718749998 0.9012499999999999 0.24666666718750002 0.871875 0.24666666718750002 0.851875 0.24 0.829375 0.2295833328125 0.8150000000000001 0.2029166671875 0.8 0.19125 0.80375 0.1825 0.815625 0.1766666671875 0.8318749999999999 0.175 0.858125
0 0.10375000000000001 0.9637499999999999 0.11625 0.9724999999999999 0.13374999999999998 0.98125 0.1583333328125 0.983125 0.1766666671875 0.959375 0.1775 0.8943749999999999 0.1675 0.869375 0.1570833328125 0.85875 0.13374999999999998 0.8574999999999999 0.11416666718749999 0.878125 0.0983333328125 0.911875 0.0941666671875 0.930625 0.095 0.9481249999999999 0.10375000000000001 0.9637499999999999
0 0.24416666718750002 0.9081250000000001 0.2533333328125 0.9643750000000001 0.26375000000000004 0.975 0.2725 0.974375 0.28958333281250004 0.9724999999999999 0.3095833328125 0.95625 0.32166666718750003 0.9331250000000001 0.3225 0.911875 0.3183333328125 0.889375 0.3095833328125 0.8787499999999999 0.2770833328125 0.8612500000000001 0.26208333281249996 0.8612500000000001 0.2491666671875 0.884375 0.24416666718750002 0.9081250000000001
0 0.2416666671875 0.8256249999999999 0.2475 0.853125 0.25125000000000003 0.85875 0.3008333328125 0.865625 0.31375000000000003 0.8612500000000001 0.325 0.838125 0.3241666671875 0.818125 0.315 0.775625 0.3070833328125 0.7625 0.2995833328125 0.75875 0.27208333281249997 0.7625 0.2545833328125 0.78125 0.24333333281249997 0.8018750000000001 0.2416666671875 0.8256249999999999
0 0.13 0.095625 0.1241666671875 0.114375 0.1025 0.15562499999999999 0.1025 0.184375 0.1245833328125 0.22125 0.1520833328125 0.23500000000000001 0.1708333328125 0.234375 0.1845833328125 0.22999999999999998 0.19583333281249998 0.21437499999999998 0.2 0.199375 0.20249999999999999 0.15812500000000002 0.1966666671875 0.12562500000000001 0.18416666718750002 0.095625 0.1720833328125 0.08249999999999999 0.15625 0.07625 0.1395833328125 0.08249999999999999 0.13 0.095625
0 0.5445833328125 0.11125 0.52625 0.1275 0.5158333328125 0.143125 0.49833333281250003 0.18812500000000001 0.49749999999999994 0.22312500000000002 0.5058333328125 0.250625 0.5170833328125 0.26625 0.5270833328125 0.27375 0.5375 0.274375 0.5554166671874999 0.265 0.5862499999999999 0.2375 0.595 0.224375 0.5991666671875 0.206875 0.5974999999999999 0.178125 0.6033333328125 0.16312500000000002 0.595 0.138125 0.58125 0.12125 0.5645833328125 0.11125 0.5445833328125 0.11125
0 0.5379166671875 0.027500000000000004 0.5208333328125 0.059375 0.5208333328125 0.083125 0.5304166671874999 0.1075 0.5425 0.11187499999999999 0.5754166671875 0.11125 0.59875 0.1 0.6158333328125 0.078125 0.6233333328125 0.061875 0.6241666671874999 0.041875 0.6183333328125 0.023125 0.6004166671875 0.0075 0.58125 0.00375 0.5620833328125 0.008749999999999999 0.5379166671875 0.027500000000000004
0 0.6633333328125001 0.075625 0.6445833328125 0.06875 0.6204166671875 0.0725 0.5991666671875 0.10187500000000001 0.5958333328125 0.113125 0.595 0.13187500000000002 0.6041666671875 0.160625 0.6354166671875 0.1625 0.6633333328125001 0.18562499999999998 0.6633333328125001 0.075625
0 0.5733333328125 0.253125 0.5733333328125 0.273125 0.5833333328125 0.294375 0.5866666671874999 0.313125 0.5954166671875 0.3225 0.6133333328125 0.321875 0.65125 0.28250000000000003 0.6633333328125001 0.260625 0.6633333328125001 0.193125 0.6487499999999999 0.17250000000000001 0.62625 0.16 0.6070833328125 0.16375 0.6008333328125001 0.171875 0.5991666671875 0.210625 0.595 0.22562500000000002 0.5733333328125 0.253125
0 0.5004166671875 0.32375 0.5841666671875 0.323125 0.585 0.304375 0.5808333328125 0.291875 0.5662499999999999 0.27125 0.5579166671875 0.26625 0.53625 0.27625 0.5254166671875 0.27375 0.50875 0.26 0.49749999999999994 0.286875 0.4966666671875 0.315625 0.5004166671875 0.32375
0 0.40458333281250003 0.2975 0.41541666718750003 0.30625 0.42291666718750004 0.32375 0.44000000000000006 0.323125 0.4483333328125 0.31437499999999996 0.4575 0.286875 0.45416666718750004 0.260625 0.44625000000000004 0.2425 0.43958333281249995 0.2375 0.4220833328125 0.2375 0.39249999999999996 0.263125 0.3866666671875 0.28312499999999996 0.3879166671875 0.29874999999999996 0.40458333281250003 0.2975
0 0.4575 0.274375 0.4716666671875 0.30062500000000003 0.4795833328125 0.31124999999999997 0.4883333328125 0.31437499999999996 0.49583333281249997 0.311875 0.49749999999999994 0.284375 0.5075000000000001 0.254375 0.49749999999999994 0.226875 0.4966666671875 0.200625 0.4845833328125 0.195 0.4620833328125 0.20875 0.45083333281250004 0.228125 0.45 0.246875 0.4575 0.274375
0 0.46791666718749997 0.60625 0.475 0.594375 0.49583333281249997 0.5231250000000001 0.49083333281249997 0.501875 0.4766666671875 0.489375 0.4683333328125 0.460625 0.4608333328125 0.453125 0.4470833328125 0.425 0.4375 0.41937499999999994 0.4204166671875 0.38625 0.40708333281250003 0.38 0.39875 0.3875 0.3829166671875 0.37625000000000003 0.37374999999999997 0.37625000000000003 0.3654166671875 0.385 0.34541666718749997 0.385 0.3366666671875 0.40062499999999995 0.3358333328125 0.635625 0.3375 0.651875 0.34125 0.655 0.3595833328125 0.65125 0.36124999999999996 0.6587500000000001 0.3604166671875 0.6475 0.3795833328125 0.645 0.3795833328125 0.6575 0.36833333281249997 0.655625 0.3675 0.659375 0.37333333281250003 0.663125 0.36833333281249997 0.6693749999999999 0.36833333281249997 0.676875 0.3891666671875 0.678125 0.4 0.665625 0.3983333328125 0.6481250000000001 0.3904166671875 0.64375 0.3891666671875 0.6368750000000001 0.40041666718749996 0.6212500000000001 0.4129166671875 0.6212500000000001 0.42374999999999996 0.63125 0.42874999999999996 0.6287499999999999 0.43208333281250005 0.6325000000000001 0.46791666718749997 0.60625
0 0.6208333328125 0.383125 0.6233333328125 0.369375 0.6174999999999999 0.348125 0.6045833328125 0.3375 0.58875 0.33625 0.45541666718749996 0.33875 0.45499999999999996 0.365625 0.4591666671875 0.374375 0.4566666671875 0.401875 0.4683333328125 0.45062499999999994 0.48208333281250004 0.45999999999999996 0.5029166671875 0.49375 0.5108333328125 0.49812500000000004 0.5479166671875 0.4375 0.5579166671875 0.425 0.5745833328125001 0.41500000000000004 0.5845833328125 0.4175 0.5991666671875 0.45187499999999997 0.6054166671875 0.45499999999999996 0.6108333328125 0.434375 0.61875 0.43 0.625 0.414375 0.6208333328125 0.383125
0 0.775 0.594375 0.7825 0.576875 0.7825 0.558125 0.7783333328125 0.548125 0.7833333328125 0.521875 0.7816666671875 0.5118750000000001 0.7733333328125 0.500625 0.7766666671875 0.48687500000000006 0.7741666671874999 0.46312499999999995 0.7625 0.453125 0.76 0.436875 0.7520833328125 0.42125 0.7254166671875 0.3975 0.69875 0.3975 0.6912499999999999 0.40499999999999997 0.68125 0.39875 0.6554166671874999 0.40625 0.6370833328125001 0.42000000000000004 0.6279166671875 0.4325 0.6170833328125 0.43375 0.6041666671875 0.465625 0.6025 0.525625 0.5991666671875 0.5493750000000001 0.5916666671875 0.5706249999999999 0.5958333328125 0.595625 0.6154166671875 0.63 0.64375 0.61875 0.6433333328125 0.6131249999999999 0.6508333328125 0.6068749999999999 0.65125 0.59875 0.6554166671874999 0.6 0.6670833328125 0.5900000000000001 0.6758333328125 0.6068749999999999 0.6704166671875 0.61875 0.6641666671875 0.623125 0.6633333328125001 0.630625 0.6591666671875 0.631875 0.6566666671875 0.641875 0.6483333328125 0.6481250000000001 0.6516666671875 0.6643749999999999 0.6483333328125 0.6693749999999999 0.6483333328125 0.686875 0.6654166671875 0.7175 0.6720833328125 0.7212500000000001 0.6854166671875 0.7175 0.7033333328125 0.729375 0.7116666671874999 0.724375 0.7154166671875 0.71 0.7354166671875 0.70125 0.7433333328125 0.683125 0.7583333328124999 0.6643749999999999 0.7658333328125 0.646875 0.7675 0.626875 0.7741666671874999 0.618125 0.7766666671875 0.6068749999999999 0.775 0.594375
0 0.6566666671875 0.764375 0.6575 0.7318749999999999 0.6541666671875 0.715625 0.6320833328125001 0.67125 0.6120833328125 0.6599999999999999 0.5454166671875 0.6475 0.52125 0.67875 0.5020833328125 0.6950000000000001 0.4829166671875 0.7025 0.46791666718749997 0.7 0.46749999999999997 0.6693749999999999 0.4604166671875 0.67125 0.45416666718750004 0.693125 0.45583333281250005 0.7318749999999999 0.45 0.765625 0.45 0.785625 0.45499999999999996 0.8143750000000001 0.475 0.853125 0.4733333328125 0.898125 0.48125 0.915 0.5104166671875 0.9349999999999999 0.5254166671875 0.94375 0.5508333328125 0.945625 0.56875 0.9337500000000001 0.58125 0.9337500000000001 0.5991666671875 0.9106249999999999 0.6108333328125 0.878125 0.6116666671875 0.859375 0.6174999999999999 0.853125 0.61 0.8306250000000001 0.6329166671875 0.82 0.6466666671875 0.795625 0.6566666671875 0.764375
0 0.7758333328125 1 0.7845833328125 0.9974999999999999 0.8054166671875 0.9724999999999999 0.8129166671875 0.9712500000000001 0.825 0.945625 0.8324999999999999 0.909375 0.8324999999999999 0.8856249999999999 0.8275 0.8731249999999999 0.8241666671875001 0.828125 0.8195833328125 0.8162499999999999 0.80625 0.8125 0.795 0.788125 0.7770833328125 0.76375 0.76125 0.755 0.74875 0.735 0.7379166671874999 0.7262500000000001 0.7070833328125 0.7325 0.68625 0.72875 0.6820833328125 0.7462500000000001 0.6704166671875 0.745 0.6641666671875 0.749375 0.6599999999999999 0.759375 0.6599999999999999 0.783125 0.6508333328125 0.790625 0.645 0.8143750000000001 0.6341666671875 0.8318749999999999 0.6341666671875 0.881875 0.63 0.896875 0.6358333328125 0.9181250000000001 0.6333333328124999 0.938125 0.6425 0.960625 0.6425 0.976875 0.65125 0.9949999999999999 0.6620833328125 1 0.7758333328125 1
0 0.91375 0.5275000000000001 0.90625 0.515 0.8945833328124999 0.515 0.8829166671875001 0.50125 0.8670833328124999 0.50125 0.8595833328125 0.495 0.8462500000000001 0.49375 0.8404166671875 0.5037499999999999 0.8262499999999999 0.50125 0.8162499999999999 0.50875 0.8133333328125 0.516875 0.8158333328125 0.530625 0.8004166671874999 0.5325 0.7858333328125 0.561875 0.7849999999999999 0.588125 0.7716666671875 0.628125 0.7725 0.640625 0.7525000000000001 0.683125 0.7525000000000001 0.690625 0.76 0.7056250000000001 0.7608333328125 0.724375 0.76875 0.7325 0.7804166671874999 0.735 0.7858333328125 0.754375 0.7920833328125 0.76375 0.8045833328124999 0.765 0.8095833328125 0.7887500000000001 0.8454166671875001 0.8087500000000001 0.8679166671875 0.8087500000000001 0.8770833328125001 0.80625 0.8904166671875 0.7925 0.9004166671875 0.7975 0.9120833328125 0.79375 0.9225 0.778125 0.9270833328125001 0.7625 0.9458333328125 0.748125 0.9483333328124999 0.718125 0.9529166671875 0.71375 0.9641666671875001 0.759375 0.9833333328125 0.798125 1 0.818125 0.9983333328124999 0.608125 0.97625 0.57875 0.9604166671875 0.57125 0.9529166671875 0.54875 0.9487500000000001 0.575 0.9475 0.564375 0.9412499999999999 0.55625 0.9291666671875 0.5543750000000001 0.9220833328125 0.5325 0.91375 0.5275000000000001
0 0.8300000000000001 0.361875 0.8324999999999999 0.375625 0.8300000000000001 0.38937499999999997 0.835 0.403125 0.8358333328124999 0.429375 0.8395833328125001 0.43875000000000003 0.8491666671875 0.445625 0.8550000000000001 0.464375 0.8620833328125 0.47000000000000003 0.8670833328124999 0.46749999999999997 0.89375 0.5 0.9216666671875 0.506875 0.9279166671875 0.49625 0.9495833328125001 0.5 0.9654166671875 0.48624999999999996 0.9858333328125 0.453125 0.9875 0.441875 1 0.428125 0.9995833328125 0.3375 0.8529166671875 0.33625 0.8412499999999999 0.34125 0.8300000000000001 0.361875
0 0.4066666671875 0.8731249999999999 0.41166666718749995 0.866875 0.4170833328125 0.8474999999999999 0.4483333328125 0.8318749999999999 0.43208333281250005 0.79 0.4179166671875 0.8150000000000001 0.40208333281249997 0.82875 0.3375 0.849375 0.3375 0.976875 0.3554166671875 0.98375 0.3604166671875 0.9962500000000001 0.3745833328125 0.9962500000000001 0.38875000000000004 0.9887499999999999 0.39 0.9981249999999999 0.39416666718750004 1 0.40625 0.9962500000000001 0.4270833328125 0.97625 0.4420833328125 0.9737500000000001 0.4483333328125 0.940625 0.45416666718750004 0.9331250000000001 0.45416666718750004 0.9018750000000001 0.45999999999999996 0.8881249999999999 0.45541666718749996 0.8724999999999999 0.4129166671875 0.8787499999999999 0.4066666671875 0.8731249999999999
0 0.7424999999999999 0.099375 0.7370833328125 0.13125 0.7179166671874999 0.135 0.7008333328125 0.15812500000000002 0.6966666671875 0.179375 0.7008333328125 0.22562500000000002 0.7270833328124999 0.26625 0.7604166671875 0.28125 0.8091666671875 0.281875 0.8237500000000001 0.27375 0.8470833328125 0.2525 0.8533333328125 0.241875 0.8625 0.21937500000000001 0.8616666671875001 0.170625 0.8474999999999999 0.136875 0.8154166671875 0.0875 0.78625 0.07625 0.75875 0.08249999999999999 0.7424999999999999 0.099375
0 0.7729166671875001 0.075 0.79125 0.07625 0.8162499999999999 0.0875 0.8633333328124999 0.165625 0.8800000000000001 0.14937499999999998 0.8858333328124999 0.121875 0.8858333328124999 0.081875 0.8704166671875001 0.04375 0.8470833328125 0.026250000000000002 0.8304166671875001 0.025 0.7954166671875 0.03875 0.78125 0.052500000000000005 0.7733333328125 0.06687499999999999 0.7729166671875001 0.075
0 0.865 0.170625 0.8641666671875001 0.21812499999999999 0.8525 0.253125 0.8629166671874999 0.2625 0.88125 0.26 0.89 0.281875 0.9029166671875 0.29500000000000004 0.9291666671875 0.296875 0.95875 0.28375 0.9716666671875 0.258125 0.975 0.22312500000000002 0.9666666671874999 0.183125 0.9495833328125001 0.15875 0.9304166671875 0.14750000000000002 0.9020833328125001 0.14375 0.8879166671875 0.14750000000000002 0.8712500000000001 0.16 0.865 0.170625