0 0.184375 0.246875 0.21875 0.259375
0 0.434375 0.22578125 0.20625 0.31875
0 0.73125 0.159375 0.21875 0.3015625
0 0.915625 0.28046875 0.16875 0.3609375
0 0.6390625 0.3953125 0.165625 0.2640625
0 0.475 0.53359375 0.25 0.321875
0 0.271875 0.50234375 0.2125 0.275
0 0.0515625 0.44140625 0.096875 0.2390625
0 0.0953125 0.78671875 0.184375 0.275
0 0.384375 0.828125 0.2 0.34375
0 0.26875 0.76328125 0.14375 0.25625
0 0.5671875 0.91796875 0.234375 0.1640625
0 0.70625 0.6984375 0.2625 0.3515625
0 0.9171875 0.76796875 0.165625 0.3484375
0 0.828125 0.55234375 0.1875 0.2265625