0 0.4265625 0.34453125 0.759375 0.3328125
0 0.26953125 0.828125 0.5359375 0.3421875
0 0.50234375 0.90390625 0.1984375 0.1921875
0 0.7015625 0.89453125 0.596875 0.2109375
0 0.64609375 0.7984375 0.44375 0.209375
0 0.86015625 0.76953125 0.2796875 0.1328125
0 0.8140625 0.67265625 0.371875 0.221875
0 0.690625 0.5265625 0.61875 0.321875
0 0.82578125 0.29921875 0.3484375 0.3109375
0 0.6953125 0.2328125 0.365625 0.396875
0 0.6421875 0.04765625 0.615625 0.0828125
0 0.17421875 0.10546875 0.3484375 0.1859375
0 0.12421875 0.303125 0.2484375 0.60625
0 0.09296875 0.628125 0.178125 0.740625