0 0.33976833906250004 0.682989690625 0.33204633281249996 0.8582474234375 0.347490346875 0.9097938140625 0.37451737500000004 0.914948453125 0.389961390625 0.8788659796875 0.3976833984375 0.760309278125 0.42084942031250006 0.6159793812500001 0.44015444062500003 0.5438144328125001 0.459459459375 0.5025773203125 0.459459459375 0.48711340156249994 0.4459459453125 0.4742268046875 0.38223938281250003 0.5386597937500001 0.359073359375 0.595360825 0.33976833906250004 0.682989690625
0 0.40540540468749997 0.7242268046875 0.40154440156250004 0.8788659796875 0.4131274125 0.92525773125 0.42277992343750004 0.9381443296875001 0.44401544375 0.9355670109374999 0.4517374515625 0.930412371875 0.46718146718750003 0.8788659796875 0.46718146718750003 0.8118556703124999 0.48648648593750005 0.6211340203125 0.48648648593750005 0.48711340156249994 0.4768339765625 0.47938144375 0.46332046406250005 0.48711340156249994 0.459459459375 0.5180412375000001 0.43629343593750003 0.5644329890625001 0.40540540468749997 0.7242268046875
0 0.46718146718750003 0.8273195875000001 0.46718146718750003 0.8788659796875 0.478764478125 0.914948453125 0.50579150625 0.914948453125 0.5289575296875 0.8634020625 0.54440154375 0.7087628859375 0.54440154375 0.6005154640625 0.525096525 0.5025773203125 0.5115830109374999 0.47938144375 0.49034749062499994 0.48711340156249994 0.49420849375 0.5180412375000001 0.48648648593750005 0.5438144328125001 0.48648648593750005 0.6365979375 0.46718146718750003 0.8273195875000001
0 0.41891891875000004 0.412371134375 0.40347490312499995 0.4226804125 0.38223938281250003 0.4561855671875 0.38223938281250003 0.46649484531249996 0.37451737500000004 0.48195876249999997 0.37451737500000004 0.49226804062499996 0.3667953671875 0.5128865984375001 0.3667953671875 0.5335051546875 0.3629343625 0.5386597937500001 0.3629343625 0.5798969078125 0.3667953671875 0.5798969078125 0.38223938281250003 0.5386597937500001 0.40347490312499995 0.510309278125 0.41891891875000004 0.5051546390625 0.4324324328125 0.48711340156249994 0.44401544375 0.4561855671875 0.44015444062500003 0.4458762890625 0.44015444062500003 0.43556701093749994 0.44401544375 0.430412371875 0.434362934375 0.4175257734375 0.41891891875000004 0.412371134375
0 0.308880309375 0.548969071875 0.3127413125 0.585051546875 0.32432432499999997 0.6211340203125 0.33204633281249996 0.703608246875 0.3359073359375 0.703608246875 0.3513513515625 0.626288659375 0.34362934375 0.5438144328125001 0.328185328125 0.4974226796875 0.29343629375 0.4561855671875 0.277992278125 0.42010309218749997 0.26447876406250004 0.40206185625 0.2625482625 0.41494845312499995 0.277992278125 0.48195876249999997 0.297297296875 0.5128865984375001 0.308880309375 0.548969071875
0 0.247104246875 0.5386597937500001 0.25482625468750003 0.786082475 0.247104246875 0.8479381437500001 0.2606177609375 0.8814432984374999 0.28957528906249996 0.8840206187499999 0.3127413125 0.8634020625 0.328185328125 0.8273195875000001 0.33204633281249996 0.682989690625 0.3050193046875 0.5335051546875 0.2741312734375 0.471649484375 0.258687259375 0.3994845359375 0.2490347484375 0.3969072171875 0.24324324375 0.43556701093749994 0.25482625468750003 0.47680412343749995 0.247104246875 0.5386597937500001
0 0.19305019375000002 0.5541237109375 0.18146718125 0.6623711343750001 0.1853281859375 0.8582474234375 0.202702703125 0.8865979375 0.227799228125 0.8840206187499999 0.24324324375 0.8634020625 0.2509652515625 0.8015463921875 0.2509652515625 0.6108247421875 0.247104246875 0.528350515625 0.2393822390625 0.5025773203125 0.2393822390625 0.4097938140625 0.23359073281249998 0.40206185625 0.22007722031250002 0.4097938140625 0.21621621562499999 0.49226804062499996 0.19305019375000002 0.5541237109375
0 0.10810810781249999 0.6005154640625 0.1119691125 0.80670103125 0.1196911203125 0.8324742265625 0.1447876453125 0.8659793812500001 0.1698841703125 0.8634020625 0.18146718125 0.8479381437500001 0.1853281859375 0.595360825 0.2046332046875 0.5128865984375001 0.21814671875 0.40721649531250004 0.1949806953125 0.40721649531250004 0.1833976828125 0.4278350515625 0.1640926640625 0.43298969062500003 0.15057915 0.45103092812499995 0.1235521234375 0.5231958765625 0.10810810781249999 0.6005154640625
0 0.038610039062500004 0.8221649484375 0.030888031249999996 0.8840206187499999 0.048262548437500004 0.9381443296875001 0.0733590734375 0.9355670109374999 0.09652509687500001 0.904639175 0.10810810781249999 0.8582474234375 0.10424710468750001 0.626288659375 0.06177606249999999 0.48711340156249994 0.0328185328125 0.453608246875 0.0019305015625000002 0.4484536078125 0 0.5335051546875 0.030888031249999996 0.65206185625 0.038610039062500004 0.713917525 0.038610039062500004 0.8221649484375
0 0.0540540546875 0.069587628125 0.0926640921875 0.1469072171875 0.10810810781249999 0.25 0.10424710468750001 0.31701030937499997 0.06949806875 0.39432989687500003 0.06949806875 0.41494845312499995 0.090733590625 0.43298969062500003 0.1119691125 0.430412371875 0.1389961390625 0.40463917499999996 0.16216216249999998 0.3530927828125 0.1737451734375 0.296391753125 0.1698841703125 0.203608246875 0.15057915 0.1417525765625 0.135135134375 0.11597938125 0.1023166015625 0.09793814375 0.0675675671875 0.046391753125000004 0.059845559375 0.046391753125000004 0.0540540546875 0.069587628125
0 0 0.40463917499999996 0.00579150625 0.4175257734375 0.046332046875 0.42010309218749997 0.065637065625 0.40463917499999996 0.084942084375 0.36340206249999996 0.10038609999999999 0.3273195875 0.10810810781249999 0.280927834375 0.10424710468750001 0.213917525 0.08880308906249999 0.1365979375 0.06949806875 0.1108247421875 0.0521235515625 0.0618556703125 0.038610039062500004 0.069587628125 0.050193049999999996 0.12113402031250001 0.050193049999999996 0.22938144375 0.0540540546875 0.2345360828125 0.050193049999999996 0.29123711406249997 0.038610039062500004 0.3273195875 0 0.3788659796875 0 0.40463917499999996
0 0 0.36855670156250003 0.0038610031250000004 0.36855670156250003 0.0424710421875 0.31701030937499997 0.050193049999999996 0.286082475 0.046332046875 0.1108247421875 0.034749034375 0.0644329890625 0.021235521875 0.0618556703125 0.0135135140625 0.046391753125000004 0.0115830109375 0.05927835 0 0.07474226875 0 0.36855670156250003
0 0.247104246875 0.03865979375 0.2509652515625 0.028350515625 0.2490347484375 0.02061855625 0.24131274062500002 0.02061855625 0.23745173749999998 0.025773195312500004 0.22586872656249998 0.025773195312500004 0.222007721875 0.02061855625 0.20656370625 0.025773195312500004 0.191119690625 0.036082475 0.1698841703125 0.0644329890625 0.1698841703125 0.069587628125 0.16216216249999998 0.0798969078125 0.16216216249999998 0.0902061859375 0.1544401546875 0.105670103125 0.1544401546875 0.12113402031250001 0.15057915 0.126288659375 0.15057915 0.1417525765625 0.16216216249999998 0.1726804125 0.1679536671875 0.180412371875 0.1698841703125 0.17783505156249999 0.1698841703125 0.1675257734375 0.1737451734375 0.162371134375 0.1737451734375 0.15206185625 0.17760617812499999 0.1469072171875 0.17760617812499999 0.1365979375 0.18146718125 0.1314432984375 0.1853281859375 0.1108247421875 0.20656370625 0.0824742265625 0.21814671875 0.0773195875 0.247104246875 0.03865979375
0 0.18918918906249999 0.105670103125 0.1698841703125 0.1726804125 0.17760617812499999 0.3015463921875 0.1853281859375 0.3324742265625 0.202702703125 0.36597938124999996 0.2393822390625 0.36855670156250003 0.24324324375 0.34278350468749996 0.23166023125000001 0.2654639171875 0.23166023125000001 0.18298969062499998 0.24324324375 0.126288659375 0.25482625468750003 0.105670103125 0.2664092671875 0.0644329890625 0.2664092671875 0.0335051546875 0.25675675625 0.025773195312500004 0.23359073281249998 0.0618556703125 0.18918918906249999 0.105670103125
0 0.2625482625 0.1005154640625 0.2509652515625 0.11597938125 0.2355212359375 0.162371134375 0.23166023125000001 0.2551546390625 0.247104246875 0.36855670156250003 0.26833976875 0.38659793750000004 0.28957528906249996 0.3891752578125 0.29343629375 0.3788659796875 0.29343629375 0.280927834375 0.28571428593750003 0.22938144375 0.28571428593750003 0.1469072171875 0.28957528906249996 0.1417525765625 0.28571428593750003 0.0644329890625 0.28957528906249996 0.0438144328125 0.283783784375 0.036082475 0.272200771875 0.036082475 0.2625482625 0.1005154640625
0 0.29343629375 0.126288659375 0.28571428593750003 0.15721649531249998 0.28571428593750003 0.2087628859375 0.29343629375 0.27061855625 0.29343629375 0.3788659796875 0.30694980625 0.3917525765625 0.328185328125 0.3891752578125 0.3359073359375 0.38402061875000004 0.3359073359375 0.373711340625 0.328185328125 0.36340206249999996 0.3359073359375 0.280927834375 0.328185328125 0.1365979375 0.3127413125 0.09536082500000001 0.308880309375 0.0438144328125 0.303088803125 0.036082475 0.2915057921875 0.036082475 0.29343629375 0.126288659375
0 0.308880309375 0.048969071875 0.328185328125 0.12113402031250001 0.3359073359375 0.219072165625 0.33204633281249996 0.34793814375 0.3416988421875 0.376288659375 0.3667953671875 0.373711340625 0.37837837812499997 0.36340206249999996 0.3976833984375 0.3221649484375 0.40154440156250004 0.25 0.39382239375 0.1726804125 0.3706563703125 0.1108247421875 0.33976833906250004 0.07474226875 0.328185328125 0.03865979375 0.3146718140625 0.025773195312500004 0.308880309375 0.0335051546875 0.308880309375 0.048969071875
0 0.42084942031250006 0.0902061859375 0.40154440156250004 0.18298969062499998 0.40154440156250004 0.3015463921875 0.4169884171875 0.3994845359375 0.44208494218750005 0.4226804125 0.478764478125 0.42010309218749997 0.478764478125 0.3788659796875 0.46718146718750003 0.31701030937499997 0.46718146718750003 0.162371134375 0.47490347499999996 0.1314432984375 0.47490347499999996 0.0438144328125 0.49034749062499994 0.007731959375 0.484555984375 0 0.46718146718750003 0.012886598437499999 0.459459459375 0.03865979375 0.42084942031250006 0.0902061859375
0 0.46718146718750003 0.3015463921875 0.4826254828125 0.42010309218749997 0.521235521875 0.42525773125 0.5173745171874999 0.09536082500000001 0.5096525093750001 0.07474226875 0.5135135140625 0.007731959375 0.5 0 0.49420849375 0.007731959375 0.49034749062499994 0.048969071875 0.47490347499999996 0.0798969078125 0.47490347499999996 0.1417525765625 0.46718146718750003 0.1726804125 0.46718146718750003 0.3015463921875
0 0.5675675671875 0.43556701093749994 0.575289575 0.4097938140625 0.5791505796875 0.3324742265625 0.575289575 0.12113402031250001 0.5521235515625 0.03865979375 0.5366795359375 0.007731959375 0.5231660234375 0 0.5173745171874999 0.007731959375 0.521235521875 0.3994845359375 0.5270270265625 0.4226804125 0.5675675671875 0.43556701093749994
0 0.5868725875 0.105670103125 0.5791505796875 0.126288659375 0.575289575 0.280927834375 0.5830115828125 0.4097938140625 0.596525096875 0.43298969062500003 0.610038609375 0.430412371875 0.625482625 0.41494845312499995 0.625482625 0.3891752578125 0.6138996140625 0.213917525 0.6177606171875001 0.085051546875 0.6138996140625 0.012886598437499999 0.6081081078125 0.0051546390625 0.5984555984375 0.012886598437499999 0.6023166015625 0.0335051546875 0.5868725875 0.07474226875 0.5868725875 0.105670103125
0 0.6138996140625 0.17783505156249999 0.625482625 0.373711340625 0.6216216218749999 0.3788659796875 0.6389961390625001 0.4278350515625 0.6679536671874999 0.42525773125 0.675675675 0.38402061875000004 0.671814671875 0.2448453609375 0.652509653125 0.1469072171875 0.652509653125 0.11597938125 0.640926640625 0.0902061859375 0.640926640625 0.0644329890625 0.6332046328125001 0.0335051546875 0.6196911203125001 0.0154639171875 0.6216216218749999 0.11597938125 0.6138996140625 0.17783505156249999
0 0.675675675 0.280927834375 0.671814671875 0.4097938140625 0.6853281859375 0.44329896875 0.7142857140625 0.45103092812499995 0.7335907328125 0.41494845312499995 0.741312740625 0.36855670156250003 0.7335907328125 0.15206185625 0.7142857140625 0.085051546875 0.69305019375 0.05670103125 0.646718146875 0.025773195312500004 0.640926640625 0.048969071875 0.652509653125 0.09536082500000001 0.652509653125 0.1365979375 0.675675675 0.280927834375
0 0.741312740625 0.19845360781250002 0.741312740625 0.31701030937499997 0.7606177609375 0.41494845312499995 0.78185328125 0.44329896875 0.8069498062499999 0.44072164999999996 0.8146718140625 0.42010309218749997 0.8146718140625 0.36340206249999996 0.8030888031250001 0.296391753125 0.8030888031250001 0.2345360828125 0.8108108109375 0.17783505156249999 0.8397683390624999 0.0618556703125 0.8204633203125 0.067010309375 0.8108108109375 0.0902061859375 0.7644787640625 0.1417525765625 0.741312740625 0.19845360781250002
0 0.8320463328125 0.453608246875 0.8532818531249999 0.45103092812499995 0.86872586875 0.42010309218749997 0.86872586875 0.373711340625 0.8571428578125 0.280927834375 0.8590733593750001 0.05670103125 0.8416988421875 0.069587628125 0.8378378375000001 0.1108247421875 0.8108108109375 0.17783505156249999 0.8030888031250001 0.239690721875 0.81853281875 0.430412371875 0.8320463328125 0.453608246875
0 0.8610038609374999 0.29123711406249997 0.86872586875 0.34793814375 0.86872586875 0.4097938140625 0.8725868718750001 0.430412371875 0.878378378125 0.4381443296875 0.8880308875 0.43556701093749994 0.9343629343750001 0.3582474234375 0.9343629343750001 0.3118556703125 0.9111969109375 0.1675257734375 0.8918918921874999 0.1108247421875 0.8880308875 0.069587628125 0.8745173749999999 0.0515463921875 0.864864865625 0.0644329890625 0.86872586875 0.1005154640625 0.8610038609374999 0.126288659375 0.8610038609374999 0.29123711406249997
0 1 0.296391753125 0.9884169890625 0.2087628859375 0.9768339765625 0.162371134375 0.9498069499999999 0.1005154640625 0.89382239375 0.041237114062500003 0.8880308875 0.05927835 0.903474903125 0.085051546875 0.903474903125 0.1417525765625 0.9227799234375 0.219072165625 0.9343629343750001 0.30670103125 0.9343629343750001 0.3530927828125 0.9633204640624999 0.36597938124999996 0.9768339765625 0.38402061875000004 0.9729729734375001 0.41494845312499995 0.9806949812499999 0.42525773125 0.9922779921875 0.4097938140625 1 0.3582474234375 1 0.296391753125
0 1 0.8273195875000001 0.965250965625 0.77061855625 0.9459459453125 0.7087628859375 0.9382239374999999 0.5386597937500001 0.93050193125 0.5025773203125 0.9420849421874999 0.43556701093749994 0.9362934359375 0.4175257734375 0.915057915625 0.43556701093749994 0.9073359078125 0.48711340156249994 0.8764478765625 0.548969071875 0.86872586875 0.6572164953125 0.8803088796875 0.7448453609375 0.903474903125 0.8221649484375 0.94401544375 0.8865979375 0.9671814671875 0.9020618562499999 0.9845559843749999 0.8994845359375001 1 0.873711340625 1 0.8273195875000001
0 1 0.46649484531249996 0.9826254828125001 0.453608246875 0.9555984562500001 0.412371134375 0.9420849421874999 0.44072164999999996 0.9420849421874999 0.6572164953125 0.9575289578125 0.7448453609375 0.9729729734375001 0.780927834375 1 0.8170103093750001 1 0.46649484531249996
0 0.73166023125 0.4742268046875 0.7239382234375 0.4742268046875 0.71814671875 0.48195876249999997 0.7239382234375 0.5 0.73166023125 0.5 0.747104246875 0.510309278125 0.78185328125 0.510309278125 0.7857142859375 0.5154639171875 0.8050193046875 0.52061855625 0.84362934375 0.567010309375 0.8455598453125001 0.5644329890625001 0.8416988421875 0.5386597937500001 0.833976834375 0.528350515625 0.8301158296875 0.5128865984375001 0.81853281875 0.4974226796875 0.81853281875 0.49226804062499996 0.797297296875 0.469072165625 0.7741312734375 0.453608246875 0.747104246875 0.453608246875 0.7393822390625 0.45876288593750003 0.73166023125 0.4742268046875
0 0.7046332046875 0.5154639171875 0.6988416984375 0.5386597937500001 0.70656370625 0.5541237109375 0.70656370625 0.5902061859375001 0.7297297296874999 0.6778350515625 0.7644787640625 0.8685567015625001 0.7741312734375 0.8917525765625 0.7992277999999999 0.8891752578125001 0.8146718140625 0.8479381437500001 0.7876447875 0.8324742265625 0.7915057921875001 0.77061855625 0.7992277999999999 0.7448453609375 0.7953667953125 0.6623711343750001 0.7799227796875 0.6159793812500001 0.752895753125 0.57474226875 0.7451737453125 0.5438144328125001 0.7239382234375 0.52061855625 0.7046332046875 0.5154639171875
0 0.7200772203125 0.4948453609375 0.71814671875 0.507731959375 0.7451737453125 0.5386597937500001 0.752895753125 0.5695876281250001 0.7915057921875001 0.6365979375 0.8030888031250001 0.6984536078125 0.8030888031250001 0.72938144375 0.7915057921875001 0.7757731953125 0.7915057921875001 0.8324742265625 0.8011583015625 0.8402061859375 0.81853281875 0.837628865625 0.8532818531249999 0.8015463921875 0.864864865625 0.7654639171875 0.8725868718750001 0.719072165625 0.8725868718750001 0.6726804125 0.8610038609374999 0.6108247421875 0.8416988421875 0.5541237109375 0.808880309375 0.52061855625 0.7895752890625001 0.510309278125 0.747104246875 0.510309278125 0.7200772203125 0.4948453609375
0 0.6640926640625 0.682989690625 0.675675675 0.7448453609375 0.7104247109374999 0.8427835046875 0.7142857140625 0.8891752578125001 0.7239382234375 0.9020618562499999 0.752895753125 0.904639175 0.7644787640625 0.8891752578125001 0.7606177609375 0.8273195875000001 0.752895753125 0.8118556703124999 0.70656370625 0.5798969078125 0.691119690625 0.5438144328125001 0.691119690625 0.528350515625 0.6853281859375 0.52061855625 0.6698841703125 0.52061855625 0.6602316609375001 0.585051546875 0.6640926640625 0.682989690625
0 0.6023166015625 0.7242268046875 0.6177606171875001 0.80670103125 0.640926640625 0.8530927828125 0.6698841703125 0.8917525765625 0.702702703125 0.8891752578125001 0.7104247109374999 0.873711340625 0.7104247109374999 0.8479381437500001 0.6833976828125 0.780927834375 0.6679536671874999 0.719072165625 0.6602316609375001 0.5231958765625 0.646718146875 0.510309278125 0.6332046328125001 0.5541237109375 0.610038609375 0.5798969078125 0.60617760625 0.595360825 0.6023166015625 0.7242268046875
0 0.5366795359375 0.8118556703124999 0.540540540625 0.8530927828125 0.5501930500000001 0.8865979375 0.575289575 0.8891752578125001 0.590733590625 0.8634020625 0.6023166015625 0.786082475 0.6023166015625 0.5902061859375001 0.5791505796875 0.4974226796875 0.5540540546875 0.469072165625 0.5270270265625 0.45876288593750003 0.521235521875 0.48711340156249994 0.54440154375 0.5902061859375001 0.54440154375 0.739690721875 0.5366795359375 0.8118556703124999
0 0.034749034375 0.703608246875 0.0231660234375 0.626288659375 0.0019305015625000002 0.5412371140625 0 0.930412371875 0.0038610031250000004 0.930412371875 0.0231660234375 0.904639175 0.030888031249999996 0.873711340625 0.034749034375 0.703608246875