0 0.137 0.35 0.1576666671875 0.36724999999999997 0.16399999999999998 0.372 0.17099999999999999 0.3755 0.1776666671875 0.38125 0.191 0.38625 0.205 0.38475000000000004 0.2366666671875 0.37875000000000003 0.258 0.376 0.2693333328125 0.37575 0.2916666671875 0.37675000000000003 0.30533333281249997 0.3785 0.3183333328125 0.3785 0.33599999999999997 0.37324999999999997 0.357 0.36150000000000004 0.364 0.35325 0.374 0.348 0.38533333281250004 0.33775 0.3903333328125 0.33125 0.3963333328125 0.3185 0.4016666671875 0.29375 0.4026666671875 0.27475 0.399 0.25375000000000003 0.394 0.24 0.381 0.22349999999999998 0.36833333281249997 0.2145 0.3593333328125 0.21200000000000002 0.3516666671875 0.21125 0.2783333328125 0.217 0.1443333328125 0.22374999999999998 0.13533333281249998 0.22525 0.127 0.22974999999999998 0.1223333328125 0.23775 0.1176666671875 0.2535 0.1143333328125 0.2785 0.1153333328125 0.302 0.1186666671875 0.31725 0.1253333328125 0.3315 0.137 0.35
0 0.4113333328125 0.51125 0.4223333328125 0.52525 0.43966666718749997 0.536 0.46966666718749994 0.54725 0.508 0.5559999999999999 0.5263333328125 0.558 0.5566666671875 0.55725 0.6063333328125 0.5509999999999999 0.6183333328125 0.54775 0.6266666671875 0.544 0.635 0.5385 0.644 0.5285 0.665 0.5095 0.6773333328125 0.49400000000000005 0.6846666671875 0.48224999999999996 0.6900000000000001 0.47074999999999995 0.6933333328125 0.45425000000000004 0.6933333328125 0.43099999999999994 0.6910000000000001 0.41475 0.683 0.39375 0.6726666671875 0.381 0.6586666671875 0.367 0.642 0.35425 0.633 0.34925 0.6106666671875 0.34075 0.581 0.33475 0.5543333328125 0.331 0.544 0.33025000000000004 0.504 0.3305 0.491 0.32925 0.47800000000000004 0.33025000000000004 0.4636666671875 0.33325 0.45066666718750004 0.33799999999999997 0.42433333281249996 0.35175 0.41200000000000003 0.36175 0.4046666671875 0.36625 0.399 0.378 0.397 0.393 0.3976666671875 0.4755 0.40099999999999997 0.49024999999999996 0.4113333328125 0.51125
0 0.0926666671875 0.43375 0.0946666671875 0.43975 0.10366666718749999 0.45125000000000004 0.1056666671875 0.45725 0.10733333281249999 0.4955 0.11133333281249999 0.5055 0.1213333328125 0.518 0.1276666671875 0.5335 0.137 0.54625 0.1633333328125 0.5735 0.17733333281250002 0.58375 0.1906666671875 0.58825 0.21400000000000002 0.59075 0.2666666671875 0.592 0.2783333328125 0.5915 0.305 0.587 0.3313333328125 0.5845 0.351 0.57725 0.372 0.56425 0.3843333328125 0.5525 0.3883333328125 0.546 0.3956666671875 0.48200000000000004 0.3956666671875 0.46849999999999997 0.3933333328125 0.45499999999999996 0.3913333328125 0.41574999999999995 0.3856666671875 0.41900000000000004 0.38133333281250004 0.41925 0.37666666718749997 0.41150000000000003 0.3736666671875 0.409 0.3676666671875 0.40750000000000003 0.362 0.40325 0.354 0.40025000000000005 0.33366666718750004 0.38725 0.31766666718750003 0.38125 0.3023333328125 0.37825000000000003 0.2733333328125 0.37825000000000003 0.2423333328125 0.379 0.2236666671875 0.3805 0.1906666671875 0.3845 0.1646666671875 0.39125 0.1413333328125 0.39175 0.118 0.39649999999999996 0.1126666671875 0.39875 0.10533333281249999 0.40525 0.0983333328125 0.41574999999999995 0.093 0.4285 0.0926666671875 0.43375
0 0.6993333328125 0.24874999999999997 0.6953333328125 0.25925 0.6900000000000001 0.29975 0.6843333328125001 0.31525 0.6856666671875 0.32825000000000004 0.6910000000000001 0.34425 0.7006666671875 0.35825 0.7136666671875 0.3705 0.733 0.38475000000000004 0.748 0.38825 0.7643333328125 0.396 0.7849999999999999 0.39975 0.7986666671875 0.40099999999999997 0.8176666671874999 0.40075000000000005 0.8476666671875 0.398 0.8606666671875001 0.39425 0.874 0.38625 0.8996666671875 0.3755 0.9273333328125 0.34900000000000003 0.9306666671875 0.34425 0.9383333328125 0.32725 0.9416666671874999 0.317 0.9436666671875 0.305 0.9436666671875 0.27949999999999997 0.9383333328125 0.259 0.9273333328125 0.23700000000000002 0.9163333328125001 0.22174999999999997 0.907 0.21349999999999997 0.8973333328124999 0.209 0.8863333328125 0.20725 0.8753333328125 0.207 0.8576666671875 0.20975000000000002 0.8140000000000001 0.21125 0.8073333328125001 0.21125 0.786 0.20825 0.7593333328125 0.20875 0.7473333328125 0.2105 0.7336666671875001 0.215 0.7266666671875 0.21875 0.718 0.22599999999999998 0.7063333328125 0.23875000000000002 0.6993333328125 0.24874999999999997
0 0.47000000000000003 0.65575 0.4716666671875 0.6695 0.47766666718749995 0.69225 0.4813333328125 0.70175 0.48666666718749996 0.70925 0.49533333281249997 0.7144999999999999 0.5026666671875 0.72175 0.5163333328124999 0.7304999999999999 0.5443333328125 0.75275 0.5690000000000001 0.7537499999999999 0.581 0.7617499999999999 0.5916666671875 0.76325 0.5956666671875 0.76325 0.6083333328125 0.76025 0.6203333328125 0.76025 0.635 0.76275 0.6463333328124999 0.76275 0.659 0.761 0.6713333328125 0.75825 0.6839999999999999 0.7535000000000001 0.6966666671875 0.751 0.709 0.746 0.7156666671874999 0.74025 0.7256666671875001 0.7344999999999999 0.7306666671875 0.72875 0.7386666671875 0.72325 0.7493333328125 0.70925 0.76 0.6845 0.7606666671875 0.67775 0.7593333328125 0.66125 0.7546666671875 0.646 0.7503333328124999 0.621 0.7443333328125 0.609 0.739 0.5905 0.7276666671875 0.5775 0.7203333328125 0.5725 0.708 0.5685 0.6596666671875 0.5585 0.647 0.5625 0.638 0.56725 0.631 0.56825 0.6216666671875 0.5665 0.6073333328125 0.55775 0.595 0.55575 0.5706666671875 0.55775 0.5546666671875 0.56175 0.545 0.5662499999999999 0.5343333328125001 0.57375 0.52 0.5805 0.5016666671875 0.593 0.49766666718749997 0.5972500000000001 0.4903333328125 0.6065 0.4843333328125 0.61925 0.47800000000000004 0.629 0.47000000000000003 0.65575
0 0.1903333328125 0.65825 0.1853333328125 0.68125 0.1846666671875 0.6965 0.1816666671875 0.7075 0.1803333328125 0.71875 0.182 0.73375 0.187 0.74775 0.1926666671875 0.7542500000000001 0.19966666718749998 0.7657499999999999 0.2096666671875 0.77575 0.2276666671875 0.787 0.2636666671875 0.7969999999999999 0.27999999999999997 0.8 0.30533333281249997 0.8009999999999999 0.3533333328125 0.8 0.36633333281249997 0.79925 0.3786666671875 0.79725 0.40499999999999997 0.79025 0.4166666671875 0.7845 0.4306666671875 0.77425 0.44400000000000006 0.7615000000000001 0.462 0.73925 0.472 0.7235 0.479 0.70925 0.481 0.6935 0.47866666718750006 0.68175 0.462 0.6515 0.4533333328125 0.6327499999999999 0.4463333328125 0.62375 0.42766666718749996 0.60675 0.40533333281250006 0.593 0.3826666671875 0.587 0.3633333328125 0.585 0.3403333328125 0.58525 0.3036666671875 0.58775 0.2896666671875 0.5902499999999999 0.2686666671875 0.5980000000000001 0.252 0.6012500000000001 0.2233333328125 0.61675 0.21633333281249997 0.62275 0.209 0.627 0.199 0.638 0.1946666671875 0.6457499999999999 0.1903333328125 0.65825
0 1 0.64625 0.9986666671875 0.631 0.9943333328125 0.61275 0.992 0.607 0.9873333328125 0.60075 0.9836666671875 0.59925 0.9686666671875 0.59675 0.9613333328125 0.5940000000000001 0.9550000000000001 0.58925 0.95 0.5875 0.9346666671875001 0.58575 0.9106666671875001 0.5855 0.905 0.5862499999999999 0.8960000000000001 0.5885 0.8846666671875001 0.5955 0.873 0.59775 0.8596666671875001 0.59825 0.8506666671875 0.5940000000000001 0.8466666671875 0.5894999999999999 0.8426666671874999 0.581 0.8400000000000001 0.5785 0.8356666671875 0.57675 0.8220000000000001 0.5815 0.8196666671875 0.58375 0.818 0.5915 0.8099999999999999 0.5925 0.7856666671875 0.59875 0.78 0.604 0.7683333328125 0.62 0.765 0.633 0.764 0.6435 0.765 0.68525 0.767 0.6965 0.7773333328125 0.709 0.7823333328125 0.7122499999999999 0.7936666671875 0.717 0.8029999999999999 0.72325 0.8150000000000001 0.728 0.8256666671874999 0.734 0.8460000000000001 0.7384999999999999 0.866 0.74675 0.8766666671875001 0.749 0.9096666671875001 0.75125 0.9503333328125001 0.7502500000000001 0.9773333328125 0.74675 0.993 0.7415 1 0.737 1 0.64625
0 0.045 0.8005000000000001 0.044 0.8525 0.046 0.86525 0.0586666671875 0.8875 0.0723333328125 0.9027499999999999 0.086 0.91425 0.0996666671875 0.92075 0.11133333281249999 0.92775 0.1213333328125 0.93125 0.1423333328125 0.93725 0.1613333328125 0.93825 0.1783333328125 0.9359999999999999 0.20366666718749998 0.92675 0.23033333281249999 0.92125 0.25 0.9157500000000001 0.2703333328125 0.9065 0.2813333328125 0.90025 0.29333333281249996 0.89 0.318 0.8619999999999999 0.32799999999999996 0.82925 0.331 0.8109999999999999 0.32766666718750004 0.807 0.318 0.80475 0.2906666671875 0.80425 0.23933333281250002 0.7889999999999999 0.2266666671875 0.784 0.21600000000000003 0.77825 0.2093333328125 0.7735000000000001 0.2013333328125 0.76475 0.188 0.74525 0.178 0.7235 0.174 0.71 0.16499999999999998 0.70675 0.1513333328125 0.706 0.1373333328125 0.709 0.1226666671875 0.717 0.11399999999999999 0.7205 0.10733333281249999 0.72725 0.1 0.7304999999999999 0.09066666718750001 0.73875 0.078 0.74675 0.0636666671875 0.76 0.0506666671875 0.77725 0.047 0.7855000000000001 0.045 0.8005000000000001
0 0.5640625 0.2640625 0.2484375 0.140625
0 0.8421875 0.44296875 0.196875 0.140625
0 0.95390625 0.428125 0.0921875 0.1546875
0 0.171875 0.61484375 0.2171875 0.165625
0 0.11640625 0.4296875 0.1609375 0.1546875
0 0.09140625 0.2875 0.1609375 0.1265625
0 0.53203125 0.7921875 0.2375 0.14375
0 0.74453125 0.7734375 0.2125 0.14375