0 0.24609375 0.81796875 0.0640625 0.115625
0 0.63046875 0.61875 0.0578125 0.0796875
0 0.57265625 0.75 0.0484375 0.09375
0 0.5609375 0.66015625 0.034375 0.0859375
0 0.55625 0.3140625 0.0453125 0.0734375
0 0.3984375 0.190625 0.0390625 0.0609375
0 0.353125 0.184375 0.0390625 0.0625
0 0.37421875 0.22265625 0.0390625 0.0640625
0 0.14375 0.178125 0.0375 0.0828125
0 0.17890625 0.09296875 0.040625 0.0578125
0 0.09609375 0.11484375 0.0375 0.0625
0 0.1265625 0.14609375 0.0375 0.05
0 0.0875 0.0875 0.0421875 0.053125
0 0.1203125 0.08828125 0.021875 0.0515625