0 0.3765625 0.490625 0.2171875 0.36875
0 0.05234375 0.2625 0.1046875 0.2390625
0 0.1625 0.9046875 0.26875 0.190625
0 0.221875 0.2890625 0.1046875 0.1875
0 0.14375 0.50078125 0.11875 0.1671875
0 0.24453125 0.5296875 0.0796875 0.0859375
0 0.31484375 0.784375 0.15 0.2578125
0 0.45859375 0.8484375 0.090625 0.13125
0 0.584375 0.8609375 0.1734375 0.2625
0 0.84296875 0.86484375 0.2578125 0.2703125
0 0.61953125 0.3125 0.1515625 0.2546875
0 0.665625 0.6265625 0.1875 0.290625
0 0.81171875 0.53515625 0.1328125 0.1921875
0 0.9453125 0.59296875 0.109375 0.2546875
0 0.8859375 0.328125 0.075 0.10625
0 0.93125 0.07109375 0.1375 0.1421875
0 0.7390625 0.20859375 0.071875 0.1109375
0 0.87265625 0.21171875 0.0703125 0.10625
0 0.28984375 0.0515625 0.078125 0.103125