0 0.845419846875 0.3419689125 0.841603053125 0.3367875640625 0.7805343515625001 0.3316062171875 0.765267175 0.3419689125 0.751908396875 0.3601036265625 0.744274809375 0.380829015625 0.736641221875 0.41191709843749996 0.736641221875 0.4326424875 0.732824428125 0.43782383437499994 0.732824428125 0.48445595781249995 0.736641221875 0.5 0.75381679375 0.5336787562499999 0.7805343515625001 0.5492227984375 0.7938931296875 0.546632125 0.8225190843749999 0.538860103125 0.8492366406249999 0.5129533671875001 0.8625954203124999 0.48963730625 0.8664122140625 0.44300518125000005 0.8587786265625 0.41709844531250007 0.8587786265625 0.3652849734375 0.8549618328124999 0.3601036265625 0.8549618328124999 0.3445595859375 0.8492366406249999 0.3367875640625 0.845419846875 0.3419689125
0 0.6431297703125 0.471502590625 0.6354961828125 0.46113989687499995 0.6125954203124999 0.45595854999999996 0.5820610687500001 0.49740932656250003 0.5572519078125 0.51036269375 0.5534351140625 0.5259067359375 0.5572519078125 0.5880829015625 0.5896946562500001 0.6373057 0.6125954203124999 0.6580310875000001 0.6431297703125 0.6735751296875 0.6679389312499999 0.67098445625 0.685114503125 0.6683937828125 0.7003816796875 0.652849740625 0.7213740453125 0.6139896375 0.7251908390625 0.546632125 0.7175572515625 0.5155440421875 0.7118320609375 0.5025906734375 0.6965648859375 0.49740932656250003 0.6889312984375 0.48704663281249994 0.669847328125 0.48704663281249994 0.6431297703125 0.471502590625
0 0.6278625953125 0.2642487046875 0.603053434375 0.2927461140625 0.5954198468749999 0.313471503125 0.591603053125 0.32901554375000003 0.5954198468749999 0.380829015625 0.6183206109375 0.4326424875 0.6354961828125 0.45595854999999996 0.681297709375 0.481865284375 0.6984732828125 0.4792746109375 0.7156488546875 0.471502590625 0.7251908390625 0.4585492234375 0.7251908390625 0.44818652812500004 0.732824428125 0.4326424875 0.736641221875 0.370466321875 0.7290076328125 0.33937823906250003 0.7061068703125 0.2927461140625 0.685114503125 0.2694300515625 0.669847328125 0.2590673578125 0.6278625953125 0.2642487046875
0 0.5362595421874999 0.29533678750000003 0.49809160312499995 0.29533678750000003 0.482824428125 0.30569948125 0.4656488546875 0.32901554375000003 0.44274809218750005 0.37564766875 0.44274809218750005 0.3860103625 0.435114503125 0.40155440468750003 0.435114503125 0.44818652812500004 0.44274809218750005 0.4689119171875 0.47900763281250003 0.5077720203125 0.51145038125 0.5051813468749999 0.5209923671875 0.5025906734375 0.5458015265625 0.4740932640625 0.5458015265625 0.4585492234375 0.572519084375 0.4222797921875 0.583969465625 0.380829015625 0.583969465625 0.34974093281249996 0.576335878125 0.323834196875 0.5553435109375 0.29533678750000003 0.5438931296875 0.290155440625 0.5362595421874999 0.29533678750000003
0 0.4923664125 0.26683937812499997 0.4923664125 0.2875647671875 0.49809160312499995 0.29533678750000003 0.509541984375 0.29533678750000003 0.513358778125 0.290155440625 0.5515267171875 0.290155440625 0.5820610687500001 0.3264248703125 0.587786259375 0.323834196875 0.599236640625 0.2927461140625 0.6202290078125 0.2642487046875 0.6450381671875001 0.2512953375 0.6450381671875001 0.23056994843749998 0.6278625953125 0.1968911921875 0.6049618328124999 0.18134714999999998 0.5591603046875 0.18134714999999998 0.5209923671875 0.2072538859375 0.5076335875 0.2253886015625 0.4923664125 0.26683937812499997
0 0.41793893125 0.1398963734375 0.3797709921875 0.1398963734375 0.349236640625 0.1606217609375 0.33587786249999996 0.1891191703125 0.33587786249999996 0.2409326421875 0.34351145 0.25647668437500004 0.3645038171875 0.28497409375 0.3835877859375 0.29533678750000003 0.435114503125 0.2927461140625 0.46374045781250006 0.290155440625 0.48854961875 0.272020725 0.50381679375 0.22020725312499997 0.5 0.199481865625 0.4923664125 0.1891191703125 0.48854961875 0.1580310875 0.47519083906250004 0.1450777203125 0.4522900765625 0.1347150265625 0.42175572499999997 0.1347150265625 0.41793893125 0.1398963734375
0 0.36068702343750003 0 0.3511450375 0.0129533671875 0.34732824375 0.0233160625 0.34732824375 0.075129534375 0.3625954203125 0.11658031093750001 0.3721374046875 0.129533678125 0.3835877859375 0.129533678125 0.3874045796875 0.1347150265625 0.41221374062500005 0.1321243515625 0.486641221875 0.129533678125 0.50381679375 0.1062176171875 0.5076335875 0.095854921875 0.5076335875 0.018134715625 0.49809160312499995 0 0.36068702343750003 0
0 0.5438931296875 0 0.5286259546875 0.01036269375 0.515267175 0.038860103125 0.515267175 0.06994818593749999 0.5076335875 0.095854921875 0.51145038125 0.1321243515625 0.5362595421874999 0.165803109375 0.5515267171875 0.17616580312500002 0.6374045796875001 0.1735751296875 0.6641221374999999 0.142487046875 0.67557251875 0.11139896406250001 0.6717557249999999 0.0595854921875 0.65648855 0.028497409374999998 0.6278625953125 0.005181346875 0.6164122140625 0.005181346875 0.6125954203124999 0 0.5438931296875 0
0 0.2137404578125 0.6088082906250001 0.1870229 0.6865284968750001 0.1870229 0.727979275 0.1946564890625 0.7487046625 0.2194656484375 0.7823834203125 0.24618320625 0.7979274609375 0.27480916093749996 0.7953367874999999 0.2919847328125 0.7875647671875 0.3091603046875 0.7642487046875 0.33587786249999996 0.676165803125 0.33587786249999996 0.6347150265625 0.328244275 0.6139896375 0.3072519078125 0.5906735750000001 0.2805343515625 0.575129534375 0.25 0.575129534375 0.23854961874999997 0.58031088125 0.2137404578125 0.6088082906250001
0 0.3988549625 0.6321243515625 0.3759541984375 0.6373057 0.36068702343750003 0.64766839375 0.34351145 0.67098445625 0.328244275 0.7072538859375 0.3129771 0.7694300515625 0.3206106875 0.8108808296875001 0.345419846875 0.8497409328125001 0.35687022968750004 0.8549222796875 0.39312977031249996 0.8523316062499999 0.40267175625 0.8497409328125001 0.431297709375 0.8212435234375001 0.4580152671875 0.7487046625 0.4580152671875 0.676165803125 0.45038167968750004 0.6554404140625001 0.4408396953125 0.64766839375 0.4370229 0.652849740625 0.43320610625 0.64766839375 0.41793893125 0.64766839375 0.3988549625 0.6321243515625
0 0.3072519078125 0.424870465625 0.27480916093749996 0.4689119171875 0.267175571875 0.494818653125 0.27099236718749997 0.546632125 0.2881679390625 0.575129534375 0.2958015265625 0.575129534375 0.326335878125 0.595854921875 0.34351145 0.5932642484375 0.36068702343750003 0.585492228125 0.3835877859375 0.5647668390625 0.40458015312500006 0.5362694296875 0.41603053437500004 0.5051813468749999 0.41603053437500004 0.453367875 0.40458015312500006 0.4222797921875 0.3835877859375 0.39896373125 0.341603053125 0.39896373125 0.33015267187499997 0.404145078125 0.3072519078125 0.424870465625
0 0.06106870156250001 0.572538859375 0.0458015265625 0.619170984375 0.0458015265625 0.6865284968750001 0.0572519078125 0.7124352328125 0.0858778625 0.7409326421875 0.1259541984375 0.73834196875 0.1316793890625 0.7253886015625 0.154580153125 0.71502590625 0.16793893124999998 0.6968911921875 0.17557251875 0.676165803125 0.17557251875 0.5880829015625 0.16793893124999998 0.5673575125 0.15076335937500002 0.54404145 0.1316793890625 0.5336787562499999 0.1049618328125 0.5336787562499999 0.06106870156250001 0.572538859375
0 0.08396946562499999 0.39119170937500003 0.080152671875 0.40155440468750003 0.080152671875 0.427461140625 0.076335878125 0.4326424875 0.080152671875 0.44300518125000005 0.080152671875 0.4637305703125 0.087786259375 0.48445595781249995 0.10114503749999999 0.5025906734375 0.1278625953125 0.5233160625 0.1393129765625 0.5233160625 0.14312977031250002 0.528497409375 0.17557251875 0.5259067359375 0.1870229 0.5155440421875 0.1984732828125 0.48963730625 0.2137404578125 0.4689119171875 0.2213740453125 0.44300518125000005 0.2213740453125 0.4222797921875 0.2118320609375 0.409326425 0.20038167968749998 0.409326425 0.1278625953125 0.35233160625000004 0.10114503749999999 0.3678756484375 0.08396946562499999 0.39119170937500003
0 0.09923664062500001 0.277202071875 0.1145038171875 0.323834196875 0.1354961828125 0.357512953125 0.173664121875 0.3886010359375 0.2118320609375 0.409326425 0.23664122187499997 0.40673575156249997 0.267175571875 0.3652849734375 0.27099236718749997 0.33937823906250003 0.2862595421875 0.313471503125 0.2862595421875 0.26165803125 0.265267175 0.23316062187500003 0.24618320625 0.22279792812500002 0.20801526718750002 0.186528496875 0.16603053437499998 0.1917098453125 0.1393129765625 0.2072538859375 0.09923664062500001 0.277202071875
0 0 0.2823834203125 0.0057251906249999995 0.290155440625 0.024809160937499998 0.290155440625 0.0286259546875 0.29533678750000003 0.0534351140625 0.2927461140625 0.09351145 0.279792746875 0.1145038171875 0.2461139890625 0.11832061093749999 0.2357512953125 0.11832061093749999 0.20984455937500002 0.1221374046875 0.2046632125 0.11832061093749999 0.19430051875 0.11832061093749999 0.1735751296875 0.09732824375 0.1347150265625 0.0706106875 0.11398963749999999 0.0209923671875 0.11398963749999999 0 0.1269430046875 0 0.2823834203125
0 0.1278625953125 0 0.1106870234375 0.038860103125 0.1106870234375 0.0544041453125 0.1068702296875 0.0595854921875 0.1068702296875 0.11658031093750001 0.1106870234375 0.1217616578125 0.1106870234375 0.1321243515625 0.1221374046875 0.1580310875 0.1393129765625 0.17616580312500002 0.17557251875 0.1735751296875 0.20038167968749998 0.165803109375 0.2213740453125 0.1321243515625 0.2251908390625 0.10103626875 0.23664122187499997 0.06994818593749999 0.23664122187499997 0.033678756250000004 0.23282442812499998 0.028497409374999998 0.23282442812499998 0.018134715625 0.2156488546875 0 0.1278625953125 0
0 0.26908396875 0.0362694296875 0.25381679375 0.046632125 0.24045801562500002 0.0647668390625 0.23282442812499998 0.085492228125 0.2251908390625 0.11658031093750001 0.2251908390625 0.1321243515625 0.2213740453125 0.1373057 0.2213740453125 0.1735751296875 0.23854961874999997 0.2072538859375 0.26908396875 0.23316062187500003 0.3206106875 0.23056994843749998 0.33206106874999997 0.20984455937500002 0.33969465625 0.1683937828125 0.35496183281250004 0.142487046875 0.35496183281250004 0.11658031093750001 0.3511450375 0.11139896406250001 0.34732824375 0.08031088125 0.337786259375 0.056994818749999995 0.322519084375 0.051813471874999996 0.3072519078125 0.0362694296875 0.26908396875 0.0362694296875
0 0 0.4637305703125 0.024809160937499998 0.4766839375 0.041984732812499995 0.4740932640625 0.05534351093749999 0.471502590625 0.076335878125 0.453367875 0.080152671875 0.39637305624999997 0.091603053125 0.380829015625 0.091603053125 0.37564766875 0.1145038171875 0.34974093281249996 0.1145038171875 0.334196890625 0.1068702296875 0.313471503125 0.09923664062500001 0.2979274609375 0.08969465625 0.290155440625 0.07442748125000001 0.290155440625 0.0706106875 0.29533678750000003 0.017175571875 0.29533678750000003 0.013358778125000002 0.290155440625 0 0.2927461140625 0 0.4637305703125
0 0 0.5984455953125 0.00381679375 0.6088082906250001 0.024809160937499998 0.6321243515625 0.041984732812499995 0.6295336781249999 0.0534351140625 0.5984455953125 0.0534351140625 0.5880829015625 0.06106870156250001 0.5777202078125 0.06106870156250001 0.5673575125 0.078244275 0.5492227984375 0.0858778625 0.5492227984375 0.10114503749999999 0.5336787562499999 0.1087786265625 0.5336787562499999 0.11832061093749999 0.5259067359375 0.10114503749999999 0.5025906734375 0.09732824375 0.5025906734375 0.07442748125000001 0.4766839375 0.0438931296875 0.4766839375 0.0400763359375 0.481865284375 0.0286259546875 0.481865284375 0.0209923671875 0.48704663281249994 0.0076335875 0.5051813468749999 0.0076335875 0.5155440421875 0 0.5310880828125 0 0.5984455953125
0 0.75381679375 0.6632124359375 0.7251908390625 0.7072538859375 0.7175572515625 0.73834196875 0.7213740453125 0.7694300515625 0.732824428125 0.7953367874999999 0.740458015625 0.800518134375 0.744274809375 0.8160621765625 0.76145038125 0.8393782390625001 0.7805343515625001 0.8497409328125001 0.8015267171874999 0.847150259375 0.8148854968749999 0.8445595859375 0.8492366406249999 0.81865285 0.8625954203124999 0.800518134375 0.8778625953124999 0.7590673578125 0.8778625953124999 0.7176165796875 0.8625954203124999 0.676165803125 0.853053434375 0.6580310875000001 0.826335878125 0.6373057 0.7805343515625001 0.642487046875 0.75381679375 0.6632124359375
0 0.509541984375 0.6321243515625 0.49427480937499996 0.6321243515625 0.49045801562499997 0.6373057 0.45610687031249997 0.6373057 0.45038167968750004 0.6450777203125 0.4541984734375 0.6502590671874999 0.4580152671875 0.68134715 0.4618320609375 0.6865284968750001 0.4618320609375 0.727979275 0.4580152671875 0.733160621875 0.4580152671875 0.7538860109375001 0.4541984734375 0.7590673578125 0.45038167968750004 0.78497409375 0.45610687031249997 0.7927461140625 0.47137404531250005 0.7927461140625 0.47519083906250004 0.7979274609375 0.5 0.7953367874999999 0.5286259546875 0.772020725 0.5362595421874999 0.772020725 0.5496183203125 0.7487046625 0.5534351140625 0.722797928125 0.5496183203125 0.7176165796875 0.5496183203125 0.7020725390625 0.5419847328125 0.6865284968750001 0.5381679390625 0.6606217609375 0.5286259546875 0.64766839375 0.509541984375 0.6321243515625
0 0.5820610687500001 0.6269430046875 0.56679389375 0.6165803109375 0.5591603046875 0.6010362687499999 0.5515267171875 0.6010362687499999 0.5419847328125 0.6139896375 0.5419847328125 0.6502590671874999 0.5458015265625 0.6554404140625001 0.5534351140625 0.722797928125 0.5610687015625 0.743523315625 0.5782442750000001 0.766839378125 0.6011450375 0.7823834203125 0.6259541984375 0.779792746875 0.6354961828125 0.777202071875 0.650763359375 0.76165803125 0.658396946875 0.76165803125 0.6679389312499999 0.7487046625 0.6717557249999999 0.73834196875 0.6717557249999999 0.6917098453125 0.6679389312499999 0.68134715 0.6354961828125 0.6735751296875 0.6087786265624999 0.6580310875000001 0.5820610687500001 0.6269430046875
0 0.505725190625 0.5129533671875001 0.49045801562499997 0.5129533671875001 0.486641221875 0.5077720203125 0.47519083906250004 0.5077720203125 0.46374045781250006 0.49740932656250003 0.4293893125 0.49740932656250003 0.42175572499999997 0.5025906734375 0.40076335937499996 0.546632125 0.40076335937499996 0.572538859375 0.427480915625 0.6088082906250001 0.427480915625 0.6139896375 0.4408396953125 0.6269430046875 0.4522900765625 0.6269430046875 0.45610687031249997 0.6321243515625 0.49618320625 0.6295336781249999 0.505725190625 0.6269430046875 0.5343511453125 0.5829015546874999 0.5343511453125 0.572538859375 0.5381679390625 0.5673575125 0.5381679390625 0.546632125 0.5343511453125 0.5414507765625001 0.5343511453125 0.5259067359375 0.5267175578125001 0.51036269375 0.509541984375 0.5077720203125 0.505725190625 0.5129533671875001
0 1 0.5259067359375 0.9790076328125 0.5129533671875001 0.9484732828125001 0.5129533671875001 0.9332061062499999 0.5233160625 0.921755725 0.5233160625 0.896946565625 0.546632125 0.8816793890625 0.5880829015625 0.8816793890625 0.6398963734375 0.896946565625 0.6968911921875 0.9141221375 0.720207253125 0.9370229 0.7253886015625 0.9408396953124999 0.7305699484375 0.9694656484375 0.727979275 1 0.7020725390625 1 0.5259067359375
0 1 0.7538860109375001 0.994274809375 0.7461139890624999 0.9751908390624999 0.7461139890624999 0.9713740453125 0.7409326421875 0.9332061062499999 0.7409326421875 0.9179389312499999 0.7512953375 0.8950381671875001 0.756476684375 0.8778625953124999 0.7746113984375 0.8625954203124999 0.847150259375 0.8740458015625 0.8834196890625 0.8835877859375 0.891191709375 0.8874045796875001 0.9015544046875 0.8950381671875001 0.9067357515625 1 0.9041450781249999 1 0.7538860109375001
0 0.580152671875 0.8886010359375 0.580152671875 0.9041450781249999 0.5858778625000001 0.9119170984375 0.7290076328125 0.909326425 0.740458015625 0.9041450781249999 0.740458015625 0.8782383421875 0.7290076328125 0.8419689124999999 0.7080152671875 0.81865285 0.650763359375 0.81865285 0.646946565625 0.8238341968749999 0.6202290078125 0.82901554375 0.6049618328124999 0.8393782390625001 0.587786259375 0.8626943 0.580152671875 0.8886010359375
0 0.5706106875 0.766839378125 0.5477099234375 0.766839378125 0.5362595421874999 0.777202071875 0.5286259546875 0.777202071875 0.513358778125 0.7875647671875 0.48854961875 0.8160621765625 0.4770992359375 0.8419689124999999 0.4770992359375 0.8886010359375 0.48091603125000004 0.8937823828125 0.48091603125000004 0.9041450781249999 0.486641221875 0.9119170984375 0.5572519078125 0.909326425 0.57442748125 0.9067357515625 0.580152671875 0.89896373125 0.580152671875 0.8782383421875 0.587786259375 0.8575129531250001 0.6049618328124999 0.8341968906250001 0.6106870234375 0.8316062171875 0.6106870234375 0.8160621765625 0.6068702296875 0.8056994812499999 0.59351145 0.7875647671875 0.5706106875 0.766839378125
0 0.8931297703125001 0.334196890625 0.9007633593750001 0.3549222796875 0.9141221375 0.3730569953125 0.9255725187499999 0.3782383421875 0.9332061062499999 0.3886010359375 0.9465648859375 0.3860103625 0.9599236640625 0.3834196890625 0.9637404578125001 0.3782383421875 0.9751908390624999 0.3782383421875 1 0.3652849734375 0.998091603125 0.2020725390625 0.9408396953124999 0.2020725390625 0.904580153125 0.2461139890625 0.8893129765625 0.2823834203125 0.8931297703125001 0.2927461140625 0.8931297703125001 0.334196890625
0 0.845419846875 0.11398963749999999 0.8072519078125 0.11398963749999999 0.7709923671875 0.14766839375000002 0.767175571875 0.1580310875 0.767175571875 0.199481865625 0.7786259546875 0.2409326421875 0.7919847328125 0.2590673578125 0.818702290625 0.2746113984375 0.8377862593750001 0.2746113984375 0.841603053125 0.279792746875 0.8778625953124999 0.277202071875 0.8874045796875001 0.2694300515625 0.904580153125 0.2409326421875 0.908396946875 0.2046632125 0.9122137406249999 0.199481865625 0.9122137406249999 0.1683937828125 0.9007633593750001 0.1373057 0.8912213734375 0.12435233125 0.8835877859375 0.119170984375 0.8492366406249999 0.119170984375 0.845419846875 0.11398963749999999
0 0.666030534375 0.1554404140625 0.6488549625 0.1839378234375 0.6488549625 0.19430051875 0.6450381671875001 0.199481865625 0.6450381671875001 0.21502590625 0.6488549625 0.22020725312499997 0.65267175625 0.2461139890625 0.685114503125 0.2642487046875 0.73091603125 0.3316062171875 0.755725190625 0.32901554375000003 0.76908396875 0.3264248703125 0.7748091609375 0.3082901546875 0.7748091609375 0.2409326421875 0.751908396875 0.1735751296875 0.7423664125 0.1606217609375 0.73091603125 0.1606217609375 0.7270992359374999 0.1554404140625 0.7156488546875 0.1554404140625 0.6965648859375 0.1450777203125 0.666030534375 0.1554404140625
0 0.7080152671875 0.005181346875 0.7041984734375 0.01036269375 0.6965648859375 0.01036269375 0.6793893125 0.038860103125 0.6793893125 0.1062176171875 0.6870229 0.1269430046875 0.6965648859375 0.1398963734375 0.7118320609375 0.15025906718749998 0.7232824421874999 0.15025906718749998 0.7270992359374999 0.1554404140625 0.759541984375 0.152849740625 0.7919847328125 0.12435233125 0.8015267171874999 0.1062176171875 0.8015267171874999 0.095854921875 0.8053435109375 0.09067357499999999 0.8053435109375 0.0595854921875 0.7977099234375 0.038860103125 0.7900763359375 0.028497409374999998 0.7900763359375 0.0233160625 0.7729007640625001 0.005181346875 0.7080152671875 0.005181346875
0 0.8206106875 0.085492228125 0.8206106875 0.09067357499999999 0.8377862593750001 0.108808290625 0.845419846875 0.108808290625 0.8492366406249999 0.11398963749999999 0.8778625953124999 0.11139896406250001 0.90267175625 0.0984455953125 0.9198473281249999 0.075129534375 0.923664121875 0.0647668390625 0.923664121875 0.0129533671875 0.9198473281249999 0.0025906734375 0.8072519078125 0 0.8053435109375 0.044041449999999996 0.8129771 0.0595854921875 0.8129771 0.075129534375 0.8206106875 0.085492228125
0 0.9122137406249999 0.09067357499999999 0.908396946875 0.10103626875 0.908396946875 0.1321243515625 0.9122137406249999 0.1373057 0.916030534375 0.16321243593749998 0.9293893125 0.1917098453125 0.9370229 0.1917098453125 0.9408396953124999 0.1968911921875 0.9809160312499999 0.19430051875 1 0.1891191703125 0.998091603125 0.0414507765625 0.982824428125 0.0414507765625 0.9790076328125 0.046632125 0.9637404578125001 0.046632125 0.9599236640625 0.051813471874999996 0.9522900765625 0.051813471874999996 0.9446564890625 0.062176165625 0.9293893125 0.06735751250000001 0.9122137406249999 0.09067357499999999
0 0.2824427484375 0.2512953375 0.2900763359375 0.272020725 0.2862595421875 0.323834196875 0.267175571875 0.370466321875 0.244274809375 0.40155440468750003 0.244274809375 0.41191709843749996 0.265267175 0.44041450781249997 0.27290076406249997 0.44041450781249997 0.27671755781249996 0.4455958546875 0.2900763359375 0.44300518125000005 0.33015267187499997 0.39896373125 0.345419846875 0.3937823828125 0.35496183281250004 0.380829015625 0.35496183281250004 0.3652849734375 0.3625954203125 0.33937823906250003 0.3625954203125 0.2927461140625 0.337786259375 0.2590673578125 0.3072519078125 0.243523315625 0.2881679390625 0.243523315625 0.2824427484375 0.2512953375
0 0.46755725156250005 0.29533678750000003 0.40648855 0.29533678750000003 0.40267175625 0.30051813437499997 0.3835877859375 0.30051813437499997 0.3664122140625 0.32901554375000003 0.3664122140625 0.33937823906250003 0.35496183281250004 0.37564766875 0.35496183281250004 0.39119170937500003 0.36068702343750003 0.39896373125 0.3683206109375 0.39896373125 0.3721374046875 0.3937823828125 0.3835877859375 0.3937823828125 0.39122137343749996 0.39896373125 0.40839694687500006 0.4222797921875 0.423664121875 0.4637305703125 0.4293893125 0.471502590625 0.435114503125 0.4689119171875 0.431297709375 0.4637305703125 0.435114503125 0.4585492234375 0.435114503125 0.44300518125000005 0.431297709375 0.43782383437499994 0.435114503125 0.39637305624999997 0.44656488593750004 0.3652849734375 0.4580152671875 0.34974093281249996 0.4618320609375 0.334196890625 0.4770992359375 0.3082901546875 0.46755725156250005 0.29533678750000003
0 0.27480916093749996 0.4689119171875 0.265267175 0.46632124375000006 0.25381679375 0.4455958546875 0.24618320625 0.4455958546875 0.2194656484375 0.46632124375000006 0.2175572515625 0.4740932640625 0.1984732828125 0.5 0.1870229 0.5310880828125 0.1870229 0.546632125 0.18320610625 0.551813471875 0.18320610625 0.5777202078125 0.1984732828125 0.6139896375 0.20419847343750003 0.6217616578125 0.20610687031250002 0.619170984375 0.23473282499999998 0.58031088125 0.24236641250000002 0.58031088125 0.24618320625 0.575129534375 0.26908396875 0.575129534375 0.27480916093749996 0.5673575125 0.27099236718749997 0.55699481875 0.27099236718749997 0.5310880828125 0.267175571875 0.5259067359375 0.267175571875 0.48963730625 0.27480916093749996 0.4689119171875
0 0 0.790155440625 0.013358778125000002 0.8031088078125 0.0362595421875 0.8031088078125 0.0400763359375 0.8082901546875 0.0458015265625 0.8056994812499999 0.08206106875 0.7979274609375 0.09351145 0.7823834203125 0.1125954203125 0.772020725 0.11832061093749999 0.7590673578125 0.1125954203125 0.7461139890624999 0.08206106875 0.7461139890624999 0.078244275 0.7357512953125 0.06679389375 0.7305699484375 0.0458015265625 0.6968911921875 0.0458015265625 0.68134715 0.041984732812499995 0.676165803125 0.041984732812499995 0.6450777203125 0.0362595421875 0.6373057 0.013358778125000002 0.6373057 0 0.6502590671874999 0 0.790155440625
0 0.1087786265625 0.7875647671875 0.09732824375 0.7875647671875 0.0858778625 0.8031088078125 0.08206106875 0.8031088078125 0.064885496875 0.8316062171875 0.064885496875 0.847150259375 0.06106870156250001 0.8523316062499999 0.06106870156250001 0.8782383421875 0.0706106875 0.9067357515625 0.078244275 0.9119170984375 0.171755725 0.909326425 0.1870229 0.9041450781249999 0.1870229 0.8316062171875 0.18320610625 0.8264248703125 0.18320610625 0.8160621765625 0.17748091562499999 0.8134715031249999 0.16603053437499998 0.7979274609375 0.158396946875 0.7979274609375 0.1354961828125 0.7823834203125 0.1125954203125 0.7823834203125 0.1087786265625 0.7875647671875
0 0.2118320609375 0.7823834203125 0.20610687031250002 0.790155440625 0.1984732828125 0.8108808296875001 0.1984732828125 0.8575129531250001 0.1946564890625 0.8626943 0.1946564890625 0.8834196890625 0.1984732828125 0.8886010359375 0.1984732828125 0.89896373125 0.20419847343750003 0.9067357515625 0.2118320609375 0.9119170984375 0.3091603046875 0.909326425 0.322519084375 0.9015544046875 0.328244275 0.8886010359375 0.328244275 0.8367875640625 0.31679389375 0.8160621765625 0.3129771 0.78497409375 0.3072519078125 0.777202071875 0.27671755781249996 0.7979274609375 0.24236641250000002 0.7979274609375 0.2194656484375 0.7823834203125 0.2118320609375 0.7823834203125
0 0.39503816718749996 0.8549222796875 0.3874045796875 0.870466321875 0.3797709921875 0.8601036265625 0.3721374046875 0.8601036265625 0.3683206109375 0.8549222796875 0.349236640625 0.8549222796875 0.345419846875 0.8497409328125001 0.337786259375 0.8497409328125001 0.33206106874999997 0.8678756484375001 0.33206106874999997 0.89896373125 0.337786259375 0.9119170984375 0.4656488546875 0.909326425 0.47137404531250005 0.9067357515625 0.4770992359375 0.8937823828125 0.4732824421875 0.8886010359375 0.4732824421875 0.8108808296875001 0.46755725156250005 0.8031088078125 0.45992366406249996 0.8031088078125 0.45610687031249997 0.7979274609375 0.4484732828125 0.7979274609375 0.42175572499999997 0.8341968906250001 0.39503816718749996 0.8549222796875