0 0.20588235312499997 0.3366013078125 0.1813725484375 0.3202614375 0.15441176406249998 0.3169934640625 0.1299019609375 0.33169934687499997 0.1495098046875 0.38725490156250003 0.203431371875 0.436274509375 0.28676470625 0.5408496734375 0.328431371875 0.5653594765625 0.367647059375 0.5653594765625 0.3799019609375 0.544117646875 0.35539215625 0.5212418296875 0.311274509375 0.4509803921875 0.25245097968749997 0.3954248359375 0.20588235312499997 0.3366013078125
0 0.7745098046875001 0.5212418296875 0.7671568625 0.5 0.7475490203125 0.4869281046875 0.69607843125 0.4705882359375 0.6421568625 0.47385620937499995 0.634803921875 0.4689542484375 0.40931372499999996 0.4591503265625 0.3799019609375 0.46241830000000006 0.3529411765625 0.4754901953125 0.3333333328125 0.4771241828125 0.330882353125 0.48366013125 0.35539215625 0.5147058828125 0.40196078437500005 0.5245098046875001 0.4142156859375 0.534313725 0.490196078125 0.527777778125 0.715686275 0.5375816999999999 0.7524509796875 0.534313725 0.7745098046875001 0.5212418296875
0 0.4779411765625 0.2205882359375 0.46323529375000005 0.2271241828125 0.455882353125 0.2434640515625 0.46323529375000005 0.3921568625 0.48774509843749997 0.455882353125 0.5220588234375 0.46241830000000006 0.546568628125 0.44607843125 0.5588235296875 0.42483660156249997 0.5514705875 0.3169934640625 0.5220588234375 0.23692810468749997 0.5073529406249999 0.223856209375 0.4779411765625 0.2205882359375
0 0.4142156859375 0.2467320265625 0.3897058828125 0.25326797343749996 0.375 0.26633986875 0.37745097968749997 0.3790849671875 0.4068627453125 0.455882353125 0.421568628125 0.46241830000000006 0.4779411765625 0.46405228750000005 0.49509803906250005 0.455882353125 0.47303921562499995 0.41013071874999996 0.46323529375000005 0.27450980468749997 0.44607843125 0.25326797343749996 0.4142156859375 0.2467320265625
0 0.6568627453125 0.223856209375 0.625 0.20915032656250002 0.598039215625 0.20751634062500002 0.5686274515624999 0.2205882359375 0.563725490625 0.2434640515625 0.6200980390625 0.3006535953125 0.659313725 0.321895425 0.7794117640625 0.41176470624999995 0.794117646875 0.4166666671875 0.8259803921875 0.41339869218749997 0.8333333328125001 0.4068627453125 0.8333333328125001 0.37254902031250003 0.8235294124999999 0.3529411765625 0.6568627453125 0.223856209375
0 0.14215686249999998 0.5147058828125 0.25 0.671568628125 0.2794117640625 0.69771241875 0.2990196078125 0.7026143796875 0.3333333328125 0.671568628125 0.3333333328125 0.6405228765625 0.20588235312499997 0.4771241828125 0.16176470625 0.454248365625 0.1372549015625 0.47385620937499995 0.14215686249999998 0.5147058828125
0 0.2892156859375 0.7091503265625 0.25245097968749997 0.6732026140625 0.20588235312499997 0.6029411765625 0.188725490625 0.5931372546875 0.1470588234375 0.6013071890624999 0.132352940625 0.6209150328125 0.134803921875 0.66013071875 0.171568628125 0.7026143796875 0.28676470625 0.794117646875 0.34068627500000004 0.810457515625 0.384803921875 0.8088235296875 0.3897058828125 0.777777778125 0.3799019609375 0.7614379078125 0.34068627500000004 0.7450980390625 0.2892156859375 0.7091503265625
0 0.3455882359375 0.687908496875 0.32107843125 0.707516340625 0.32107843125 0.73039215625 0.348039215625 0.7483660125 0.4852941171875 0.7483660125 0.6764705875 0.740196078125 0.6985294125 0.723856209375 0.6985294125 0.705882353125 0.6764705875 0.689542484375 0.5147058828125 0.6813725484375001 0.3455882359375 0.687908496875
0 0.6323529406249999 0.73366013125 0.580882353125 0.741830065625 0.5294117640625 0.740196078125 0.421568628125 0.75 0.3921568625 0.776143790625 0.3921568625 0.7990196078125 0.436274509375 0.8071895421875 0.6764705875 0.8022875812500001 0.740196078125 0.776143790625 0.7475490203125 0.758169934375 0.7279411765625 0.741830065625 0.6323529406249999 0.73366013125
0 0.7205882359375 0.5359477125 0.69607843125 0.545751634375 0.688725490625 0.5686274515624999 0.7083333328125 0.596405228125 0.7377450984375 0.73039215625 0.7549019609375 0.7614379078125 0.7818627453125 0.7728758171875 0.7990196078125 0.7728758171875 0.8235294124999999 0.759803921875 0.8014705875000001 0.6405228765625 0.7671568625 0.5506535953125 0.7205882359375 0.5359477125
0 0.686274509375 0.5653594765625 0.6666666671875 0.5571895421875 0.44117647031249996 0.5751633984375 0.3799019609375 0.5866013078125001 0.34068627500000004 0.6192810453125001 0.34068627500000004 0.64379085 0.36274509843749997 0.6568627453125 0.43137254843750006 0.66013071875 0.46568627500000004 0.6486928109375001 0.6666666671875 0.6225490203125 0.6985294125 0.60620915 0.705882353125 0.5866013078125001 0.686274509375 0.5653594765625
0 0.5588235296875 0.28431372499999996 0.5416666671875 0.3006535953125 0.563725490625 0.3366013078125 0.60539215625 0.348039215625 0.6299019609375 0.364379084375 0.7671568625 0.47385620937499995 0.8039215687500001 0.4771241828125 0.811274509375 0.437908496875 0.7450980390625 0.3790849671875 0.6029411765625 0.292483659375 0.5833333328125 0.28431372499999996 0.5588235296875 0.28431372499999996
0 0.43382352968750004 0.18954248437500001 0.3921568625 0.186274509375 0.367647059375 0.18954248437500001 0.32107843125 0.20915032656250002 0.2720588234375 0.2483660125 0.151960784375 0.31535947656249996 0.15441176406249998 0.3267973859375 0.2279411765625 0.34150326875000003 0.3455882359375 0.276143790625 0.41176470624999995 0.2516339875 0.44607843125 0.2173202609375 0.44607843125 0.20098039218750002 0.43382352968750004 0.18954248437500001