0 0.43434305625 0.3059581328125 0.3851013890625 0.26643317187500004 0.31186805624999997 0.26496779375 0.26641388906249996 0.2883913046875 0.25 0.31327697187500003 0.2020208328125 0.34255555625 0.18181805625 0.3967214171875 0.17676805625 0.4860193234375 0.2095958328125 0.5679983890625 0.2601013890625 0.639731078125 0.31565694375 0.6221642515625 0.3901513890625 0.6309468593750001 0.4545458328125 0.5958132046875 0.48106111093750004 0.532864734375 0.49621250000000006 0.434782609375 0.47348472187499996 0.3484122390625 0.43434305625 0.3059581328125
0 0.69823194375 0.6280193234375 0.722222221875 0.6133800328125 0.718434721875 0.5958132046875 0.67424305625 0.61630756875 0.6628791671875 0.5899581328125 0.68181805625 0.5679983890625 0.67803055625 0.5504315625 0.651515278125 0.573855071875 0.6426763890625 0.532864734375 0.6111111109375 0.5050499187499999 0.5795458328125 0.4948035421875 0.5404041671875001 0.497731078125 0.49242361093750003 0.51529790625 0.465909721875 0.5928856687499999 0.3939388890625 0.633874396875 0.45202083281250005 0.674864734375 0.49116111093750003 0.7348856687499999 0.50505 0.7905136875000001 0.50505 0.8373590984374999 0.57196944375 0.8402866343750001 0.6161611109375 0.8300402578125 0.6654041671875001 0.7875861515625 0.68939444375 0.7378132046875 0.67803055625 0.6485136875 0.69823194375 0.6280193234375
0 0.5063125 0.7919774562499999 0.49368749999999995 0.7378132046875 0.44823194375000003 0.6719371984375 0.3876263890625 0.633874396875 0.32070694375 0.6207004828125 0.27272777812500004 0.6382673109375 0.26136388906249997 0.6411948468750001 0.2070708328125 0.685112721875 0.1717166671875 0.7509887281250001 0.1603541671875 0.8285748796875 0.15782777812499998 0.8695652171875 0.17424305625 0.9251932359374999 0.2070708328125 0.96471980625 0.24495 0.9939983890624999 0.3813125 0.9983896937500001 0.42297916718749995 0.9778953296875 0.48106111093750004 0.906162640625 0.5037874999999999 0.8461433171875001 0.5063125 0.7919774562499999
0 0.771465278125 0.7173188406250001 0.7436875 0.7480595812499999 0.74495 0.7802657 0.7651513890625 0.8022254421874999 0.7689388890625 0.8344315625000001 0.7676763890625 0.8534621578125 0.8194444437499999 0.882740740625 0.8648986109375001 0.881276971875 0.906565278125 0.8300402578125 0.9128791671875 0.7465958125000001 0.902777778125 0.689504025 0.8333333328125001 0.642658615625 0.7689388890625 0.6646167468749999 0.771465278125 0.7173188406250001
0 0.0795458328125 0.13321578125 0.07575694375 0.1785974234375 0.0883833328125 0.22837037031250002 0.13636388906250002 0.263504025 0.1691916671875 0.26496779375 0.2045458328125 0.2225152984375 0.2095958328125 0.16688566875 0.19318194375 0.10833011249999999 0.1729791671875 0.0892995171875 0.147727778125 0.07612399375 0.097222221875 0.09515458906249999 0.0795458328125 0.13321578125
0 0.43939444375000003 0.1215056359375 0.4103541671875 0.09808212499999999 0.3926763890625 0.08051529843750001 0.351009721875 0.071731078125 0.31691944375 0.092227053125 0.28282777812500004 0.1054025765625 0.2638888890625 0.1463913046875 0.26641388906249996 0.193236715625 0.279040278125 0.23276167499999997 0.31565694375 0.26643317187500004 0.3560611109375 0.2620402578125 0.39141388906249996 0.2693607078125 0.407827778125 0.27082447656249997 0.43686805624999997 0.234227053125 0.44949444375000003 0.1698148140625 0.43939444375000003 0.1215056359375
0 0.776515278125 0.44795813281249997 0.7689388890625 0.4113607078125 0.7310611109375 0.3864734296875 0.6805555562500001 0.39086473437499997 0.6376263890625 0.4259983890625 0.6186875 0.45966988750000004 0.61995 0.49333977500000004 0.650252778125 0.49626731093750004 0.6704541671875 0.5167616749999999 0.6666666671875 0.5416489531249999 0.69065694375 0.554822865625 0.724747221875 0.5518953296875 0.7613638890625001 0.5357922703125 0.777777778125 0.4948035421875 0.776515278125 0.44795813281249997
0 0.9217166671875001 0.6060611921875 0.92676805625 0.5518953296875 0.9179291671875 0.5065136875 0.897727778125 0.49626731093750004 0.8926763890625 0.465524959375 0.8901513890625001 0.45088566874999997 0.875 0.4611336546875 0.86995 0.47430756875 0.848484721875 0.465524959375 0.80934305625 0.4728438 0.776515278125 0.48748309218749997 0.7702013890625 0.5138341390625001 0.7601013890625 0.5475040250000001 0.752525 0.565070853125 0.7588388890625 0.61630756875 0.7727277781249999 0.6353381640625 0.80429305625 0.64704991875 0.8320708328125 0.6411948468750001 0.8585861109374999 0.6543703703125 0.8914138890625001 0.6514412234375 0.9217166671875001 0.6060611921875
0 0.44444444375 0.058557165625 0.4103541671875 0.0863703703125 0.4179291671875 0.10686634531250001 0.45202083281250005 0.1361433171875 0.45075694374999997 0.20787600624999997 0.44191944375 0.215194846875 0.47474722187499996 0.25033011250000003 0.5063125 0.2605764890625 0.5391416671875 0.24154589375 0.56439444375 0.193236715625 0.57449444375 0.147855071875 0.56186805625 0.090763284375 0.5176763890625 0.067339775 0.5176763890625 0.060020934375 0.5126263890625 0.048309178125000005 0.49621250000000006 0.049772946875 0.476009721875 0.071731078125 0.44444444375 0.058557165625
0 0.9128791671875 0.0966183578125 0.904040278125 0.11564895312500001 0.897727778125 0.142 0.905302778125 0.1712785828125 0.9255055562500001 0.1888454109375 0.9671722218750001 0.1873816421875 0.9835861109374999 0.16688566875 0.9924236109375 0.12296940468749999 0.9848486109374999 0.093690821875 0.9621208328125 0.0775877609375 0.93560555625 0.071731078125 0.9128791671875 0.0966183578125
0 0.7828277781249999 0.29863929218749996 0.7702013890625 0.28546376875 0.7512624999999999 0.27521578125 0.723484721875 0.2796070859375 0.69696944375 0.28546376875 0.67424305625 0.3030305953125 0.654040278125 0.335236715625 0.648990278125 0.3528035421875 0.648990278125 0.38940096562500004 0.655302778125 0.4025764890625 0.7032833328125 0.38061835781250003 0.7323236109375 0.38061835781250003 0.7727277781249999 0.40550402500000005 0.7891416671875 0.4025764890625 0.8030305562500001 0.35426731093749997 0.7828277781249999 0.29863929218749996
0 0.6265625 0.1703125 0.1140625 0.134375
0 0.79140625 0.09453125 0.0703125 0.1
0 0.7046875 0.07265625 0.0796875 0.1046875
0 0.86796875 0.11875 0.0640625 0.0875
0 0.24765625 0.0875 0.1203125 0.128125
0 0.253125 0.24296875 0.096875 0.146875
0 0.5140625 0.42109375 0.10625 0.1890625