0 0.8832116781250001 0.149456521875 0.8686131390625 0.1548913046875 0.8686131390625 0.252717390625 0.8576642328125 0.29076087031250003 0.87956204375 0.6657608703125 0.9051094890625 0.7798913046875 0.9306569343750001 0.8342391296875 0.9416058390625001 0.9103260875 0.9562043796875 0.9320652171875 0.9416058390625001 0.747282609375 0.9781021890625 0.61141304375 0.9781021890625 0.38315217343749997 0.967153284375 0.3179347828125 0.9306569343750001 0.225543478125 0.9306569343750001 0.127717390625 0.9142335765625 0.125 0.9105839421875 0.1413043484375 0.8923357671875 0.1032608703125 0.8832116781250001 0.149456521875
0 0.8029197078125 0.301630434375 0.7846715328125 0.3451086953125 0.7846715328125 0.4320652171875 0.846715328125 0.7201086953125 0.8886861312500001 0.7826086953125 0.9087591234374999 0.7798913046875 0.87956204375 0.6657608703125 0.864963503125 0.36684782656250003 0.8576642328125 0.301630434375 0.846715328125 0.2853260875 0.8503649640625 0.2309782609375 0.837591240625 0.19565217343750002 0.8302919703124999 0.25 0.81569343125 0.184782609375 0.7992700734375 0.26358695625 0.8029197078125 0.301630434375
0 0.7408759125 0.502717390625 0.7408759125 0.5788043484375 0.7299270078125 0.6657608703125 0.7591240875 0.73641304375 0.7846715328125 0.76358695625 0.7773722625 0.7961956515625 0.7883211671875 0.801630434375 0.81569343125 0.7771739125 0.8321167890625001 0.7418478265624999 0.82481751875 0.6331521734375001 0.7846715328125 0.4375 0.7591240875 0.36141304375 0.7390510953125 0.3315217390625 0.7171532843749999 0.32608695625 0.7153284671875 0.3451086953125 0.7299270078125 0.38858695625 0.7408759125 0.502717390625
0 0.6678832109374999 0.6548913046875 0.635036496875 0.6875 0.6277372265625 0.7201086953125 0.6222627734375 0.7282608703125 0.61131386875 0.711956521875 0.605839415625 0.725543478125 0.62043795625 0.8722826093749999 0.6131386859375 0.9972826093749999 0.62043795625 1 0.635036496875 0.823369565625 0.6733576640625001 0.788043478125 0.7007299265625 0.73641304375 0.737226278125 0.600543478125 0.7408759125 0.51358695625 0.7299270078125 0.3940217390625 0.7098540140625 0.32608695625 0.7007299265625 0.524456521875 0.6861313874999999 0.600543478125 0.6678832109374999 0.6548913046875
0 0.6277372265625 0.127717390625 0.5948905109375 0.1875 0.58394160625 0.3125 0.58394160625 0.6331521734375001 0.6240875906250001 0.7146739125 0.6277372265625 0.6929347828125 0.6678832109374999 0.649456521875 0.6861313874999999 0.5951086953125 0.7043795625 0.42119565156250005 0.7043795625 0.2961956515625 0.689781021875 0.1929347828125 0.6569343062499999 0.13315217343750002 0.64781021875 0.0815217390625 0.6277372265625 0.0951086953125 0.6277372265625 0.127717390625
0 0.514598540625 0.551630434375 0.5218978109375 0.6603260875 0.54744525625 0.747282609375 0.512773721875 0.7771739125 0.5109489046875 0.801630434375 0.578467153125 0.75 0.5985401453125 0.7038043484375 0.5802919703125 0.622282609375 0.5802919703125 0.3451086953125 0.5912408765625 0.17663043437499998 0.578467153125 0.11413043437499999 0.5656934312499999 0.20923912968749997 0.5401459859375 0.2418478265625 0.53649635 0.4157608703125 0.514598540625 0.551630434375
0 0.481751825 0.13858695625 0.45437956249999994 0.086956521875 0.44160583906250006 0.127717390625 0.45985401406250004 0.1875 0.44160583906250006 0.225543478125 0.39781021875 0.551630434375 0.3905109484375 0.6548913046875 0.4014598546875 0.8125 0.37591240937500003 0.7961956515625 0.39781021875 0.9103260875 0.4270073 0.9538043484375001 0.43613138749999997 1 0.45985401406250004 0.9972826093749999 0.4562043796875 0.9320652171875 0.47445255468749997 0.88858695625 0.503649634375 0.5788043484375 0.53649635 0.38858695625 0.53649635 0.24728260937500002 0.5109489046875 0.1820652171875 0.518248175 0.127717390625 0.5 0.149456521875 0.48722627812499997 0.0543478265625 0.481751825 0.13858695625
0 0.412408759375 0.20923912968749997 0.412408759375 0.26358695625 0.3868613140625 0.3179347828125 0.3722627734375 0.38858695625 0.3540145984375 0.5570652171875 0.3540145984375 0.6603260875 0.37956204375 0.86141304375 0.43430656875 0.9701086953125 0.43430656875 0.8940217390624999 0.4014598546875 0.801630434375 0.394160584375 0.7309782609375 0.39781021875 0.551630434375 0.44160583906250006 0.23641304375 0.44160583906250006 0.20923912968749997 0.4324817515625 0.190217390625 0.4270073 0.2038043484375 0.42518248124999997 0.17934782656249998 0.412408759375 0.20923912968749997
0 0.33394160624999997 0.190217390625 0.32481751875 0.13315217343750002 0.31569343125 0.1413043484375 0.29744525624999996 0.11956521718749999 0.2846715328125 0.149456521875 0.2956204375 0.21467391249999998 0.2773722625 0.24728260937500002 0.2518248171875 0.40489130468749995 0.2335766421875 0.6059782609375 0.2481751828125 0.7038043484375 0.32481751875 0.8668478265624999 0.3175182484375 0.7961956515625 0.3321167890625 0.774456521875 0.32481751875 0.747282609375 0.34306569374999996 0.698369565625 0.34306569374999996 0.5461956515625 0.364963503125 0.40489130468749995 0.3686131390625 0.2853260875 0.3503649640625 0.20923912968749997 0.37956204375 0.17663043437499998 0.33394160624999997 0.190217390625
0 0.2281021890625 0.13586956562500002 0.20985401406249998 0.11956521718749999 0.19343065625 0.127717390625 0.20802919687500002 0.1548913046875 0.16423357656249998 0.2418478265625 0.135036496875 0.36684782656250003 0.12408759062500001 0.5298913046875 0.13868613125 0.600543478125 0.17153284687499998 0.6548913046875 0.1678832109375 0.6875 0.1496350359375 0.725543478125 0.15693430625 0.7309782609375 0.2189781015625 0.61141304375 0.2335766421875 0.5407608703125 0.273722628125 0.25815217343749997 0.273722628125 0.20923912968749997 0.26277372187500003 0.1820652171875 0.27007299218749997 0.1059782609375 0.2609489046875 0.086956521875 0.253649634375 0.1467391296875 0.235401459375 0.11956521718749999 0.2281021890625 0.13586956562500002
0 0.09306569375 0.10869565156250001 0.069343065625 0.1440217390625 0.0638686125 0.1684782609375 0.0383211671875 0.184782609375 0 0.23641304375 0.003649634375 0.4103260875 0.09854014531250001 0.3070652171875 0.11678832187499999 0.25815217343749997 0.11313868593750001 0.2038043484375 0.162408759375 0.1576086953125 0.1824817515625 0.11141304375000001 0.21167883281250002 0.0788043484375 0.20985401406249998 0.0054347828124999996 0.195255475 0.0054347828124999996 0.18430656875 0.0271739125 0.09306569375 0.10869565156250001
0 0.12043795625 0.51358695625 0.135036496875 0.350543478125 0.15693430625 0.2690217390625 0.1514598546875 0.260869565625 0.12591240937499998 0.2771739125 0.09306569375 0.32608695625 0.0383211671875 0.375 0 0.42119565156250005 0.003649634375 0.63858695625 0.12043795625 0.51358695625