0 0.3125 0.54453125 0.215625 0.3671875
0 0.95546875 0.634375 0.0890625 0.309375
0 0.12578125 0.66015625 0.2515625 0.3
0 0.7921875 0.6984375 0.19375 0.34375
0 0.35546875 0.07734375 0.225 0.1546875
0 0.5765625 0.82421875 0.234375 0.3515625
0 0.92421875 0.86875 0.1515625 0.2625
0 0.3234375 0.87578125 0.225 0.2484375
0 0.75234375 0.92734375 0.246875 0.14375
0 0.17421875 0.1234375 0.2328125 0.2359375
0 0.7 0.14296875 0.2421875 0.275
0 0.51796875 0.19609375 0.21875 0.3515625
0 0.06015625 0.24296875 0.1203125 0.259375
0 0.34921875 0.25703125 0.1890625 0.3703125
0 0.8859375 0.28671875 0.175 0.346875
0 0.7 0.34375 0.2109375 0.3578125
0 0.16328125 0.3640625 0.2109375 0.378125
0 0.5078125 0.4203125 0.196875 0.3765625