0 0.45703125 0.31796875 0.2546875 0.1640625
0 0.3828125 0.12421875 0.2234375 0.1875
0 0.14296875 0.19921875 0.2140625 0.15
0 0.284375 0.25859375 0.1890625 0.1375
0 0.165625 0.3609375 0.225 0.1484375
0 0.3203125 0.41171875 0.2484375 0.13125
0 0.20078125 0.5109375 0.2296875 0.1375
0 0.353125 0.565625 0.2375 0.14375
0 0.21953125 0.6453125 0.2140625 0.1234375
0 0.384375 0.71796875 0.2171875 0.1234375
0 0.2578125 0.784375 0.190625 0.13125
0 0.39375 0.8546875 0.228125 0.14375
0 0.26953125 0.9265625 0.19375 0.13125
0 0.6078125 0.94609375 0.190625 0.1078125
0 0.81484375 0.93828125 0.228125 0.1234375
0 0.621875 0.82421875 0.2046875 0.1609375
0 0.8171875 0.8109375 0.20625 0.15
0 0.8359375 0.6671875 0.2140625 0.1234375
0 0.6046875 0.6828125 0.2671875 0.1453125
0 0.6046875 0.55 0.25625 0.1515625
0 0.79296875 0.53125 0.2125 0.1203125
0 0.57421875 0.40390625 0.1921875 0.1484375
0 0.775 0.396875 0.19375 0.121875
0 0.759375 0.26484375 0.215625 0.125
0 0.60625 0.11015625 0.19375 0.146875
0 0.790625 0.11796875 0.1890625 0.1546875
0 0.5546666671875 0.29225 0.5716666671875 0.30924999999999997 0.5853333328125 0.31425000000000003 0.595 0.3165 0.602 0.317 0.6326666671875001 0.31675 0.6456666671875 0.313 0.658 0.3045 0.663 0.29874999999999996 0.6686666671875 0.2895 0.6799999999999999 0.26575000000000004 0.6796666671875 0.2535 0.661 0.22275 0.6519999999999999 0.213 0.646 0.20825 0.6326666671875001 0.20049999999999998 0.619 0.1955 0.6086666671875001 0.19424999999999998 0.5536666671875 0.19275 0.5366666671875 0.19475 0.5193333328125 0.199 0.5103333328125 0.20299999999999999 0.5003333328124999 0.21025 0.49533333281249997 0.21549999999999997 0.493 0.2245 0.493 0.22825 0.5 0.238 0.5173333328124999 0.2515 0.532 0.26475 0.5546666671875 0.29225
0 0.1863333328125 0.1385 0.20833333281250002 0.156 0.23133333281250001 0.1695 0.25433333281250003 0.17775000000000002 0.268 0.18125 0.2766666671875 0.182 0.2883333328125 0.1815 0.2916666671875 0.1805 0.2926666671875 0.1785 0.292 0.17525 0.2866666671875 0.17024999999999998 0.27799999999999997 0.15225 0.2723333328125 0.137 0.2703333328125 0.127 0.272 0.11299999999999999 0.277 0.097 0.2816666671875 0.08825 0.3096666671875 0.058499999999999996 0.319 0.051000000000000004 0.3193333328125 0.0495 0.3156666671875 0.045 0.3093333328125 0.04025 0.29100000000000004 0.0325 0.2686666671875 0.029249999999999998 0.246 0.028749999999999998 0.2273333328125 0.0305 0.2046666671875 0.03725 0.1873333328125 0.046 0.1796666671875 0.051000000000000004 0.1673333328125 0.06275 0.162 0.07375000000000001 0.1616666671875 0.08825 0.16399999999999998 0.0975 0.17333333281250002 0.118 0.1806666671875 0.128 0.1863333328125 0.1385