0 0.41171875 0.4640625 0.071875 0.090625
0 0.34921875 0.471875 0.065625 0.090625
0 0.31796875 0.54140625 0.06875 0.0703125
0 0.4328125 0.56015625 0.0625 0.090625
0 0.4859375 0.5296875 0.053125 0.0984375
0 0.52890625 0.58828125 0.0625 0.0984375
0 0.4796875 0.63359375 0.071875 0.09375
0 0.5546875 0.5109375 0.078125 0.0828125
0 0.565625 0.43984375 0.05625 0.0859375
0 0.6859375 0.31328125 0.0515625 0.05625
0 0.81015625 0.21484375 0.0796875 0.0828125
0 0.92421875 0.3828125 0.0609375 0.078125
0 0.91875 0.515625 0.0828125 0.1046875
0 0.9390625 0.78671875 0.0421875 0.0640625
0 0.834375 0.734375 0.0359375 0.0515625