0 0.3071895421875 0.9259259265625 0.3202614375 0.87363834375 0.3431372546875 0.8257080609375 0.3431372546875 0.795206971875 0.33169934687499997 0.7276688453125 0.31535947656249996 0.7015250546875 0.27777777812500004 0.6666666671875 0.23856209218750002 0.66230936875 0.1764705875 0.6906318078125 0.12581699375 0.7298474953125 0.1078431375 0.775599128125 0.1045751640625 0.830065359375 0.12745097968750002 0.901960784375 0.150326796875 0.936819171875 0.23202614375000002 0.9411764703125 0.23529411718749998 0.9673202609375 0.2565359484375 0.9673202609375 0.28431372499999996 0.9520697171875 0.3071895421875 0.9259259265625
0 0.491830065625 0.357298475 0.4705882359375 0.3333333328125 0.44934640468750003 0.3224400875 0.33169934687499997 0.31154684062500004 0.3071895421875 0.3202614375 0.2973856203125 0.33769063125 0.2859477125 0.4161220046875 0.2973856203125 0.4488017421875 0.33169934687499997 0.492374728125 0.3578431375 0.509803921875 0.42973856250000003 0.527233115625 0.47222222187499996 0.5206971671875 0.491830065625 0.44226579531250004 0.49673202656250004 0.366013071875 0.491830065625 0.357298475
0 0.382352940625 0.7559912859375 0.40032679687500006 0.7363834421875 0.41830065312500003 0.69716775625 0.41830065312500003 0.671023965625 0.43137254843750006 0.66013071875 0.41830065312500003 0.6361655765625 0.42483660156249997 0.6209150328125 0.419934640625 0.581699346875 0.3333333328125 0.527233115625 0.2875817 0.5206971671875 0.2630718953125 0.544662309375 0.2549019609375 0.5664488015625 0.259803921875 0.614379084375 0.2516339875 0.633986928125 0.2516339875 0.6557734203125001 0.2810457515625 0.6688453156249999 0.310457515625 0.69498910625 0.3333333328125 0.723311546875 0.34150326875000003 0.7494553374999999 0.3594771234375 0.758169934375 0.382352940625 0.7559912859375
0 0.2614379078125 0.5511982578125 0.2565359484375 0.51851851875 0.26633986875 0.49673202656250004 0.259803921875 0.45751634062499996 0.24019607812500002 0.435729846875 0.1813725484375 0.40958605625000005 0.11928104531249999 0.40087145937499996 0.1045751640625 0.4139433546875 0.0931372546875 0.44444444375 0.09150326875 0.5054466234375 0.0751633984375 0.5577342046875 0.08333333281250001 0.6034858390625 0.117647059375 0.6296296296875 0.1764705875 0.6470588234375 0.20424836562499998 0.644880175 0.23692810468749997 0.6230936812500001 0.2549019609375 0.599128540625 0.2614379078125 0.5511982578125
0 0.2712418296875 0.40087145937499996 0.292483659375 0.36819172187500004 0.30392156875 0.3180827890625 0.30228758125 0.2614379078125 0.2892156859375 0.23311546875000003 0.2549019609375 0.20043572968749998 0.241830065625 0.1742919390625 0.1911764703125 0.1459694984375 0.16176470625 0.14379085 0.1111111109375 0.1546840953125 0.08496732031250001 0.1830065359375 0.0735294125 0.206971678125 0.062091503125 0.2897603484375 0.0735294125 0.357298475 0.1013071890625 0.3703703703125 0.114379084375 0.3986928109375 0.1633986921875 0.40087145937499996 0.2026143796875 0.42265795156249997 0.2434640515625 0.42483660156249997 0.2712418296875 0.40087145937499996
0 0.44117647031249996 0.14161220000000002 0.3790849671875 0.1372549015625 0.3366013078125 0.1721132890625 0.3235294125 0.20915032656250002 0.32516339843750003 0.241830065625 0.364379084375 0.2701525046875 0.436274509375 0.2897603484375 0.454248365625 0.30283224375 0.4787581703125 0.294117646875 0.48366013125 0.2636165578125 0.47222222187499996 0.215686275 0.4705882359375 0.15904139374999998 0.44117647031249996 0.14161220000000002
0 0.312091503125 0.2723311546875 0.3366013078125 0.16993464062500002 0.32516339843750003 0.1220043578125 0.294117646875 0.045751634375 0.26797385625 0.0239651421875 0.23856209218750002 0.0239651421875 0.1764705875 0.0479302828125 0.1666666671875 0.0588235296875 0.1454248359375 0.10021786562499999 0.135620915625 0.14379085 0.18954248437500001 0.1481481484375 0.23692810468749997 0.1742919390625 0.2549019609375 0.20479302812500003 0.2810457515625 0.2200435734375 0.3006535953125 0.2483660125 0.30392156875 0.2723311546875 0.312091503125 0.2723311546875
0 0 0.2178649234375 0.05392156875 0.241830065625 0.080065359375 0.1938997828125 0.117647059375 0.152505446875 0.1209150328125 0.132897603125 0.11928104531249999 0.10239651406250001 0.1078431375 0.0762527234375 0.062091503125 0.032679739062500004 0.045751634375 0.026143790625000003 0 0.061002178124999994 0 0.2178649234375
0 0.4852941171875 0.9150326796874999 0.49509803906250005 0.830065359375 0.5114379078125 0.7973856203125 0.5114379078125 0.7821350765624999 0.48202614375 0.721132896875 0.42973856250000003 0.7167755984374999 0.4068627453125 0.721132896875 0.385620915625 0.740740740625 0.3545751640625 0.7472766890625 0.34640522812499996 0.758169934375 0.3513071890625 0.7712418296875 0.348039215625 0.8235294124999999 0.32516339843750003 0.8867102390625 0.364379084375 0.9586056640624999 0.4264705875 0.9259259265625 0.47222222187499996 0.9237472765625 0.4852941171875 0.9150326796874999
0 0.7352941171875 0.6557734203125001 0.7026143796875 0.579520696875 0.6764705875 0.55337690625 0.62581699375 0.527233115625 0.5833333328125 0.5141612203125 0.5490196078125 0.5141612203125 0.5049019609375 0.5381263609375 0.4869281046875 0.5708061 0.48856209218749996 0.7385620921875 0.5065359484374999 0.786492375 0.5669934640625 0.786492375 0.6732026140625 0.7712418296875 0.686274509375 0.7450980390625 0.7173202609375 0.7385620921875 0.73366013125 0.7254901953124999 0.740196078125 0.6993464046875 0.7352941171875 0.6557734203125001
0 0.7826797390625 1 0.812091503125 0.973856209375 0.8251633984375 0.9324618734375001 0.8267973859375 0.8954248359375001 0.8186274515624999 0.8605664484375 0.794117646875 0.812636165625 0.7565359484374999 0.7799564265625001 0.671568628125 0.7712418296875 0.5310457515625 0.784313725 0.5 0.8082788671875001 0.490196078125 0.83877995625 0.4869281046875 0.9520697171875 0.5016339875 1 0.62581699375 1 0.66176470625 0.989106753125 0.6911764703125 1 0.7826797390625 1
0 1 0.7298474953125 0.9673202609375 0.7167755984374999 0.939542484375 0.7167755984374999 0.8954248359375001 0.73420479375 0.8709150328125 0.7538126359375 0.8611111109375 0.7908496734375 0.84150326875 0.8148148140625 0.84150326875 0.87363834375 0.8856209156249999 0.9433551203125001 0.9607843140625001 0.99782135 1 1 1 0.8409586062500001 0.98202614375 0.8213507625 1 0.8191721140625001 1 0.7298474953125
0 0.9934640515625001 0.57298475 0.9885620921875 0.5010893249999999 0.9705882359375 0.4858387796875 0.9493464046875 0.48148148125 0.9346405234375 0.48801742968750006 0.9133986921874999 0.46623093750000005 0.8692810453125001 0.45751634062499996 0.73366013125 0.4684095859375 0.707516340625 0.4858387796875 0.6944444437499999 0.51633986875 0.7385620921875 0.705882353125 0.76797385625 0.7516339875 0.8496732031249999 0.7516339875 0.9068627453125 0.7167755984374999 0.9673202609375 0.7080610015625 0.98039215625 0.6797385625000001 0.98039215625 0.6296296296875 0.9934640515625001 0.57298475
0 0.705882353125 0.5708061 0.7091503265625 0.55337690625 0.6944444437499999 0.5206971671875 0.707516340625 0.492374728125 0.7385620921875 0.453159040625 0.7450980390625 0.37472766874999996 0.723856209375 0.33986928125000004 0.689542484375 0.331154684375 0.5653594765625 0.34422657968750003 0.5032679734375 0.3638344234375 0.49346405156250006 0.3899782140625 0.491830065625 0.44662309375 0.4771241828125 0.4858387796875 0.4869281046875 0.5294117640625 0.5065359484374999 0.5403050109375 0.542483659375 0.51851851875 0.5947712421875 0.51851851875 0.6486928109375001 0.5359477125 0.705882353125 0.5708061
0 0.9133986921874999 0.2723311546875 0.9411764703125 0.241830065625 0.9460784312499999 0.20043572968749998 0.936274509375 0.135076253125 0.921568628125 0.1220043578125 0.87581699375 0.1220043578125 0.7908496734375 0.1546840953125 0.741830065625 0.215686275 0.7287581703125 0.2875817 0.7352941171875 0.3420479296875 0.7450980390625 0.357298475 0.76797385625 0.357298475 0.8235294124999999 0.3355119828125 0.8545751640624999 0.3006535953125 0.8660130718750001 0.276688453125 0.8823529406249999 0.26797385625 0.9133986921874999 0.2723311546875
0 0.69771241875 0.3246187359375 0.7189542484375 0.296296296875 0.723856209375 0.27886710312499996 0.723856209375 0.18954248437500001 0.7124183000000001 0.16122004375 0.6405228765625 0.1372549015625 0.526143790625 0.1307189546875 0.4852941171875 0.14161220000000002 0.4771241828125 0.15904139374999998 0.4771241828125 0.1938997828125 0.4705882359375 0.20915032656250002 0.4705882359375 0.23093681875 0.4852941171875 0.2636165578125 0.49509803906250005 0.3180827890625 0.5114379078125 0.33769063125 0.527777778125 0.3507625265625 0.65849673125 0.33986928125000004 0.69771241875 0.3246187359375