0 1 0.4765625 0.9790076328125 0.4739583328125 0.9751908390624999 0.4791666671875 0.9561068703125001 0.4791666671875 0.9484732828125001 0.4895833328125 0.9293893125 0.5 0.9007633593750001 0.5390625 0.9007633593750001 0.5546875 0.9122137406249999 0.5755208328125 0.908396946875 0.6015625 0.9274809156250001 0.6536458328125 0.9408396953124999 0.671875 0.9675572515624999 0.6927083328125 1 0.6901041671875 1 0.4765625
0 0.9675572515624999 0.4010416671875 0.9637404578125001 0.40625 0.9522900765625 0.40625 0.9408396953124999 0.390625 0.9179389312499999 0.390625 0.8988549625 0.4114583328125 0.8683206109375 0.4322916671875 0.8664122140625 0.4401041671875 0.8702290078124999 0.4453125 0.8664122140625 0.4505208328125 0.8702290078124999 0.4557291671875 0.8702290078124999 0.4765625 0.8664122140625 0.4817708328125 0.8664122140625 0.4973958328125 0.8797709921875001 0.5052083328125 0.8950381671875001 0.5260416671875 0.908396946875 0.5234375 0.9255725187499999 0.5 0.9332061062499999 0.5 0.9408396953124999 0.4895833328125 0.9637404578125001 0.4739583328125 0.998091603125 0.4739583328125 1 0.4036458328125 0.982824428125 0.4010416671875 0.9790076328125 0.40625 0.9751908390624999 0.4010416671875 0.9675572515624999 0.4010416671875
0 0.8931297703125001 0.5546875 0.8854961828125001 0.5234375 0.8606870234375 0.5 0.7919847328125 0.4947916671875 0.7881679390625 0.5104166671875 0.76145038125 0.5052083328125 0.740458015625 0.5338541671875 0.732824428125 0.5598958328125 0.7290076328125 0.5807291671875 0.7290076328125 0.6796875 0.7423664125 0.703125 0.7729007640625001 0.703125 0.7881679390625 0.71875 0.8072519078125 0.7135416671875 0.828244275 0.7213541671875 0.8435114499999999 0.7057291671875 0.8396946562500001 0.6640625 0.845419846875 0.65625 0.8492366406249999 0.703125 0.8568702296874999 0.703125 0.8683206109375 0.6770833328125 0.8931297703125001 0.6588541671875 0.9007633593750001 0.6380208328125 0.904580153125 0.5703125 0.8931297703125001 0.5546875
0 0.9103053437499999 0.6614583328125 0.8874045796875001 0.671875 0.8625954203124999 0.7005208328125 0.84732824375 0.7421875 0.84732824375 0.7682291671875 0.8606870234375 0.7760416671875 0.8645038171874999 0.7864583328125 0.8721374046875001 0.7864583328125 0.8759541984375 0.7760416671875 0.8778625953124999 0.7838541671875 0.8854961828125001 0.7890625 0.8778625953124999 0.8046875 0.8778625953124999 0.8151041671874999 0.8950381671875001 0.8489583328125001 0.9064885500000001 0.8541666671874999 0.9351145031250001 0.8515625 0.9522900765625 0.8385416671874999 0.9637404578125001 0.8385416671874999 0.9809160312499999 0.8151041671874999 0.9923664125 0.7682291671875 0.9885496187499999 0.7578125 0.9885496187499999 0.7213541671875 0.9713740453125 0.6979166671875 0.9522900765625 0.6875 0.9293893125 0.6614583328125 0.9103053437499999 0.6614583328125
0 0.7881679390625 0.7604166671875 0.7576335875 0.796875 0.75381679375 0.796875 0.736641221875 0.8255208328125001 0.736641221875 0.8776041671874999 0.74618320625 0.9010416671874999 0.7881679390625 0.9010416671874999 0.7919847328125 0.90625 0.8816793890625 0.9036458328125001 0.8854961828125001 0.8984375 0.8854961828125001 0.8411458328125001 0.8778625953124999 0.8203125 0.8664122140625 0.8098958328125001 0.8664122140625 0.7994791671875 0.8568702296874999 0.7864583328125 0.8301526718750001 0.765625 0.818702290625 0.765625 0.8148854968749999 0.7604166671875 0.7881679390625 0.7604166671875
0 0.6087786265624999 0.7552083328125 0.5896946562500001 0.7552083328125 0.56679389375 0.7447916671875 0.5591603046875 0.7552083328125 0.5515267171875 0.7552083328125 0.5324427484375 0.7708333328125 0.51145038125 0.8046875 0.51145038125 0.8203125 0.5076335875 0.8255208328125001 0.51145038125 0.8515625 0.5076335875 0.8567708328125001 0.515267175 0.8671875 0.51908396875 0.8880208328125001 0.5362595421874999 0.90625 0.6641221374999999 0.9036458328125001 0.673664121875 0.9010416671874999 0.68320610625 0.8828125 0.6450381671875001 0.8776041671874999 0.6488549625 0.8411458328125001 0.6450381671875001 0.8307291671874999 0.6374045796875001 0.8255208328125001 0.6412213734375001 0.8203125 0.6297709921875 0.7994791671875 0.6259541984375 0.7734375 0.6087786265624999 0.7552083328125
0 0.6431297703125 0.5677083328125 0.6316793890625 0.5677083328125 0.6202290078125 0.5833333328125 0.6087786265624999 0.5833333328125 0.583969465625 0.6067708328125 0.576335878125 0.6276041671875 0.576335878125 0.6848958328125 0.587786259375 0.7005208328125 0.587786259375 0.7161458328125 0.5954198468749999 0.7317708328125 0.6164122140625 0.75 0.6240458015625 0.75 0.6335877859375 0.7630208328125 0.6335877859375 0.8046875 0.6412213734375001 0.8046875 0.6450381671875001 0.7526041671875 0.6545801531250001 0.734375 0.662213740625 0.7447916671875 0.68320610625 0.7213541671875 0.6908396953125 0.7005208328125 0.6946564890625 0.6536458328125 0.6984732828125 0.6484375 0.6870229 0.6067708328125 0.669847328125 0.5833333328125 0.6431297703125 0.5677083328125
0 0.576335878125 0.6901041671875 0.568702290625 0.6640625 0.5477099234375 0.6302083328125 0.47519083906250004 0.6302083328125 0.4656488546875 0.6380208328125 0.4618320609375 0.6484375 0.4618320609375 0.6640625 0.45038167968750004 0.6953125 0.45038167968750004 0.7213541671875 0.4580152671875 0.7421875 0.47900763281250003 0.7708333328125 0.486641221875 0.7760416671875 0.49809160312499995 0.7760416671875 0.505725190625 0.7916666671875 0.51145038125 0.7890625 0.51145038125 0.7838541671875 0.5209923671875 0.78125 0.5362595421874999 0.7552083328125 0.5553435109375 0.7552083328125 0.564885496875 0.7421875 0.564885496875 0.7317708328125 0.572519084375 0.7213541671875 0.572519084375 0.7109375 0.576335878125 0.7057291671875 0.576335878125 0.6901041671875
0 0.5782442750000001 0.5 0.5591603046875 0.484375 0.5362595421874999 0.484375 0.517175571875 0.4947916671875 0.486641221875 0.4947916671875 0.4618320609375 0.5286458328125 0.44656488593750004 0.5598958328125 0.44656488593750004 0.5703125 0.44274809218750005 0.5755208328125 0.44274809218750005 0.6015625 0.45610687031249997 0.6145833328125 0.46374045781250006 0.609375 0.5209923671875 0.609375 0.5400763359375 0.6302083328125 0.5515267171875 0.6302083328125 0.5553435109375 0.6354166671875 0.564885496875 0.6328125 0.572519084375 0.6276041671875 0.580152671875 0.6015625 0.580152671875 0.5911458328125 0.568702290625 0.5651041671875 0.568702290625 0.5286458328125 0.57442748125 0.5260416671875 0.5782442750000001 0.53125 0.5896946562500001 0.53125 0.591603053125 0.5234375 0.5782442750000001 0.5
0 0.3721374046875 0.734375 0.35877862656250004 0.7526041671875 0.3511450375 0.7734375 0.3206106875 0.8098958328125001 0.31679389375 0.8203125 0.31679389375 0.8723958328125001 0.29770992343749997 0.8984375 0.3072519078125 0.90625 0.39312977031249996 0.9036458328125001 0.40076335937499996 0.8984375 0.40076335937499996 0.8359375 0.431297709375 0.7994791671875 0.435114503125 0.7890625 0.435114503125 0.7682291671875 0.42175572499999997 0.7447916671875 0.40648855 0.7395833328125 0.39503816718749996 0.7291666671875 0.3797709921875 0.7291666671875 0.3721374046875 0.734375
0 0.45610687031249997 0.8072916671874999 0.4522900765625 0.8020833328125001 0.4484732828125 0.8072916671874999 0.43320610625 0.8072916671874999 0.42557251875 0.8177083328125001 0.4141221375 0.8229166671874999 0.40076335937499996 0.8411458328125001 0.40267175625 0.90625 0.4732824421875 0.9036458328125001 0.482824428125 0.8958333328125001 0.51145038125 0.8932291671874999 0.51145038125 0.8671875 0.49809160312499995 0.8541666671874999 0.48854961875 0.8515625 0.5 0.8411458328125001 0.5 0.8307291671874999 0.49045801562499997 0.8177083328125001 0.47519083906250004 0.8072916671874999 0.45610687031249997 0.8072916671874999
0 0.2137404578125 0.8046875 0.20610687031250002 0.8255208328125001 0.1984732828125 0.8776041671874999 0.1870229 0.8932291671874999 0.1870229 0.8984375 0.1927480921875 0.90625 0.2862595421875 0.9036458328125001 0.2958015265625 0.890625 0.2996183203125 0.890625 0.31679389375 0.8619791671874999 0.31679389375 0.8203125 0.3129771 0.8098958328125001 0.2996183203125 0.796875 0.2843511453125 0.796875 0.27290076406249997 0.7864583328125 0.2270992359375 0.7864583328125 0.2137404578125 0.8046875
0 0.314885496875 0.6666666671875 0.2881679390625 0.6666666671875 0.265267175 0.6822916671875 0.25 0.6770833328125 0.244274809375 0.6848958328125 0.244274809375 0.6901041671875 0.248091603125 0.6953125 0.248091603125 0.7109375 0.25381679375 0.7135416671875 0.259541984375 0.7265625 0.259541984375 0.7421875 0.267175571875 0.7473958328125 0.263358778125 0.7526041671875 0.263358778125 0.7734375 0.2805343515625 0.7916666671875 0.2958015265625 0.7916666671875 0.3072519078125 0.8020833328125001 0.3206106875 0.7994791671875 0.33396946562499996 0.7916666671875 0.35877862656250004 0.7526041671875 0.35877862656250004 0.7421875 0.3625954203125 0.7369791671875 0.3625954203125 0.7109375 0.35496183281250004 0.7005208328125 0.35496183281250004 0.6953125 0.337786259375 0.671875 0.318702290625 0.671875 0.314885496875 0.6666666671875
0 0.27480916093749996 0.4921875 0.27099236718749997 0.6223958328125 0.2881679390625 0.640625 0.3072519078125 0.640625 0.3110687015625 0.6458333328125 0.314885496875 0.640625 0.322519084375 0.6458333328125 0.33969465625 0.6432291671875 0.3721374046875 0.6145833328125 0.41793893125 0.5989583328125 0.423664121875 0.5807291671875 0.423664121875 0.5651041671875 0.431297709375 0.5390625 0.427480915625 0.4973958328125 0.41030534375 0.4739583328125 0.3759541984375 0.453125 0.314885496875 0.453125 0.27480916093749996 0.4921875
0 0.154580153125 0.4322916671875 0.1393129765625 0.4427083328125 0.1278625953125 0.4427083328125 0.1106870234375 0.4661458328125 0.1145038171875 0.4765625 0.1068702296875 0.4921875 0.1068702296875 0.5390625 0.09923664062500001 0.5546875 0.15076335937500002 0.6145833328125 0.17748091562499999 0.6197916671875 0.20419847343750003 0.6354166671875 0.2137404578125 0.6328125 0.2251908390625 0.6223958328125 0.2213740453125 0.6119791671875 0.23473282499999998 0.6041666671875 0.251908396875 0.5755208328125 0.255725190625 0.5078125 0.248091603125 0.4817708328125 0.2270992359375 0.453125 0.17748091562499999 0.4479166671875 0.169847328125 0.4322916671875 0.154580153125 0.4322916671875
0 0.1125954203125 0.6822916671875 0.1240458015625 0.6822916671875 0.1278625953125 0.6875 0.1316793890625 0.6822916671875 0.1354961828125 0.6875 0.14312977031250002 0.6822916671875 0.1450381671875 0.6744791671875 0.14122137343750002 0.6640625 0.1450381671875 0.6588541671875 0.1450381671875 0.6223958328125 0.1374045796875 0.6015625 0.1278625953125 0.5885416671875 0.10114503749999999 0.5729166671875 0.07442748125000001 0.5729166671875 0.049618320312500006 0.5911458328125 0.0458015265625 0.6119791671875 0.026717557812499997 0.6536458328125 0.026717557812499997 0.6640625 0.0305343515625 0.6692708328125 0.026717557812499997 0.6796875 0.0362595421875 0.6875 0.0438931296875 0.6875 0.05534351093749999 0.6979166671875 0.07442748125000001 0.6979166671875 0.080152671875 0.7057291671875 0.080152671875 0.7213541671875 0.0858778625 0.7291666671875 0.09923664062500001 0.7265625 0.1068702296875 0.7161458328125 0.1068702296875 0.6848958328125 0.10114503749999999 0.6822916671875 0.091603053125 0.6640625 0.09732824375 0.65625 0.103053434375 0.6640625 0.103053434375 0.6744791671875 0.1049618328125 0.6770833328125 0.1087786265625 0.671875 0.1125954203125 0.6822916671875
0 0 0.8671875 0.00381679375 0.8671875 0.024809160937499998 0.8541666671874999 0.0400763359375 0.8645833328125001 0.0858778625 0.8645833328125001 0.091603053125 0.8567708328125001 0.091603053125 0.8463541671874999 0.095419846875 0.8411458328125001 0.095419846875 0.8098958328125001 0.09923664062500001 0.8046875 0.09923664062500001 0.7838541671875 0.103053434375 0.7786458328125 0.103053434375 0.7526041671875 0.1068702296875 0.7421875 0.10114503749999999 0.734375 0.0858778625 0.734375 0.078244275 0.75 0.0438931296875 0.75 0.0400763359375 0.7447916671875 0.024809160937499998 0.7447916671875 0.011450381249999999 0.7630208328125 0.011450381249999999 0.7786458328125 0.0076335875 0.7838541671875 0.0076335875 0.8151041671874999 0 0.8307291671874999 0 0.8671875
0 0.162213740625 0.75 0.146946565625 0.7239583328125 0.1278625953125 0.7239583328125 0.11832061093749999 0.7369791671875 0.1145038171875 0.7526041671875 0.1068702296875 0.7578125 0.103053434375 0.7682291671875 0.103053434375 0.7838541671875 0.09923664062500001 0.7890625 0.09923664062500001 0.8203125 0.095419846875 0.8255208328125001 0.095419846875 0.8515625 0.091603053125 0.8567708328125001 0.095419846875 0.8619791671874999 0.095419846875 0.8776041671874999 0.1087786265625 0.90625 0.1259541984375 0.9036458328125001 0.173664121875 0.8958333328125001 0.181297709375 0.8854166671874999 0.1946564890625 0.8776041671874999 0.1984732828125 0.8463541671874999 0.20229007656250003 0.8411458328125001 0.20229007656250003 0.7890625 0.1984732828125 0.7838541671875 0.1984732828125 0.7734375 0.17748091562499999 0.75 0.162213740625 0.75
0 0 0.5442708328125 0.009541984375 0.546875 0.0209923671875 0.5677083328125 0.064885496875 0.5651041671875 0.0706106875 0.5625 0.087786259375 0.5338541671875 0.087786259375 0.5234375 0.095419846875 0.5026041671875 0.087786259375 0.4609375 0.09923664062500001 0.4505208328125 0.09923664062500001 0.4296875 0.09351145 0.421875 0.0706106875 0.421875 0.0629771 0.4114583328125 0.0591603046875 0.4114583328125 0.05534351093749999 0.4010416671875 0.0477099234375 0.4010416671875 0.0438931296875 0.40625 0.0286259546875 0.40625 0.024809160937499998 0.4114583328125 0.0057251906249999995 0.4166666671875 0 0.4244791671875 0 0.5442708328125
0 0.10114503749999999 0.2864583328125 0.08206106875 0.2864583328125 0.07442748125000001 0.28125 0.05534351093749999 0.296875 0.0477099234375 0.296875 0.0324427484375 0.3072916671875 0.022900764062500002 0.3203125 0.026717557812499997 0.3255208328125 0.026717557812499997 0.3359375 0.0305343515625 0.3411458328125 0.0305343515625 0.3515625 0.0381679390625 0.3723958328125 0.0477099234375 0.3854166671875 0.0591603046875 0.3854166671875 0.0629771 0.390625 0.07442748125000001 0.390625 0.078244275 0.3958333328125 0.091603053125 0.3932291671875 0.10114503749999999 0.390625 0.1049618328125 0.3854166671875 0.11641221406249999 0.3854166671875 0.1259541984375 0.3723958328125 0.1259541984375 0.3619791671875 0.1335877859375 0.3411458328125 0.11832061093749999 0.3307291671875 0.11832061093749999 0.3046875 0.1087786265625 0.2916666671875 0.10114503749999999 0.2864583328125
0 0.068702290625 0.1953125 0.064885496875 0.20572916718749998 0.068702290625 0.2630208328125 0.08969465625 0.2864583328125 0.11641221406249999 0.2864583328125 0.12022900781250001 0.2916666671875 0.1335877859375 0.2890625 0.1450381671875 0.2786458328125 0.1450381671875 0.2630208328125 0.1641221375 0.2265625 0.16030534375 0.1848958328125 0.15267175625 0.1744791671875 0.15267175625 0.1692708328125 0.1393129765625 0.15625 0.10114503749999999 0.15625 0.09351145 0.1614583328125 0.068702290625 0.1953125
0 0.1240458015625 0.0208333328125 0.10114503749999999 0.010416667187500001 0.0629771 0.010416667187500001 0.0400763359375 0.0260416671875 0.01908396875 0.05989583281250001 0.015267175 0.09114583281250001 0.011450381249999999 0.09635416718749999 0.011450381249999999 0.1640625 0.0076335875 0.1692708328125 0.0076335875 0.1901041671875 0.0477099234375 0.1927083328125 0.0515267171875 0.1979166671875 0.064885496875 0.1953125 0.08969465625 0.1614583328125 0.1049618328125 0.1510416671875 0.12022900781250001 0.1510416671875 0.1278625953125 0.1458333328125 0.14885496250000002 0.1067708328125 0.14885496250000002 0.0703125 0.1450381671875 0.0546875 0.1393129765625 0.046875 0.1297709921875 0.0442708328125 0.1240458015625 0.0208333328125
0 0.169847328125 0 0.1641221375 0.013020832812499999 0.1641221375 0.0338541671875 0.17557251875 0.06510416718749999 0.2118320609375 0.1145833328125 0.244274809375 0.1119791671875 0.2576335875 0.109375 0.263358778125 0.1015625 0.263358778125 0.0859375 0.267175571875 0.08072916718749999 0.267175571875 0.05989583281250001 0.27099236718749997 0.0494791671875 0.27671755781249996 0.0416666671875 0.2843511453125 0.0416666671875 0.29770992343749997 0.0286458328125 0.29770992343749997 0.0078125 0.2919847328125 0 0.169847328125 0
0 0.23473282499999998 0.203125 0.2118320609375 0.1979166671875 0.20801526718750002 0.203125 0.17748091562499999 0.21354166718749998 0.16603053437499998 0.22395833281250002 0.15267175625 0.24739583281250002 0.1450381671875 0.2682291671875 0.1450381671875 0.2942708328125 0.1278625953125 0.296875 0.1240458015625 0.2916666671875 0.11832061093749999 0.2994791671875 0.11832061093749999 0.3255208328125 0.1240458015625 0.3333333328125 0.154580153125 0.3333333328125 0.173664121875 0.359375 0.18320610625 0.3567708328125 0.20419847343750003 0.3385416671875 0.23091603125 0.3385416671875 0.23854961874999997 0.3333333328125 0.24045801562500002 0.3203125 0.23664122187499997 0.3098958328125 0.24236641250000002 0.3020833328125 0.25381679375 0.3020833328125 0.263358778125 0.2838541671875 0.263358778125 0.2526041671875 0.23473282499999998 0.203125
0 0.2938931296875 0.3671875 0.2919847328125 0.3645833328125 0.2843511453125 0.3697916671875 0.27671755781249996 0.359375 0.25381679375 0.34375 0.20419847343750003 0.34375 0.1965648859375 0.3489583328125 0.18320610625 0.3723958328125 0.1870229 0.4088541671875 0.1946564890625 0.4244791671875 0.1908396953125 0.4453125 0.2232824421875 0.4479166671875 0.23091603125 0.453125 0.25381679375 0.4895833328125 0.27099236718749997 0.4869791671875 0.27671755781249996 0.484375 0.2919847328125 0.4635416671875 0.2958015265625 0.4635416671875 0.3053435109375 0.4453125 0.3053435109375 0.4088541671875 0.2881679390625 0.390625 0.27099236718749997 0.3880208328125 0.2843511453125 0.3854166671875 0.2938931296875 0.3723958328125 0.2938931296875 0.3671875
0 0.3034351140625 0.20833333281250002 0.2996183203125 0.20833333281250002 0.2958015265625 0.21354166718749998 0.2881679390625 0.21354166718749998 0.27099236718749997 0.23697916718749998 0.267175571875 0.24739583281250002 0.267175571875 0.2838541671875 0.259541984375 0.2994791671875 0.265267175 0.3072916671875 0.2881679390625 0.3229166671875 0.3072519078125 0.3489583328125 0.3206106875 0.3463541671875 0.33587786249999996 0.3203125 0.33587786249999996 0.3098958328125 0.33969465625 0.3046875 0.33969465625 0.2786458328125 0.34351145 0.2734375 0.34351145 0.2526041671875 0.34732824375 0.24739583281250002 0.3511450375 0.2265625 0.318702290625 0.22395833281250002 0.3034351140625 0.20833333281250002
0 0.35687022968750004 0.03125 0.322519084375 0.0260416671875 0.318702290625 0.03125 0.3072519078125 0.03125 0.3034351140625 0.0364583328125 0.2843511453125 0.0416666671875 0.27099236718749997 0.0546875 0.27099236718749997 0.07552083281250001 0.263358778125 0.09635416718749999 0.263358778125 0.1328125 0.27099236718749997 0.1588541671875 0.267175571875 0.1640625 0.263358778125 0.1953125 0.26908396875 0.1979166671875 0.27290076406249997 0.1875 0.2805343515625 0.1875 0.2881679390625 0.203125 0.3053435109375 0.20052083281250002 0.3110687015625 0.1927083328125 0.337786259375 0.1927083328125 0.341603053125 0.1979166671875 0.349236640625 0.1927083328125 0.35496183281250004 0.1848958328125 0.3511450375 0.1484375 0.3797709921875 0.1510416671875 0.39312977031249996 0.1171875 0.38931297656249997 0.08072916718749999 0.35687022968750004 0.03125
0 0.39503816718749996 0 0.3702290078125 0.0234375 0.3702290078125 0.0338541671875 0.3759541984375 0.0364583328125 0.396946565625 0.0703125 0.40648855 0.09375 0.4293893125 0.08854166718749999 0.43320610625 0.08333333281250001 0.49427480937499996 0.08333333281250001 0.513358778125 0.09375 0.5305343515625001 0.09114583281250001 0.5534351140625 0.06510416718749999 0.5572519078125 0.0338541671875 0.5610687015625 0.0286458328125 0.5553435109375 0 0.39503816718749996 0
0 0.49045801562499997 0.1666666671875 0.47519083906250004 0.171875 0.4694656484375 0.1796875 0.4694656484375 0.21614583281250002 0.4732824421875 0.22135416718749998 0.4732824421875 0.23697916718749998 0.4770992359375 0.2421875 0.48091603125000004 0.2682291671875 0.49045801562499997 0.2760416671875 0.49427480937499996 0.2864583328125 0.501908396875 0.2864583328125 0.505725190625 0.2916666671875 0.5267175578125001 0.2890625 0.5858778625000001 0.2552083328125 0.599236640625 0.23177083281250002 0.599236640625 0.20572916718749998 0.587786259375 0.1744791671875 0.5629771 0.1458333328125 0.5438931296875 0.1354166671875 0.5248091609375 0.1354166671875 0.5209923671875 0.140625 0.513358778125 0.140625 0.49045801562499997 0.1666666671875
0 0.44656488593750004 0.2734375 0.44656488593750004 0.2421875 0.43320610625 0.21875 0.40648855 0.22395833281250002 0.3645038171875 0.28125 0.35877862656250004 0.2526041671875 0.349236640625 0.24479166718749998 0.34732824375 0.2682291671875 0.33969465625 0.2838541671875 0.33587786249999996 0.3255208328125 0.3206106875 0.3567708328125 0.3206106875 0.3932291671875 0.341603053125 0.4479166671875 0.3683206109375 0.4479166671875 0.3721374046875 0.453125 0.40458015312500006 0.4505208328125 0.427480915625 0.4140625 0.427480915625 0.3828125 0.41221374062500005 0.3255208328125 0.42175572499999997 0.3229166671875 0.42557251875 0.3333333328125 0.43320610625 0.3229166671875 0.4408396953125 0.328125 0.4541984734375 0.3151041671875 0.435114503125 0.2890625 0.44656488593750004 0.2734375
0 0.505725190625 0.3020833328125 0.49809160312499995 0.296875 0.486641221875 0.3072916671875 0.47900763281250003 0.296875 0.4694656484375 0.3098958328125 0.4770992359375 0.3203125 0.47519083906250004 0.3229166671875 0.46374045781250006 0.3177083328125 0.4484732828125 0.3385416671875 0.423664121875 0.3411458328125 0.423664121875 0.3671875 0.435114503125 0.3880208328125 0.43893129843749995 0.4765625 0.4408396953125 0.4791666671875 0.4446564890625 0.46875 0.45610687031249997 0.46875 0.47519083906250004 0.4947916671875 0.515267175 0.4921875 0.5458015265625 0.4765625 0.5458015265625 0.4505208328125 0.5534351140625 0.4348958328125 0.5534351140625 0.4140625 0.5419847328125 0.3932291671875 0.5458015265625 0.3828125 0.5458015265625 0.3359375 0.5419847328125 0.3203125 0.5209923671875 0.3020833328125 0.505725190625 0.3020833328125
0 0.59732824375 0.265625 0.5782442750000001 0.28125 0.576335878125 0.2890625 0.5496183203125 0.3255208328125 0.5534351140625 0.3359375 0.5496183203125 0.3411458328125 0.5496183203125 0.3776041671875 0.5610687015625 0.3932291671875 0.5572519078125 0.3984375 0.5610687015625 0.4192708328125 0.5858778625000001 0.4479166671875 0.6145038171875 0.4453125 0.6240458015625 0.4270833328125 0.6393129765625 0.4166666671875 0.650763359375 0.4010416671875 0.669847328125 0.390625 0.67557251875 0.3776041671875 0.67557251875 0.3359375 0.6641221374999999 0.2994791671875 0.6393129765625 0.2708333328125 0.6202290078125 0.2604166671875 0.59732824375 0.265625
0 0.7137404578125001 0.0494791671875 0.7061068703125 0.07552083281250001 0.68320610625 0.1223958328125 0.6870229 0.1432291671875 0.7156488546875 0.1666666671875 0.7270992359374999 0.1666666671875 0.7270992359374999 0.171875 0.7118320609375 0.171875 0.7099236640625 0.1848958328125 0.7232824421874999 0.203125 0.75 0.22395833281250002 0.7729007640625001 0.234375 0.8034351140625 0.22395833281250002 0.8225190843749999 0.24479166718749998 0.8358778625 0.2421875 0.8358778625 0.20572916718749998 0.828244275 0.1953125 0.8358778625 0.1640625 0.8320610687500001 0.1588541671875 0.8320610687500001 0.1171875 0.8244274812500001 0.0859375 0.7919847328125 0.046875 0.76908396875 0.03125 0.7270992359374999 0.03125 0.7137404578125001 0.0494791671875
0 0.6545801531250001 0.1197916671875 0.6545801531250001 0.109375 0.669847328125 0.1145833328125 0.685114503125 0.1041666671875 0.7061068703125 0.0703125 0.7099236640625 0.05989583281250001 0.7099236640625 0.0078125 0.7041984734375 0 0.599236640625 0.0026041671875 0.587786259375 0.0390625 0.5954198468749999 0.0494791671875 0.591603053125 0.0546875 0.599236640625 0.0703125 0.599236640625 0.09114583281250001 0.59351145 0.1041666671875 0.583969465625 0.1067708328125 0.583969465625 0.1223958328125 0.599236640625 0.1588541671875 0.6145038171875 0.1744791671875 0.6145038171875 0.21614583281250002 0.6106870234375 0.23697916718749998 0.59351145 0.2604166671875 0.576335878125 0.2682291671875 0.587786259375 0.2682291671875 0.6164122140625 0.2552083328125 0.6297709921875 0.23697916718749998 0.6335877859375 0.21614583281250002 0.6488549625 0.1901041671875 0.65267175625 0.1796875 0.6488549625 0.1380208328125 0.65648855 0.1328125 0.646946565625 0.1302083328125 0.6450381671875001 0.1223958328125 0.6545801531250001 0.1197916671875
0 0.7232824421874999 0.22916666718749998 0.734732825 0.22916666718749998 0.73854961875 0.23958333281250002 0.748091603125 0.2421875 0.7232824421874999 0.23958333281250002 0.7003816796875 0.21875 0.673664121875 0.22395833281250002 0.65648855 0.2421875 0.65267175625 0.2682291671875 0.6717557249999999 0.3098958328125 0.67557251875 0.3463541671875 0.6889312984375 0.3802083328125 0.7156488546875 0.3854166671875 0.75 0.40625 0.7767175578125001 0.4010416671875 0.7919847328125 0.4166666671875 0.8301526718750001 0.4375 0.8396946562500001 0.4348958328125 0.8358778625 0.4192708328125 0.8053435109375 0.3671875 0.7862595421874999 0.2786458328125 0.7729007640625001 0.2604166671875 0.751908396875 0.24739583281250002 0.759541984375 0.2421875 0.7576335875 0.234375 0.7232824421874999 0.21354166718749998 0.7175572515625 0.22135416718749998 0.7232824421874999 0.22916666718749998
0 0.6927480921875 0.3854166671875 0.662213740625 0.4010416671875 0.6545801531250001 0.4114583328125 0.6354961828125 0.421875 0.6221374046875 0.4401041671875 0.6183206109375 0.4505208328125 0.6183206109375 0.5026041671875 0.6259541984375 0.5234375 0.646946565625 0.5520833328125 0.685114503125 0.5729166671875 0.7175572515625 0.5703125 0.7290076328125 0.5651041671875 0.736641221875 0.5338541671875 0.75381679375 0.5052083328125 0.7748091609375 0.4973958328125 0.7786259546875 0.4713541671875 0.7748091609375 0.4557291671875 0.765267175 0.4479166671875 0.73854961875 0.40625 0.7270992359374999 0.3958333328125 0.6927480921875 0.3854166671875
0 0.8816793890625 0.1796875 0.8740458015625 0.22135416718749998 0.8816793890625 0.23697916718749998 0.8816793890625 0.24739583281250002 0.896946565625 0.2526041671875 0.8950381671875001 0.2604166671875 0.8874045796875001 0.2604166671875 0.8816793890625 0.2682291671875 0.8950381671875001 0.2864583328125 0.9332061062499999 0.3072916671875 0.9408396953124999 0.3229166671875 0.9465648859375 0.3203125 0.9637404578125001 0.3072916671875 0.9732824421874999 0.2942708328125 0.9809160312499999 0.2734375 0.9809160312499999 0.1796875 0.9599236640625 0.1458333328125 0.9522900765625 0.140625 0.9255725187499999 0.140625 0.921755725 0.1458333328125 0.9103053437499999 0.1458333328125 0.8816793890625 0.1796875