0 0.35 0.31796875 0.46875 0.421875
0 0.7484375 0.6859375 0.503125 0.475
0 0.74609375 0.375 0.5078125 0.3875
0 0.87734375 0.16328125 0.24375 0.3265625
0 0.60546875 0.18046875 0.4203125 0.28125
0 0.66484375 0.04453125 0.34375 0.0890625
0 0.16640625 0.1109375 0.3328125 0.221875
0 0.15546875 0.4125 0.3109375 0.434375
0 0.42890625 0.5859375 0.378125 0.434375
0 0.63671875 0.890625 0.4390625 0.21875
0 0.90234375 0.93515625 0.1953125 0.1296875
0 0.16015625 0.7734375 0.3203125 0.453125
0 0.4046875 0.86875 0.284375 0.2625