0 0.52734375 0.3140625 0.25625 0.2390625
0 0.79140625 0.27265625 0.275 0.228125
0 0.503125 0.73671875 0.2375 0.25
0 0.7484375 0.615625 0.25 0.2390625
0 0.246875 0.62109375 0.2421875 0.24375
0 0.26796875 0.378125 0.2 0.2234375
0 0.44921875 0.0984375 0.2453125 0.1890625
0 0.1046875 0.23046875 0.2015625 0.228125
0 0.75546875 0.89609375 0.34375 0.175
0 0.78828125 0.08984375 0.3671875 0.146875
0 0.17734375 0.925 0.3453125 0.1484375
0 0.09609375 0.71171875 0.18125 0.2578125
0 0.078125 0.46875 0.1375 0.2359375