0 0.2953125 0.1234375 0.14375 0.246875
0 0.46484375 0.24296875 0.153125 0.24375
0 0.5640625 0.175 0.1640625 0.209375
0 0.61875 0.1640625 0.121875 0.2
0 0.69921875 0.1890625 0.196875 0.2203125
0 0.7265625 0.14296875 0.175 0.2125
0 0.83359375 0.18125 0.1484375 0.2171875
0 0.78359375 0.31640625 0.1625 0.2015625
0 0.725 0.33984375 0.159375 0.2125
0 0.8515625 0.36484375 0.103125 0.1875
0 0.89765625 0.53125 0.1375 0.265625
0 0.7984375 0.53984375 0.1734375 0.271875
0 0.70859375 0.515625 0.1640625 0.265625
0 0.6015625 0.45859375 0.1140625 0.271875
0 0.54921875 0.30703125 0.128125 0.2203125
0 0.44140625 0.49765625 0.1578125 0.321875
0 0.4796875 0.5171875 0.1359375 0.2828125
0 0.48046875 0.5875 0.1296875 0.13125
0 0.45859375 0.71171875 0.125 0.2140625
0 0.56875 0.7984375 0.15 0.284375
0 0.6671875 0.82578125 0.1203125 0.2640625
0 0.75546875 0.728125 0.1578125 0.2421875
0 0.6171875 0.625 0.1875 0.203125