0 0.2645 0.268216515625 0.24175 0.242886884375 0.22325 0.230395559375 0.19875 0.2192921578125 0.17975000000000002 0.21582234531250002 0.15675 0.21859819531250002 0.13874999999999998 0.2262317828125 0.12525 0.23664122187499997 0.10700000000000001 0.258501040625 0.0935 0.2820957671875 0.08249999999999999 0.31263011875 0.0795 0.32650936875 0.0785 0.35010409375 0.0805 0.3667591953125 0.08449999999999999 0.3868841078125 0.101 0.43060374687499997 0.11000000000000001 0.44656488593750004 0.12325 0.4635669671875 0.15725 0.48785565625 0.17725 0.49132546875000005 0.1975 0.49097848749999995 0.21974999999999997 0.48299791875000003 0.23925000000000002 0.4691186671875 0.25175000000000003 0.4580152671875 0.26349999999999996 0.44101318593750005 0.28250000000000003 0.39451769531249997 0.2885 0.3709229703125 0.2905 0.3542678703125 0.28900000000000003 0.32581540625 0.27999999999999997 0.2987508671875 0.2645 0.268216515625
0 0.21400000000000002 0.0579458703125 0.19575 0.0235947265625 0.18525 0.0173490625 0.16975 0.0201249125 0.15275 0.0298403890625 0.13025 0.0513532265625 0.092 0.1044413609375 0.06899999999999999 0.1474670375 0.06 0.168979875 0.0495 0.20992366406250001 0.051000000000000004 0.22172102656249998 0.06625 0.235947259375 0.08575 0.24843858437500002 0.10700000000000001 0.255031228125 0.13125 0.22970159687499997 0.15125 0.21859819531250002 0.16825 0.2151283828125 0.19724999999999998 0.2151283828125 0.2105 0.1960444140625 0.221 0.1752255375 0.22749999999999998 0.14469118593750002 0.22799999999999998 0.1231783484375 0.22599999999999998 0.10235947187500001 0.21400000000000002 0.0579458703125
0 0.41500000000000004 0.5770298406250001 0.40800000000000003 0.5610687015625 0.388 0.5319222765625 0.37374999999999997 0.5058986812499999 0.36175 0.49479528124999994 0.33725 0.48438584375 0.28775 0.47952810625 0.26675 0.48507980625 0.24725000000000003 0.49687716875000004 0.22374999999999998 0.51839000625 0.202 0.5506592640625 0.1925 0.573560028125 0.1845 0.6047883421875 0.1805 0.6297709921875 0.1805 0.66516308125 0.185 0.6915336578125 0.1945 0.7206800828125 0.20350000000000001 0.7394170718749999 0.21925 0.761970853125 0.24175 0.7820957671875 0.27075 0.8001387921875001 0.28575 0.8049965296874999 0.3115 0.8053435109375 0.33525 0.8008327546875 0.35425 0.7931991671875 0.37575 0.7786259546875 0.391 0.7609299093749999 0.41200000000000003 0.7276197078125 0.42000000000000004 0.7068008328125 0.426 0.6776544062500001 0.42750000000000005 0.6408743921875 0.4225 0.6047883421875 0.41500000000000004 0.5770298406250001
0 0 0.66863289375 0.006 0.67487855625 0.0045 0.68598195625 0.020749999999999998 0.7057598890625 0.03975 0.7217210265625 0.06425 0.732824428125 0.0805 0.732477446875 0.09825 0.7286606515625 0.11074999999999999 0.7224149890625 0.13075 0.7071478140624999 0.14075 0.6953504515625 0.1515 0.68043025625 0.16299999999999998 0.6568355312499999 0.1705 0.6304649546875 0.173 0.6096460796875001 0.1715 0.570784178125 0.1625 0.5423317140624999 0.1535 0.5242886890625 0.13825 0.50034698125 0.11875 0.4788341421875 0.10175000000000001 0.46981262968750004 0.08675000000000001 0.4670367796875 0.06725 0.4691186671875 0.042249999999999996 0.48230395625 0.01125 0.51145038125 0.002 0.5249826515625 0 0.5340041640625001 0 0.66863289375
0 0.10525 0.7272727265625 0.08925 0.732824428125 0.06275 0.736294240625 0.04325 0.748785565625 0.031 0.763705759375 0.0305 0.7685634968749999 0.034999999999999996 0.7789729359375 0.04875 0.7952810546875 0.09525 0.83414295625 0.15725 0.8605135328125 0.1815 0.8615544765625 0.18875 0.8584316453125 0.197 0.8455933375000001 0.2015 0.8289382375000001 0.20049999999999998 0.8095072859375 0.1965 0.7942401109375 0.186 0.7734212359375 0.17725 0.761970853125 0.15725 0.746009715625 0.13674999999999998 0.734906315625 0.10525 0.7272727265625
0 0.5955 0.5124913249999999 0.5662499999999999 0.4746703671875 0.53825 0.4524635671875 0.51775 0.44274809218750005 0.49024999999999996 0.4392782796875 0.47775 0.4434420546875 0.46624999999999994 0.4524635671875 0.45499999999999996 0.4729354609375 0.44349999999999995 0.5111034 0.43899999999999995 0.5451075640624999 0.43899999999999995 0.587439278125 0.44299999999999995 0.6297709921875 0.4465 0.65197779375 0.4585 0.6970853578125 0.4755 0.7359472593749999 0.49000000000000005 0.760235946875 0.5077499999999999 0.7827897296875 0.54125 0.8049965296874999 0.5622499999999999 0.8105482296875 0.57325 0.8077723796875 0.5815 0.8122831359375 0.58825 0.8098542671875 0.60325 0.7925052046875 0.6195 0.767869534375 0.634 0.730395559375 0.6375 0.7137404578125001 0.6395 0.68736988125 0.638 0.6394864671875 0.628 0.5909090906250001 0.616 0.5548230390625 0.5955 0.5124913249999999
0 0.42074999999999996 0.262317834375 0.40925 0.254684246875 0.39925 0.24149895937500002 0.39275000000000004 0.23664122187499997 0.38075000000000003 0.235947259375 0.37374999999999997 0.239417071875 0.368 0.250173490625 0.36 0.2751561421875 0.358 0.29736294218750003 0.3635 0.31887578125 0.3755 0.33900069374999997 0.39125 0.3580846640625 0.43224999999999997 0.38723108906250003 0.46175 0.396946565625 0.479 0.397987509375 0.50175 0.3934767515625 0.51825 0.38237335156249996 0.5335 0.35496183281250004 0.533 0.34802220625 0.5285 0.33761276875 0.50675 0.31020124843749997 0.48724999999999996 0.29354614843750004 0.45225 0.269257459375 0.43174999999999997 0.267175571875 0.42074999999999996 0.262317834375
0 0.3605 0.3119361546875 0.35750000000000004 0.29736294218750003 0.3605 0.261276890625 0.36475 0.260235946875 0.3655 0.256419153125 0.371 0.25086745312500003 0.35375 0.2283136703125 0.33975 0.2206800828125 0.33025000000000004 0.21998612031250003 0.30225 0.242192921875 0.298 0.251561415625 0.296 0.266134628125 0.2965 0.2834836921875 0.302 0.32234559375 0.3185 0.3757807078125 0.34249999999999997 0.425052046875 0.36475 0.4524635671875 0.37374999999999997 0.45870922968750005 0.382 0.46044413593750005 0.39275000000000004 0.45593337968750003 0.40425000000000005 0.44482997968750004 0.4085 0.436849409375 0.414 0.410478834375 0.414 0.3813324078125 0.40975 0.3747397640625 0.38775 0.3560027765625 0.37525 0.3414295625 0.366 0.32650936875 0.3605 0.3119361546875
0 0.561 0.1238723109375 0.5575 0.10791117343750001 0.54875 0.094378903125 0.5337500000000001 0.08327550312500001 0.51025 0.076335878125 0.49424999999999997 0.076335878125 0.46825 0.084663428125 0.44025 0.097848715625 0.42325 0.1096460796875 0.41224999999999995 0.1200555171875 0.3915 0.1516308125 0.3845 0.171755725 0.3835 0.1925746015625 0.388 0.2140874390625 0.3955 0.235600278125 0.40675 0.250520471875 0.41974999999999996 0.260929909375 0.42975 0.264399721875 0.4585 0.266134628125 0.48375 0.260235946875 0.52825 0.23664122187499997 0.54925 0.21582234531250002 0.5589999999999999 0.20090215156250002 0.5645 0.18563497499999998 0.5660000000000001 0.1648161 0.56875 0.16446911875 0.5690000000000001 0.1613462875 0.562 0.1419153359375 0.561 0.1238723109375
0 0.736 0.242539903125 0.725 0.2182512140625 0.69825 0.18390006875 0.67825 0.17071478125 0.6627500000000001 0.16516308125 0.63725 0.16446911875 0.61925 0.17002081875 0.5902499999999999 0.1929215828125 0.5780000000000001 0.2085357390625 0.562 0.23768216562500002 0.55 0.2723802921875 0.5435 0.3056904921875 0.5425 0.33691880625000004 0.5455 0.36467730781249996 0.553 0.3882720328125 0.5599999999999999 0.401457321875 0.57725 0.42401110312499996 0.5902499999999999 0.434420540625 0.61275 0.4469118671875 0.629 0.45072866093749997 0.6627500000000001 0.4441360171875 0.68075 0.43372657812500004 0.70425 0.41290770312499997 0.7135 0.40006939687500004 0.7295 0.3667591953125 0.7405 0.33275503125 0.7434999999999999 0.3105482296875 0.7445 0.2841776546875 0.7405 0.259195003125 0.736 0.242539903125
0 0.7925 0.1502428875 0.78075 0.1339347671875 0.75625 0.1124219296875 0.74875 0.1096460796875 0.73675 0.1103400421875 0.7252500000000001 0.11589174218750001 0.70625 0.13532269218749998 0.6940000000000001 0.1557945875 0.6885 0.174531575 0.70225 0.18598195625 0.724 0.2140874390625 0.739 0.250173490625 0.744 0.2723802921875 0.7455 0.2952810546875 0.738 0.34871616875 0.75325 0.35877862656250004 0.7785 0.3619014578125 0.7847500000000001 0.35877862656250004 0.8005000000000001 0.34177654375 0.8119999999999999 0.31401804375000003 0.8160000000000001 0.2966689796875 0.8185 0.269604440625 0.8185 0.250173490625 0.8150000000000001 0.2182512140625 0.8095000000000001 0.1911866765625 0.8035 0.17383761250000002 0.7925 0.1502428875
0 0.8787499999999999 0.256766134375 0.85725 0.247050659375 0.85175 0.247744621875 0.8445 0.25780707812500003 0.8275 0.2980569046875 0.8275 0.30985426718750003 0.83725 0.32616238750000004 0.8522500000000001 0.336571825 0.8632500000000001 0.3400416375 0.8789999999999999 0.33969465625 0.91375 0.33240805 0.92875 0.3247744625 0.94725 0.3053435109375 0.9650000000000001 0.2793199171875 0.968 0.27099236718749997 0.9652499999999999 0.269257459375 0.93475 0.2775850109375 0.9177500000000001 0.2761970859375 0.8957499999999999 0.267869534375 0.8787499999999999 0.256766134375
0 0.9765 0.1315058984375 0.967 0.10999306093750001 0.95425 0.096460790625 0.9422499999999999 0.097848715625 0.92775 0.10617626718749999 0.906 0.1433032609375 0.9025000000000001 0.15371269999999998 0.909 0.163428175 0.9105000000000001 0.17383761250000002 0.909 0.1821651625 0.91075 0.18598195625 0.90625 0.18390006875 0.89375 0.17002081875 0.8895 0.1592644 0.89 0.12179042343749999 0.898 0.098195696875 0.906 0.088480221875 0.9075 0.082234559375 0.889 0.0426786953125 0.88425 0.0353920890625 0.8782500000000001 0.0346981265625 0.86875 0.0409437890625 0.86 0.0530881328125 0.845 0.086398334375 0.8380000000000001 0.11485079843749998 0.836 0.1460791125 0.8375 0.174531575 0.845 0.20506592656249997 0.8574999999999999 0.23074254062500002 0.87325 0.25399028437500004 0.877 0.256419153125 0.8702500000000001 0.257460096875 0.86725 0.25260235937500003 0.8632500000000001 0.253296321875 0.85925 0.24843858437500002 0.8522500000000001 0.24843858437500002 0.8435 0.261276890625 0.8300000000000001 0.2931991671875 0.827 0.3056904921875 0.8314999999999999 0.31748785625 0.8432499999999999 0.3303261625 0.85975 0.3386537125 0.884 0.33900069374999997 0.91875 0.3296322 0.93075 0.3219986125 0.9417500000000001 0.3115891734375 0.9595 0.2876474671875 0.9692500000000001 0.266481609375 0.982 0.256419153125 0.978 0.236294240625 0.9845 0.2126995140625 0.985 0.1724496875 0.9765 0.1315058984375
0 0.90025 0.3740458015625 0.88475 0.3733518390625 0.85975 0.3809854265625 0.8387499999999999 0.3934767515625 0.81525 0.413601665625 0.7995 0.434767521875 0.792 0.4514226234375 0.784 0.4784871609375 0.783 0.5173490625 0.799 0.5624566265625 0.8327500000000001 0.598195696875 0.8472500000000001 0.6058292859375001 0.8714999999999999 0.6089521171875 0.8947499999999999 0.6051353234375 0.9257500000000001 0.582928521875 0.9404999999999999 0.5555170015625001 0.9505000000000001 0.518043025 0.9525 0.4729354609375 0.9475 0.426439971875 0.9385 0.403539209375 0.92975 0.3913948640625 0.9172499999999999 0.3809854265625 0.90025 0.3740458015625
0 0.6985 0.5478834140625 0.6915 0.5173490625 0.6925 0.49514226250000004 0.69075 0.49410131875 0.6745 0.5222068015625 0.6635 0.5617626640625 0.661 0.587439278125 0.661 0.6151977796875 0.6675 0.64712005625 0.6799999999999999 0.67557251875 0.6912499999999999 0.6911866765625 0.70175 0.7009021515625 0.72775 0.7133934765625 0.755 0.7137404578125001 0.77725 0.7064538515625001 0.79525 0.6946564890625 0.8147500000000001 0.6752255375 0.8220000000000001 0.66446911875 0.8077500000000001 0.6662040250000001 0.7887500000000001 0.6592644 0.76525 0.6426092984375 0.72825 0.6051353234375 0.714 0.582581540625 0.6985 0.5478834140625