0 0.339024390625 0.705882353125 0.2951219515625 0.7124183000000001 0.11951219531249999 0.715686275 0.090243903125 0.7271241828125 0.085365853125 0.759803921875 0.1317073171875 0.784313725 0.2414634140625 0.7859477125 0.360975609375 0.7745098046875001 0.390243903125 0.7614379078125 0.3804878046875 0.715686275 0.3682926828125 0.705882353125 0.339024390625 0.705882353125
0 0.26829268281249996 0.795751634375 0.209756096875 0.794117646875 0.18292682968750001 0.8039215687500001 0.1707317078125 0.8169934640625 0.17317073125 0.846405228125 0.2317073171875 0.8970588234375001 0.3 0.9133986921874999 0.3512195125 0.9346405234375 0.385365853125 0.9281045750000001 0.414634146875 0.91013071875 0.41219512187499996 0.8790849671875 0.32682926874999996 0.8186274515624999 0.26829268281249996 0.795751634375
0 0.45609756093750004 1 0.4317073171875 0.972222221875 0.37317073125 0.939542484375 0.287804878125 0.9068627453125 0.2414634140625 0.901960784375 0.209756096875 0.9052287578125 0.1951219515625 0.9166666671874999 0.20243902500000002 0.9607843140625001 0.2292682921875 0.9787581703124999 0.2829268296875 1 0.45609756093750004 1
0 0.609756096875 0.936274509375 0.6170731703125 0.955882353125 0.6341463421875 0.955882353125 0.6951219515625 0.9313725484375001 0.702439025 0.89379085 0.6512195125 0.8496732031249999 0.597560975 0.8235294124999999 0.5219512187500001 0.8039215687500001 0.49512195156249994 0.7859477125 0.4439024390625 0.7826797390625 0.40243902499999995 0.7908496734375 0.3829268296875 0.8153594765625 0.387804878125 0.8333333328125001 0.43658536562499994 0.8627450984375 0.4341463421875 0.8709150328125 0.463414634375 0.8709150328125 0.5024390249999999 0.8839869281249999 0.52439024375 0.91176470625 0.5390243906250001 0.90849673125 0.587804878125 0.919934640625 0.609756096875 0.936274509375
0 0.8609756093750001 0.7990196078125 0.8463414640625 0.7859477125 0.6829268296875 0.7467320265625 0.5829268296875 0.73202614375 0.5390243906250001 0.73202614375 0.509756096875 0.741830065625 0.497560975 0.7565359484374999 0.497560975 0.7826797390625 0.5195121953124999 0.8022875812500001 0.5926829265625 0.8218954249999999 0.6439024390625 0.8447712421875 0.7048780484375 0.84150326875 0.8048780484375 0.8496732031249999 0.8439024390625001 0.8431372546875 0.8609756093750001 0.8169934640625 0.8609756093750001 0.7990196078125
0 0.6 0.707516340625 0.6585365859375 0.7026143796875 0.67560975625 0.687908496875 0.6926829265625 0.689542484375 0.687804878125 0.705882353125 0.6951219515625 0.705882353125 0.7170731703125 0.6830065359375 0.712195121875 0.633986928125 0.685365853125 0.6094771234375 0.6512195125 0.6078431375 0.5512195125 0.64379085 0.49512195156249994 0.653594771875 0.397560975 0.6846405234375 0.3804878046875 0.704248365625 0.3804878046875 0.7287581703125 0.397560975 0.7549019609375 0.4585365859375 0.7549019609375 0.5 0.7483660125 0.5365853656249999 0.73366013125 0.5780487812499999 0.73366013125 0.6 0.707516340625
0 0.714634146875 0.3594771234375 0.709756096875 0.3186274515625 0.636585365625 0.312091503125 0.609756096875 0.3202614375 0.590243903125 0.3186274515625 0.5634146343750001 0.3333333328125 0.5048780484375001 0.3349673203125 0.47073170781250007 0.3431372546875 0.4463414640625 0.37254902031250003 0.4585365859375 0.40032679687500006 0.5048780484375001 0.41830065312500003 0.6 0.41830065312500003 0.67804878125 0.3905228765625 0.714634146875 0.3594771234375
0 0.9048780484375 0.330065359375 0.8951219515625001 0.31535947656249996 0.87560975625 0.30555555624999997 0.8463414640625 0.30392156875 0.8121951218750001 0.3202614375 0.7829268296875 0.3513071890625 0.7463414640625 0.37254902031250003 0.7317073171875 0.37254902031250003 0.7292682921875 0.428104575 0.763414634375 0.454248365625 0.8 0.45751634062499996 0.8292682921875001 0.4526143796875 0.863414634375 0.4264705875 0.902439025 0.3611111109375 0.9048780484375 0.330065359375
0 0.77317073125 0.49673202656250004 0.7585365859375 0.4787581703125 0.7170731703125 0.454248365625 0.6073170734375 0.421568628125 0.5439024390625 0.4166666671875 0.48780487812500006 0.43464052343750004 0.52439024375 0.437908496875 0.5414634140625 0.44771241875 0.5414634140625 0.48366013125 0.5317073171875 0.490196078125 0.5414634140625 0.49673202656250004 0.62682926875 0.534313725 0.67317073125 0.542483659375 0.736585365625 0.5408496734375 0.7682926828125 0.5245098046875001 0.77317073125 0.49673202656250004
0 0.3292682921875 0.4754901953125 0.3707317078125 0.48366013125 0.3951219515625 0.5114379078125 0.49512195156249994 0.5114379078125 0.5414634140625 0.48202614375 0.5439024390625 0.4526143796875 0.52439024375 0.437908496875 0.3829268296875 0.43300653593750005 0.336585365625 0.4509803921875 0.3292682921875 0.4754901953125
0 0.21951219531250002 0.44281045781249995 0.1926829265625 0.4509803921875 0.10975609687500001 0.5065359484374999 0.08292682968750001 0.55228758125 0.0951219515625 0.571895425 0.1560975609375 0.5833333328125 0.1926829265625 0.571895425 0.2048780484375 0.560457515625 0.209756096875 0.5212418296875 0.26829268281249996 0.4705882359375 0.25609756093749997 0.44771241875 0.21951219531250002 0.44281045781249995
0 0.212195121875 0.6111111109375 0.1658536578125 0.6094771234375 0.063414634375 0.6290849671875 0.014634146875 0.653594771875 0 0.6764705875 0.002439025 0.7434640515625001 0.0463414640625 0.7467320265625 0.114634146875 0.7173202609375 0.20243902500000002 0.707516340625 0.2341463421875 0.6830065359375 0.2487804875 0.65849673125 0.23658536562500002 0.62418300625 0.212195121875 0.6111111109375
0 0.32195121875 0.5571895421875 0.2951219515625 0.5571895421875 0.27317073125 0.563725490625 0.263414634375 0.580065359375 0.26829268281249996 0.6568627453125 0.26097560937500003 0.6993464046875 0.26829268281249996 0.7107843140625 0.3195121953125 0.7140522875 0.3341463421875 0.7091503265625 0.3487804875 0.689542484375 0.3658536578125 0.6094771234375 0.3487804875 0.5702614374999999 0.32195121875 0.5571895421875
0 0.6 0.2271241828125 0.5658536578125 0.2516339875 0.5585365859375 0.2826797390625 0.590243903125 0.292483659375 0.6829268296875 0.292483659375 0.8243902437499999 0.276143790625 0.8707317078125 0.2614379078125 0.8707317078125 0.23856209218750002 0.8512195124999999 0.2205882359375 0.77560975625 0.2189542484375 0.6 0.2271241828125
0 0.8585365859375 0.534313725 0.8317073171875 0.51960784375 0.814634146875 0.51960784375 0.787804878125 0.5310457515625 0.7829268296875 0.5555555562500001 0.8195121953125 0.6307189546874999 0.8292682921875001 0.671568628125 0.8390243906249999 0.6830065359375 0.8780487812500001 0.6911764703125 0.897560975 0.7189542484375 0.9048780484375 0.7189542484375 0.9243902437499999 0.6830065359375 0.9073170734374999 0.6045751640625 0.8585365859375 0.534313725
0 0.4317073171875 0.2565359484375 0.397560975 0.2565359484375 0.3585365859375 0.2647058828125 0.309756096875 0.30392156875 0.30731707343750003 0.321895425 0.32195121875 0.33986928125000004 0.339024390625 0.34640522812499996 0.42439024375 0.33823529375 0.45609756093750004 0.313725490625 0.514634146875 0.30392156875 0.5073170734375 0.2859477125 0.47317073125000003 0.26633986875 0.4317073171875 0.2565359484375
0 0.587804878125 0.633986928125 0.6439024390625 0.60620915 0.636585365625 0.5767973859375 0.5414634140625 0.5931372546875 0.5121951218749999 0.571895425 0.5 0.571895425 0.41951219531249995 0.59150326875 0.37804878125 0.6176470593750001 0.363414634375 0.6405228765625 0.363414634375 0.66013071875 0.3804878046875 0.6846405234375 0.41219512187499996 0.6846405234375 0.47073170781250007 0.6650326796875 0.52682926875 0.651960784375 0.5439024390625 0.653594771875 0.5585365859375 0.6372549015625 0.587804878125 0.633986928125