0 0.2 0.35390625 0.3453125 0.346875
0 0.4875 0.775 0.4890625 0.3953125
0 0.64375 0.47734375 0.36875 0.5734375
0 0.10390625 0.1390625 0.2078125 0.215625
0 0.2640625 0.1671875 0.1109375 0.2328125
0 0.42578125 0.2328125 0.2265625 0.3828125
0 0.625 0.0875 0.1546875 0.175
0 0.7890625 0.08125 0.1796875 0.1625
0 0.94140625 0.14296875 0.115625 0.265625
0 0.859375 0.41171875 0.2375 0.2765625
0 0.8703125 0.93828125 0.2578125 0.1234375
0 0.07578125 0.72109375 0.1515625 0.359375
0 0.91640625 0.71875 0.165625 0.334375