0 0.7893890671875 0.48148148125 0.7829582 0.46913580312500003 0.74115755625 0.48148148125 0.70578778125 0.44444444375 0.667202571875 0.44444444375 0.6414791 0.4753086421875 0.620578778125 0.5339506171874999 0.6045016078125001 0.7067901234375 0.5691318328125 0.8487654328125 0.573954984375 0.9012345671875 0.6012861734375 0.9043209875 0.6237942125 0.8240740734375 0.6414791 0.8024691359375 0.6929260453125 0.8456790125 0.744372990625 0.8456790125 0.7668810296874999 0.8271604937499999 0.78778135 0.7870370375 0.797427653125 0.6944444437499999 0.8102893890624999 0.6697530859375 0.8231511250000001 0.490740740625 0.7893890671875 0.48148148125
0 1 0.6697530859375 0.97588424375 0.61728395 0.9308681671875 0.5802469140625 0.9099678453125 0.546296296875 0.8762057875 0.4074074078125 0.8536977484375001 0.41358024687499995 0.8392282953124999 0.43518518593750005 0.8520900328125001 0.5216049375 0.8520900328125001 0.5956790125 0.8167202578125 0.700617284375 0.8135048234375001 0.8055555562500001 0.8360128625 0.8734567906249999 0.8697749203124999 0.9259259265625 0.926045015625 0.9351851859375 0.9308681671875 0.9259259265625 0.950160771875 0.932098765625 0.9630225078124999 0.9074074078125 0.97588424375 0.9135802468750001 0.9903536984375 0.8981481484374999 0.9807073953125001 0.8549382718749999 1 0.8240740734375 1 0.6697530859375
0 1 0.20061728437499998 0.9485530546875 0.163580246875 0.9774919609375001 0.10185185156250001 0.9694533765625 0.049382715625000004 0.921221865625 0.049382715625000004 0.893890675 0.07716049375 0.890675240625 0.182098765625 0.8778135046875001 0.25 0.8569131828125001 0.296296296875 0.8360128625 0.317901234375 0.82958199375 0.3611111109375 0.832797428125 0.42283950625 0.8408360125 0.432098765625 0.8762057875 0.4074074078125 0.9099678453125 0.54012345625 0.9292604499999999 0.558641975 1 0.5216049375 1 0.20061728437499998
0 0.6414791 0 0.6366559484375001 0.0339506171875 0.6543408359375 0.055555556250000006 0.697749196875 0.145061728125 0.7299035375 0.2746913578125 0.773311896875 0.3333333328125 0.8102893890624999 0.336419753125 0.850482315625 0.296296296875 0.8681672031250001 0.2623456796875 0.8842443734375 0.20679012343749997 0.8874598078125 0.10185185156250001 0.8778135046875001 0.0154320984375 0.8569131828125001 0 0.744372990625 0 0.7250803859375 0.018518518749999997 0.6993569125 0.018518518749999997 0.676848875 0 0.6414791 0
0 0.5337620578125 0.0895061734375 0.52411575625 0.12654320937500002 0.5176848875 0.31172839531249996 0.57717041875 0.37654320937499997 0.596463021875 0.42592592656250006 0.6511254015625 0.42592592656250006 0.6639871375 0.4074074078125 0.68810289375 0.42283950625 0.6993569125 0.41358024687499995 0.7170418 0.37345679062500003 0.7170418 0.3425925921875 0.7299035375 0.299382715625 0.697749196875 0.1512345671875 0.6720257234375 0.0895061734375 0.6334405140625 0.027777778125000003 0.6286173640625 0.006172839062499999 0.5578778140625 0.0432098765625 0.5337620578125 0.0895061734375
0 0.3778135046875 0.4753086421875 0.3167202578125 0.48148148125 0.2958199359375 0.509259259375 0.2958199359375 0.546296296875 0.3135048234375 0.5679012343750001 0.3810289390625 0.5802469140625 0.45176848906249994 0.740740740625 0.48392282968749994 0.7654320984375 0.51125401875 0.7623456796875 0.561093246875 0.70987654375 0.585209003125 0.6388888890625 0.591639871875 0.43518518593750005 0.58199356875 0.39197530937499997 0.561093246875 0.35802469062500003 0.5192926046874999 0.3209876546875 0.49356913125 0.3209876546875 0.46463022499999995 0.3518518515625 0.43247588437499995 0.35802469062500003 0.3778135046875 0.4753086421875
0 0.302250803125 0.108024690625 0.308681671875 0.163580246875 0.2990353703125 0.1697530859375 0.302250803125 0.19444444375 0.2958199359375 0.21296296250000002 0.2990353703125 0.26851851875 0.3360128625 0.3518518515625 0.368167203125 0.37654320937499997 0.3987138265625 0.37345679062500003 0.44212218593749997 0.3209876546875 0.4774919609375 0.3148148140625 0.5048231515625 0.2623456796875 0.514469453125 0.20061728437499998 0.514469453125 0.12654320937500002 0.49839228281250003 0.046296296875 0.4807073953125 0.006172839062499999 0.3360128625 0 0.31189710625 0.046296296875 0.302250803125 0.108024690625
0 0.2652733125 0.586419753125 0.2315112546875 0.6697530859375 0.2250803859375 0.7129629625 0.2282958203125 0.8364197531249999 0.24598070781249998 0.8888888890625 0.2652733125 0.9012345671875 0.290996784375 0.9382716046875 0.326366559375 0.950617284375 0.3601286171875 0.9475308640625 0.3874598078125 0.932098765625 0.41157556250000005 0.891975309375 0.41800643125 0.8611111109375 0.43729903593749997 0.8240740734375 0.44051446875 0.7746913578125 0.41800643125 0.7129629625 0.408360128125 0.6574074078125001 0.3778135046875 0.586419753125 0.28778135 0.5617283953125 0.2652733125 0.586419753125
0 0 0.9475308640625 0.024115756250000002 0.9629629625 0.0755627015625 0.9691358031249999 0.1077170421875 0.9629629625 0.120578778125 0.9444444437499999 0.1463022515625 0.9382716046875 0.149517684375 0.9567901234375 0.1639871375 0.9660493828125001 0.167202571875 0.9166666671874999 0.180064309375 0.9043209875 0.180064309375 0.8796296296874999 0.1639871375 0.8055555562500001 0.1961414796875 0.7067901234375 0.1961414796875 0.645061728125 0.1897106109375 0.608024690625 0.1752411578125 0.5740740734374999 0.15273311875 0.5555555562500001 0.127009646875 0.5555555562500001 0.0723472671875 0.5246913578125 0.043408359375 0.5246913578125 0.0273311890625 0.5432098765625 0 0.608024690625 0 0.9475308640625
0 0.1639871375 0.23765432031249997 0.1639871375 0.18827160468749998 0.15273311875 0.1666666671875 0.1366559484375 0.1604938265625 0.127009646875 0.1666666671875 0.0803858515625 0.2623456796875 0.06430868125 0.3487654328125 0.06109324687499999 0.4166666671875 0.07073955 0.4660493828125 0.0980707390625 0.530864196875 0.162379421875 0.5370370375 0.1688102890625 0.5555555562500001 0.1864951765625 0.558641975 0.226688103125 0.549382715625 0.27652733125 0.490740740625 0.2958199359375 0.43518518593750005 0.3054662375 0.3240740734375 0.297427653125 0.29012345625 0.2717041796875 0.2654320984375 0.25884244375 0.28395061718750003 0.2395498390625 0.29012345625 0.1752411578125 0.28395061718750003 0.1639871375 0.23765432031249997
0 0.0932475890625 0.10185185156250001 0.11093247656250001 0.13580246875 0.1575562703125 0.163580246875 0.1639871375 0.23765432031249997 0.181672025 0.29012345625 0.247588425 0.2870370375 0.2652733125 0.2716049375 0.2958199359375 0.2746913578125 0.2893890671875 0.23148148124999998 0.2893890671875 0.1203703703125 0.308681671875 0.0524691359375 0.302250803125 0.04012345625 0.323151125 0 0.073954984375 0.0030864203125 0.07717041875 0.046296296875 0.0932475890625 0.10185185156250001