0 0.096875 0.6421875 0.14375 0.2109375
0 0.24375 0.74765625 0.14375 0.2421875
0 0.83984375 0.7625 0.159375 0.2828125
0 0.86875 0.58125 0.13125 0.1796875
0 0.18125 0.4625 0.1015625 0.203125
0 0.2859375 0.49609375 0.1078125 0.1578125
0 0.3125 0.42109375 0.06875 0.11875
0 0.39609375 0.38515625 0.1578125 0.1828125
0 0.42109375 0.3140625 0.0890625 0.1203125
0 0.421875 0.52265625 0.1328125 0.140625
0 0.5453125 0.46640625 0.190625 0.209375
0 0.53828125 0.2875 0.153125 0.203125
0 0.63125 0.3734375 0.15 0.2046875
0 0.6828125 0.28515625 0.140625 0.1421875
0 0.7484375 0.4265625 0.13125 0.209375
0 0.703125 0.4671875 0.1671875 0.1890625