0 0.33046875 0.46328125 0.2453125 0.175
0 0.7109375 0.26640625 0.259375 0.2
0 0.43359375 0.24921875 0.2015625 0.1375
0 0.18125 0.3 0.259375 0.178125
0 0.65 0.50625 0.265625 0.140625
0 0.45625 0.6875 0.35 0.19375
0 0.58984375 0.9015625 0.2796875 0.153125
0 0.875 0.79296875 0.25 0.2203125
0 0.1609375 0.58828125 0.2125 0.128125
0 0.66875 0.08359375 0.1625 0.140625
0 0.91484375 0.12421875 0.1703125 0.1328125
0 0.903125 0.40703125 0.171875 0.1125
0 0.0796875 0.42421875 0.159375 0.13125
0 0.33359375 0.83046875 0.1859375 0.1640625
0 0.9046875 0.54140625 0.190625 0.1640625
0 0.9453125 0.28203125 0.109375 0.1375