0 0.6552287578125 0.419117646875 0.6552287578125 0.330882353125 0.6421568625 0.276960784375 0.6127450984375 0.23774509843749997 0.581699346875 0.215686275 0.545751634375 0.2107843140625 0.4705882359375 0.24019607812500002 0.43464052343750004 0.2990196078125 0.4232026140625 0.33823529375 0.4232026140625 0.44117647031249996 0.4509803921875 0.5122549015625 0.51633986875 0.526960784375 0.5686274515624999 0.5661764703125 0.5866013078125001 0.5686274515624999 0.6192810453125001 0.534313725 0.6421568625 0.48039215625000004 0.6552287578125 0.419117646875
0 0.614379084375 0.740196078125 0.616013071875 0.66176470625 0.6045751640625 0.615196078125 0.5735294125 0.563725490625 0.5375816999999999 0.534313725 0.491830065625 0.5147058828125 0.4591503265625 0.5147058828125 0.4150326796875 0.5490196078125 0.385620915625 0.6102941171875 0.37254902031250003 0.688725490625 0.3790849671875 0.759803921875 0.40196078437500005 0.8161764703125 0.44281045781249995 0.794117646875 0.48202614375 0.794117646875 0.509803921875 0.8063725484375001 0.5751633984375 0.8627450984375 0.58823529375 0.784313725 0.614379084375 0.740196078125
0 0.3578431375 0.51960784375 0.349673203125 0.44117647031249996 0.30882352968750004 0.34068627500000004 0.2630718953125 0.296568628125 0.2173202609375 0.2916666671875 0.186274509375 0.2990196078125 0.15359477187499998 0.3333333328125 0.1127450984375 0.40196078437500005 0.1013071890625 0.4583333328125 0.1078431375 0.544117646875 0.133986928125 0.615196078125 0.1633986921875 0.6495098046875001 0.20751634062500002 0.6642156859375 0.276143790625 0.6495098046875001 0.32516339843750003 0.6225490203125 0.3578431375 0.51960784375
0 0 0.5588235296875 0.021241829687499998 0.578431371875 0.05392156875 0.5833333328125 0.1094771234375 0.5588235296875 0.10620915 0.44117647031249996 0.11601307187500001 0.4044117640625 0.1633986921875 0.313725490625 0.132352940625 0.2647058828125 0.114379084375 0.25 0.081699346875 0.23774509843749997 0.044117646875 0.23774509843749997 0 0.2475490203125 0 0.5588235296875
0 0.310457515625 0.2720588234375 0.313725490625 0.215686275 0.295751634375 0.15441176406249998 0.2712418296875 0.12254902031249999 0.24019607812500002 0.10294117656249999 0.1813725484375 0.1004901953125 0.1552287578125 0.10539215625000001 0.12581699375 0.125 0.099673203125 0.171568628125 0.08986928125 0.23529411718749998 0.1307189546875 0.2671568625 0.16176470625 0.3186274515625 0.19444444375 0.2990196078125 0.241830065625 0.294117646875 0.2908496734375 0.3235294125 0.2990196078125 0.3186274515625 0.310457515625 0.2720588234375
0 0.3235294125 1 0.34150326875000003 0.921568628125 0.40359477187500004 0.813725490625 0.37745097968749997 0.7524509796875 0.32516339843750003 0.67892156875 0.2859477125 0.659313725 0.2516339875 0.6568627453125 0.215686275 0.6740196078125 0.17810457500000001 0.73039215625 0.1552287578125 0.8039215687500001 0.15849673125 0.8602941171875 0.1764705875 0.91176470625 0.20751634062500002 0.938725490625 0.2026143796875 0.9779411765624999 0.2124183 1 0.3235294125 1
0 0.8366013078125001 0.436274509375 0.8692810453125001 0.2818627453125 0.8447712421875 0.20588235312499997 0.8267973859375 0.1764705875 0.794117646875 0.1495098046875 0.7467320265625 0.14215686249999998 0.7205882359375 0.15441176406249998 0.6993464046875 0.17892156875 0.66176470625 0.23774509843749997 0.6486928109375001 0.276960784375 0.6552287578125 0.419117646875 0.6846405234375 0.453431371875 0.7205882359375 0.47303921562499995 0.7826797390625 0.4828431375 0.810457515625 0.4779411765625 0.830065359375 0.455882353125 0.8366013078125001 0.436274509375
0 0.7990196078125 1 0.8202614374999999 0.9240196078125 0.848039215625 0.8602941171875 0.8366013078125001 0.7647058828125 0.7859477125 0.688725490625 0.723856209375 0.66176470625 0.6830065359375 0.659313725 0.651960784375 0.686274509375 0.6209150328125 0.7377450984375 0.59150326875 0.76960784375 0.5866013078125001 0.78676470625 0.581699346875 0.8725490203125 0.614379084375 1 0.7990196078125 1
0 0.10390625 0.1109375 0.15625 0.2125
0 0.26875 0.0796875 0.178125 0.159375
0 0.43671875 0.109375 0.1671875 0.21875
0 0.54921875 0.16015625 0.21875 0.2421875
0 0.73515625 0.1078125 0.1859375 0.20625
0 0.928125 0.35234375 0.14375 0.278125
0 0.93359375 0.603125 0.1328125 0.3828125
0 0.69609375 0.571875 0.1765625 0.2515625
0 0.9 0.89921875 0.2 0.2015625
0 0.46484375 0.89296875 0.2828125 0.2140625