0 0.2953125 0.61171875 0.18125 0.246875
0 0.12734375 0.64296875 0.153125 0.2359375
0 0.08359375 0.48984375 0.1578125 0.2703125
0 0.3015625 0.45078125 0.1625 0.1546875
0 0.44765625 0.6546875 0.121875 0.16875
0 0.39375 0.8046875 0.1890625 0.275
0 0.21328125 0.8390625 0.153125 0.225
0 0.0703125 0.8328125 0.13125 0.3109375
0 0.7953125 0.60546875 0.15625 0.228125
0 0.7546875 0.79140625 0.1796875 0.2734375
0 0.9171875 0.834375 0.121875 0.196875
0 0.9359375 0.64921875 0.1265625 0.2421875
0 0.58515625 0.19765625 0.13125 0.215625
0 0.69609375 0.2796875 0.1765625 0.203125
0 0.75078125 0.10078125 0.1390625 0.2015625
0 0.6359375 0.05 0.125 0.1
0 0.87109375 0.078125 0.115625 0.1421875