0 0.91171875 0.48203125 0.1765625 0.1390625
0 0.21015625 0.48984375 0.3234375 0.2390625
0 0.575 0.56484375 0.2203125 0.1578125
0 0.8140625 0.60390625 0.2671875 0.196875
0 0.15859375 0.6328125 0.2828125 0.1703125
0 0.46484375 0.68671875 0.225 0.16875
0 0.8890625 0.71953125 0.221875 0.1515625
0 0.678125 0.7734375 0.23125 0.1890625
0 0.16875 0.80625 0.271875 0.1609375
0 0.38203125 0.0890625 0.2796875 0.1625
0 0.64453125 0.9046875 0.2484375 0.1578125
0 0.3359375 0.94140625 0.3703125 0.1171875
0 0.56484375 0.16015625 0.221875 0.18125
0 0.08125 0.165625 0.1484375 0.2171875
0 0.7421875 0.2296875 0.1640625 0.128125
0 0.328125 0.2453125 0.23125 0.1578125
0 0.8375 0.328125 0.2609375 0.178125
0 0.13046875 0.34140625 0.246875 0.1578125
0 0.5390625 0.38203125 0.2828125 0.246875