0 0.13538461562499998 0.036087865625 0.1384615390625 0.0475941421875 0.1465384609375 0.059623431250000004 0.1580769234375 0.07008368125 0.185384615625 0.0737447703125 0.19461538437499998 0.06642259375000001 0.18923076875 0.0444560671875 0.19 0.030857740625 0.19615384687499998 0.0172594140625 0.19346153906250002 0.011506276562499999 0.17423076875000001 0.0041841000000000005 0.15653846093749998 0.0031380749999999997 0.1480769234375 0.0062761499999999994 0.1384615390625 0.0162133890625 0.13538461562499998 0.036087865625
0 0.18923076875 0.038179915625 0.1923076921875 0.05596234375 0.20192307656250003 0.0721757328125 0.21269230781249998 0.0774058578125 0.2230769234375 0.0768828453125 0.2319230765625 0.059623431250000004 0.24615384687500003 0.0496861921875 0.25076923125 0.026673640625 0.25076923125 0.0172594140625 0.24576923125 0.0094142265625 0.2273076921875 0 0.215 0.0010460250000000001 0.20038461562499998 0.011506276562499999 0.1923076921875 0.024581590625 0.18923076875 0.038179915625
0 0.27692307656250004 0.087343096875 0.2830769234375 0.088389121875 0.2984615390625 0.06956066875 0.29923076875 0.05700836875 0.295384615625 0.0392259421875 0.2780769234375 0.017782426562500002 0.2580769234375 0.017782426562500002 0.24846153906250001 0.033995815624999995 0.2476923078125 0.0475941421875 0.26269230781249997 0.05543933125 0.27076923124999996 0.06642259375000001 0.27692307656250004 0.087343096875
0 0.299615384375 0 0.294615384375 0.0172594140625 0.296153846875 0.037133890625 0.3073076921875 0.05648535624999999 0.3223076921875 0.06433054375 0.32999999999999996 0.029811715625000002 0.34076923125 0.0078451890625 0.3365384609375 0 0.299615384375 0
0 0.3215384609375 0.096757321875 0.326153846875 0.087343096875 0.3234615390625 0.0794979078125 0.31192307656249996 0.0732217578125 0.299615384375 0.0721757328125 0.286153846875 0.0842050203125 0.28230769218749996 0.096757321875 0.283846153125 0.1134937234375 0.29923076875 0.119769875 0.3215384609375 0.096757321875
0 0.2076923078125 0.18880753125 0.216153846875 0.2044979078125 0.2226923078125 0.2102510453125 0.23461538437499999 0.2107740578125 0.25076923125 0.1961297078125 0.2730769234375 0.1333682015625 0.275384615625 0.1072175734375 0.273846153125 0.0747907953125 0.2634615390625 0.05648535624999999 0.251153846875 0.0512552296875 0.241153846875 0.053347279687500006 0.22923076875 0.06433054375 0.206153846875 0.1657949796875 0.2076923078125 0.18880753125
0 0.198846153125 0.13389121406249999 0.1930769234375 0.1427824265625 0.18 0.1783472796875 0.1723076921875 0.22646443437500002 0.1715384609375 0.2567991625 0.176153846875 0.27562761562500004 0.18653846093749998 0.2918410046875 0.19961538437499998 0.2928870296875 0.20423076875 0.2991631796875 0.2184615390625 0.29864016718749997 0.233846153125 0.280857740625 0.24 0.2630753140625 0.24153846093750003 0.2411087859375 0.23615384687500002 0.21705020937500002 0.21884615312500003 0.2092050203125 0.2076923078125 0.18985355625 0.206153846875 0.161610878125 0.2123076921875 0.1344142265625 0.2080769234375 0.1297071125 0.198846153125 0.13389121406249999
0 0.098846153125 0.151673640625 0.0815384609375 0.1657949796875 0.063846153125 0.20031380781250002 0.065384615625 0.2285564859375 0.081153846875 0.248953975 0.10384615312500001 0.25156903750000004 0.1273076921875 0.223849371875 0.15730769218750001 0.2008368203125 0.17923076875 0.1731171546875 0.19615384687499998 0.1333682015625 0.19192307656250002 0.1234309625 0.16576923125 0.11820083749999999 0.149615384375 0.12133891249999999 0.11269230781249999 0.1412133890625 0.1065384609375 0.150627615625 0.098846153125 0.151673640625
0 0.075 0.1359832640625 0.0723076921875 0.13859832656249998 0.075384615625 0.1396443515625 0.075 0.1359832640625
0 0 0.1145397484375 0.0034615390625 0.11924686250000001 0.01076923125 0.11872385 0.07423076875 0.09623430937500001 0.0769230765625 0.09152719687500001 0.07076923125 0.0758368203125 0.0715384609375 0.059100418749999994 0.0634615390625 0.05543933125 0.030384615625 0.05543933125 0.0026923078125 0.06380753125000001 0 0.06851464375 0 0.1145397484375
0 0.12076923125000001 0.092573221875 0.146153846875 0.0706066953125 0.144615384375 0.06223849375 0.129615384375 0.0397489546875 0.0965384609375 0.034518828125 0.08576923125 0.038702928125 0.075384615625 0.0486401671875 0.07076923125 0.07269874531250001 0.07461538437500001 0.087343096875 0.078846153125 0.092050209375 0.12076923125000001 0.092573221875
0 0.0380769234375 0.17991631875 0.00038461562500000004 0.18933054375 0 0.2714435140625 0.0023076921875 0.2714435140625 0.018846153125 0.25627615000000004 0.06423076875 0.2343096234375 0.0630769234375 0.2076359828125 0.0723076921875 0.18357740625000002 0.08653846093749999 0.1663179921875 0.11038461562499999 0.149581590625 0.11923076875000001 0.13859832656249998 0.1073076921875 0.14016736406250002 0.07038461562500001 0.1642259421875 0.0380769234375 0.17991631875
0 0.1265384609375 0.093096234375 0.08884615312500001 0.093096234375 0.0019230765625 0.1234309625 0.0007692312500000001 0.18880753125 0.0380769234375 0.1767782421875 0.03423076875 0.16527196718749998 0.039615384375 0.16527196718749998 0.042692307812500004 0.17468619218749998 0.0480769234375 0.1736401671875 0.1073076921875 0.1391213390625 0.12576923125 0.1328451890625 0.13538461562499998 0.12395397500000001 0.1330769234375 0.09884937187500001 0.1265384609375 0.093096234375
0 0.003846153125 0.3028242671875 0.00923076875 0.31642259375 0.020384615624999998 0.3284518828125 0.043846153124999995 0.336297071875 0.0565384609375 0.3347280328125 0.0623076921875 0.3279288703125 0.0584615390625 0.31328451875 0.056923076562499994 0.28504184062500004 0.0684615390625 0.2620292890625 0.05500000000000001 0.25523012500000003 0.030384615625 0.25209205 0.008461539062499999 0.2672594140625 0.0030769234375 0.28504184062500004 0.003846153125 0.3028242671875
0 0.09923076875 0.337343096875 0.11538461562499999 0.3289748953125 0.1169230765625 0.30910041875 0.10538461562500001 0.278765690625 0.10769230781250001 0.2557531375 0.079615384375 0.25313807499999996 0.0673076921875 0.26359832656250004 0.057692307812499996 0.280857740625 0.059230768749999996 0.31642259375 0.0819230765625 0.3347280328125 0.09923076875 0.337343096875
0 0.114615384375 0.24006276093749998 0.1084615390625 0.2526150625 0.106153846875 0.280857740625 0.1084615390625 0.2902719671875 0.11615384687500001 0.2975941421875 0.12192307656250001 0.2928870296875 0.1319230765625 0.2939330546875 0.1365384609375 0.28661087812499997 0.14115384687500002 0.2949790796875 0.16499999999999998 0.2939330546875 0.173846153125 0.2892259421875 0.1726923078125 0.2092050203125 0.1634615390625 0.2071129703125 0.145 0.21129707187500002 0.114615384375 0.24006276093749998
0 0.145 0.31799163125 0.1419230765625 0.31276150625 0.14076923125000002 0.3206066953125 0.12576923125 0.3305439328125 0.1169230765625 0.348849371875 0.11384615312499999 0.375 0.125 0.3964435140625 0.1419230765625 0.405857740625 0.1630769234375 0.40742677812499994 0.1834615390625 0.398535565625 0.20423076875 0.3807531375 0.21538461562500003 0.3593096234375 0.20923076875 0.31223849375 0.1965384609375 0.2960251046875 0.159615384375 0.2949790796875 0.156153846875 0.2996861921875 0.15423076875 0.31380753125 0.1480769234375 0.31380753125 0.145 0.31799163125
0 0.213846153125 0.340481171875 0.22000000000000003 0.35407949843750003 0.2365384609375 0.36610878593749996 0.24076923125 0.3655857734375 0.2573076921875 0.3577405859375 0.26692307656250003 0.342573221875 0.25923076875 0.30910041875 0.26692307656250003 0.2724895390625 0.2473076921875 0.2594142265625 0.23923076875 0.26516736406249997 0.23230769218749997 0.28504184062500004 0.21538461562500003 0.3038702921875 0.2115384609375 0.3237447703125 0.213846153125 0.340481171875
0 0.25923076875 0.30491631875 0.2630769234375 0.3268828453125 0.26884615312500004 0.336820084375 0.2819230765625 0.347280334375 0.29923076875 0.34780334687500003 0.30653846093750003 0.346234309375 0.3180769234375 0.3357740578125 0.32769230781249997 0.30910041875 0.32076923125 0.278765690625 0.31923076875 0.2536610875 0.30653846093750003 0.24372385 0.291153846875 0.24790795000000002 0.270384615625 0.27092050156249997 0.263846153125 0.28190376562499997 0.25923076875 0.30491631875
0 0.325384615625 0.221234309375 0.32076923125 0.26830543906250004 0.3223076921875 0.28190376562499997 0.33423076875 0.30543933125 0.34500000000000003 0.31171548125 0.353846153125 0.31119246875 0.3634615390625 0.30753138125 0.376153846875 0.2892259421875 0.3815384609375 0.26516736406249997 0.3815384609375 0.2484309625 0.376153846875 0.22541840937500002 0.36307692343750003 0.20658995781249997 0.3576923078125 0.18985355625 0.35730769218749997 0.160041840625 0.3423076921875 0.1971757328125 0.325384615625 0.221234309375
0 0.39923076874999996 0.2996861921875 0.409615384375 0.31903765625 0.42346153906249995 0.3284518828125 0.43307692343750004 0.3279288703125 0.4426923078125 0.3253138078125 0.45307692343749995 0.31223849375 0.45923076875 0.282949790625 0.4523076921875 0.25052301250000003 0.45384615312500004 0.219142259375 0.43038461562499997 0.18723849374999998 0.404615384375 0.2316945609375 0.3976923078125 0.26516736406249997 0.3969230765625 0.283995815625 0.39923076874999996 0.2996861921875
0 0.376153846875 0.2913179921875 0.36230769218750003 0.31328451875 0.3615384609375 0.3268828453125 0.3669230765625 0.34466527187499996 0.37576923125 0.3577405859375 0.388846153125 0.3650627609375 0.3976923078125 0.36453974843750003 0.40499999999999997 0.3629707109375 0.41461538437499995 0.35407949843750003 0.4176923078125 0.34780334687500003 0.4176923078125 0.3342050203125 0.416153846875 0.3268828453125 0.4023076921875 0.31014644375 0.3976923078125 0.2965481171875 0.396153846875 0.277719665625 0.38346153906249997 0.27196652656250003 0.376153846875 0.2913179921875
0 0.2784615390625 0.157426778125 0.2784615390625 0.18148535625 0.289615384375 0.2060669453125 0.299615384375 0.214435146875 0.3223076921875 0.21600418437500002 0.33423076875 0.2071129703125 0.344615384375 0.19089958125 0.35615384687499996 0.1406903765625 0.354615384375 0.1124476984375 0.34576923125 0.1077405859375 0.329615384375 0.0857740578125 0.31192307656249996 0.10983263593749999 0.28923076875 0.13127614999999998 0.2815384609375 0.1438284515625 0.2784615390625 0.157426778125
0 0.3526923078125 0 0.3323076921875 0.025627615625 0.32461538437500004 0.05700836875 0.3269230765625 0.0779288703125 0.34500000000000003 0.10460251093749999 0.3534615390625 0.10983263593749999 0.3615384609375 0.10930962343749999 0.381153846875 0.10460251093749999 0.385 0.10041840937499999 0.38692307656249997 0.07269874531250001 0.3923076921875 0.0538702921875 0.40423076875 0.038702928125 0.42153846093749997 0.027719665625 0.411153846875 0 0.3526923078125 0
0 0.38692307656249997 0.0768828453125 0.3884615390625 0.099895396875 0.39384615312500004 0.1166317984375 0.4026923078125 0.12656903749999998 0.41653846093749997 0.13389121406249999 0.43461538437499997 0.1333682015625 0.45346153906250003 0.11820083749999999 0.4615384609375 0.1019874484375 0.45076923124999996 0.0768828453125 0.45076923124999996 0.045502092187499996 0.44576923125 0.038702928125 0.4319230765625 0.031380753125 0.4180769234375 0.031380753125 0.40346153906250004 0.0397489546875 0.39076923125 0.05805439375 0.38692307656249997 0.0768828453125
0 0.365384615625 0.1469665265625 0.3576923078125 0.16997907968749998 0.3576923078125 0.18671548124999998 0.363846153125 0.20658995781249997 0.37423076875 0.21966527187499998 0.3976923078125 0.22332635937499998 0.40730769218749996 0.21966527187499998 0.4184615390625 0.2055439328125 0.424615384375 0.18776150625000002 0.4269230765625 0.1689330546875 0.424615384375 0.150104603125 0.419615384375 0.14016736406250002 0.399615384375 0.1244769875 0.391153846875 0.1234309625 0.37423076875 0.1349372390625 0.365384615625 0.1469665265625
0 0.323846153125 0.38127615000000004 0.33423076875 0.39121338906249997 0.343846153125 0.3927824265625 0.3534615390625 0.39121338906249997 0.36307692343750003 0.382322175 0.3684615390625 0.3666317984375 0.3684615390625 0.35198744843749996 0.3584615390625 0.3226987453125 0.3526923078125 0.31485355625 0.3334615390625 0.31066945625 0.3176923078125 0.337343096875 0.31538461562500003 0.35407949843750003 0.323846153125 0.38127615000000004
0 0.2834615390625 0.4278242671875 0.295384615625 0.4273012546875 0.3123076921875 0.41370292812500004 0.31846153906249997 0.399058578125 0.32 0.37709205 0.31115384687500003 0.350418409375 0.278846153125 0.347280334375 0.264615384375 0.36872384999999996 0.2623076921875 0.39801255156250004 0.2684615390625 0.4157949796875 0.27576923125 0.42364016718749997 0.2834615390625 0.4278242671875
0 0.20923076875 0.4524058578125 0.20923076875 0.475418409375 0.219615384375 0.49476987499999997 0.244615384375 0.5026150625 0.2665384609375 0.49895397499999994 0.28500000000000003 0.4884937234375 0.30923076875 0.4534518828125 0.30923076875 0.43671548125 0.301153846875 0.4278242671875 0.2780769234375 0.42677824218750005 0.2673076921875 0.4163179921875 0.24346153906249998 0.4194560671875 0.221153846875 0.43096234375 0.20923076875 0.4524058578125
0 0.1630769234375 0.41893305468750003 0.13538461562499998 0.5015690375 0.1369230765625 0.525627615625 0.145 0.5407949796875 0.1580769234375 0.5481171546875 0.173846153125 0.5507322171875 0.18653846093749998 0.5428870296875 0.195384615625 0.530857740625 0.206153846875 0.5078451890625 0.21000000000000002 0.4900627609375 0.2076923078125 0.4607740578125 0.2130769234375 0.43776150625000004 0.2015384609375 0.39801255156250004 0.1973076921875 0.39330543906250004 0.1719230765625 0.40690376562499997 0.1630769234375 0.41893305468750003
0 0.0523076921875 0.5120292890625 0.057692307812499996 0.531903765625 0.07115384687500001 0.5470711296874999 0.0923076921875 0.5538702921875001 0.1119230765625 0.5502092046875 0.136153846875 0.533995815625 0.13538461562499998 0.4994769875 0.1476923078125 0.4607740578125 0.15076923125 0.44403765625 0.148846153125 0.44037656875 0.0880769234375 0.4571129703125 0.06576923125 0.47489539687500004 0.057692307812499996 0.4869246859375 0.0523076921875 0.5120292890625
0 0.018461539062499997 0.524581590625 0.008461539062499999 0.55805439375 0.01 0.5726987453125 0.020384615624999998 0.591004184375 0.0326923078125 0.600418409375 0.048461539062499996 0.600941421875 0.0665384609375 0.596234309375 0.0834615390625 0.5794979078125 0.095384615625 0.5611924687500001 0.09423076875 0.55543933125 0.0734615390625 0.5491631796875 0.0584615390625 0.533995815625 0.0523076921875 0.5162133890625 0.058076923437500004 0.4853556484375 0.04576923125 0.492677825 0.018461539062499997 0.524581590625
0 0 0.526673640625 0.004615384375 0.526673640625 0.019615384375 0.5198744765625001 0.055769231249999995 0.47907949843750003 0.08 0.4586820078125 0.08076923124999999 0.45449790781250005 0.063846153125 0.43357740624999996 0.05500000000000001 0.404811715625 0.033461539062500004 0.40794979062500003 0 0.4273012546875 0 0.526673640625
0 0 0.402196653125 0.023846153125 0.408472803125 0.053461539062499994 0.401673640625 0.057692307812499996 0.39592050156249997 0.059230768749999996 0.3875523015625 0.05 0.3666317984375 0.0523076921875 0.341527196875 0.021153846875 0.3294979078125 0.011153846875 0.3305439328125 0 0.337343096875 0 0.402196653125
0 0.0826923078125 0.35878661093750003 0.064615384375 0.382322175 0.059230768749999996 0.39592050156249997 0.0584615390625 0.408472803125 0.065384615625 0.43566945625000003 0.0826923078125 0.4518828453125 0.096153846875 0.4534518828125 0.121153846875 0.4476987453125 0.145 0.43619246875 0.1515384609375 0.4283472796875 0.1465384609375 0.41004184062500004 0.1265384609375 0.399581590625 0.11615384687500001 0.3844142265625 0.1130769234375 0.3634937234375 0.11923076875000001 0.341527196875 0.11807692343750001 0.336820084375 0.0826923078125 0.35878661093750003
0 0 0.6720711296874999 0.01 0.6731171546875 0.0226923078125 0.6715481171875 0.037307692187500005 0.663179915625 0.056923076562499994 0.6365062765625 0.063846153125 0.6145397484374999 0.063846153125 0.6030334734375 0.033461539062500004 0.601464434375 0.020384615624999998 0.592050209375 0.011153846875 0.5763598328125 0.004230768750000001 0.5784518828125 0 0.5842050203125 0 0.6720711296874999
0 0.0776923078125 0.5925732218750001 0.06 0.6291841 0.057692307812499996 0.6406903765624999 0.06 0.660564853125 0.0719230765625 0.6736401671875 0.083846153125 0.6762552296875 0.10269230781250001 0.6705020921875 0.12153846093750001 0.6459205015625 0.1130769234375 0.62709205 0.11076923125 0.6030334734375 0.11846153906250001 0.5737447703125 0.13076923125 0.5496861921875 0.128846153125 0.5470711296874999 0.1165384609375 0.5491631796875 0.10192307656249999 0.55857740625 0.0776923078125 0.5925732218750001
0 0.114615384375 0.630230125 0.1226923078125 0.6443514640625 0.1373076921875 0.6527196656250001 0.14846153906249998 0.6521966531250001 0.1626923078125 0.6464435140625 0.176153846875 0.6312761499999999 0.1684615390625 0.5925732218750001 0.1769230765625 0.5549163187499999 0.160384615625 0.5523012546875 0.14115384687500002 0.5397489546875 0.11923076875000001 0.5726987453125 0.1123076921875 0.5925732218750001 0.11076923125 0.6103556484375 0.114615384375 0.630230125
0 0.19923076875 0.526673640625 0.1776923078125 0.55910041875 0.16999999999999998 0.5842050203125 0.16999999999999998 0.6082635984375 0.181153846875 0.6317991625 0.19692307656250002 0.6365062765625 0.20576923125 0.6349372390625 0.2219230765625 0.6234309625 0.2430769234375 0.595711296875 0.2576923078125 0.55805439375 0.26692307656250003 0.5224895390625 0.26692307656250003 0.5067991625 0.2634615390625 0.5010460250000001 0.2365384609375 0.5031380750000001 0.21423076874999997 0.492677825 0.19923076875 0.526673640625
0 0.263846153125 0.537133890625 0.2623076921875 0.5549163187499999 0.26692307656250003 0.5758368203125 0.2826923078125 0.591004184375 0.295384615625 0.591527196875 0.31192307656249996 0.5836820078125 0.32076923125 0.5726987453125 0.33999999999999997 0.528765690625 0.33999999999999997 0.5193514640625 0.323846153125 0.48797071093750005 0.32192307656249997 0.4497907953125 0.3126923078125 0.45397489531249996 0.2915384609375 0.48169456093749996 0.2684615390625 0.5214435140625 0.263846153125 0.537133890625
0 0.3419230765625 0.531380753125 0.32076923125 0.5737447703125 0.30307692343750003 0.593619246875 0.295384615625 0.617677825 0.293846153125 0.6459205015625 0.3 0.6720711296874999 0.31423076875 0.68828451875 0.3315384609375 0.68985355625 0.34500000000000003 0.68410041875 0.35615384687499996 0.6710251046875 0.36923076875 0.6354602515625001 0.37 0.6239539749999999 0.36230769218750003 0.6103556484375 0.3576923078125 0.590481171875 0.3584615390625 0.56851464375 0.364615384375 0.5392259421875 0.3619230765625 0.5303347281249999 0.3419230765625 0.531380753125
0 0.3669230765625 0.530857740625 0.3584615390625 0.5706066953125 0.3584615390625 0.5925732218750001 0.365384615625 0.6145397484374999 0.38038461562500003 0.6265690375 0.39384615312500004 0.62709205 0.41230769218749996 0.6114016734375001 0.42076923125 0.5810669453124999 0.42153846093749997 0.538179915625 0.4184615390625 0.4994769875 0.4130769234375 0.462866109375 0.409615384375 0.46025104531250005 0.4 0.4607740578125 0.38923076874999996 0.5057531375 0.381153846875 0.5188284515625 0.3669230765625 0.530857740625
0 0.42115384687499996 0.4571129703125 0.4176923078125 0.463912134375 0.4176923078125 0.4900627609375 0.426153846875 0.56956066875 0.43807692343750004 0.5972803343749999 0.4480769234375 0.6066945609375 0.4569230765625 0.6082635984375 0.47115384687499995 0.6035564859375 0.48230769218749997 0.587343096875 0.485384615625 0.5507322171875 0.483846153125 0.528765690625 0.479615384375 0.5230125515624999 0.46653846093749995 0.526150628125 0.450384615625 0.5198744765625001 0.43615384687500003 0.49843096249999996 0.4323076921875 0.45763598281249995 0.42115384687499996 0.4571129703125
0 0.43576923125 0.6108786609375 0.433846153125 0.617677825 0.43153846093750003 0.649058578125 0.433846153125 0.6793933046875 0.448846153125 0.7092050203125 0.459615384375 0.715481171875 0.47153846093749996 0.716004184375 0.49000000000000005 0.7034518828125 0.49230769218750003 0.6783472796875001 0.5023076921875 0.651150628125 0.5023076921875 0.6417364015625 0.49076923125 0.62290795 0.48461538437499996 0.6051255234374999 0.478846153125 0.600418409375 0.4619230765625 0.6087866109375 0.44346153906249997 0.6056485359375 0.43576923125 0.6108786609375
0 0.39192307656250003 0.6286610875 0.3765384609375 0.6265690375 0.3669230765625 0.6553347281249999 0.364615384375 0.68462343125 0.36923076875 0.7044979078125 0.38038461562500003 0.7196652718750001 0.395384615625 0.723326359375 0.40576923125000003 0.718619246875 0.415384615625 0.7076359828125 0.4269230765625 0.6793933046875 0.4323076921875 0.6114016734375001 0.43153846093750003 0.596757321875 0.4273076921875 0.589958159375 0.42346153906249995 0.589958159375 0.41230769218749996 0.6124476984375 0.40115384687500005 0.6244769875 0.39192307656250003 0.6286610875
0 0.39 0.7630753140625 0.3969230765625 0.781903765625 0.4080769234375 0.7918410046875 0.42538461562499996 0.7934100421875 0.43615384687500003 0.783995815625 0.44923076875 0.7515690375 0.44923076875 0.713912134375 0.4319230765625 0.68096234375 0.4276923078125 0.68253138125 0.4184615390625 0.7034518828125 0.4080769234375 0.7175732218750001 0.391153846875 0.724895396875 0.38769230781249997 0.7348326359375 0.39 0.7630753140625
0 0.45153846093750005 0.8540794984375 0.4634615390625 0.8817991624999999 0.47115384687499995 0.8880753140625 0.4830769234375 0.8885983265625 0.4934615390625 0.8807531375 0.5015384609375 0.8666317984375 0.503846153125 0.8394351468749999 0.5023076921875 0.80700836875 0.4884615390625 0.782949790625 0.48269230781249994 0.7635983265624999 0.458846153125 0.7604602515625001 0.454615384375 0.773535565625 0.44923076875 0.8268828453125 0.45153846093750005 0.8540794984375
0 0.40115384687500005 0.788702928125 0.39923076874999996 0.7913179921875 0.3969230765625 0.8164225937499999 0.39923076874999996 0.841527196875 0.4080769234375 0.8598326359374999 0.42153846093749997 0.8655857734374999 0.4334615390625 0.8598326359374999 0.445384615625 0.836297071875 0.45307692343749995 0.788179915625 0.45384615312500004 0.7630753140625 0.45115384687500004 0.7541841 0.4476923078125 0.7557531375 0.44461538437500003 0.7683054390625 0.429615384375 0.7918410046875 0.4134615390625 0.7949790796875 0.40115384687500005 0.788702928125
0 0.334615384375 0.8342050203125 0.3415384609375 0.8582635984375001 0.349615384375 0.8671548109374999 0.36230769218750003 0.86872385 0.368846153125 0.8671548109374999 0.376153846875 0.8572175734374999 0.3915384609375 0.8258368203125 0.396153846875 0.783995815625 0.385 0.7562761499999999 0.381153846875 0.7562761499999999 0.3619230765625 0.7771966531250001 0.3419230765625 0.785564853125 0.335384615625 0.8038702921875001 0.334615384375 0.8342050203125
0 0.2869230765625 0.8111924687500001 0.2930769234375 0.8258368203125 0.299615384375 0.8315899578125 0.3115384609375 0.8321129703125001 0.3180769234375 0.8294979078125 0.32769230781249997 0.8164225937499999 0.3369230765625 0.7913179921875 0.3369230765625 0.783995815625 0.3265384609375 0.776150628125 0.316153846875 0.7588912140625 0.3126923078125 0.723849371875 0.2976923078125 0.7369246859375 0.286153846875 0.7902719671875 0.2869230765625 0.8111924687500001
0 0.22923076875 0.781903765625 0.22923076875 0.8017782421874999 0.23961538437500002 0.8253138078125 0.2473076921875 0.8305439328125 0.254615384375 0.8300209203125 0.271153846875 0.8200836812500001 0.283846153125 0.7965481171875 0.29230769218749997 0.7411087859375 0.2765384609375 0.7405857734375 0.26423076874999996 0.7353556484375 0.25576923125 0.720711296875 0.25269230781249996 0.720711296875 0.24076923125 0.7327405859375 0.23692307656249997 0.7442468625 0.22923076875 0.781903765625
0 0.23230769218749997 0.7306485359375 0.241153846875 0.7280334734375 0.254615384375 0.716004184375 0.254615384375 0.6773012546875 0.23576923125000002 0.657949790625 0.2080769234375 0.6715481171875 0.2030769234375 0.68985355625 0.20384615312499998 0.7065899578125 0.2115384609375 0.724372384375 0.219615384375 0.7311715484375 0.23230769218749997 0.7306485359375
0 0.1769230765625 0.7034518828125 0.16230769218750002 0.723326359375 0.15307692343749998 0.7588912140625 0.1515384609375 0.783995815625 0.153846153125 0.8007322171875 0.1619230765625 0.8158995812500001 0.173846153125 0.8206066953125 0.1873076921875 0.81694560625 0.20384615312499998 0.7955020921875 0.213846153125 0.7703974890625 0.22000000000000003 0.7400627609375 0.21923076875 0.7327405859375 0.204615384375 0.7107740578125 0.20384615312499998 0.6752092046875 0.1973076921875 0.6694560671875001 0.1915384609375 0.6720711296874999 0.1769230765625 0.7034518828125
0 0.250384615625 0.6725941421875 0.2623076921875 0.6731171546875 0.27346153906250004 0.6673640171875 0.2869230765625 0.6469665265625 0.2976923078125 0.5978033468749999 0.2726923078125 0.5857740578125 0.2630769234375 0.56746861875 0.2580769234375 0.56485355625 0.23692307656249997 0.6103556484375 0.23230769218749997 0.6459205015625 0.2426923078125 0.6673640171875 0.250384615625 0.6725941421875
0 0.21076923125000002 0.6699790796875 0.220384615625 0.6673640171875 0.22999999999999998 0.658472803125 0.23230769218749997 0.651150628125 0.2319230765625 0.6161087859375 0.20423076875 0.6359832640625 0.18307692343749998 0.6354602515625001 0.18307692343749998 0.6480125515624999 0.1880769234375 0.660041840625 0.2034615390625 0.6705020921875 0.21076923125000002 0.6699790796875
0 0.1023076921875 0.6731171546875 0.0976923078125 0.7044979078125 0.1030769234375 0.723326359375 0.11807692343750001 0.7364016734375001 0.1369230765625 0.7379707109375 0.161153846875 0.723849371875 0.176153846875 0.7034518828125 0.1876923078125 0.6783472796875001 0.19 0.6657949796875 0.17884615312500002 0.6380753140625 0.1734615390625 0.6370292890625 0.1580769234375 0.650627615625 0.1465384609375 0.653765690625 0.12192307656250001 0.648535565625 0.1023076921875 0.6731171546875
0 0.11384615312499999 0.8017782421874999 0.10769230781250001 0.8331589953125 0.1115384609375 0.8519874484375001 0.12192307656250001 0.8671548109374999 0.154615384375 0.8708159 0.15769230781250002 0.8530334734375 0.1723076921875 0.8342050203125 0.173846153125 0.8247907953125001 0.161153846875 0.8158995812500001 0.153846153125 0.8007322171875 0.15076923125 0.778765690625 0.153846153125 0.7515690375 0.149615384375 0.7468619249999999 0.1315384609375 0.7620292890625 0.11384615312499999 0.8017782421874999
0 0.055769231249999995 0.8723849375 0.06999999999999999 0.875 0.0873076921875 0.8682008375000001 0.10769230781250001 0.8436192468750001 0.11076923125 0.81223849375 0.128846153125 0.7625523015625 0.111153846875 0.7625523015625 0.09576923125 0.757322175 0.063846153125 0.7934100421875 0.048461539062499996 0.8268828453125 0.045384615625 0.8561715484375 0.055769231249999995 0.8723849375
0 0.036923076562500004 0.6678870296875 0.028461539062500003 0.68776150625 0.026153846874999997 0.7024058578125 0.02 0.7086820078125 0.018461539062499997 0.7358786609375 0.0234615390625 0.7405857734375 0.0626923078125 0.7416317984374999 0.065 0.75209205 0.075384615625 0.7515690375 0.0784615390625 0.7337866109375 0.091153846875 0.7228033468749999 0.096153846875 0.712866109375 0.0984615390625 0.68043933125 0.095 0.6757322171875 0.0780769234375 0.6767782421875 0.0680769234375 0.6715481171875 0.06076923125 0.6616108781250001 0.05500000000000001 0.6422594140625 0.036923076562500004 0.6678870296875
0 0.06576923125 0.75209205 0.0626923078125 0.7416317984374999 0.0280769234375 0.7405857734375 0.021923076562499998 0.7437238500000001 0.01076923125 0.7672594140625 0.0115384609375 0.778765690625 0.0176923078125 0.778765690625 0.014615384375000002 0.782949790625 0.0115384609375 0.8038702921875001 0.0169230765625 0.80700836875 0.019615384375 0.7981171546875 0.03576923125 0.8043933046875 0.051923076562500003 0.7960251046875 0.08576923125 0.7646443515625 0.094615384375 0.7526150625 0.09076923125 0.7275104609375 0.0784615390625 0.7369246859375 0.0784615390625 0.7473849375 0.0734615390625 0.75209205 0.06576923125 0.75209205
0 0.219615384375 0.7531380750000001 0.2169230765625 0.7567991625 0.206153846875 0.7913179921875 0.1876923078125 0.8226987453125 0.185384615625 0.8519874484375001 0.19 0.875 0.1965384609375 0.8849372390625 0.213846153125 0.8917364015624999 0.22576923125 0.8891213390624999 0.235384615625 0.8791841 0.24923076875 0.840481171875 0.24846153906250001 0.8331589953125 0.235384615625 0.81956066875 0.22999999999999998 0.80700836875 0.2284615390625 0.7892259421875 0.233846153125 0.7578451890625 0.2319230765625 0.75209205 0.219615384375 0.7531380750000001
0 0.2715384609375 0.8247907953125001 0.2715384609375 0.8708159 0.2834615390625 0.8953974890625 0.2976923078125 0.8990585781249999 0.3134615390625 0.8933054390624999 0.3230769234375 0.8781380750000001 0.32923076875 0.848849371875 0.32999999999999996 0.8206066953125 0.32576923125 0.8200836812500001 0.315 0.8315899578125 0.3019230765625 0.8326359828125 0.2915384609375 0.8237447703124999 0.2826923078125 0.80543933125 0.2715384609375 0.8247907953125001
0 0.326153846875 0.8865062765625 0.33423076875 0.9079497906249999 0.373846153125 0.907426778125 0.3784615390625 0.901150628125 0.38076923125 0.8844142265625001 0.38076923125 0.875 0.3765384609375 0.8650627609375 0.3526923078125 0.8692468625 0.34076923125 0.8572175734374999 0.3373076921875 0.8472803343749999 0.33076923125 0.8519874484375001 0.326153846875 0.8718619249999999 0.326153846875 0.8865062765625
0 0.38384615312500003 0.907426778125 0.42846153906250006 0.908472803125 0.43307692343750004 0.903242678125 0.4323076921875 0.8645397484374999 0.41269230781250005 0.8640167359375001 0.404615384375 0.8561715484375 0.398846153125 0.843096234375 0.39269230781250003 0.843096234375 0.39 0.847803346875 0.39 0.86872385 0.3830769234375 0.875 0.38384615312500003 0.907426778125
0 0.3223076921875 0.46495815937499996 0.325384615625 0.4900627609375 0.333846153125 0.5067991625 0.3519230765625 0.525104603125 0.365384615625 0.526673640625 0.3765384609375 0.5219665265625 0.384615384375 0.5120292890625 0.396153846875 0.47646443437499997 0.39384615312500004 0.44508368125000003 0.3823076921875 0.399058578125 0.3773076921875 0.39121338906249997 0.36653846093750003 0.3870292890625 0.341153846875 0.3974895390625 0.3330769234375 0.405334728125 0.3223076921875 0.46495815937499996
0 0.3915384609375 0.43357740624999996 0.40576923125000003 0.4497907953125 0.42230769218750003 0.4534518828125 0.43615384687500003 0.4461297078125 0.4476923078125 0.41684100468749996 0.446153846875 0.40742677812499994 0.42653846093750003 0.3974895390625 0.4176923078125 0.3844142265625 0.4134615390625 0.3629707109375 0.3880769234375 0.3682008375 0.3830769234375 0.37813807499999996 0.3830769234375 0.39696652656250003 0.3915384609375 0.43357740624999996
0 0.20923076875 0.4220711296875 0.21576923125 0.43096234375 0.22000000000000003 0.43043933125 0.263846153125 0.411610878125 0.2615384609375 0.39592050156249997 0.2630769234375 0.367677825 0.259615384375 0.3608786609375 0.24038461562500002 0.3682008375 0.22346153906250002 0.3608786609375 0.20923076875 0.375 0.20384615312499998 0.3896443515625 0.20384615312499998 0.406380753125 0.20923076875 0.4220711296875
0 0.485 0.37656903750000004 0.470384615625 0.39121338906249997 0.446153846875 0.42416317968749995 0.435384615625 0.45031380781249997 0.43307692343750004 0.47855648593750005 0.43692307656249996 0.5005230125 0.45115384687500004 0.5198744765625001 0.47000000000000003 0.524581590625 0.479615384375 0.5219665265625 0.49423076874999994 0.5104602515625001 0.5015384609375 0.5005230125 0.5115384609375 0.475418409375 0.5176923078125 0.44299163124999996 0.515384615625 0.43253138125 0.52 0.4157949796875 0.5115384609375 0.403242678125 0.5034615390625 0.37343096249999996 0.485 0.37656903750000004
0 0.42423076875000004 0.3943514640625 0.431153846875 0.399581590625 0.44846153906249997 0.401150628125 0.46961538437500006 0.39016736406249997 0.48230769218749997 0.373953975 0.465384615625 0.3572175734375 0.46038461562500005 0.3284518828125 0.44423076874999995 0.3315899578125 0.428846153125 0.33995815937499996 0.42000000000000004 0.349895396875 0.415384615625 0.3634937234375 0.416153846875 0.37918409999999997 0.42423076875000004 0.3943514640625
0 0.47153846093749996 0.30700836875 0.4630769234375 0.3237447703125 0.46230769218749995 0.345711296875 0.46769230781250004 0.36140167343749996 0.4819230765625 0.37343096249999996 0.4915384609375 0.373953975 0.5042307687500001 0.3702928875 0.51 0.3634937234375 0.52076923125 0.346757321875 0.5315384609375 0.31851464375 0.534615384375 0.277719665625 0.52576923125 0.2646443515625 0.51423076875 0.2656903765625 0.5011538468750001 0.281380753125 0.485 0.2918410046875 0.47153846093749996 0.30700836875
0 0.45999999999999996 0.274581590625 0.468846153125 0.283472803125 0.49076923125 0.286087865625 0.5076923078125 0.2724895390625 0.514615384375 0.25156903750000004 0.515384615625 0.2390167359375 0.5057692312500001 0.21234309687500003 0.4926923078125 0.20188284531249998 0.478846153125 0.1997907953125 0.46269230781250004 0.21129707187500002 0.454615384375 0.22437238437499998 0.45307692343749995 0.2547071125 0.45999999999999996 0.274581590625
0 0.43076923125000005 0.1657949796875 0.4384615390625 0.1961297078125 0.44653846093749994 0.2060669453125 0.45999999999999996 0.2107740578125 0.4734615390625 0.2008368203125 0.485 0.1976987453125 0.49076923125 0.1773012546875 0.4776923078125 0.1469665265625 0.47846153906250005 0.12290795000000002 0.470384615625 0.1161087859375 0.45807692343750006 0.11715481093749999 0.44192307656249996 0.1317991625 0.43461538437499997 0.1459205015625 0.43076923125000005 0.1657949796875
0 0.4776923078125 0.12813807500000002 0.4776923078125 0.14487447656250002 0.48230769218749997 0.160564853125 0.490384615625 0.1684100421875 0.5019230765625 0.1642259421875 0.5053846156249999 0.1752092046875 0.5107692312500001 0.17625522968750001 0.525 0.161087865625 0.538846153125 0.155857740625 0.543846153125 0.1469665265625 0.545384615625 0.119769875 0.5530769234374999 0.1019874484375 0.550384615625 0.095188284375 0.5180769234375 0.086820084375 0.499615384375 0.093096234375 0.483846153125 0.10930962343749999 0.4776923078125 0.12813807500000002
0 0.45846153906250003 0.029811715625000002 0.45 0.059100418749999994 0.4523076921875 0.0810669453125 0.4619230765625 0.099372384375 0.47923076875000004 0.1072175734375 0.48576923125000004 0.1066945609375 0.4980769234375 0.093096234375 0.5188461531249999 0.0857740578125 0.5476923078125 0.06119246874999999 0.55076923125 0.045502092187499996 0.5434615390624999 0.017782426562500002 0.5242307687500001 0.0031380749999999997 0.5034615390625 0.0010460250000000001 0.47807692343749997 0.0104602515625 0.45846153906250003 0.029811715625000002
0 0.41230769218749996 0.0005230125000000001 0.42653846093750003 0.028242678124999997 0.44923076875 0.033995815624999995 0.45576923125 0.032426778125 0.47576923125 0.011506276562499999 0.5023076921875 0.0005230125000000001 0.41230769218749996 0.0005230125000000001
0 0.57923076875 0.0737447703125 0.5823076921875 0.05596234375 0.5930769234375 0.033995815624999995 0.60576923125 0.021966526562499998 0.6215384609375 0.0162133890625 0.621153846875 0 0.545384615625 0.0005230125000000001 0.545384615625 0.0183054390625 0.5523076921875 0.0434100421875 0.570384615625 0.07008368125 0.57923076875 0.0737447703125
0 0.586153846875 0.0465481171875 0.58076923125 0.06433054375 0.5823076921875 0.09361924687499999 0.5984615390625 0.1124476984375 0.6080769234375001 0.1370292890625 0.6184615390625 0.1375523015625 0.6319230765625 0.1328451890625 0.6484615390624999 0.1145397484375 0.65923076875 0.0810669453125 0.6584615390625 0.059100418749999994 0.6530769234375 0.0402719671875 0.6419230765624999 0.025104603125000003 0.6280769234375 0.0188284515625 0.615 0.0188284515625 0.5996153843750001 0.027196653124999998 0.586153846875 0.0465481171875
0 0.5603846156250001 0.163179915625 0.5734615390625 0.18096234375 0.58076923125 0.18043933125 0.6015384609375001 0.163702928125 0.6023076921875 0.126046025 0.5969230765625 0.11035564843750001 0.5819230765625 0.09414225937500001 0.561153846875 0.095188284375 0.55076923125 0.10617154843750001 0.545384615625 0.1208159 0.546153846875 0.150104603125 0.5480769234375 0.155857740625 0.5603846156250001 0.163179915625
0 0.515384615625 0.1741631796875 0.5084615390625 0.19299163125000002 0.5076923078125 0.21391213437499998 0.515384615625 0.2369246859375 0.5242307687500001 0.25 0.5326923078125 0.25627615000000004 0.546153846875 0.2578451890625 0.56423076875 0.24790795000000002 0.5723076921875 0.2358786609375 0.5769230765625 0.220188284375 0.5769230765625 0.20031380781250002 0.5723076921875 0.18148535625 0.5619230765625 0.16527196718749998 0.548846153125 0.156903765625 0.5380769234375 0.155857740625 0.52576923125 0.161087865625 0.515384615625 0.1741631796875
0 0.57923076875 0.2285564859375 0.585384615625 0.2463389125 0.5996153843750001 0.2625523015625 0.6223076921875 0.2641213390625 0.6334615390625 0.2594142265625 0.6476923078125 0.2369246859375 0.6523076921875 0.219142259375 0.65076923125 0.1992677828125 0.6438461531249999 0.18148535625 0.6265384609375 0.1663179921875 0.6011538468750001 0.1663179921875 0.590384615625 0.17468619218749998 0.57923076875 0.1961297078125 0.57923076875 0.2285564859375
0 0.5415384609375 0.2672594140625 0.5330769234375 0.2902719671875 0.5323076921875 0.30596234375 0.534615384375 0.31956066875 0.5465384609374999 0.342050209375 0.559615384375 0.351464434375 0.576153846875 0.35198744843749996 0.595 0.342050209375 0.603846153125 0.3289748953125 0.6076923078124999 0.31746861875 0.6084615390625 0.2913179921875 0.605384615625 0.276673640625 0.5926923078125 0.257322175 0.585 0.25 0.568846153125 0.24790795000000002 0.55576923125 0.25209205 0.5415384609375 0.2672594140625
0 0.5076923078125 0.3906903765625 0.5130769234375 0.40428870312500004 0.5234615390624999 0.4142259421875 0.534615384375 0.41684100468749996 0.5473076921875 0.412133890625 0.556153846875 0.401150628125 0.5623076921875 0.376046025 0.5576923078125 0.35512552343750003 0.5426923078125 0.341004184375 0.53423076875 0.341004184375 0.520384615625 0.348326359375 0.50923076875 0.3666317984375 0.5069230765625 0.37918409999999997 0.5076923078125 0.3906903765625
0 0.5169230765624999 0.4492677828125 0.5130769234375 0.469142259375 0.514615384375 0.49110878593749996 0.5215384609375 0.5067991625 0.5334615390625 0.5177824265625001 0.55 0.5203974890625 0.56576923125 0.5125523015625 0.5730769234374999 0.5026150625 0.5830769234375001 0.46809623437500003 0.5830769234375001 0.44822175781249995 0.5700000000000001 0.42625522968749996 0.5626923078125 0.40062761562500004 0.5580769234375 0.40062761562500004 0.550384615625 0.411087865625 0.5284615390625 0.4231171546875 0.5169230765624999 0.4492677828125
0 0.573846153125 0.3634937234375 0.5684615390625 0.37813807499999996 0.566153846875 0.408472803125 0.5700000000000001 0.4252092046875 0.5834615390625 0.4456066953125 0.600384615625 0.45397489531249996 0.6115384609375 0.4534518828125 0.628846153125 0.44456066875 0.6384615390625 0.43148535624999995 0.6469230765625 0.411610878125 0.6476923078125 0.3906903765625 0.644615384375 0.375 0.6326923078125 0.3535564859375 0.61576923125 0.342050209375 0.598846153125 0.33995815937499996 0.5826923078124999 0.351464434375 0.573846153125 0.3634937234375
0 0.49000000000000005 0.526673640625 0.483846153125 0.56746861875 0.483846153125 0.5883891218749999 0.49000000000000005 0.6187238500000001 0.49846153906249996 0.6344142265625 0.5080769234375 0.6443514640625 0.5284615390625 0.649058578125 0.545 0.6349372390625 0.5538461531250001 0.6145397484374999 0.556153846875 0.5779288703125001 0.5523076921875 0.5277196656250001 0.548846153125 0.5209205015625 0.5380769234375 0.5209205015625 0.5265384609375 0.5135983265624999 0.509615384375 0.4895397484375 0.494615384375 0.5130753140625 0.49000000000000005 0.526673640625
0 0.5880769234375001 0.5606694562500001 0.604615384375 0.56014644375 0.6115384609375 0.5496861921875 0.615384615625 0.533995815625 0.614615384375 0.5224895390625 0.6030769234375 0.49843096249999996 0.585 0.472803346875 0.5723076921875 0.5047071125 0.5569230765625 0.523535565625 0.5646153843749999 0.5423640171875 0.5765384609375 0.55648535625 0.5880769234375001 0.5606694562500001
0 0.55 0.630230125 0.55076923125 0.6417364015625 0.556153846875 0.659518828125 0.5650000000000001 0.6736401671875 0.578846153125 0.68410041875 0.593846153125 0.68462343125 0.60576923125 0.68096234375 0.6230769234375 0.659518828125 0.6292307687500001 0.6354602515625001 0.6284615390625 0.6134937234375 0.6192307687499999 0.5800209203125 0.6080769234375001 0.5638075312499999 0.5765384609375 0.55962343125 0.5673076921875 0.56694560625 0.5584615390625001 0.5831589953125 0.55 0.630230125
0 0.6123076921874999 0.56642259375 0.6273076921875 0.588912134375 0.644615384375 0.591527196875 0.655 0.5857740578125 0.6623076921875 0.5737447703125 0.664615384375 0.56328451875 0.6630769234375 0.5434100421875 0.6576923078125 0.531903765625 0.64576923125 0.5188284515625 0.6226923078125 0.5209205015625 0.616153846875 0.529811715625 0.6115384609375 0.5507322171875 0.6123076921874999 0.56642259375
0 0.621153846875 0.5188284515625 0.6284615390625 0.5203974890625 0.6434615390625 0.5177824265625001 0.654615384375 0.5026150625 0.6576923078125 0.49110878593749996 0.653846153125 0.46182008437500005 0.6434615390625 0.4476987453125 0.6334615390625 0.44351464375000005 0.6080769234375001 0.45606694531249997 0.6015384609375001 0.47855648593750005 0.6069230765625 0.5057531375 0.621153846875 0.5188284515625
0 0.49384615312499996 0.7306485359375 0.5057692312500001 0.744769875 0.514615384375 0.7473849375 0.539615384375 0.7374476984375 0.5476923078125 0.726464434375 0.5530769234374999 0.7107740578125 0.5584615390625001 0.6689330546875001 0.54576923125 0.6370292890625 0.5265384609375 0.650627615625 0.5065384609375 0.6443514640625 0.49384615312499996 0.6752092046875 0.49076923125 0.69194560625 0.49384615312499996 0.7306485359375
0 0.483846153125 0.7494769875 0.486153846875 0.773535565625 0.49076923125 0.787133890625 0.500384615625 0.7991631796875 0.5123076921874999 0.8028242671875001 0.52576923125 0.7981171546875 0.5376923078125 0.780857740625 0.5430769234375 0.7599372390625 0.5423076921875001 0.7379707109375 0.515 0.74790795 0.508846153125 0.7468619249999999 0.49384615312499996 0.7306485359375 0.49384615312499996 0.7222803343749999 0.490384615625 0.716527196875 0.483846153125 0.7494769875
0 0.5626923078125 0.788702928125 0.5726923078125 0.7960251046875 0.5923076921875 0.7996861921875 0.6034615390625 0.7939330546875001 0.61 0.781903765625 0.61 0.7432008375 0.593846153125 0.68776150625 0.579615384375 0.68514644375 0.561153846875 0.6746861921875 0.5523076921875 0.717050209375 0.5469230765625 0.7296025109375 0.55 0.7567991625 0.5626923078125 0.788702928125
0 0.504615384375 0.8059623437500001 0.5069230765625 0.845711296875 0.515384615625 0.867677825 0.5303846156249999 0.8807531375 0.5415384609375 0.88127615 0.5599999999999999 0.8603556484375 0.5684615390625 0.8289748953125 0.5630769234375 0.80700836875 0.5623076921875 0.7892259421875 0.548846153125 0.7562761499999999 0.5476923078125 0.7630753140625 0.5423076921875001 0.7662133890625 0.5369230765624999 0.782949790625 0.5280769234375 0.7960251046875 0.504615384375 0.8059623437500001
0 0.56923076875 0.880230125 0.5834615390625 0.906903765625 0.6084615390625 0.908472803125 0.62 0.904288703125 0.63 0.8729079499999999 0.6269230765625 0.836297071875 0.62 0.8091004187499999 0.6165384609375 0.80543933125 0.60576923125 0.8232217578125001 0.5873076921875 0.8378661093750001 0.569615384375 0.8305439328125 0.565384615625 0.8509414218750001 0.56923076875 0.880230125
0 0.6276923078125 0.8383891218749999 0.64076923125 0.8781380750000001 0.6588461531250001 0.8964435140625 0.675384615625 0.9001046031250001 0.6869230765625 0.8865062765625 0.6915384609374999 0.8593096234375001 0.6900000000000001 0.842573221875 0.68076923125 0.81328451875 0.675 0.80543933125 0.665 0.8232217578125001 0.6473076921875001 0.8253138078125 0.635 0.8190376562499999 0.6234615390625 0.8043933046875 0.6276923078125 0.8383891218749999
0 0.613846153125 0.7651673640625 0.6207692312499999 0.7975941421875 0.629615384375 0.81276150625 0.6434615390625 0.8242677828125 0.66076923125 0.8237447703124999 0.676153846875 0.8049163187499999 0.67923076875 0.778765690625 0.6730769234375 0.7494769875 0.6599999999999999 0.723326359375 0.6557692312500001 0.721757321875 0.65076923125 0.7421548109375 0.6434615390625 0.7531380750000001 0.6280769234375 0.757322175 0.61576923125 0.7510460250000001 0.613846153125 0.7651673640625
0 0.620384615625 0.7531380750000001 0.636153846875 0.7567991625 0.6434615390625 0.7531380750000001 0.65076923125 0.7421548109375 0.654615384375 0.7107740578125 0.65076923125 0.6971757328125 0.63 0.659518828125 0.62576923125 0.657949790625 0.5976923078125 0.6888075312499999 0.603846153125 0.725418409375 0.61 0.7411087859375 0.620384615625 0.7531380750000001
0 0.6307692312500001 0.656380753125 0.64076923125 0.68148535625 0.649615384375 0.69351464375 0.6673076921875001 0.7050209203125 0.6815384609375 0.7065899578125 0.6880769234375 0.7050209203125 0.7069230765625 0.68357740625 0.7115384609375 0.6657949796875 0.71076923125 0.6385983265624999 0.7 0.6103556484375 0.6865384609375 0.593096234375 0.6619230765624999 0.5774058578125 0.6534615390625 0.587866109375 0.63 0.596757321875 0.6307692312500001 0.656380753125
0 0.7123076921875 0.6793933046875 0.7311538468750001 0.6956066953125 0.743846153125 0.6971757328125 0.759615384375 0.68828451875 0.765384615625 0.6762552296875 0.7669230765624999 0.656380753125 0.7623076921874999 0.6396443515625 0.745 0.6192468625 0.7180769234375 0.6077405859375 0.70423076875 0.6087866109375 0.7015384609375 0.6134937234375 0.7115384609375 0.6427824265625001 0.7123076921875 0.6793933046875
0 0.7096153843749999 0.714435146875 0.7084615390625 0.720188284375 0.71076923125 0.721234309375 0.7096153843749999 0.714435146875
0 0.684615384375 0.8091004187499999 0.698846153125 0.8315899578125 0.723846153125 0.840481171875 0.7376923078125001 0.8258368203125 0.745384615625 0.8017782421874999 0.7423076921875 0.7662133890625 0.736153846875 0.7452928875 0.72423076875 0.7405857734375 0.700384615625 0.7604602515625001 0.6819230765625 0.7541841 0.6776923078125 0.7641213390625 0.6799999999999999 0.7955020921875 0.684615384375 0.8091004187499999
0 0.7688461531249999 0.8274058578125001 0.7853846156250001 0.8279288703125 0.8 0.8111924687500001 0.8030769234375 0.7923640171875 0.8023076921875001 0.780857740625 0.79 0.7452928875 0.7803846156249999 0.75209205 0.758846153125 0.7531380750000001 0.740384615625 0.7437238500000001 0.7384615390625 0.7494769875 0.7484615390625 0.8049163187499999 0.7688461531249999 0.8274058578125001
0 0.7534615390625 0.8776150625 0.774615384375 0.88127615 0.7815384609375 0.873953975 0.7876923078125 0.8593096234375001 0.78923076875 0.846757321875 0.786153846875 0.8289748953125 0.7665384609375 0.8263598328124999 0.7457692312499999 0.80648535625 0.7392307687499999 0.8237447703124999 0.72923076875 0.837343096875 0.733846153125 0.8582635984375001 0.7534615390625 0.8776150625
0 0.7884615390625 0.8603556484375 0.8073076921875 0.8786610874999999 0.8284615390625 0.88127615 0.835384615625 0.875 0.8400000000000001 0.8634937234375 0.8415384609375 0.842573221875 0.834615384375 0.80805439375 0.826153846875 0.7913179921875 0.8188461531250001 0.785564853125 0.8119230765625 0.80648535625 0.8003846156250001 0.81066945625 0.7869230765624999 0.8279288703125 0.7884615390625 0.8603556484375
0 0.836153846875 0.8111924687500001 0.8588461531249999 0.839958159375 0.87423076875 0.8493723843750001 0.8923076921875 0.8519874484375001 0.9065384609375 0.8493723843750001 0.9099999999999999 0.8383891218749999 0.90923076875 0.8049163187499999 0.8980769234375 0.785564853125 0.89423076875 0.7824267781249999 0.875 0.787656903125 0.85576923125 0.7771966531250001 0.849615384375 0.7866108781250001 0.8292307687499999 0.7902719671875 0.836153846875 0.8111924687500001
0 0.82423076875 0.785564853125 0.84076923125 0.788179915625 0.8523076921875001 0.783995815625 0.8569230765625001 0.7693514640625 0.8569230765625001 0.7515690375 0.84923076875 0.7316945609375 0.8396153843749999 0.7175732218750001 0.83923076875 0.7337866109375 0.8334615390625 0.75 0.8080769234374999 0.75209205 0.805384615625 0.7578451890625 0.82423076875 0.785564853125
0 0.8042307687499999 0.7510460250000001 0.816153846875 0.7536610875 0.8311538468749999 0.75209205 0.8376923078124999 0.7421548109375 0.8400000000000001 0.719142259375 0.8330769234375 0.7003138078125 0.8165384609374999 0.6799163187499999 0.8034615390625 0.6893305437499999 0.7834615390625 0.69142259375 0.79 0.720188284375 0.79 0.7400627609375 0.8042307687499999 0.7510460250000001
0 0.7803846156249999 0.68828451875 0.7976923078125 0.68985355625 0.805 0.68828451875 0.81923076875 0.6720711296874999 0.82 0.6448744765625001 0.798846153125 0.6140167359375 0.789615384375 0.6087866109375 0.7734615390624999 0.6077405859375 0.7542307687500001 0.6223849375 0.766153846875 0.650104603125 0.766153846875 0.6773012546875 0.7803846156249999 0.68828451875
0 0.750384615625 0.7322175734374999 0.741153846875 0.7343096234375001 0.7380769234375 0.7311715484375 0.736153846875 0.7369246859375 0.7488461531249999 0.7416317984374999 0.7580769234375 0.7531380750000001 0.7776923078125 0.7526150625 0.7876923078125 0.7432008375 0.78923076875 0.716004184375 0.7830769234375 0.6982217578125 0.765 0.6799163187499999 0.7557692312500001 0.69246861875 0.74076923125 0.6992677828125 0.7426923078125001 0.7060669453124999 0.75076923125 0.7086820078125 0.7530769234375 0.726464434375 0.750384615625 0.7322175734374999
0 0.7869230765624999 0.56746861875 0.7923076921875001 0.596757321875 0.8069230765625001 0.6281380750000001 0.8219230765625 0.6453974890625 0.8326923078125 0.650627615625 0.854615384375 0.651150628125 0.8619230765625 0.6464435140625 0.8715384609375001 0.6291841 0.8738461531249999 0.6155857734375 0.8715384609375001 0.587343096875 0.8442307687499999 0.535564853125 0.8234615390625001 0.526150628125 0.82 0.529811715625 0.8184615390625 0.5444560671875001 0.811153846875 0.55753138125 0.7869230765624999 0.56746861875
0 0.6676923078125 0.7316945609375 0.6765384609375 0.7468619249999999 0.691153846875 0.7583682015625001 0.7030769234375 0.7588912140625 0.7165384609375 0.7437238500000001 0.7276923078124999 0.7379707109375 0.7269230765625 0.712866109375 0.7230769234375 0.6982217578125 0.710384615625 0.6799163187499999 0.699615384375 0.6976987453125 0.6849999999999999 0.7081589953125 0.66423076875 0.7039748953125 0.66076923125 0.7076359828125 0.6676923078125 0.7316945609375
0 0.8215384609375 0.6783472796875001 0.83423076875 0.6893305437499999 0.8515384609375 0.69194560625 0.861153846875 0.68828451875 0.8723076921875 0.6731171546875 0.874615384375 0.650104603125 0.870384615625 0.6380753140625 0.8665384609375 0.6370292890625 0.8619230765625 0.6464435140625 0.8542307687499999 0.651673640625 0.8223076921875 0.649058578125 0.81923076875 0.6720711296874999 0.8215384609375 0.6783472796875001
0 0.8403846156249999 0.711297071875 0.85576923125 0.7196652718750001 0.87076923125 0.719142259375 0.8815384609375 0.711820084375 0.885384615625 0.6982217578125 0.8838461531249999 0.68253138125 0.875 0.6715481171875 0.871153846875 0.6725941421875 0.86576923125 0.68410041875 0.8542307687499999 0.69142259375 0.8292307687499999 0.6888075312499999 0.8292307687499999 0.69403765625 0.8403846156249999 0.711297071875
0 0.871153846875 0.785564853125 0.8838461531249999 0.786087865625 0.89423076875 0.781380753125 0.9015384609374999 0.7651673640625 0.9 0.7411087859375 0.8826923078125001 0.716527196875 0.868846153125 0.720711296875 0.848846153125 0.7196652718750001 0.8469230765625 0.726464434375 0.8576923078125 0.7557531375 0.8569230765625001 0.774581590625 0.871153846875 0.785564853125
0 0.911153846875 0.7531380750000001 0.9334615390625001 0.7656903765624999 0.9576923078125 0.7662133890625 0.966153846875 0.7494769875 0.9669230765625001 0.720188284375 0.9480769234374999 0.69246861875 0.9373076921875001 0.6861924687500001 0.9226923078124999 0.6966527203124999 0.9119230765624999 0.6976987453125 0.8903846156249999 0.6861924687500001 0.8869230765625 0.68985355625 0.8846153843750001 0.713912134375 0.911153846875 0.7531380750000001
0 0.89423076875 0.68828451875 0.91923076875 0.6971757328125 0.9396153843749999 0.68410041875 0.9438461531250001 0.6731171546875 0.9438461531250001 0.659518828125 0.9384615390625 0.6427824265625001 0.900384615625 0.6046025109375 0.875 0.6077405859375 0.8699999999999999 0.6365062765625 0.874615384375 0.649058578125 0.875384615625 0.6689330546875001 0.89423076875 0.68828451875
0 0.9438461531250001 0.6574267781249999 0.945 0.68096234375 0.966153846875 0.68357740625 0.981153846875 0.6799163187499999 0.986153846875 0.6731171546875 0.986153846875 0.650104603125 0.9765384609375 0.6307531375 0.9634615390624999 0.6192468625 0.921153846875 0.595188284375 0.9096153843750001 0.593096234375 0.90076923125 0.6030334734375 0.9376923078124999 0.6406903765624999 0.9438461531250001 0.6574267781249999
0 1 0.7358786609375 0.9942307687499999 0.7311715484375 0.981153846875 0.7395397484374999 0.9688461531250001 0.7405857734375 0.9646153843749999 0.7578451890625 0.9576923078125 0.7672594140625 0.9561538468749999 0.7902719671875 0.979615384375 0.81276150625 1 0.8174686187500001 1 0.7358786609375
0 1 0.5214435140625 0.978846153125 0.5083682015625001 0.9365384609375 0.49895397499999994 0.9369230765625 0.5130753140625 0.9330769234374999 0.5277196656250001 0.925 0.537656903125 0.91076923125 0.5455020921875 0.915384615625 0.5852510453125 0.959615384375 0.6161087859375 0.9823076921875 0.619769875 0.9919230765625 0.6182008375 1 0.6114016734375001 1 0.5214435140625
0 0.845384615625 0.5392259421875 0.8699999999999999 0.5821129703125 0.874615384375 0.6040794984375 0.89 0.6051255234374999 0.8996153843749999 0.6025104609375 0.9115384609375001 0.589435146875 0.914615384375 0.5800209203125 0.913846153125 0.5611924687500001 0.9053846156249999 0.5402719671875 0.8919230765625 0.5230125515624999 0.8834615390625 0.5188284515625 0.8673076921874999 0.531380753125 0.8473076921875 0.534518828125 0.845384615625 0.5392259421875
0 0.8846153843750001 0.5183054390625 0.8957692312500001 0.5230125515624999 0.9080769234374999 0.5407949796875 0.9184615390624999 0.5402719671875 0.929615384375 0.5324267781249999 0.936153846875 0.5162133890625 0.936153846875 0.5067991625 0.9284615390625 0.49110878593749996 0.9269230765625001 0.473326359375 0.9096153843750001 0.4518828453125 0.8826923078125001 0.4476987453125 0.8923076921875 0.4837866109375 0.8915384609375 0.4973849375 0.8846153843750001 0.5183054390625
0 0.793846153125 0.42416317968749995 0.78923076875 0.46182008437500005 0.7984615390625 0.49110878593749996 0.809615384375 0.50209205 0.8211538468749999 0.5219665265625 0.8419230765625001 0.5324267781249999 0.8569230765625001 0.532949790625 0.8780769234375001 0.5230125515624999 0.886153846875 0.5120292890625 0.8915384609375 0.4963389125 0.89076923125 0.475418409375 0.8815384609375 0.44822175781249995 0.8665384609375 0.4278242671875 0.8319230765625001 0.40690376562499997 0.7965384609374999 0.40062761562500004 0.788846153125 0.40376569062499995 0.793846153125 0.42416317968749995
0 0.72 0.600941421875 0.729615384375 0.6119246859375 0.753846153125 0.619769875 0.7688461531249999 0.6108786609375 0.7769230765625 0.593619246875 0.7776923078125 0.5800209203125 0.77076923125 0.55910041875 0.7573076921874999 0.5439330546875001 0.7480769234375 0.5523012546875 0.73423076875 0.55753138125 0.71423076875 0.5502092046875 0.71076923125 0.56537656875 0.72 0.600941421875
0 0.7630769234375 0.523535565625 0.7584615390625 0.5402719671875 0.77576923125 0.55962343125 0.795384615625 0.5643305437499999 0.8080769234374999 0.55962343125 0.8176923078125 0.5455020921875 0.81923076875 0.523535565625 0.815384615625 0.5120292890625 0.79423076875 0.4895397484375 0.770384615625 0.47803347343749997 0.758846153125 0.4801255234375 0.7553846156249999 0.4858786609375 0.7630769234375 0.5015690375 0.7630769234375 0.523535565625
0 0.69423076875 0.496861925 0.6930769234375 0.5026150625 0.7023076921875 0.530857740625 0.71423076875 0.5491631796875 0.7226923078125 0.5543933046875 0.74 0.5549163187499999 0.750384615625 0.5502092046875 0.7576923078125 0.538179915625 0.7623076921874999 0.525627615625 0.7630769234375 0.5047071125 0.7473076921875 0.473849371875 0.7380769234375 0.464435146875 0.7319230765625 0.463389121875 0.721153846875 0.48430962343750006 0.708846153125 0.49476987499999997 0.69423076875 0.496861925
0 0.6869230765625 0.5821129703125 0.6980769234374999 0.5753138078125 0.7030769234375 0.56746861875 0.706153846875 0.5392259421875 0.6900000000000001 0.49843096249999996 0.6626923078125 0.47803347343749997 0.6476923078125 0.5183054390625 0.6630769234375 0.5434100421875 0.663846153125 0.5758368203125 0.67423076875 0.5815899578125 0.6869230765625 0.5821129703125
0 0.664615384375 0.408472803125 0.65923076875 0.4273012546875 0.65923076875 0.4534518828125 0.6676923078125 0.4775104609375 0.6788461531250001 0.4905857734375 0.690384615625 0.49581590000000003 0.704615384375 0.49529288749999995 0.725384615625 0.4775104609375 0.72923076875 0.46495815937499996 0.735384615625 0.4586820078125 0.736153846875 0.43776150625000004 0.73076923125 0.40951882812499996 0.72076923125 0.3875523015625 0.7119230765625 0.3817991625 0.69423076875 0.3807531375 0.6773076921875 0.39016736406249997 0.664615384375 0.408472803125
0 0.736153846875 0.45972803281249996 0.749615384375 0.473849371875 0.7615384609375 0.473326359375 0.7773076921875 0.466527196875 0.7869230765624999 0.45449790781250005 0.7923076921875001 0.43985355625 0.7930769234375 0.42102510468750004 0.7876923078125 0.406380753125 0.7719230765625 0.39016736406249997 0.7426923078125001 0.3922594140625 0.73076923125 0.40428870312500004 0.736153846875 0.43253138125 0.736153846875 0.45972803281249996
0 0.690384615625 0.37552301250000003 0.6980769234374999 0.3797071125 0.713846153125 0.37918409999999997 0.7315384609375 0.3634937234375 0.7376923078125001 0.343619246875 0.736153846875 0.3258368203125 0.7273076921875 0.30753138125 0.71423076875 0.2981171546875 0.69423076875 0.3002092046875 0.6776923078125 0.31956066875 0.674615384375 0.3352510453125 0.676153846875 0.35303347343749997 0.690384615625 0.37552301250000003
0 0.72923076875 0.3844142265625 0.7373076921874999 0.39121338906249997 0.7446153843750001 0.3906903765625 0.7765384609375 0.3880753140625 0.784615384375 0.373953975 0.7869230765624999 0.36140167343749996 0.784615384375 0.35198744843749996 0.771153846875 0.337866109375 0.759615384375 0.3315899578125 0.7473076921875 0.3305439328125 0.739615384375 0.3357740578125 0.72923076875 0.36872384999999996 0.72923076875 0.3844142265625
0 0.7161538468749999 0.2944560671875 0.7315384609375 0.31223849375 0.7380769234375 0.3253138078125 0.765384615625 0.3310669453125 0.7873076921875 0.31694560625 0.794615384375 0.3038702921875 0.79923076875 0.279811715625 0.7969230765625 0.26516736406249997 0.7930769234375 0.2536610875 0.77576923125 0.23535564843749998 0.7534615390625 0.2301255234375 0.73423076875 0.2311715484375 0.73 0.2672594140625 0.7161538468749999 0.2944560671875
0 0.6530769234375 0.218096234375 0.6438461531249999 0.2463389125 0.633846153125 0.2620292890625 0.6357692312500001 0.2677824265625 0.6473076921875001 0.26987447656249997 0.661153846875 0.279288703125 0.67576923125 0.3023012546875 0.684615384375 0.3038702921875 0.7119230765625 0.2960251046875 0.7261538468750001 0.277719665625 0.73076923125 0.2620292890625 0.7323076921875 0.24006276093749998 0.73 0.2296025109375 0.721153846875 0.213389121875 0.7073076921875 0.2008368203125 0.680384615625 0.20188284531249998 0.6580769234375 0.21234309687500003 0.6530769234375 0.218096234375
0 0.60923076875 0.3226987453125 0.613846153125 0.337343096875 0.639615384375 0.35983263593750003 0.65076923125 0.3593096234375 0.6634615390625 0.3525104609375 0.6723076921875 0.339435146875 0.676153846875 0.32165272031250003 0.673846153125 0.3007322171875 0.66423076875 0.283472803125 0.6519230765625 0.27301255156250004 0.6419230765624999 0.26987447656249997 0.6234615390625 0.27301255156250004 0.60923076875 0.2892259421875 0.60923076875 0.3226987453125
0 0.633846153125 0.1365062765625 0.6269230765625 0.156380753125 0.6284615390625 0.1657949796875 0.6373076921874999 0.1725941421875 0.6526923078125 0.19874477031249999 0.6619230765624999 0.20502092031250002 0.67 0.2044979078125 0.6980769234374999 0.1956066953125 0.70923076875 0.1752092046875 0.713846153125 0.157426778125 0.7130769234375001 0.1375523015625 0.7076923078124999 0.12290795000000002 0.699615384375 0.1129707109375 0.68576923125 0.10460251093749999 0.669615384375 0.10460251093749999 0.6488461531249999 0.11506276093750001 0.633846153125 0.1365062765625
0 0.6576923078125 0.09152719687500001 0.6619230765624999 0.10564853593750001 0.68423076875 0.1035564859375 0.7019230765625 0.11506276093750001 0.7069230765625 0.1145397484375 0.7130769234375001 0.1051255234375 0.7161538468749999 0.09152719687500001 0.715384615625 0.06956066875 0.7073076921875 0.053347279687500006 0.698846153125 0.0460251046875 0.6873076921875 0.0449790796875 0.6734615390625 0.0512552296875 0.663846153125 0.06223849375 0.6599999999999999 0.0706066953125 0.6576923078125 0.09152719687500001
0 0.6630769234375 0.06119246874999999 0.675 0.0491631796875 0.691153846875 0.0428870296875 0.6961538468749999 0.036087865625 0.7015384609375 0.0183054390625 0.701153846875 0 0.6269230765625 0.0005230125000000001 0.6261538468750001 0.0162133890625 0.6473076921875001 0.031380753125 0.6584615390625 0.05700836875 0.6630769234375 0.06119246874999999
0 0.7380769234375 0.05648535624999999 0.760384615625 0.0418410046875 0.7730769234375 0.0214435140625 0.7769230765625 0.0005230125000000001 0.7019230765625 0 0.70076923125 0.0224895390625 0.695384615625 0.0413179921875 0.71423076875 0.06171548125 0.7230769234375 0.06119246874999999 0.7380769234375 0.05648535624999999
0 0.715384615625 0.1019874484375 0.7184615390625 0.1030334734375 0.73576923125 0.098326359375 0.7734615390624999 0.099372384375 0.7815384609375 0.08943514687500001 0.7838461531250001 0.059100418749999994 0.7726923078125 0.0449790796875 0.76423076875 0.0439330546875 0.7311538468750001 0.060669456249999996 0.7234615390625 0.06589958125 0.7176923078125 0.0758368203125 0.715384615625 0.1019874484375
0 0.7069230765625 0.11767782499999999 0.713846153125 0.1396443515625 0.713846153125 0.161610878125 0.705384615625 0.19299163125000002 0.729615384375 0.22071129687500002 0.7442307687499999 0.22803347343749997 0.765384615625 0.2296025109375 0.779615384375 0.223849371875 0.804615384375 0.1992677828125 0.8107692312499999 0.18043933125 0.8123076921875001 0.161610878125 0.8038461531250001 0.12709204999999998 0.7926923078125 0.1119246859375 0.7726923078125 0.101464434375 0.7442307687499999 0.098326359375 0.7150000000000001 0.10460251093749999 0.7069230765625 0.11767782499999999
0 0.77923076875 0.09571129687499999 0.778846153125 0.1025104609375 0.7919230765624999 0.10983263593749999 0.8023076921875001 0.12290795000000002 0.8123076921875001 0.157426778125 0.8115384609375 0.1773012546875 0.816153846875 0.1793933046875 0.8473076921875 0.160041840625 0.863846153125 0.1333682015625 0.8676923078125001 0.1134937234375 0.8661538468750001 0.088389121875 0.85923076875 0.0716527203125 0.8465384609375001 0.059623431250000004 0.8234615390625001 0.05753138125 0.8080769234374999 0.06171548125 0.7865384609375 0.0805439328125 0.77923076875 0.09571129687499999
0 0.8076923078125 0.2296025109375 0.8169230765625001 0.23064853593749998 0.8719230765624999 0.22803347343749997 0.8838461531249999 0.212866109375 0.8884615390624999 0.1982217578125 0.886153846875 0.1793933046875 0.8780769234375001 0.1663179921875 0.871153846875 0.162133890625 0.8526923078124999 0.160041840625 0.8126923078124999 0.18305439375000002 0.8030769234375 0.2044979078125 0.8076923078125 0.2296025109375
0 0.79923076875 0.274581590625 0.793846153125 0.31433054375 0.8065384609375 0.3211297078125 0.8273076921875001 0.3232217578125 0.845 0.3347280328125 0.855384615625 0.3352510453125 0.881153846875 0.3326359828125 0.8992307687500001 0.31014644375 0.9061538468749999 0.288179915625 0.9053846156249999 0.2714435140625 0.9 0.2536610875 0.889615384375 0.2416317984375 0.868846153125 0.22907949843750003 0.808846153125 0.2332635984375 0.793846153125 0.25156903750000004 0.79923076875 0.274581590625
0 0.8980769234375 0.248953975 0.903846153125 0.2630753140625 0.9069230765625 0.28504184062500004 0.9 0.31014644375 0.919615384375 0.31694560625 0.94076923125 0.31642259375 0.9526923078125 0.31171548125 0.9684615390625 0.2965481171875 0.9692307687499999 0.28190376562499997 0.9615384609375001 0.2536610875 0.9480769234374999 0.2364016734375 0.9319230765625001 0.225941421875 0.90423076875 0.216527196875 0.8834615390625 0.215481171875 0.8730769234375 0.2296025109375 0.8980769234375 0.248953975
0 0.7853846156250001 0.37918409999999997 0.79423076875 0.3943514640625 0.8042307687499999 0.401673640625 0.8230769234374999 0.403242678125 0.835 0.398535565625 0.8469230765625 0.382322175 0.85 0.37081590000000003 0.8476923078124999 0.34780334687500003 0.8365384609375001 0.3294979078125 0.8280769234375001 0.3242677828125 0.7926923078125 0.32008368125 0.7838461531250001 0.34466527187499996 0.7869230765624999 0.3572175734375 0.7853846156250001 0.37918409999999997
0 0.8984615390625 0.4157949796875 0.8969230765624999 0.3865062765625 0.8734615390625 0.3702928875 0.8526923078124999 0.3723849375 0.83076923125 0.405334728125 0.86576923125 0.42677824218750005 0.8800000000000001 0.43985355625 0.88576923125 0.43619246875 0.8984615390625 0.4157949796875
0 0.8807692312500001 0.44299163124999996 0.88423076875 0.4476987453125 0.9026923078125 0.44874477031250004 0.9134615390624999 0.45397489531249996 0.9276923078125 0.47437238437499996 0.9292307687499999 0.4900627609375 0.936153846875 0.4900627609375 0.9519230765625 0.4801255234375 0.9669230765625001 0.45972803281249996 0.9676923078125 0.44403765625 0.9607692312499999 0.4231171546875 0.951153846875 0.40690376562499997 0.9373076921875001 0.3964435140625 0.9219230765624999 0.3922594140625 0.9026923078125 0.401673640625 0.8976923078124999 0.41893305468750003 0.8807692312500001 0.44299163124999996
0 1 0.42102510468750004 0.961153846875 0.42050209218749995 0.9684615390625 0.44299163124999996 0.9684615390625 0.4586820078125 0.9526923078125 0.4801255234375 0.9384615390625 0.4921548109375 0.941153846875 0.496861925 0.980384615625 0.5083682015625001 1 0.5183054390625 1 0.42102510468750004
0 0.89423076875 0.3294979078125 0.934615384375 0.367677825 0.93 0.3906903765625 0.9469230765625 0.40010460312499996 0.978846153125 0.39016736406249997 0.9838461531249999 0.3844142265625 0.985384615625 0.367677825 0.9769230765625 0.34466527187499996 0.9650000000000001 0.3305439328125 0.9396153843749999 0.31799163125 0.8973076921875001 0.31589958125 0.8926923078125 0.32008368125 0.8915384609375 0.3258368203125 0.89423076875 0.3294979078125
0 1 0.26516736406249997 0.9673076921874999 0.26046025156249997 0.9653846156249999 0.2630753140625 0.97 0.282949790625 0.9676923078125 0.3007322171875 0.945384615625 0.31746861875 0.9719230765625 0.336820084375 0.9865384609375001 0.36610878593749996 1 0.367677825 1 0.26516736406249997
0 1 0.18776150625000002 0.9949999999999999 0.18200836874999998 0.971153846875 0.1725941421875 0.9526923078125 0.1997907953125 0.9215384609375 0.219142259375 0.948846153125 0.2364016734375 0.96576923125 0.2594142265625 0.9792307687499999 0.2599372390625 1 0.24320083750000002 1 0.18776150625000002
0 0.8515384609375 0.158472803125 0.8719230765624999 0.162133890625 0.8830769234375 0.1731171546875 0.8884615390624999 0.18880753125 0.886153846875 0.2055439328125 0.8880769234375 0.21234309687500003 0.91923076875 0.21705020937500002 0.9334615390625001 0.213389121875 0.948846153125 0.2029288703125 0.9615384609375001 0.18776150625000002 0.973846153125 0.157426778125 0.9684615390625 0.1396443515625 0.9534615390625 0.11820083749999999 0.9396153843749999 0.1129707109375 0.9065384609375 0.11401673593749999 0.8665384609375 0.1317991625 0.8515384609375 0.158472803125
0 0.9503846156250001 0.11715481093749999 0.9730769234375 0.1427824265625 0.9730769234375 0.12709204999999998 0.960384615625 0.10460251093749999 0.9457692312500001 0.092050209375 0.9288461531250001 0.0857740578125 0.9057692312500001 0.08472803281249999 0.8980769234375 0.098326359375 0.875384615625 0.12290795000000002 0.90423076875 0.11506276093750001 0.938846153125 0.1129707109375 0.9503846156250001 0.11715481093749999
0 0.85576923125 0.06589958125 0.863846153125 0.0800209203125 0.8676923078125001 0.09884937187500001 0.8661538468750001 0.12813807500000002 0.8684615390625 0.12813807500000002 0.8803846156249999 0.1202928875 0.9023076921875001 0.09152719687500001 0.904615384375 0.06119246874999999 0.89423076875 0.0428870296875 0.8826923078125001 0.036610878125 0.8596153843750001 0.033472803125 0.84576923125 0.037656903125 0.83923076875 0.0434100421875 0.8376923078124999 0.0538702921875 0.85576923125 0.06589958125
0 0.84576923125 0 0.8300000000000001 0.0130753140625 0.8403846156249999 0.033472803125 0.8434615390625 0.034518828125 0.8473076921875 0.027196653124999998 0.8534615390625 0.034518828125 0.875 0.033472803125 0.8992307687500001 0.0465481171875 0.913846153125 0.026673640625 0.9165384609375 0 0.84576923125 0
0 0.7853846156250001 0.0789748953125 0.8073076921875 0.06171548125 0.8357692312499999 0.0543933046875 0.83923076875 0.042364017187500005 0.836153846875 0.024581590625 0.820384615625 0.012552301562500002 0.8080769234374999 0.013598326562499999 0.7765384609375 0.036610878125 0.7738461531249999 0.0444560671875 0.7853846156250001 0.06328451874999999 0.7853846156250001 0.0789748953125
0 0.31461538437500003 0.720188284375 0.31384615312499997 0.7463389125 0.31923076875 0.7651673640625 0.331153846875 0.779288703125 0.3469230765625 0.782949790625 0.361153846875 0.7771966531250001 0.37423076875 0.7635983265624999 0.38 0.7536610875 0.386153846875 0.7306485359375 0.385384615625 0.725418409375 0.36923076875 0.7055439328124999 0.3619230765625 0.6705020921875 0.340384615625 0.68828451875 0.32576923125 0.69246861875 0.31461538437500003 0.720188284375
0 0.25538461562500003 0.713912134375 0.2630769234375 0.7337866109375 0.27576923125 0.7395397484374999 0.2884615390625 0.7390167359375 0.30961538437499997 0.723849371875 0.32076923125 0.6982217578125 0.319615384375 0.69142259375 0.30653846093750003 0.68305439375 0.29923076875 0.6720711296874999 0.291153846875 0.648535565625 0.270384615625 0.6705020921875 0.2565384609375 0.6757322171875 0.253846153125 0.68776150625 0.25538461562500003 0.713912134375