0 0.8698224859374999 0.43841642187499996 0.8658777125 0.450146628125 0.8560157796875 0.44428152499999995 0.8471400390625 0.34604105625 0.8145956609375 0.4061583578125 0.830374753125 0.453079178125 0.8441814593749999 0.5586510265625 0.8560157796875 0.6906158359375001 0.85009861875 0.758064515625 0.893491125 0.825513196875 0.9329388562500001 0.978005865625 0.9526627218750001 1 0.9211045359375 0.9046920828125 0.9151873765625 0.8137829906249999 0.9250493093750001 0.7287390031250001 0.893491125 0.5117302046875001 0.8737672578125 0.453079178125 0.8717948718749999 0.353372434375 0.8629191328125 0.313782990625 0.8560157796875 0.3563049859375 0.8619329390624999 0.4266862171875 0.8698224859374999 0.43841642187499996
0 0.75739645 0.6290322578125 0.7672583828125 0.6642228734375 0.7810650890625 0.67888563125 0.7810650890625 0.7199413484375 0.8126232734375 0.7815249265624999 0.8224852078125 0.9076246328125 0.8224852078125 0.81964809375 0.830374753125 0.784457478125 0.8520710062499999 0.7492668625000001 0.8560157796875 0.6935483875 0.830374753125 0.4618768328125 0.8017751484375 0.3988269796875 0.7781065093749999 0.38709677343750004 0.763313609375 0.4002932546875 0.7554240625 0.4618768328125 0.75739645 0.6290322578125
0 0.8224852078125 0.130498534375 0.783037475 0.256598240625 0.76741025625 0.27983284531249997 0.76923076875 0.230205278125 0.75739645 0.22140762500000002 0.749506903125 0.3563049859375 0.7130177515625 0.3577712609375 0.682445759375 0.397360703125 0.7001972390625 0.6348973609375 0.7228796843749999 0.6715542515624999 0.7672583828125 0.6906158359375001 0.7652859953125 0.6554252203125001 0.7435897437500001 0.61143695 0.7613412234375 0.382697946875 0.7790927015625 0.37390029375 0.8145956609375 0.28299120312500003 0.8343195265625001 0.1979472140625 0.8353057203124999 0.161290321875 0.79881656875 0.2888563046875 0.7771203156250001 0.33284457500000003 0.8333333328125001 0.1202346046875 0.8224852078125 0.130498534375
0 0.627218934375 0.3152492671875 0.6114398421875 0.36510263906249996 0.60749506875 0.479472140625 0.6331360953125 0.7287390031250001 0.6548323468749999 0.7961876828125 0.7041420125 0.866568915625 0.7317554234375 0.978005865625 0.7140039453125 0.8489736078125001 0.7199211046875 0.7463343109375 0.694280078125 0.602639296875 0.682445759375 0.41202346093750003 0.6686390531249999 0.33870967812499997 0.6528599609375 0.312316715625 0.6528599609375 0.2800586515625 0.6321499015625001 0.278592375 0.6232741625 0.28299120312500003 0.627218934375 0.3152492671875
0 0.5581854046875 0.09824046875 0.55424063125 0.0835777125 0.5680473375 0.0102639296875 0.560157790625 0.0102639296875 0.5493096640624999 0.0439882703125 0.5453648921875 0.023460410937500002 0.5305719921875001 0.0190615828125 0.5345167656250001 0.0043988265625 0.521696253125 0.0029325515625 0.5 0.04105571875 0.48816568125000004 0.0322580640625 0.48619329375 0.046920821875000004 0.4773175546875 0.007331378125 0.45463510781250005 0 0.4497041421875 0.0601173015625 0.42998027656250004 0.1011730203125 0.42998027656250004 0.1275659828125 0.451676528125 0.189149559375 0.43984220937499996 0.3504398828125 0.4418145953125 0.5293255125 0.4694280078125 0.6964809390625 0.506903353125 0.7697947218750001 0.5266272187500001 0.8870967734375 0.5424063109375 0.9193548390625 0.5364891515625 0.840175953125 0.5483234718750001 0.7873900296875 0.55424063125 0.646627565625 0.520710059375 0.3357771265625 0.4773175546875 0.1774193546875 0.49013806718749997 0.2052785921875 0.52859960625 0.18035190625 0.5502958578125 0.130498534375 0.5443786984375001 0.118768328125 0.5581854046875 0.09824046875
0 0.4349112421875 0.2756598234375 0.440828403125 0.29618768281249996 0.4418145953125 0.2771261 0.4368836296875 0.26099706718750004 0.411242603125 0.26392961875 0.399408284375 0.2492668625 0.383629190625 0.2551319640625 0.3668639046875 0.28299120312500003 0.3668639046875 0.3152492671875 0.383629190625 0.3020527859375 0.39250493125 0.32111436875 0.3806706109375 0.3357771265625 0.378698225 0.37390029375 0.4102564109375 0.4736070375 0.4102564109375 0.5791788859375 0.3964497046875 0.667155425 0.3629191328125 0.7228739 0.358974359375 0.7551319640624999 0.36489151875000003 0.8988269796875 0.3944773171875 0.9046920828125 0.41814595624999995 0.8577712609375 0.453648915625 0.7111436953125 0.465483234375 0.6906158359375001 0.4615384609375 0.6642228734375 0.451676528125 0.658357771875 0.453648915625 0.61143695 0.4418145953125 0.5381231671875 0.43984220937499996 0.32111436875 0.4063116375 0.3152492671875 0.4349112421875 0.2756598234375
0 0.39053254375 0.1568914953125 0.384615384375 0.133431084375 0.40927021718749995 0.1202346046875 0.41321499062499994 0.10557184687500001 0.42011834375 0.1129032265625 0.4151873765625 0.07038123125 0.411242603125 0.0791788859375 0.4033530578125 0.07331378281249999 0.3816568046875 0.117302053125 0.37376725781250003 0.0997067453125 0.3560157796875 0.1290322578125 0.343195265625 0.11583577656249999 0.33925049375 0.089442815625 0.34911242656249997 0.033724340625 0.3875739640625 0.0175953078125 0.39250493125 0.007331378125 0.383629190625 0.0029325515625 0.3353057203125 0.0043988265625 0.3155818546875 0.12463343125 0.2928994078125 0.20821114375 0.2879684421875 0.15395894375000002 0.297830375 0.145161290625 0.2958579875 0.12463343125 0.2859960546875 0.1275659828125 0.2800788953125 0.06891495625 0.289940828125 0.0659824046875 0.28402366875 0.048387096875 0.297830375 0.0366568921875 0.2751479296875 0.0381231671875 0.2682445765625 0.007331378125 0.25838264375 0.001466275 0.2800788953125 0.23313782968750002 0.2682445765625 0.38856305 0.2751479296875 0.40469208281249996 0.29980276093749997 0.41202346093750003 0.305719921875 0.5293255125 0.2958579875 0.76392961875 0.2879684421875 0.799120234375 0.262327415625 0.8343108499999999 0.2682445765625 0.8431085046875 0.29881656875 0.812316715625 0.3806706109375 0.6935483875 0.40433925000000004 0.62609970625 0.4102564109375 0.5175953078125 0.39053254375 0.41202346093750003 0.35404339218750003 0.34604105625 0.3333333328125 0.3445747796875 0.384615384375 0.189149559375 0.3826429984375 0.1686217015625 0.39053254375 0.1568914953125
0 0.21696252500000002 0.48240469218750004 0.2248520703125 0.5791788859375 0.20118343125 0.70821114375 0.20118343125 0.7551319640624999 0.208086784375 0.7683284453125 0.2209072984375 0.7668621703125 0.24161735625 0.7595307921875001 0.2721893484375 0.6994134890625 0.30177514843750003 0.5762463343750001 0.2938856015625 0.4413489734375 0.2879684421875 0.4208211140625 0.262327415625 0.3914956015625 0.2396449703125 0.299120234375 0.2248520703125 0.3152492671875 0.2189349109375 0.34750733125 0.21696252500000002 0.48240469218750004
0 0.16074950625 0.3988269796875 0.14792899375 0.41788856250000006 0.1301775140625 0.49706744843750006 0.1341222875 0.555718475 0.1242603546875 0.6348973609375 0.1242603546875 0.76392961875 0.1439842203125 0.854838709375 0.1400394484375 0.9398826984375 0.1459566078125 0.94281525 0.1518737671875 0.8812316718750001 0.1597633140625 0.854838709375 0.181459565625 0.8284457484375001 0.1893491125 0.79032258125 0.19329388593750002 0.6612903218749999 0.20512820468749998 0.5938416421875 0.21104536562499998 0.43255132031250004 0.20315581875 0.4061583578125 0.18836291875 0.3929618765625 0.16074950625 0.3988269796875
0 0.0769230765625 0.895894428125 0.06706114375 0.9633431078125 0.0571992109375 0.9692082109375001 0.06903353125 0.9721407624999999 0.088757396875 0.922287390625 0.1380670609375 0.8519061578124999 0.12228796875 0.7287390031250001 0.1321499015625 0.5645161296875 0.1252465484375 0.4838709671875 0.0966469421875 0.5117302046875001 0.06706114375 0.5997067453125 0.059171596874999996 0.65249266875 0.0631163703125 0.8431085046875 0.0769230765625 0.895894428125
0 0.22879684375 1 0.2268244578125 0.87536656875 0.2445759375 0.7609970671874999 0.208086784375 0.7683284453125 0.1992110453125 0.7492668625000001 0.20315581875 0.6906158359375001 0.2189349109375 0.6348973609375 0.21992110468749998 0.5865102640625001 0.19723865937500001 0.6436950140625 0.1854043390625 0.8137829906249999 0.1794871796875 0.8343108499999999 0.16173569999999998 0.8519061578124999 0.153846153125 0.895894428125 0.1725838265625 1 0.22879684375 1
0 0.55424063125 0.6436950140625 0.546351084375 0.799120234375 0.5384615390625 0.81964809375 0.5483234718750001 0.8284457484375001 0.56607495 0.758064515625 0.575936884375 0.6436950140625 0.5996055234375001 0.5586510265625 0.601577909375 0.49706744843750006 0.5917159765625 0.43255132031250004 0.560157790625 0.3445747796875 0.525641025 0.32844574843749996 0.520710059375 0.3445747796875 0.52859960625 0.44428152499999995 0.55424063125 0.6436950140625