0 0.31640625 0.59140625 0.3921875 0.3765625
0 0.625 0.57265625 0.33125 0.6203125
0 0.52421875 0.85625 0.359375 0.2875
0 0.22890625 0.14140625 0.3578125 0.2828125
0 0.12421875 0.5875 0.2328125 0.475
0 0.20390625 0.88984375 0.3921875 0.21875
0 0.11484375 0.2 0.2125 0.3375
0 0.42734375 0.2953125 0.3359375 0.3203125
0 0.62890625 0.1484375 0.271875 0.296875
0 0.8609375 0.17734375 0.25625 0.3546875
0 0.90078125 0.5140625 0.1984375 0.353125
0 0.87109375 0.821875 0.25625 0.353125
0 0.32972972968750003 0.7874396140625 0.364864865625 0.77536231875 0.435135134375 0.727053140625 0.485135134375 0.6763285031249999 0.5108108109375 0.6352656999999999 0.5081081078125 0.586956521875 0.47837837812500006 0.46376811562500003 0.409459459375 0.4251207734375 0.325675675 0.417874396875 0.275675675 0.4251207734375 0.221621621875 0.45169082187500004 0.1864864859375 0.4830917875 0.1554054046875 0.5314009656249999 0.1459459453125 0.553140096875 0.1391891890625 0.6159420296875 0.1459459453125 0.6956521734375001 0.16216216249999998 0.7367149765625001 0.1864864859375 0.7632850234374999 0.2364864859375 0.789855071875 0.32972972968750003 0.7874396140625
0 0.70675675625 0.8671497578125 0.724324325 0.8526570046874999 0.7554054046875 0.7850241546875 0.7621621625 0.74154589375 0.7621621625 0.6159420296875 0.7418918921875 0.5265700484375 0.7040540546875 0.43236715 0.6391891890625 0.32608695625 0.5959459453125 0.2850241546875 0.5391891890625 0.272946859375 0.509459459375 0.2826086953125 0.47972972968749994 0.306763284375 0.46486486562499996 0.328502415625 0.46081081093750004 0.3526570046875 0.46351351406249997 0.396135265625 0.47972972968749994 0.48067632812500005 0.528378378125 0.693236715625 0.5635135140624999 0.7801932359375 0.6054054046874999 0.8381642515625 0.6770270265625 0.8719806765625 0.70675675625 0.8671497578125
0 0.6081081078125 1 0.666216215625 0.968599034375 0.6878378374999999 0.9396135265625001 0.6918918921875 0.9009661828125 0.6864864859375001 0.8719806765625 0.6270270265625 0.8478260875 0.5945945953125 0.8236714968750001 0.533783784375 0.727053140625 0.46351351406249997 0.7198067640625 0.43108108125 0.7294685984375 0.38108108125 0.760869565625 0.366216215625 0.77536231875 0.35270270312499996 0.8140096625 0.3486486484375 0.8647343 0.35270270312499996 0.9251207734375001 0.364864865625 0.968599034375 0.3824324328125 1 0.6081081078125 1
0 0.085135134375 0 0.07027027031250001 0.0289855078125 0.05675675625 0.0845410625 0.05540540468750001 0.1280193234375 0.0608108109375 0.1497584546875 0.0797297296875 0.1811594203125 0.1121621625 0.21256038593749998 0.2121621625 0.2705314015625 0.26891891874999996 0.27777777812500004 0.333783784375 0.25845410625 0.375675675 0.21256038593749998 0.3959459453125 0.154589371875 0.39729729687500004 0.07971014531250001 0.3891891890625 0.03864734375 0.3729729734375 0 0.085135134375 0
0 0.9702702703125 0.272946859375 0.9702702703125 0.21256038593749998 0.9567567562500001 0.1521739125 0.9297297296875 0.0942028984375 0.8864864859375 0.045893720312500004 0.8229729734375001 0.0048309171875000004 0.7567567562499999 0 0.752702703125 0.019323671875 0.752702703125 0.14492753593750002 0.7310810812499999 0.2173913046875 0.70675675625 0.26328502343750004 0.716216215625 0.2850241546875 0.7554054046875 0.3212560390625 0.78108108125 0.3333333328125 0.9216216218750001 0.3574879234375 0.9391891890625 0.35024154531249996 0.9608108109375 0.3188405796875 0.9702702703125 0.272946859375
0 0.997297296875 0.42028985468749996 0.9743243250000001 0.3888888890625 0.9351351343750001 0.362318840625 0.8824324328125 0.3550724640625 0.835135134375 0.3743961359375 0.816216215625 0.398550725 0.7959459453125 0.46618357499999996 0.7945945953125 0.5120772953125 0.8216216218750001 0.5603864734374999 0.88108108125 0.6352656999999999 0.9121621624999999 0.6473429953125 0.9418918921874999 0.6231884062499999 0.9702702703125 0.6207729468750001 1 0.6352656999999999 0.997297296875 0.42028985468749996
0 0.1540540546875 0.79227053125 0.024324325 1 0.359459459375 0.997584540625 0.3635135140625 0.9806763281249999 0.3513513515625 0.9154589375000001 0.35 0.845410628125 0.3608108109375 0.777777778125 0.2513513515625 0.789855071875 0.2 0.7657004828125 0.18108108125 0.7657004828125 0.1540540546875 0.79227053125