0 0.47265625 0.57421875 0.0671875 0.1875
0 0.43359375 0.75 0.0546875 0.1
0 0.3265625 0.665625 0.06875 0.14375
0 0.35234375 0.603125 0.0625 0.0953125
0 0.3984375 0.5921875 0.05625 0.0953125
0 0.61484375 0.53359375 0.075 0.1734375
0 0.63671875 0.6203125 0.0578125 0.1359375
0 0.66953125 0.4734375 0.0703125 0.146875
0 0.73515625 0.34921875 0.0828125 0.1484375
0 0.7859375 0.246875 0.078125 0.1328125
0 0.33671875 0.39296875 0.090625 0.153125
0 0.40859375 0.3921875 0.0765625 0.1734375
0 0.4296875 0.48046875 0.103125 0.178125
0 0.1953125 0.61953125 0.06875 0.1453125
0 0.23671875 0.22109375 0.0828125 0.1421875