0 0.2953125 0.16640625 0.3625 0.2234375
0 0.31484375 0.41328125 0.2640625 0.290625
0 0.58359375 0.3078125 0.3015625 0.25
0 0.54765625 0.6984375 0.709375 0.28125
0 0.5078125 0.85390625 0.475 0.2421875
0 0.28671875 0.90390625 0.4265625 0.1921875
0 0.696875 0.4609375 0.3734375 0.2859375
0 0.821875 0.27421875 0.2046875 0.1328125
0 0.5453125 0.15703125 0.3375 0.1234375
0 0.2323333328125 0.6639999999999999 0.23766666718749999 0.6715 0.24500000000000002 0.6765 0.2513333328125 0.68425 0.258 0.68825 0.2686666671875 0.697 0.28300000000000003 0.70375 0.29100000000000004 0.70925 0.3093333328125 0.71775 0.3156666671875 0.722 0.3353333328125 0.73075 0.3426666671875 0.73575 0.3603333328125 0.7434999999999999 0.3693333328125 0.7495 0.38366666718750003 0.75575 0.391 0.7605000000000001 0.41 0.76775 0.4233333328125 0.7755 0.449 0.787 0.4846666671875 0.79625 0.5063333328125 0.8039999999999999 0.5203333328124999 0.81175 0.5456666671875 0.82 0.5599999999999999 0.82675 0.5953333328125 0.83675 0.6323333328125 0.842 0.6613333328125 0.8442500000000001 0.6963333328125 0.8435 0.733 0.8400000000000001 0.772 0.82725 0.7873333328125 0.82 0.8026666671875 0.8145 0.8296666671875 0.8007500000000001 0.8443333328125 0.79 0.8553333328124999 0.778 0.861 0.77 0.8703333328125 0.7505 0.8720000000000001 0.7434999999999999 0.8723333328124999 0.7325 0.8703333328125 0.7215 0.8643333328124999 0.7070000000000001 0.8463333328125 0.6835 0.8156666671874999 0.65675 0.796 0.64425 0.7613333328125 0.62675 0.727 0.614 0.6976666671875 0.605 0.6413333328124999 0.5965 0.6143333328125 0.5894999999999999 0.571 0.58575 0.5416666671875 0.58 0.509 0.57725 0.46733333281249995 0.576 0.3906666671875 0.57725 0.354 0.5795 0.2803333328125 0.58975 0.2443333328125 0.5962500000000001 0.2366666671875 0.60275 0.22433333281249998 0.60875 0.223 0.61075 0.22000000000000003 0.6245 0.22000000000000003 0.64675 0.227 0.659 0.2323333328125 0.6639999999999999
0 0.172 0.42675 0.172 0.44375 0.17333333281250002 0.45175 0.1823333328125 0.48200000000000004 0.1873333328125 0.4955 0.19766666718749998 0.50875 0.2133333328125 0.522 0.2363333328125 0.5347500000000001 0.2706666671875 0.5467500000000001 0.2836666671875 0.54925 0.304 0.5515 0.3173333328125 0.5515 0.3556666671875 0.5475 0.383 0.54 0.398 0.53275 0.4103333328125 0.52325 0.4226666671875 0.51125 0.43666666718749997 0.49424999999999997 0.4436666671875 0.48250000000000004 0.45133333281250004 0.466 0.45466666718750004 0.45599999999999996 0.457 0.4415 0.4556666671875 0.39375 0.45099999999999996 0.3685 0.4453333328125 0.35425 0.43566666718749997 0.34075 0.42400000000000004 0.32775 0.4033333328125 0.31124999999999997 0.387 0.301 0.3783333328125 0.29725 0.3676666671875 0.29474999999999996 0.3413333328125 0.29100000000000004 0.3163333328125 0.28975 0.268 0.29425 0.2533333328125 0.29725 0.24100000000000002 0.303 0.23133333281250001 0.3115 0.22633333281249998 0.31675 0.2193333328125 0.329 0.2026666671875 0.353 0.1863333328125 0.3815 0.1756666671875 0.40625 0.17266666718749998 0.41725 0.172 0.42675