0 0.5452898546875 0.491803278125 0.512681159375 0.497267759375 0.48369565156250005 0.5245901640625 0.46920289843749996 0.5245901640625 0.44746376874999994 0.54098360625 0.434782609375 0.5710382515625 0.434782609375 0.5874316937499999 0.40942029062499996 0.631147540625 0.4021739125 0.6639344265625 0.40579710156250004 0.7513661203125 0.46557970937500004 0.8087431687500001 0.5 0.811475409375 0.54710145 0.7841530046875 0.5579710140625 0.7021857921875 0.57789855 0.672131146875 0.59963768125 0.6666666671875 0.610507246875 0.677595628125 0.6159420296875 0.6639344265625 0.6050724640625 0.5765027328125 0.5942028984375 0.538251365625 0.57789855 0.5136612015625001 0.5452898546875 0.491803278125
0 0.1539855078125 0.54098360625 0.137681159375 0.5710382515625 0.1340579703125 0.6584699453125 0.14492753593750002 0.69125683125 0.17753623125 0.7459016390625 0.22282608750000002 0.81420765 0.23188405781250002 0.811475409375 0.262681159375 0.7868852453125 0.288043478125 0.781420765625 0.3079710140625 0.7568306015624999 0.32608695625 0.69125683125 0.3478260875 0.6639344265625 0.3478260875 0.6038251359375 0.3242753625 0.5519125687499999 0.2916666671875 0.5300546453125 0.1757246375 0.5245901640625 0.1539855078125 0.54098360625
0 0.1992753625 0.35792349687499997 0.1666666671875 0.41256830625 0.163043478125 0.47267759531250003 0.1702898546875 0.49453551874999996 0.1938405796875 0.5245901640625 0.262681159375 0.5191256828124999 0.30253623125 0.5300546453125 0.32065217343749997 0.5464480875 0.3333333328125 0.543715846875 0.3586956515625 0.49453551874999996 0.3550724640625 0.4398907109375 0.362318840625 0.41803278749999995 0.3695652171875 0.41256830625 0.3659420296875 0.3797814203125 0.3460144921875 0.3497267765625 0.2771739125 0.2950819671875 0.2445652171875 0.2950819671875 0.21557970937499998 0.316939890625 0.1992753625 0.35792349687499997
0 0.3659420296875 0.1612021859375 0.364130434375 0.1748633875 0.3315217390625 0.18032786875 0.30434782656250003 0.2158469953125 0.3007246375 0.2595628421875 0.2826086953125 0.28688524531250004 0.2826086953125 0.2978142078125 0.3460144921875 0.34426229531249997 0.3695652171875 0.3797814203125 0.3786231890625 0.40983606562499997 0.40036231874999995 0.40437158437500004 0.41123188437499997 0.4316939890625 0.42391304375 0.4289617484375 0.4329710140625 0.42622950781249996 0.45652173906250004 0.3907103828125 0.46739130468749995 0.3469945359375 0.489130434375 0.2978142078125 0.4927536234375 0.265027321875 0.4710144921875 0.2158469953125 0.44746376874999994 0.19125683124999998 0.42210145 0.142076503125 0.385869565625 0.136612021875 0.3659420296875 0.1612021859375
0 0.6032608703125 0.18579235 0.585144928125 0.20218579218750002 0.5271739125 0.229508196875 0.4818840578125 0.3306010921875 0.4818840578125 0.3469945359375 0.4927536234375 0.368852459375 0.5 0.407103825 0.5163043484375 0.4316939890625 0.559782609375 0.40983606562499997 0.585144928125 0.415300546875 0.6213768109375 0.45901639375 0.6340579703125 0.45628415312500004 0.6557971015625 0.4344262296875 0.6702898546875 0.368852459375 0.6793478265624999 0.35519125625000003 0.6938405796875 0.35519125625000003 0.6992753625 0.34153005468750003 0.6992753625 0.2978142078125 0.6920289859375 0.270491803125 0.6467391296875 0.224043715625 0.625 0.18579235 0.6032608703125 0.18579235
0 0.889492753125 0.3060109296875 0.864130434375 0.2896174859375 0.838768115625 0.3005464484375 0.8206521734375001 0.278688525 0.7807971015625 0.27322404375 0.7699275359375 0.2896174859375 0.7300724640625 0.31147540937499996 0.710144928125 0.352459015625 0.710144928125 0.4289617484375 0.7173913046875 0.45628415312500004 0.7336956515625 0.48633879843749994 0.75 0.4836065578125 0.7554347828125 0.47540983593749997 0.8061594203125001 0.4699453546875 0.8206521734375001 0.44808743125 0.8460144921874999 0.4426229515625 0.8568840578125 0.45901639375 0.8967391296875 0.464480875 0.9094202906250001 0.44535519062500006 0.9202898546875 0.41256830625 0.9166666671874999 0.352459015625 0.889492753125 0.3060109296875
0 0.7590579703125 0.47540983593749997 0.713768115625 0.5327868859375 0.6956521734375001 0.592896175 0.6956521734375001 0.631147540625 0.70108695625 0.64480874375 0.715579709375 0.6393442625 0.8170289859375 0.64480874375 0.8442028984375 0.6639344265625 0.8442028984375 0.68579235 0.8532608703125 0.7049180328125 0.87681159375 0.7021857921875 0.9021739125 0.6530054640625 0.9094202906250001 0.5601092890625 0.9202898546875 0.5273224046875 0.9202898546875 0.49453551874999996 0.9076086953125 0.47540983593749997 0.885869565625 0.45901639375 0.8170289859375 0.45355191250000004 0.8152173906250001 0.4672131140625 0.8025362312500001 0.47540983593749997 0.7590579703125 0.47540983593749997
0 0.7554347828125 0.63387978125 0.7228260875 0.6393442625 0.6938405796875 0.6557377046874999 0.6829710140625 0.677595628125 0.6431159421875 0.6994535515625 0.6231884062499999 0.7404371578125 0.6195652171875 0.816939890625 0.6557971015625 0.9153005468750001 0.7047101453125 0.9726775953125 0.789855071875 0.9808743171875 0.8097826093749999 0.9726775953125 0.8333333328125001 0.9371584703125 0.8478260875 0.8661202187500001 0.8695652171875 0.8333333328125001 0.8695652171875 0.76229508125 0.8442028984375 0.7021857921875 0.8369565218749999 0.6584699453125 0.8134057968749999 0.64480874375 0.773550725 0.64480874375 0.7554347828125 0.63387978125
0 0.42391304375 0.5109289625 0.4021739125 0.41256830625 0.375 0.40983606562499997 0.3586956515625 0.4344262296875 0.3586956515625 0.50546448125 0.336956521875 0.5491803281250001 0.351449275 0.6147540984375001 0.351449275 0.6693989078125 0.32246376875 0.7131147546875 0.3007246375 0.7896174859375 0.2826086953125 0.7950819671875 0.30434782656250003 0.822404371875 0.29710145 0.8606557374999999 0.3170289859375 0.8961748640625 0.3315217390625 0.8797814203125001 0.34963768125 0.8797814203125001 0.440217390625 0.9125683062500001 0.46014492812499996 0.909836065625 0.4818840578125 0.8606557374999999 0.4782608703125 0.8387978140625 0.461956521875 0.8087431687500001 0.385869565625 0.7431693984375001 0.37681159375 0.7076502734375001 0.3949275359375 0.68032786875 0.40942029062499996 0.625683059375 0.42753623125000006 0.59836065625 0.45289855 0.5273224046875 0.42391304375 0.5109289625
0 0.54710145 0.816939890625 0.4909420296875 0.8524590156249999 0.46739130468749995 0.8879781421875 0.46376811562500003 0.909836065625 0.4909420296875 0.9234972671874999 0.5163043484375 0.9562841531249999 0.534420290625 0.961748634375 0.6702898546875 0.9699453546875001 0.6702898546875 0.9535519125 0.663043478125 0.94808743125 0.6195652171875 0.8333333328125001 0.612318840625 0.69125683125 0.6032608703125 0.672131146875 0.5815217390625 0.672131146875 0.5615942031250001 0.7021857921875 0.5579710140625 0.7459016390625 0.54710145 0.7841530046875 0.54710145 0.816939890625
0 0.5815217390625 0.415300546875 0.54891304375 0.415300546875 0.5199275359375 0.43715847031250005 0.49818840625 0.43715847031250005 0.48369565156250005 0.42622950781249996 0.4728260875 0.398907103125 0.4583333328125 0.398907103125 0.4438405796875 0.42076502656250003 0.40942029062499996 0.4398907109375 0.42028985468749996 0.49453551874999996 0.436594203125 0.5191256828124999 0.47644927499999995 0.5245901640625 0.5199275359375 0.491803278125 0.5525362312500001 0.491803278125 0.585144928125 0.5191256828124999 0.6050724640625 0.5601092890625 0.6159420296875 0.625683059375 0.6159420296875 0.7131147546875 0.6304347828125 0.7131147546875 0.6431159421875 0.6939890703125 0.6757246375 0.677595628125 0.6956521734375001 0.647540984375 0.6920289859375 0.592896175 0.70289855 0.5546448093749999 0.6992753625 0.5327868859375 0.664855071875 0.4808743171875 0.625 0.4699453546875 0.6068840578125 0.43715847031250005 0.5815217390625 0.415300546875