0 0.80625 0.8504901953124999 0.80625 0.85539215625 0.815625 0.875 0.815625 0.8799019609375 0.825 0.8897058828125 0.828125 0.9044117640625 0.8359375 0.9166666671874999 0.8390625 0.9166666671874999 0.8484375 0.9313725484375001 0.85625 0.9289215687500001 0.871875 0.909313725 0.878125 0.8897058828125 0.878125 0.85539215625 0.8703125 0.8431372546875 0.8546875 0.8431372546875 0.8515625 0.83823529375 0.8265625 0.83823529375 0.8234375 0.8333333328125001 0.8140625 0.83823529375 0.80625 0.8504901953124999
0 0.34375 0.85539215625 0.340625 0.8700980390625 0.3359375 0.8725490203125 0.325 0.8897058828125 0.325 0.8995098046875001 0.321875 0.9044117640625 0.321875 0.909313725 0.3296875 0.921568628125 0.3375 0.919117646875 0.3390625 0.91176470625 0.3515625 0.9068627453125 0.3609375 0.8970588234375001 0.3765625 0.8970588234375001 0.38125 0.8897058828125 0.384375 0.875 0.3671875 0.848039215625 0.3609375 0.8431372546875 0.3484375 0.848039215625 0.34375 0.85539215625
0 0.325 0.840686275 0.33125 0.830882353125 0.33125 0.811274509375 0.3234375 0.794117646875 0.3140625 0.7892156859375 0.296875 0.8161764703125 0.296875 0.8259803921875 0.3015625 0.8333333328125001 0.3078125 0.8333333328125001 0.3171875 0.8431372546875 0.325 0.840686275
0 0.2453125 0.901960784375 0.2375 0.919117646875 0.2375 0.9338235296875 0.240625 0.938725490625 0.240625 0.96323529375 0.234375 0.973039215625 0.2421875 0.98039215625 0.265625 0.9779411765624999 0.2796875 0.9754901953124999 0.284375 0.9681372546875 0.284375 0.9436274515624999 0.28125 0.9338235296875 0.2734375 0.921568628125 0.2703125 0.921568628125 0.26875 0.9142156859374999 0.2578125 0.8970588234375001 0.2515625 0.8970588234375001 0.2453125 0.901960784375
0 0.265625 0.9044117640625 0.2859375 0.936274509375 0.303125 0.9338235296875 0.309375 0.9240196078125 0.309375 0.909313725 0.3125 0.9044117640625 0.309375 0.8799019609375 0.2953125 0.8627450984375 0.2828125 0.8627450984375 0.2765625 0.8725490203125 0.2734375 0.8725490203125 0.2625 0.89460784375 0.265625 0.9044117640625
0 0.121875 0.8995098046875001 0.121875 0.9142156859374999 0.1125 0.9338235296875 0.1125 0.9681372546875 0.109375 0.973039215625 0.1390625 0.9754901953124999 0.1421875 0.98039215625 0.146875 0.9779411765624999 0.15 0.973039215625 0.15 0.9583333328125001 0.146875 0.953431371875 0.146875 0.938725490625 0.14375 0.9338235296875 0.146875 0.9289215687500001 0.146875 0.8897058828125 0.1390625 0.8823529406249999 0.1328125 0.8823529406249999 0.121875 0.8995098046875001
0 0.1046875 0.8921568625 0.1140625 0.8921568625 0.1171875 0.8970588234375001 0.121875 0.89460784375 0.1328125 0.8823529406249999 0.1390625 0.8823529406249999 0.15 0.8651960781250001 0.15 0.85539215625 0.1390625 0.83823529375 0.1265625 0.8333333328125001 0.1078125 0.848039215625 0.1 0.8602941171875 0.1 0.8848039218749999 0.1046875 0.8921568625
0 0.1578125 0.8823529406249999 0.1640625 0.8774509796875 0.1859375 0.8774509796875 0.1890625 0.8725490203125 0.1953125 0.8725490203125 0.1953125 0.8627450984375 0.1984375 0.8627450984375 0.203125 0.8700980390625 0.1984375 0.8725490203125 0.196875 0.8799019609375 0.203125 0.8799019609375 0.209375 0.8651960781250001 0.209375 0.8504901953124999 0.1953125 0.848039215625 0.1921875 0.8529411765624999 0.190625 0.840686275 0.1796875 0.828431371875 0.1703125 0.828431371875 0.1625 0.840686275 0.15625 0.8602941171875 0.1578125 0.8823529406249999
0 0.0015625 0.8823529406249999 0 0.9583333328125001 0.0140625 0.9705882359375 0.021875 0.9681372546875 0.025 0.9583333328125001 0.025 0.9338235296875 0.028125 0.9289215687500001 0.028125 0.909313725 0.03125 0.9044117640625 0.03125 0.8848039218749999 0.0171875 0.8823529406249999 0.0140625 0.8872549015625 0.0046875 0.8872549015625 0.0015625 0.8823529406249999
0 0.1515625 0.686274509375 0.1421875 0.686274509375 0.1359375 0.6911764703125 0.121875 0.71323529375 0.11875 0.723039215625 0.11875 0.7426470593750001 0.1234375 0.75 0.134375 0.7475490203125 0.1453125 0.7450980390625 0.1484375 0.740196078125 0.1578125 0.740196078125 0.1640625 0.73039215625 0.1796875 0.7205882359375 0.1875 0.7083333328125 0.184375 0.6985294125 0.1671875 0.6813725484375001 0.1546875 0.6813725484375001 0.1515625 0.686274509375
0 0.0140625 0.69607843125 0.00625 0.71323529375 0.00625 0.723039215625 0.009375 0.7279411765625 0.009375 0.7475490203125 0.0140625 0.7549019609375 0.0375 0.7524509796875 0.0421875 0.75 0.053125 0.7328431375 0.053125 0.7279411765625 0.046875 0.7083333328125 0.046875 0.6936274515624999 0.0390625 0.6911764703125 0.0359375 0.686274509375 0.0296875 0.686274509375 0.0203125 0.69607843125 0.0140625 0.69607843125
0 0.5140625 0.848039215625 0.4984375 0.848039215625 0.4921875 0.8578431375 0.4859375 0.8529411765624999 0.4765625 0.8529411765624999 0.459375 0.875 0.459375 0.8897058828125 0.46875 0.909313725 0.471875 0.9289215687500001 0.478125 0.938725490625 0.478125 0.9436274515624999 0.4890625 0.9607843140625001 0.503125 0.9583333328125001 0.515625 0.938725490625 0.51875 0.919117646875 0.521875 0.9142156859374999 0.51875 0.89460784375 0.5265625 0.8921568625 0.53125 0.8848039218749999 0.534375 0.8651960781250001 0.5265625 0.8529411765624999 0.5171875 0.8529411765624999 0.5140625 0.848039215625
0 0.5234375 0.965686275 0.571875 0.96323529375 0.575 0.9289215687500001 0.5609375 0.8970588234375001 0.5515625 0.8970588234375001 0.5421875 0.8872549015625 0.5296875 0.91176470625 0.521875 0.9142156859374999 0.51875 0.9240196078125 0.51875 0.9436274515624999 0.515625 0.9485294124999999 0.5234375 0.965686275
0 0.571875 0.8455882359375 0.5515625 0.813725490625 0.5328125 0.813725490625 0.525 0.8259803921875 0.525 0.8455882359375 0.5484375 0.8872549015625 0.5625 0.8848039218749999 0.575 0.85539215625 0.571875 0.8455882359375
0 0.5625 0.7916666671875 0.5625 0.8210784312499999 0.5796875 0.8578431375 0.590625 0.85539215625 0.5953125 0.8431372546875 0.6078125 0.83823529375 0.61875 0.8161764703125 0.615625 0.811274509375 0.6125 0.7916666671875 0.6046875 0.7794117640625 0.5984375 0.7794117640625 0.5953125 0.7745098046875001 0.5796875 0.7745098046875001 0.5625 0.7916666671875
0 0.6 0.9485294124999999 0.6 0.9583333328125001 0.6046875 0.965686275 0.640625 0.96323529375 0.646875 0.9485294124999999 0.646875 0.9338235296875 0.64375 0.9240196078125 0.6359375 0.91176470625 0.6296875 0.91176470625 0.6265625 0.901960784375 0.6078125 0.9068627453125 0.596875 0.919117646875 0.596875 0.9436274515624999 0.6 0.9485294124999999
0 0.6953125 0.91176470625 0.6984375 0.9166666671874999 0.70625 0.9142156859374999 0.721875 0.909313725 0.71875 0.8995098046875001 0.725 0.8848039218749999 0.725 0.8651960781250001 0.7171875 0.8529411765624999 0.6921875 0.848039215625 0.684375 0.8602941171875 0.68125 0.8995098046875001 0.6890625 0.91176470625 0.6953125 0.91176470625
0 1 0.875 0.9953125 0.8725490203125 0.98125 0.8897058828125 0.98125 0.9044117640625 0.978125 0.909313725 0.98125 0.919117646875 0.9703125 0.921568628125 0.96875 0.9289215687500001 0.9734375 0.9313725484375001 0.9796875 0.9264705875000001 0.984375 0.9338235296875 0.984375 0.9436274515624999 0.9890625 0.9509803921875 0.9953125 0.9509803921875 0.9984375 0.955882353125 1 0.953431371875 1 0.875
0 0.9140625 0.75 0.91875 0.7475490203125 0.9265625 0.740196078125 0.9390625 0.740196078125 0.94375 0.7328431375 0.940625 0.7279411765625 0.94375 0.71323529375 0.9359375 0.69607843125 0.9234375 0.69607843125 0.90625 0.71323529375 0.90625 0.7377450984375 0.9140625 0.75
0 0.94375 0.7377450984375 0.9546875 0.75 0.959375 0.7475490203125 0.959375 0.7426470593750001 0.9703125 0.7254901953124999 0.9796875 0.7254901953124999 0.98125 0.71323529375 0.975 0.703431371875 0.975 0.6985294125 0.9640625 0.686274509375 0.9484375 0.686274509375 0.94375 0.6936274515624999 0.94375 0.7377450984375
0 0.8734375 0.7352941171875 0.8796875 0.7254901953124999 0.8921875 0.7352941171875 0.9 0.7328431375 0.9 0.7181372546875 0.909375 0.703431371875 0.909375 0.688725490625 0.8890625 0.66176470625 0.8671875 0.66176470625 0.853125 0.688725490625 0.853125 0.7083333328125 0.859375 0.71323529375 0.8625 0.7328431375 0.8734375 0.7352941171875
0 0.7546875 0.7254901953124999 0.753125 0.7426470593750001 0.75 0.7475490203125 0.75 0.7524509796875 0.7703125 0.7794117640625 0.7765625 0.784313725 0.778125 0.7818627453125 0.796875 0.7622549015625 0.796875 0.7475490203125 0.8 0.7426470593750001 0.8 0.71323529375 0.7890625 0.6911764703125 0.7796875 0.69607843125 0.775 0.703431371875 0.7734375 0.715686275 0.7671875 0.715686275 0.7546875 0.7254901953124999
0 0.8 0.7181372546875 0.8078125 0.73039215625 0.81875 0.7279411765625 0.821875 0.723039215625 0.821875 0.703431371875 0.81875 0.6985294125 0.81875 0.688725490625 0.8140625 0.686274509375 0.8015625 0.6666666671875 0.790625 0.6838235296875 0.790625 0.6936274515624999 0.8 0.71323529375 0.8 0.7181372546875
0 0.896875 0.64460784375 0.896875 0.669117646875 0.9109375 0.686274509375 0.921875 0.6838235296875 0.925 0.67892156875 0.925 0.659313725 0.928125 0.6495098046875001 0.925 0.64460784375 0.925 0.6299019609375 0.9203125 0.6176470593750001 0.9171875 0.6225490203125 0.9046875 0.6274509796875 0.9 0.634803921875 0.896875 0.64460784375
0 1 0.5955882359375 0.990625 0.580882353125 0.990625 0.5759803921875 0.9828125 0.5686274515624999 0.9765625 0.5686274515624999 0.9734375 0.5735294125 0.9703125 0.5686274515624999 0.9578125 0.563725490625 0.95625 0.580882353125 0.959375 0.5857843140625 0.953125 0.6004901953124999 0.953125 0.634803921875 0.9703125 0.651960784375 0.984375 0.6495098046875001 1 0.6397058828125 1 0.5955882359375
0 0.89375 0.526960784375 0.896875 0.5318627453125 0.896875 0.5514705875 0.9 0.5563725484375001 0.896875 0.561274509375 0.9 0.5661764703125 0.9 0.5759803921875 0.9109375 0.5931372546875 0.9125 0.590686275 0.9375 0.5857843140625 0.940625 0.5759803921875 0.940625 0.546568628125 0.934375 0.53676470625 0.934375 0.5318627453125 0.940625 0.526960784375 0.9234375 0.49509803906250005 0.9046875 0.490196078125 0.896875 0.49754902031250003 0.89375 0.526960784375
0 0.828125 0.625 0.8328125 0.6225490203125 0.8375 0.6102941171875 0.8296875 0.5833333328125 0.8234375 0.578431371875 0.8140625 0.578431371875 0.8109375 0.5833333328125 0.79375 0.5857843140625 0.79375 0.5955882359375 0.790625 0.6004901953124999 0.79375 0.6102941171875 0.790625 0.615196078125 0.790625 0.625 0.784375 0.634803921875 0.784375 0.659313725 0.7921875 0.671568628125 0.79375 0.669117646875 0.7984375 0.6666666671875 0.8078125 0.651960784375 0.8109375 0.651960784375 0.8140625 0.6421568625 0.8203125 0.6421568625 0.8234375 0.6372549015625 0.8296875 0.6421568625 0.83125 0.6397058828125 0.83125 0.6299019609375 0.828125 0.625
0 0.603125 0.6740196078125 0.6 0.688725490625 0.590625 0.6985294125 0.6 0.7083333328125 0.6 0.7377450984375 0.5953125 0.740196078125 0.59375 0.7475490203125 0.6015625 0.7549019609375 0.6125 0.7524509796875 0.6328125 0.75 0.634375 0.7426470593750001 0.640625 0.7377450984375 0.640625 0.723039215625 0.63125 0.703431371875 0.634375 0.6936274515624999 0.634375 0.67892156875 0.6203125 0.66176470625 0.6078125 0.6666666671875 0.603125 0.6740196078125
0 0.5640625 0.6323529406249999 0.5578125 0.6274509796875 0.5359375 0.6274509796875 0.53125 0.634803921875 0.53125 0.6740196078125 0.534375 0.67892156875 0.53125 0.6985294125 0.5359375 0.705882353125 0.55625 0.703431371875 0.5640625 0.6911764703125 0.5703125 0.6911764703125 0.5828125 0.7009803921875 0.590625 0.688725490625 0.590625 0.669117646875 0.59375 0.6642156859375 0.584375 0.6495098046875001 0.58125 0.634803921875 0.5734375 0.6225490203125 0.5640625 0.6323529406249999
0 0.5359375 0.7647058828125 0.5375 0.7720588234375 0.5484375 0.7892156859375 0.55625 0.78676470625 0.559375 0.776960784375 0.559375 0.7475490203125 0.5625 0.7426470593750001 0.5625 0.7279411765625 0.5515625 0.705882353125 0.5359375 0.705882353125 0.51875 0.7328431375 0.51875 0.7475490203125 0.5265625 0.759803921875 0.5359375 0.7647058828125
0 0.4859375 0.6911764703125 0.484375 0.6936274515624999 0.4890625 0.69607843125 0.4890625 0.7009803921875 0.4703125 0.69607843125 0.4671875 0.7009803921875 0.4578125 0.7009803921875 0.453125 0.7083333328125 0.4546875 0.7450980390625 0.4609375 0.7450980390625 0.4640625 0.75 0.4796875 0.75 0.4859375 0.7647058828125 0.49375 0.7622549015625 0.5 0.7573529406249999 0.5 0.7475490203125 0.5046875 0.740196078125 0.5109375 0.740196078125 0.515625 0.7328431375 0.515625 0.71323529375 0.5109375 0.705882353125 0.5015625 0.7009803921875 0.4953125 0.6911764703125 0.4859375 0.6911764703125
0 0.4296875 0.7254901953124999 0.4171875 0.73039215625 0.4125 0.7426470593750001 0.4125 0.7916666671875 0.40625 0.8014705875000001 0.409375 0.8063725484375001 0.409375 0.8210784312499999 0.4125 0.8259803921875 0.409375 0.830882353125 0.4140625 0.83823529375 0.425 0.8357843140625001 0.4453125 0.8333333328125001 0.45625 0.8210784312499999 0.45625 0.811274509375 0.446875 0.7916666671875 0.446875 0.7818627453125 0.453125 0.7720588234375 0.453125 0.7671568625 0.434375 0.7426470593750001 0.434375 0.7328431375 0.4296875 0.7254901953124999
0 0.384375 0.669117646875 0.3796875 0.66176470625 0.3703125 0.66176470625 0.36875 0.6740196078125 0.365625 0.67892156875 0.365625 0.6936274515624999 0.3625 0.6985294125 0.3625 0.71323529375 0.36875 0.723039215625 0.36875 0.7426470593750001 0.3625 0.7475490203125 0.3671875 0.75 0.36875 0.7524509796875 0.365625 0.7573529406249999 0.3703125 0.7647058828125 0.3734375 0.7647058828125 0.375 0.7720588234375 0.3828125 0.784313725 0.384375 0.7818627453125 0.3859375 0.7745098046875001 0.3953125 0.7745098046875001 0.403125 0.7671568625 0.403125 0.7573529406249999 0.409375 0.7524509796875 0.409375 0.7279411765625 0.396875 0.7083333328125 0.4 0.6985294125 0.384375 0.6740196078125 0.384375 0.669117646875
0 0.2765625 0.6225490203125 0.2703125 0.6274509796875 0.265625 0.634803921875 0.265625 0.6397058828125 0.25625 0.6495098046875001 0.2546875 0.6568627453125 0.25 0.659313725 0.25 0.67892156875 0.2640625 0.69607843125 0.2703125 0.69607843125 0.2796875 0.705882353125 0.290625 0.703431371875 0.2953125 0.6911764703125 0.309375 0.6838235296875 0.30625 0.67892156875 0.309375 0.6397058828125 0.3046875 0.6274509796875 0.2984375 0.6274509796875 0.2953125 0.6372549015625 0.2890625 0.6274509796875 0.2796875 0.6274509796875 0.2765625 0.6225490203125
0 0.2109375 0.7647058828125 0.21875 0.7622549015625 0.2453125 0.759803921875 0.253125 0.7475490203125 0.253125 0.7279411765625 0.2484375 0.7205882359375 0.2234375 0.7205882359375 0.2203125 0.7254901953124999 0.2078125 0.73039215625 0.203125 0.7426470593750001 0.20625 0.7573529406249999 0.2109375 0.7647058828125
0 0.121875 0.580882353125 0.128125 0.561274509375 0.1171875 0.5392156859375 0.1078125 0.534313725 0.1 0.5416666671875 0.09375 0.57107843125 0.1046875 0.58823529375 0.1109375 0.5931372546875 0.115625 0.590686275 0.121875 0.580882353125
0 0 0.6299019609375 0.0046875 0.6372549015625 0.0109375 0.6323529406249999 0.0171875 0.6372549015625 0.025 0.634803921875 0.04375 0.6004901953124999 0.0453125 0.5931372546875 0.0515625 0.598039215625 0.0609375 0.598039215625 0.065625 0.590686275 0.065625 0.57107843125 0.0578125 0.5588235296875 0.0484375 0.5588235296875 0.0453125 0.55392156875 0.0234375 0.55392156875 0 0.57107843125 0 0.6299019609375
0 0.0484375 0.5392156859375 0.0578125 0.5392156859375 0.0609375 0.544117646875 0.1 0.5416666671875 0.10625 0.5220588234375 0.10625 0.5073529406249999 0.0984375 0.49509803906250005 0.0921875 0.49509803906250005 0.0890625 0.490196078125 0.0609375 0.490196078125 0.053125 0.49754902031250003 0.053125 0.5122549015625 0.046875 0.5220588234375 0.0484375 0.5392156859375
0 0.071875 0.46323529375000005 0.0796875 0.46568627500000004 0.0828125 0.4705882359375 0.0875 0.4681372546875 0.10625 0.46323529375000005 0.109375 0.453431371875 0.109375 0.43382352968750004 0.1125 0.42892156875 0.1109375 0.4166666671875 0.0953125 0.421568628125 0.0859375 0.436274509375 0.08125 0.438725490625 0.08125 0.44362745156249994 0.071875 0.46323529375000005
0 0.159375 0.46323529375000005 0.1640625 0.4607843140625 0.171875 0.4485294125 0.171875 0.42892156875 0.1609375 0.4166666671875 0.1484375 0.421568628125 0.140625 0.44362745156249994 0.140625 0.4485294125 0.1484375 0.4607843140625 0.1546875 0.46568627500000004 0.159375 0.46323529375000005
0 0.246875 0.48774509843749997 0.2328125 0.4705882359375 0.2203125 0.4705882359375 0.21875 0.4828431375 0.228125 0.5024509796875 0.23125 0.5171568625 0.24375 0.5171568625 0.246875 0.5122549015625 0.246875 0.48774509843749997
0 0.16875 0.5661764703125 0.16875 0.5318627453125 0.1640625 0.5245098046875001 0.1578125 0.51960784375 0.1359375 0.5392156859375 0.128125 0.5416666671875 0.128125 0.561274509375 0.1328125 0.5735294125 0.1625 0.57107843125 0.16875 0.5661764703125
0 0.153125 0.49264705937500003 0.153125 0.5024509796875 0.1609375 0.5147058828125 0.1734375 0.509803921875 0.1765625 0.5049019609375 0.1828125 0.5049019609375 0.1890625 0.5147058828125 0.196875 0.5122549015625 0.196875 0.49264705937500003 0.1859375 0.48039215625000004 0.1765625 0.48039215625000004 0.1734375 0.4754901953125 0.1703125 0.48039215625000004 0.1640625 0.4754901953125 0.1578125 0.4852941171875 0.1546875 0.4754901953125 0.146875 0.4828431375 0.153125 0.49264705937500003
0 0.2515625 0.6078431375 0.25625 0.6004901953124999 0.25625 0.5955882359375 0.2484375 0.5833333328125 0.2359375 0.5833333328125 0.225 0.6004901953124999 0.225 0.6102941171875 0.2296875 0.6176470593750001 0.240625 0.615196078125 0.2515625 0.6078431375
0 0.3015625 0.55392156875 0.30625 0.5514705875 0.303125 0.546568628125 0.30625 0.5318627453125 0.2984375 0.51960784375 0.2890625 0.51960784375 0.2828125 0.5245098046875001 0.26875 0.5514705875 0.271875 0.5563725484375001 0.26875 0.561274509375 0.26875 0.5759803921875 0.2796875 0.5931372546875 0.290625 0.590686275 0.2953125 0.578431371875 0.309375 0.5661764703125 0.3046875 0.5588235296875 0.2953125 0.5588235296875 0.290625 0.546568628125 0.290625 0.53676470625 0.2984375 0.534313725 0.3 0.53676470625 0.296875 0.546568628125 0.3015625 0.55392156875
0 0.41875 0.46323529375000005 0.415625 0.47303921562499995 0.415625 0.48774509843749997 0.409375 0.5024509796875 0.409375 0.5073529406249999 0.4140625 0.5147058828125 0.4515625 0.5147058828125 0.4546875 0.51960784375 0.45625 0.5171568625 0.45625 0.5073529406249999 0.4625 0.49754902031250003 0.4625 0.48774509843749997 0.46875 0.47303921562499995 0.4671875 0.4607843140625 0.4390625 0.4607843140625 0.4359375 0.455882353125 0.4296875 0.455882353125 0.4265625 0.4607843140625 0.41875 0.46323529375000005
0 0.225 0.4583333328125 0.2328125 0.4705882359375 0.2390625 0.4705882359375 0.2421875 0.4754901953125 0.246875 0.47303921562499995 0.253125 0.46323529375000005 0.253125 0.4583333328125 0.259375 0.453431371875 0.25625 0.44362745156249994 0.25625 0.39950980468749997 0.2328125 0.3970588234375 0.228125 0.4044117640625 0.23125 0.4142156859375 0.228125 0.419117646875 0.225 0.4583333328125
0 0.85625 0.5073529406249999 0.85625 0.5171568625 0.853125 0.5220588234375 0.85625 0.526960784375 0.853125 0.5318627453125 0.85 0.5514705875 0.8578125 0.5588235296875 0.8671875 0.5588235296875 0.871875 0.5661764703125 0.871875 0.5759803921875 0.8796875 0.5833333328125 0.89375 0.580882353125 0.89375 0.561274509375 0.890625 0.5563725484375001 0.890625 0.526960784375 0.8796875 0.5049019609375 0.8703125 0.5049019609375 0.8640625 0.51960784375 0.8625 0.5073529406249999 0.865625 0.5024509796875 0.8609375 0.5 0.85625 0.5073529406249999
0 0.840625 0.5220588234375 0.8484375 0.5147058828125 0.8515625 0.51960784375 0.859375 0.5073529406249999 0.8578125 0.4852941171875 0.8515625 0.48039215625000004 0.8390625 0.48039215625000004 0.821875 0.49754902031250003 0.821875 0.5122549015625 0.8265625 0.5245098046875001 0.840625 0.5220588234375
0 0.7703125 0.5049019609375 0.7546875 0.5049019609375 0.753125 0.5220588234375 0.75 0.526960784375 0.75625 0.5318627453125 0.75 0.53676470625 0.75625 0.546568628125 0.75625 0.5514705875 0.7609375 0.5588235296875 0.7671875 0.5490196078125 0.7703125 0.5490196078125 0.7765625 0.5588235296875 0.78125 0.5563725484375001 0.7859375 0.5490196078125 0.7953125 0.5490196078125 0.8 0.5416666671875 0.8 0.5122549015625 0.7953125 0.509803921875 0.7890625 0.51960784375 0.7859375 0.51960784375 0.7828125 0.5147058828125 0.7765625 0.5147058828125 0.7703125 0.5049019609375
0 0.6890625 0.4852941171875 0.6859375 0.48039215625000004 0.6796875 0.48039215625000004 0.678125 0.49754902031250003 0.675 0.5024509796875 0.68125 0.5171568625 0.678125 0.5220588234375 0.68125 0.5318627453125 0.678125 0.53676470625 0.684375 0.5416666671875 0.68125 0.5514705875 0.7109375 0.55392156875 0.7140625 0.5588235296875 0.71875 0.5563725484375001 0.73125 0.5318627453125 0.73125 0.5220588234375 0.728125 0.5171568625 0.73125 0.5073529406249999 0.728125 0.49754902031250003 0.7171875 0.4852941171875 0.7109375 0.4852941171875 0.7078125 0.490196078125 0.7046875 0.4852941171875 0.6890625 0.4852941171875
0 0.6703125 0.5686274515624999 0.6625 0.5857843140625 0.6625 0.5955882359375 0.671875 0.6004901953124999 0.6625 0.60539215625 0.6796875 0.6225490203125 0.696875 0.6200980390625 0.70625 0.615196078125 0.7125 0.5955882359375 0.7125 0.5857843140625 0.7078125 0.578431371875 0.7015625 0.5833333328125 0.6953125 0.578431371875 0.6921875 0.5833333328125 0.6859375 0.578431371875 0.6828125 0.5686274515624999 0.6703125 0.5686274515624999
0 0.7078125 0.6568627453125 0.7203125 0.66176470625 0.7265625 0.671568628125 0.7578125 0.69607843125 0.7640625 0.705882353125 0.771875 0.703431371875 0.771875 0.6838235296875 0.7609375 0.6666666671875 0.7546875 0.66176470625 0.7453125 0.66176470625 0.7296875 0.6470588234375 0.7234375 0.6470588234375 0.7109375 0.6372549015625 0.7046875 0.6372549015625 0.7 0.64460784375 0.7078125 0.6568627453125
0 0.6171875 0.6078431375 0.6234375 0.6225490203125 0.63125 0.6200980390625 0.6390625 0.6176470593750001 0.646875 0.60539215625 0.653125 0.5857843140625 0.6359375 0.5735294125 0.6296875 0.563725490625 0.6234375 0.563725490625 0.609375 0.590686275 0.609375 0.6004901953124999 0.6140625 0.6078431375 0.6171875 0.6078431375
0 0.584375 0.5220588234375 0.5875 0.5318627453125 0.584375 0.53676470625 0.584375 0.5514705875 0.5921875 0.563725490625 0.6015625 0.563725490625 0.6046875 0.5588235296875 0.6140625 0.5588235296875 0.6171875 0.563725490625 0.61875 0.561274509375 0.625 0.5563725484375001 0.625 0.5318627453125 0.621875 0.526960784375 0.621875 0.5171568625 0.6171875 0.509803921875 0.6078125 0.509803921875 0.6046875 0.5049019609375 0.5953125 0.5049019609375 0.5890625 0.509803921875 0.584375 0.5220588234375
0 0.5765625 0.51960784375 0.5796875 0.5245098046875001 0.5875 0.5220588234375 0.5875 0.5122549015625 0.59375 0.5024509796875 0.59375 0.48774509843749997 0.5890625 0.4754901953125 0.5828125 0.4705882359375 0.5578125 0.4705882359375 0.553125 0.4779411765625 0.55625 0.5122549015625 0.5609375 0.51960784375 0.5765625 0.51960784375
0 0.5546875 0.58823529375 0.5640625 0.58823529375 0.5765625 0.6029411765625 0.584375 0.6004901953124999 0.590625 0.5955882359375 0.590625 0.580882353125 0.59375 0.57107843125 0.5796875 0.544117646875 0.5734375 0.5392156859375 0.5671875 0.5490196078125 0.5640625 0.544117646875 0.55 0.561274509375 0.55 0.580882353125 0.5546875 0.58823529375
0 0.6359375 0.48039215625000004 0.625 0.5024509796875 0.6265625 0.5245098046875001 0.6328125 0.5245098046875001 0.6453125 0.534313725 0.65 0.5318627453125 0.659375 0.5220588234375 0.659375 0.5122549015625 0.665625 0.49754902031250003 0.665625 0.4828431375 0.66875 0.4779411765625 0.6640625 0.4705882359375 0.6609375 0.4705882359375 0.6546875 0.4852941171875 0.6484375 0.4705882359375 0.6359375 0.48039215625000004
0 0.6125 0.4240196078125 0.6125 0.44362745156249994 0.609375 0.4485294125 0.609375 0.4583333328125 0.6140625 0.46568627500000004 0.6265625 0.46568627500000004 0.6296875 0.4607843140625 0.6390625 0.4607843140625 0.6421875 0.46568627500000004 0.65 0.46323529375000005 0.653125 0.4583333328125 0.653125 0.4485294125 0.65 0.44362745156249994 0.653125 0.43382352968750004 0.653125 0.4142156859375 0.6484375 0.4068627453125 0.6265625 0.4068627453125 0.6234375 0.41176470624999995 0.615625 0.4142156859375 0.6125 0.4240196078125
0 0.5703125 0.436274509375 0.58125 0.43382352968750004 0.584375 0.42892156875 0.584375 0.4142156859375 0.58125 0.4044117640625 0.5734375 0.3921568625 0.5640625 0.3921568625 0.55625 0.4044117640625 0.55625 0.419117646875 0.559375 0.42892156875 0.5671875 0.43137254843750006 0.5703125 0.436274509375
0 0.565625 0.375 0.5625 0.3799019609375 0.5625 0.3897058828125 0.5734375 0.3921568625 0.5828125 0.40196078437500005 0.5875 0.39950980468749997 0.5921875 0.3921568625 0.5984375 0.3921568625 0.603125 0.384803921875 0.603125 0.365196078125 0.5921875 0.348039215625 0.5859375 0.348039215625 0.5765625 0.33823529375 0.5703125 0.33823529375 0.565625 0.3455882359375 0.565625 0.375
0 0.5078125 0.6421568625 0.525 0.6397058828125 0.534375 0.625 0.534375 0.6200980390625 0.53125 0.615196078125 0.53125 0.60539215625 0.5203125 0.58823529375 0.5140625 0.58823529375 0.50625 0.5955882359375 0.50625 0.60539215625 0.5 0.625 0.5078125 0.6421568625
0 0.4703125 0.5392156859375 0.4671875 0.534313725 0.4640625 0.5392156859375 0.45 0.5416666671875 0.45 0.5514705875 0.446875 0.5563725484375001 0.4515625 0.563725490625 0.4640625 0.5588235296875 0.4765625 0.5735294125 0.4796875 0.5686274515624999 0.4828125 0.578431371875 0.49375 0.5759803921875 0.4953125 0.563725490625 0.5078125 0.5686274515624999 0.5125 0.5563725484375001 0.4921875 0.544117646875 0.490625 0.5416666671875 0.496875 0.5318627453125 0.4953125 0.5294117640625 0.4890625 0.534313725 0.4734375 0.534313725 0.4703125 0.5392156859375
0 0.328125 0.615196078125 0.325 0.6200980390625 0.325 0.6397058828125 0.3328125 0.6470588234375 0.35 0.64460784375 0.35625 0.6397058828125 0.35625 0.6299019609375 0.359375 0.625 0.353125 0.6200980390625 0.35625 0.6102941171875 0.3515625 0.6029411765625 0.3453125 0.6029411765625 0.3390625 0.5931372546875 0.328125 0.60539215625 0.328125 0.615196078125
0 0.340625 0.5171568625 0.34375 0.5122549015625 0.34375 0.49264705937500003 0.3359375 0.48039215625000004 0.3171875 0.48039215625000004 0.3109375 0.4705882359375 0.296875 0.4779411765625 0.296875 0.49754902031250003 0.3078125 0.5147058828125 0.3140625 0.51960784375 0.340625 0.5171568625
0 0.3421875 0.4068627453125 0.3390625 0.40196078437500005 0.3296875 0.41176470624999995 0.3203125 0.4068627453125 0.315625 0.4142156859375 0.321875 0.419117646875 0.321875 0.4240196078125 0.3125 0.44362745156249994 0.315625 0.453431371875 0.3328125 0.4705882359375 0.3375 0.4681372546875 0.3546875 0.46568627500000004 0.3578125 0.455882353125 0.36875 0.453431371875 0.365625 0.4485294125 0.365625 0.438725490625 0.36875 0.43382352968750004 0.3671875 0.4166666671875 0.3546875 0.41176470624999995 0.3515625 0.4068627453125 0.3421875 0.4068627453125
0 0.3828125 0.4068627453125 0.3859375 0.41176470624999995 0.3875 0.40931372499999996 0.403125 0.39950980468749997 0.403125 0.375 0.4 0.365196078125 0.3921875 0.3578431375 0.3640625 0.3578431375 0.3625 0.39950980468749997 0.3671875 0.40196078437500005 0.3703125 0.41176470624999995 0.3734375 0.4068627453125 0.3828125 0.4068627453125