0 0.006 0.485 0.004 0.515 0.03 0.585 0.08 0.647 0.094 0.717 0.098 0.729 0.10800000000000001 0.731 0.122 0.7230000000000001 0.118 0.671 0.126 0.653 0.181 0.63 0.202 0.597 0.156 0.47300000000000003 0.143 0.45999999999999996 0.071 0.42800000000000005 0.018 0.46299999999999997 0.006 0.485
0 0.10600000000000001 0.13899999999999998 0.067 0.1 0.059 0.148 0.017 0.126 0 0.127 0.002 0.145 0.054000000000000006 0.24500000000000002 0.08 0.273 0.036 0.325 0.038 0.363 0.05 0.395 0.075 0.426 0.147 0.45999999999999996 0.16 0.47300000000000003 0.186 0.5429999999999999 0.194 0.537 0.186 0.5269999999999999 0.184 0.46299999999999997 0.21600000000000003 0.41500000000000004 0.22799999999999998 0.369 0.22200000000000003 0.307 0.185 0.268 0.122 0.259 0.126 0.227 0.10600000000000001 0.13899999999999998
0 0.335 0.388 0.32 0.335 0.256 0.255 0.23199999999999998 0.23900000000000002 0.219 0.20800000000000002 0.22799999999999998 0.261 0.24 0.263 0.23399999999999999 0.263 0.24 0.28500000000000003 0.22599999999999998 0.281 0.238 0.311 0.22599999999999998 0.311 0.22999999999999998 0.381 0.271 0.422 0.292 0.421 0.25 0.453 0.22599999999999998 0.497 0.22599999999999998 0.5269999999999999 0.244 0.5730000000000001 0.267 0.6 0.29300000000000004 0.612 0.353 0.612 0.41500000000000004 0.588 0.472 0.613 0.484 0.609 0.466 0.5650000000000001 0.49000000000000005 0.5309999999999999 0.496 0.501 0.49000000000000005 0.47300000000000003 0.466 0.433 0.442 0.399 0.40700000000000003 0.374 0.371 0.37 0.335 0.388
0 0.393 0.024 0.388 0.033 0.377 0.142 0.33799999999999997 0.001 0.31 0.003 0.319 0.08199999999999999 0.27799999999999997 0.003 0.255 0 0.27999999999999997 0.065 0.312 0.119 0.304 0.17099999999999999 0.352 0.23500000000000001 0.354 0.24700000000000003 0.33799999999999997 0.275 0.33999999999999997 0.309 0.363 0.33999999999999997 0.45999999999999996 0.413 0.458 0.371 0.48200000000000004 0.339 0.49000000000000005 0.313 0.472 0.271 0.46399999999999997 0.207 0.449 0.198 0.417 0.198 0.392 0.209 0.40199999999999997 0.028999999999999998 0.393 0.024
0 0.634 0.189 0.625 0.188 0.619 0.174 0.605 0.174 0.5599999999999999 0.213 0.5740000000000001 0.16699999999999998 0.65 0.034999999999999996 0.654 0.005 0.615 0.004 0.581 0.05600000000000001 0.5589999999999999 0.002 0.445 0 0.476 0.275 0.5 0.323 0.46799999999999997 0.379 0.46799999999999997 0.42699999999999994 0.497 0.472 0.568 0.511 0.642 0.745 0.658 0.773 0.6679999999999999 0.775 0.602 0.5269999999999999 0.602 0.497 0.646 0.445 0.6519999999999999 0.383 0.642 0.357 0.621 0.33399999999999996 0.55 0.313 0.564 0.261 0.5820000000000001 0.229 0.634 0.189
0 0.768 0.227 0.778 0.225 0.7769999999999999 0.21800000000000003 0.764 0.215 0.786 0.205 0.7889999999999999 0.174 0.776 0.177 0.784 0.181 0.776 0.189 0.7809999999999999 0.20400000000000001 0.757 0.202 0.75 0.211 0.6990000000000001 0.32 0.688 0.311 0.6950000000000001 0.26 0.696 0.275 0.704 0.277 0.6980000000000001 0.207 0.686 0.263 0.686 0.319 0.6940000000000001 0.319 0.692 0.329 0.679 0.33799999999999997 0.665 0.33599999999999997 0.644 0.353 0.654 0.383 0.654 0.421 0.642 0.45899999999999996 0.654 0.489 0.702 0.533 0.708 0.549 0.724 0.725 0.732 0.6990000000000001 0.73 0.5429999999999999 0.7809999999999999 0.51 0.8119999999999999 0.475 0.834 0.41100000000000003 0.8320000000000001 0.367 0.807 0.32999999999999996 0.7769999999999999 0.316 0.728 0.319 0.768 0.227
0 1 0.759 0.952 0.619 0.954 0.577 0.992 0.507 0.994 0.44699999999999995 0.982 0.417 0.953 0.386 0.9289999999999999 0.374 0.8949999999999999 0.37 0.869 0.38 0.8460000000000001 0.40099999999999997 0.844 0.43099999999999994 0.852 0.441 0.8300000000000001 0.449 0.782 0.513 0.78 0.529 0.792 0.5509999999999999 0.8150000000000001 0.5700000000000001 0.8550000000000001 0.5860000000000001 0.883 0.5860000000000001 0.892 0.561 0.8779999999999999 0.5469999999999999 0.875 0.512 0.8699999999999999 0.523 0.8699999999999999 0.509 0.8800000000000001 0.509 0.924 0.655 0.9640000000000001 0.753 1 0.8089999999999999 1 0.759
0 0.726 0.523 0.735 0.518 0.709 0.518 0.705 0.542 0.683 0.526 0.643 0.534 0.624 0.5469999999999999 0.614 0.567 0.642 0.675 0.657 0.686 0.72 0.6990000000000001 0.7190000000000001 0.6559999999999999 0.72 0.689 0.731 0.6940000000000001 0.763 0.6799999999999999 0.782 0.655 0.79 0.625 0.786 0.577 0.753 0.538 0.732 0.537 0.726 0.523
0 0.557 0.584 0.517 0.58 0.48600000000000004 0.597 0.5 0.613 0.502 0.635 0.516 0.639 0.515 0.65 0.505 0.642 0.499 0.65 0.489 0.634 0.453 0.61 0.43499999999999994 0.608 0.404 0.643 0.4 0.6910000000000001 0.41200000000000003 0.721 0.433 0.744 0.49800000000000005 0.783 0.514 0.8789999999999999 0.518 0.999 0.532 0.999 0.534 0.7809999999999999 0.5780000000000001 0.753 0.5730000000000001 0.724 0.577 0.734 0.591 0.736 0.606 0.727 0.62 0.6809999999999999 0.61 0.637 0.591 0.604 0.557 0.584
0 0.261 0.606 0.246 0.641 0.282 0.713 0.305 0.728 0.34700000000000003 0.734 0.38 0.779 0.41600000000000004 0.859 0.434 0.865 0.438 0.861 0.414 0.825 0.398 0.761 0.382 0.731 0.382 0.7190000000000001 0.4 0.705 0.40599999999999997 0.613 0.393 0.602 0.327 0.616 0.261 0.606
0 0.248 0.6910000000000001 0.207 0.618 0.197 0.616 0.177 0.634 0.126 0.655 0.128 0.689 0.149 0.718 0.191 0.726 0.23399999999999999 0.745 0.248 0.6910000000000001