0 0.503861003125 0.3608247421875 0.3880308875 0.4742268046875 0.2741312734375 0.626288659375 0.2799227796875 0.654639175 0.3513513515625 0.6675257734375 0.39961389999999997 0.654639175 0.4459459453125 0.5876288656249999 0.5888030890625 0.4381443296875 0.6544401546875 0.40721649531250004 0.652509653125 0.3891752578125 0.6640926640625 0.373711340625 0.6602316609375001 0.3221649484375 0.584942084375 0.30927835 0.5617760625 0.31958762812499997 0.503861003125 0.3608247421875
0 0.46911196874999994 0.6030927828125 0.4575289578125 0.623711340625 0.45366795312499997 0.6030927828125 0.4459459453125 0.623711340625 0.434362934375 0.623711340625 0.428571428125 0.6469072171875 0.4324324328125 0.65206185625 0.42084942031250006 0.6675257734375 0.42084942031250006 0.682989690625 0.428571428125 0.69329896875 0.4111969109375 0.7061855671874999 0.40733590781249995 0.6804123718749999 0.3976833984375 0.7242268046875 0.41891891875000004 0.742268040625 0.44401544375 0.739690721875 0.48069498125 0.7268041234375 0.5231660234375 0.6958762890625 0.646718146875 0.5876288656249999 0.65637065625 0.5695876281250001 0.652509653125 0.5231958765625 0.6640926640625 0.4974226796875 0.615830115625 0.4845360828125 0.596525096875 0.489690721875 0.5424710421875 0.5515463921875 0.46911196874999994 0.6030927828125
0 0.5984555984375 0.6984536078125 0.6544401546875 0.7061855671874999 0.6853281859375 0.7371134015624999 0.70656370625 0.7345360828125 0.73166023125 0.7268041234375 0.8745173749999999 0.623711340625 0.9343629343750001 0.5231958765625 0.9343629343750001 0.48711340156249994 0.9169884171874999 0.4742268046875 0.8204633203125 0.4845360828125 0.7123552125 0.546391753125 0.6274131281249999 0.6082474234374999 0.60617760625 0.65206185625 0.5984555984375 0.6984536078125
0 0.8629343625000001 0.644329896875 0.7123552125 0.742268040625 0.6833976828125 0.7912371140625 0.675675675 0.8530927828125 0.69305019375 0.8711340203125 0.7606177609375 0.873711340625 0.8397683390624999 0.835051546875 0.9478764484375001 0.7525773203125 0.965250965625 0.7242268046875 0.96911196875 0.65206185625 0.9324324328125 0.623711340625 0.909266409375 0.6288659796875 0.808880309375 0.7835051546875 0.822393821875 0.72938144375 0.8571428578125 0.6726804125 0.8629343625000001 0.644329896875
0 0.8918918921874999 1 1 0.9974226796875 0.9980694984375 0.7319587624999999 0.9575289578125 0.7912371140625 0.8957528953124999 0.904639175 0.8378378375000001 0.9768041234375 0.8301158296875 0.9974226796875 0.8397683390624999 1 0.847490346875 1 0.8552123546875 1 0.8629343625000001 1 0.8918918921874999 1
0 0.8243243250000001 1 0.8455598453125001 0.96134020625 0.8957528953124999 0.8994845359375001 0.9498069499999999 0.80670103125 0.9575289578125 0.7757731953125 0.940154440625 0.7680412375000001 0.7702702703125001 0.8865979375 0.7297297296874999 0.9458762890625 0.71814671875 0.9974226796875 0.7239382234375 1 0.7644787640625 1 0.8243243250000001 1
0 0.55598455625 0.8324742265625 0.55598455625 0.796391753125 0.546332046875 0.7938144328125001 0.5386100390624999 0.8041237109375 0.503861003125 0.8298969078124999 0.49420849375 0.8634020625 0.4980694984375 0.8685567015625001 0.4980694984375 0.8840206187499999 0.5135135140625 0.9201030921875001 0.534749034375 0.9484536078125 0.546332046875 0.9484536078125 0.5501930500000001 0.9536082468749999 0.55598455625 0.951030928125 0.565637065625 0.9484536078125 0.6177606171875001 0.8891752578125001 0.625482625 0.8634020625 0.6332046328125001 0.8530927828125 0.6332046328125001 0.8427835046875 0.6235521234375 0.835051546875 0.584942084375 0.835051546875 0.58108108125 0.8402061859375 0.5617760625 0.8402061859375 0.55598455625 0.8324742265625
0 0.40540540468749997 0.8685567015625001 0.409266409375 0.904639175 0.42471042499999995 0.904639175 0.48841698906250003 0.876288659375 0.4980694984375 0.837628865625 0.5675675671875 0.77061855625 0.5675675671875 0.7551546390625 0.5984555984375 0.682989690625 0.6003860999999999 0.6391752578125 0.4768339765625 0.742268040625 0.44401544375 0.780927834375 0.42471042499999995 0.8479381437500001 0.40540540468749997 0.8685567015625001
0 0.0019305015625000002 1 0.34362934375 0.9974226796875 0.3764478765625 0.9742268046874999 0.40733590781249995 0.969072165625 0.409266409375 0.9407216500000001 0.372586871875 0.912371134375 0.30694980625 0.9175257734375 0.2876447875 0.8865979375 0.2606177609375 0.876288659375 0.0984555984375 0.8865979375 0 0.9097938140625 0.0019305015625000002 1
0 0.04440154375 0.721649484375 0.040540540624999996 0.7164948453125 0.0019305015625000002 0.7164948453125 0 0.8582474234375 0.038610039062500004 0.8582474234375 0.0521235515625 0.8505154640624999 0.06177606249999999 0.837628865625 0.06177606249999999 0.8221649484375 0.06949806875 0.80670103125 0.06949806875 0.796391753125 0.07722007656249999 0.7757731953125 0.0733590734375 0.7551546390625 0.06949806875 0.7448453609375 0.0521235515625 0.721649484375 0.04440154375 0.721649484375
0 0 0.430412371875 0.00579150625 0.4278350515625 0.0115830109375 0.44072164999999996 0.0868725875 0.3917525765625 0.1370656375 0.31958762812499997 0.2104247109375 0.2525773203125 0.22393822343749997 0.22938144375 0.2104247109375 0.21649484531250002 0.175675675 0.221649484375 0.0868725875 0.2628865984375 0.00579150625 0.3144329890625 0 0.3221649484375 0 0.430412371875
0 0.0926640921875 0.4097938140625 0.0926640921875 0.45103092812499995 0.0984555984375 0.45876288593750003 0.135135134375 0.46134020624999994 0.22586872656249998 0.40206185625 0.3262548265625 0.31958762812499997 0.3667953671875 0.25 0.359073359375 0.213917525 0.3262548265625 0.19072165000000002 0.283783784375 0.19587628906250001 0.22586872656249998 0.2371134015625 0.140926640625 0.31958762812499997 0.10424710468750001 0.36855670156250003 0.0926640921875 0.4097938140625
0 0.146718146875 0.5025773203125 0.1544401546875 0.55927835 0.1640926640625 0.5721649484375 0.17760617812499999 0.5695876281250001 0.1988416984375 0.5515463921875 0.23359073281249998 0.55670103125 0.364864865625 0.453608246875 0.43629343593750003 0.34793814375 0.44401544375 0.30670103125 0.364864865625 0.3144329890625 0.3262548265625 0.3298969078125 0.191119690625 0.4381443296875 0.1544401546875 0.48195876249999997 0.146718146875 0.5025773203125
0 0.3918918921875 0.4175257734375 0.36872586875 0.453608246875 0.22586872656249998 0.5721649484375 0.20077219999999998 0.6211340203125 0.20077219999999998 0.6469072171875 0.22586872656249998 0.6597938140624999 0.24324324375 0.6572164953125 0.26447876406250004 0.6494845359375 0.2741312734375 0.6211340203125 0.333976834375 0.5412371140625 0.34942085 0.530927834375 0.3957528953125 0.463917525 0.41891891875000004 0.44329896875 0.4324324328125 0.42525773125 0.4324324328125 0.41494845312499995 0.415057915625 0.40721649531250004 0.3918918921875 0.4175257734375
0 0.6274131281249999 0.087628865625 0.6081081078125 0.1030927828125 0.49613899687499996 0.257731959375 0.45559845625 0.296391753125 0.4517374515625 0.34278350468749996 0.459459459375 0.38402061875000004 0.46718146718750003 0.3891752578125 0.5231660234375 0.345360825 0.5540540546875 0.3041237109375 0.596525096875 0.2731958765625 0.6332046328125001 0.22938144375 0.6428571421875 0.2061855671875 0.6621621625 0.19587628906250001 0.6949806953125 0.15206185625 0.6949806953125 0.12113402031250001 0.6621621625 0.087628865625 0.6274131281249999 0.087628865625
0 0.5424710421875 0 0.515444015625 0.030927834375 0.39382239375 0.2242268046875 0.38610038593749996 0.2448453609375 0.389961390625 0.286082475 0.4131274125 0.286082475 0.44980695 0.2628865984375 0.4768339765625 0.257731959375 0.503861003125 0.2371134015625 0.5926640921875 0.1134020625 0.6332046328125001 0.069587628125 0.640926640625 0.0438144328125 0.6370656375 0.007731959375 0.63127413125 0 0.5424710421875 0
0 0.8166023171875001 0.0721649484375 0.7895752890625001 0.0824742265625 0.7277992281250001 0.1288659796875 0.671814671875 0.19329896875000002 0.6486486484375 0.25 0.6583011578125 0.2628865984375 0.6949806953125 0.260309278125 0.7393822390625 0.2371134015625 0.7625482625 0.2319587625 0.797297296875 0.2061855671875 0.808880309375 0.2061855671875 0.8320463328125 0.19072165000000002 0.8571428578125 0.15206185625 0.8610038609374999 0.1365979375 0.8571428578125 0.1005154640625 0.84362934375 0.0824742265625 0.8166023171875001 0.0721649484375
0 0.8513513515625 0.201030928125 0.84362934375 0.201030928125 0.7741312734375 0.2474226796875 0.7432432437500001 0.278350515625 0.7277992281250001 0.2835051546875 0.6988416984375 0.34278350468749996 0.6988416984375 0.3582474234375 0.7084942078124999 0.36597938124999996 0.7451737453125 0.36855670156250003 0.7741312734375 0.36597938124999996 0.7895752890625001 0.35567010312499997 0.8320463328125 0.3144329890625 0.8590733593750001 0.2731958765625 0.8822393828124999 0.2525773203125 0.8918918921874999 0.239690721875 0.8918918921874999 0.22938144375 0.8822393828124999 0.21649484531250002 0.8667953671875 0.21649484531250002 0.8513513515625 0.201030928125
0 0.89382239375 0.2474226796875 0.8706563703124999 0.2628865984375 0.8416988421875 0.3015463921875 0.8378378375000001 0.36855670156250003 0.833976834375 0.38402061875000004 0.8262548265625 0.3891752578125 0.8262548265625 0.40463917499999996 0.8359073359375 0.412371134375 0.8494208499999999 0.4097938140625 0.8513513515625 0.3969072171875 0.8590733593750001 0.40721649531250004 0.8629343625000001 0.3969072171875 0.8976833984375 0.38144329843749997 0.9922779921875 0.3015463921875 1 0.286082475 0.9980694984375 0.13402061875 0.990347490625 0.13402061875 0.9362934359375 0.1855670109375 0.89382239375 0.2474226796875
0 0.2876447875 0.19072165000000002 0.29922780000000004 0.1855670109375 0.33976833906250004 0.1881443296875 0.44980695 0.123711340625 0.47104247031249996 0.0902061859375 0.47104247031249996 0.0541237109375 0.46718146718750003 0.0438144328125 0.44208494218750005 0.041237114062500003 0.384169884375 0.067010309375 0.2953667953125 0.1391752578125 0.277992278125 0.162371134375 0.277992278125 0.1726804125 0.2876447875 0.19072165000000002
0 0.2953667953125 0 0.272200771875 0.0154639171875 0.2046332046875 0.0902061859375 0.196911196875 0.1469072171875 0.20656370625 0.15979381406249998 0.22007722031250002 0.15721649531249998 0.26447876406250004 0.1494845359375 0.3455598453125 0.087628865625 0.36872586875 0.0773195875 0.40540540468749997 0.0438144328125 0.409266409375 0.007731959375 0.40347490312499995 0 0.2953667953125 0
0 0.21814671875 0.041237114062500003 0.202702703125 0.05670103125 0.1486486484375 0.09278350468749999 0.10424710468750001 0.15721649531249998 0.10424710468750001 0.1726804125 0.12548262500000001 0.19587628906250001 0.146718146875 0.19329896875000002 0.1795366796875 0.17525773125 0.196911196875 0.15721649531249998 0.19305019375000002 0.15206185625 0.19305019375000002 0.1417525765625 0.196911196875 0.1365979375 0.20077219999999998 0.09536082500000001 0.2046332046875 0.085051546875 0.2355212359375 0.048969071875 0.23359073281249998 0.041237114062500003 0.21814671875 0.041237114062500003
0 0.11003860937500001 0 0.0945945953125 0.010309278125 0.06949806875 0.048969071875 0.057915057812500004 0.1005154640625 0.059845559375 0.123711340625 0.084942084375 0.12113402031250001 0.1138996140625 0.1134020625 0.16023166093750002 0.067010309375 0.175675675 0.0618556703125 0.222007721875 0.030927834375 0.24324324375 0.007731959375 0.23745173749999998 0 0.11003860937500001 0