0 0.22734375 0.38203125 0.1875 0.3
0 0.41796875 0.44296875 0.221875 0.375
0 0.3734375 0.26015625 0.1609375 0.2109375
0 0.4921875 0.22421875 0.1375 0.1515625
0 0.6140625 0.21171875 0.19375 0.353125
0 0.54375 0.396875 0.1546875 0.3046875
0 0.69609375 0.4265625 0.159375 0.3171875
0 0.75859375 0.31875 0.13125 0.29375
0 0.82890625 0.61171875 0.20625 0.2953125
0 0.60703125 0.590625 0.134375 0.20625
0 0.6921875 0.6859375 0.1578125 0.240625
0 0.52734375 0.70078125 0.2484375 0.2359375
0 0.29453125 0.515625 0.0703125 0.1265625
0 0.30078125 0.67578125 0.2421875 0.28125
0 0.16640625 0.62421875 0.19375 0.2609375
0 0.10078125 0.5234375 0.121875 0.2140625
0 0.19375 0.27890625 0.1609375 0.259375