0 0.584942084375 0.5257731953125 0.5733590734375 0.5257731953125 0.5579150578125 0.536082475 0.559845559375 0.507731959375 0.5501930500000001 0.4948453609375 0.5115830109374999 0.4948453609375 0.49420849375 0.5128865984375001 0.49034749062499994 0.528350515625 0.4980694984375 0.55927835 0.49227799218749996 0.567010309375 0.48841698906250003 0.5618556703124999 0.48069498125 0.567010309375 0.459459459375 0.6005154640625 0.459459459375 0.65206185625 0.4729729734375 0.6804123718749999 0.48069498125 0.6804123718749999 0.5 0.6958762890625 0.515444015625 0.701030928125 0.51930501875 0.6958762890625 0.5231660234375 0.701030928125 0.54440154375 0.6984536078125 0.5501930500000001 0.69072165 0.565637065625 0.6855670109374999 0.56949806875 0.69072165 0.584942084375 0.6701030921875 0.6119691125 0.6494845359375 0.6293436296875 0.6159793812500001 0.6293436296875 0.595360825 0.6177606171875001 0.5541237109375 0.6042471046875 0.536082475 0.584942084375 0.5257731953125
0 0.3455598453125 0.3298969078125 0.3378378375 0.335051546875 0.29922780000000004 0.3298969078125 0.2799227796875 0.34020618593749996 0.2702702703125 0.3530927828125 0.2702702703125 0.36855670156250003 0.258687259375 0.38402061875000004 0.26447876406250004 0.3969072171875 0.25675675625 0.38659793750000004 0.252895753125 0.3917525765625 0.2509652515625 0.3788659796875 0.247104246875 0.3788659796875 0.247104246875 0.3891752578125 0.2393822390625 0.39432989687500003 0.23166023125000001 0.41494845312499995 0.2355212359375 0.42525773125 0.23166023125000001 0.43556701093749994 0.247104246875 0.44072164999999996 0.2393822390625 0.45103092812499995 0.2393822390625 0.48711340156249994 0.247104246875 0.5180412375000001 0.2606177609375 0.536082475 0.2799227796875 0.5515463921875 0.303088803125 0.546391753125 0.31853281875 0.5618556703124999 0.328185328125 0.55927835 0.3571428578125 0.546391753125 0.3764478765625 0.510309278125 0.384169884375 0.510309278125 0.40154440156250004 0.49226804062499996 0.409266409375 0.4561855671875 0.409266409375 0.42525773125 0.3976833984375 0.40463917499999996 0.3976833984375 0.38402061875000004 0.372586871875 0.345360825 0.3455598453125 0.3298969078125
0 0.16023166093750002 0.19072165000000002 0.1447876453125 0.201030928125 0.1293436296875 0.201030928125 0.11003860937500001 0.21649484531250002 0.0926640921875 0.25 0.0926640921875 0.34278350468749996 0.10038609999999999 0.3582474234375 0.121621621875 0.38144329843749997 0.1447876453125 0.3969072171875 0.1583011578125 0.39432989687500003 0.166023165625 0.36855670156250003 0.1833976828125 0.345360825 0.191119690625 0.34020618593749996 0.22586872656249998 0.345360825 0.23166023125000001 0.3324742265625 0.2046332046875 0.29123711406249997 0.22393822343749997 0.239690721875 0.1988416984375 0.201030928125 0.1833976828125 0.19072165000000002 0.16023166093750002 0.19072165000000002
0 0.2393822390625 0.105670103125 0.21814671875 0.0824742265625 0.20656370625 0.0618556703125 0.18725868750000002 0.0515463921875 0.15637065625 0.0515463921875 0.12548262500000001 0.067010309375 0.1119691125 0.0902061859375 0.10810810781249999 0.1108247421875 0.1023166015625 0.1185567015625 0.0945945953125 0.1185567015625 0.084942084375 0.1365979375 0.07722007656249999 0.1675257734375 0.084942084375 0.1881443296875 0.084942084375 0.203608246875 0.0926640921875 0.219072165625 0.10038609999999999 0.2242268046875 0.12548262500000001 0.201030928125 0.1833976828125 0.1855670109375 0.191119690625 0.164948453125 0.202702703125 0.164948453125 0.23359073281249998 0.1855670109375 0.2393822390625 0.17783505156249999 0.2393822390625 0.15206185625 0.24324324375 0.1469072171875 0.24324324375 0.11597938125 0.2393822390625 0.105670103125
0 0 0.430412371875 0.007722007812499999 0.4458762890625 0.021235521875 0.45876288593750003 0.0328185328125 0.463917525 0.057915057812500004 0.46134020624999994 0.0675675671875 0.45876288593750003 0.0830115828125 0.4381443296875 0.0945945953125 0.4381443296875 0.10617760624999999 0.4278350515625 0.1196911203125 0.40463917499999996 0.1196911203125 0.38402061875000004 0.1023166015625 0.36597938124999996 0.0926640921875 0.34793814375 0.08880308906249999 0.239690721875 0.0830115828125 0.2319587625 0.0733590734375 0.2345360828125 0.084942084375 0.2448453609375 0.0830115828125 0.278350515625 0.0791505796875 0.2731958765625 0.075289575 0.278350515625 0.0637065640625 0.2628865984375 0.05598455625 0.2628865984375 0.0540540546875 0.2551546390625 0.06177606249999999 0.25 0.05598455625 0.24226804062500001 0.048262548437500004 0.257731959375 0.0289575296875 0.257731959375 0 0.27061855625 0 0.430412371875
0 0.057915057812500004 0.6108247421875 0.04440154375 0.5927835046875 0.040540540624999996 0.5927835046875 0.021235521875 0.5721649484375 0.0019305015625000002 0.5618556703124999 0 0.7345360828125 0.021235521875 0.7371134015624999 0.0366795359375 0.7474226796875 0.0540540546875 0.7448453609375 0.06177606249999999 0.7345360828125 0.06177606249999999 0.719072165625 0.065637065625 0.7087628859375 0.071428571875 0.7061855671874999 0.08108108124999999 0.6881443296875001 0.08108108124999999 0.6675257734375 0.07722007656249999 0.6623711343750001 0.07722007656249999 0.65206185625 0.06177606249999999 0.6314432984375 0.057915057812500004 0.6108247421875
0 0.0424710421875 0.7551546390625 0.0289575296875 0.742268040625 0.0019305015625000002 0.7371134015624999 0 0.9561855671874999 0.015444015624999998 0.9561855671874999 0.025096524999999998 0.9536082468749999 0.0424710421875 0.930412371875 0.046332046875 0.914948453125 0.0540540546875 0.904639175 0.0540540546875 0.894329896875 0.057915057812500004 0.8891752578125001 0.057915057812500004 0.8118556703124999 0.0540540546875 0.80670103125 0.0540540546875 0.7757731953125 0.0424710421875 0.7551546390625
0 0.121621621875 0.7113402062499999 0.1119691125 0.703608246875 0.10424710468750001 0.6881443296875001 0.10424710468750001 0.6778350515625 0.0945945953125 0.6701030921875 0.08880308906249999 0.682989690625 0.08880308906249999 0.69329896875 0.065637065625 0.719072165625 0.065637065625 0.72938144375 0.057915057812500004 0.75 0.057915057812500004 0.7912371140625 0.06177606249999999 0.796391753125 0.06177606249999999 0.8324742265625 0.0791505796875 0.855670103125 0.0868725875 0.8608247421874999 0.1119691125 0.8582474234375 0.12548262500000001 0.855670103125 0.1447876453125 0.8402061859375 0.1544401546875 0.8273195875000001 0.16216216249999998 0.7912371140625 0.1853281859375 0.7757731953125 0.1853281859375 0.760309278125 0.18918918906249999 0.7551546390625 0.18918918906249999 0.719072165625 0.16023166093750002 0.701030928125 0.121621621875 0.7113402062499999
0 0.15637065625 0.5 0.1370656375 0.489690721875 0.1196911203125 0.507731959375 0.10038609999999999 0.5386597937500001 0.09652509687500001 0.5541237109375 0.09652509687500001 0.57474226875 0.10810810781249999 0.605670103125 0.0926640921875 0.626288659375 0.09652509687500001 0.6572164953125 0.1177606171875 0.7061855671874999 0.1332046328125 0.7061855671874999 0.1389961390625 0.6984536078125 0.1370656375 0.69072165 0.127413128125 0.6881443296875001 0.1428571421875 0.682989690625 0.13127413125 0.6675257734375 0.1370656375 0.664948453125 0.1640926640625 0.701030928125 0.1795366796875 0.7113402062499999 0.20077219999999998 0.7087628859375 0.227799228125 0.6726804125 0.22393822343749997 0.6005154640625 0.227799228125 0.585051546875 0.25482625468750003 0.548969071875 0.25482625468750003 0.5386597937500001 0.2490347484375 0.530927834375 0.2297297296875 0.530927834375 0.222007721875 0.5412371140625 0.191119690625 0.5412371140625 0.15637065625 0.5
0 0.31081081093749996 0.6597938140624999 0.26447876406250004 0.664948453125 0.2490347484375 0.67525773125 0.2084942078125 0.72938144375 0.20077219999999998 0.760309278125 0.2046332046875 0.7912371140625 0.2142857140625 0.8092783499999999 0.23745173749999998 0.82474226875 0.26447876406250004 0.8608247421874999 0.272200771875 0.8659793812500001 0.28185328125 0.8634020625 0.2876447875 0.8505154640624999 0.29922780000000004 0.8608247421874999 0.30694980625 0.8608247421874999 0.31081081093749996 0.8505154640624999 0.3378378375 0.8298969078124999 0.3629343625 0.7654639171875 0.3629343625 0.7242268046875 0.3552123546875 0.703608246875 0.3378378375 0.6804123718749999 0.31081081093749996 0.6597938140624999
0 0.171814671875 0.7886597937500001 0.1583011578125 0.8118556703124999 0.1544401546875 0.837628865625 0.135135134375 0.8582474234375 0.127413128125 0.894329896875 0.135135134375 0.9201030921875001 0.1486486484375 0.9381443296875001 0.16023166093750002 0.9381443296875001 0.171814671875 0.9484536078125 0.1949806953125 0.9536082468749999 0.1988416984375 0.9587628859375 0.22007722031250002 0.9561855671874999 0.2490347484375 0.94329896875 0.2741312734375 0.9097938140625 0.2741312734375 0.873711340625 0.2490347484375 0.8505154640624999 0.23745173749999998 0.8298969078124999 0.222007721875 0.8298969078124999 0.21621621562499999 0.8118556703124999 0.1988416984375 0.7835051546875 0.1795366796875 0.7835051546875 0.171814671875 0.7886597937500001
0 0.521235521875 1 0.525096525 0.9974226796875 0.521235521875 0.9664948453125 0.49227799218749996 0.9278350515625 0.4459459453125 0.9329896906249999 0.43050193124999997 0.8865979375 0.4111969109375 0.8865979375 0.3764478765625 0.9278350515625 0.3571428578125 0.9175257734375 0.3455598453125 0.8969072171875 0.2953667953125 0.8917525765625 0.2664092671875 0.92525773125 0.2509652515625 0.96134020625 0.25675675625 1 0.521235521875 1
0 0.646718146875 1 0.666023165625 0.9639175249999999 0.671814671875 0.9664948453125 0.6679536671874999 0.9716494843750001 0.671814671875 0.9819587625 0.6640926640625 0.9871134015624999 0.666023165625 0.9948453609374999 0.69305019375 1 0.7046332046875 0.9948453609374999 0.7046332046875 0.9845360828124999 0.7200772203125 1 0.7297297296874999 0.9922680406250001 0.7297297296874999 0.9407216500000001 0.6988416984375 0.9097938140625 0.6988416984375 0.8840206187499999 0.69305019375 0.876288659375 0.666023165625 0.876288659375 0.652509653125 0.8427835046875 0.6428571421875 0.8298969078124999 0.6235521234375 0.835051546875 0.6081081078125 0.855670103125 0.584942084375 0.8659793812500001 0.5714285718750001 0.8891752578125001 0.5675675671875 0.904639175 0.5675675671875 0.9407216500000001 0.5714285718750001 0.9458762890625 0.5675675671875 0.9716494843750001 0.5714285718750001 0.9768041234375 0.5714285718750001 0.9922680406250001 0.58108108125 1 0.6370656375 1 0.646718146875 1
0 0.7335907328125 0.682989690625 0.7123552125 0.664948453125 0.6621621625 0.6597938140624999 0.6332046328125001 0.69329896875 0.6293436296875 0.7087628859375 0.625482625 0.7654639171875 0.6332046328125001 0.8015463921875 0.6447876453125 0.8170103093750001 0.666023165625 0.8711340203125 0.6891891890624999 0.8711340203125 0.7007722000000001 0.8814432984374999 0.7297297296874999 0.8788659796875 0.7509652515624999 0.876288659375 0.7644787640625 0.8634020625 0.7722007718749999 0.8221649484375 0.7722007718749999 0.75 0.7992277999999999 0.719072165625 0.7992277999999999 0.6984536078125 0.7741312734375 0.6958762890625 0.758687259375 0.7061855671874999 0.7432432437500001 0.7061855671874999 0.7335907328125 0.682989690625
0 0.752895753125 0.6778350515625 0.7606177609375 0.6778350515625 0.7606177609375 0.6572164953125 0.758687259375 0.654639175 0.7548262546875 0.6597938140624999 0.7451737453125 0.65206185625 0.7451737453125 0.6417525765625001 0.752895753125 0.6365979375 0.7509652515624999 0.6288659796875 0.7432432437500001 0.6340206187499999 0.7393822390625 0.644329896875 0.7355212359375 0.6391752578125 0.7335907328125 0.6469072171875 0.7393822390625 0.6494845359375 0.7451737453125 0.6623711343750001 0.7451737453125 0.6984536078125 0.7606177609375 0.6984536078125 0.7702702703125001 0.6958762890625 0.7741312734375 0.69072165 0.7857142859375 0.69072165 0.7915057921875001 0.682989690625 0.7915057921875001 0.6778350515625 0.7857142859375 0.67525773125 0.7741312734375 0.6855670109374999 0.7664092671875 0.6804123718749999 0.7548262546875 0.6958762890625 0.752895753125 0.6778350515625
0 0.7644787640625 0.5798969078125 0.7606177609375 0.6159793812500001 0.7741312734375 0.6288659796875 0.7799227796875 0.6417525765625001 0.7799227796875 0.6469072171875 0.76833976875 0.6572164953125 0.76833976875 0.6675257734375 0.7895752890625001 0.654639175 0.797297296875 0.6597938140624999 0.8030888031250001 0.6726804125 0.7992277999999999 0.682989690625 0.8069498062499999 0.6984536078125 0.8069498062499999 0.713917525 0.8281853281249999 0.7319587624999999 0.8397683390624999 0.7371134015624999 0.8803088796875 0.7345360828125 0.8957528953124999 0.682989690625 0.8957528953124999 0.6623711343750001 0.8841698843750001 0.6314432984375 0.8803088796875 0.6005154640625 0.8532818531249999 0.55927835 0.84362934375 0.536082475 0.808880309375 0.530927834375 0.79343629375 0.5412371140625 0.78185328125 0.5515463921875 0.7644787640625 0.5798969078125
0 0.68146718125 0.4484536078125 0.6698841703125 0.4484536078125 0.652509653125 0.5180412375000001 0.6447876453125 0.5180412375000001 0.652509653125 0.4974226796875 0.6389961390625001 0.4948453609375 0.6138996140625 0.5231958765625 0.6138996140625 0.5386597937500001 0.6332046328125001 0.6005154640625 0.6293436296875 0.605670103125 0.6293436296875 0.626288659375 0.6389961390625001 0.6288659796875 0.6544401546875 0.654639175 0.702702703125 0.6572164953125 0.7123552125 0.654639175 0.7200772203125 0.644329896875 0.7277992281250001 0.644329896875 0.7567567562499999 0.6159793812500001 0.7606177609375 0.55927835 0.747104246875 0.530927834375 0.716216215625 0.52061855625 0.691119690625 0.47680412343749995 0.691119690625 0.46134020624999994 0.68146718125 0.4484536078125
0 0.7664092671875 0.3298969078125 0.7393822390625 0.3298969078125 0.7142857140625 0.3582474234375 0.70656370625 0.3788659796875 0.70656370625 0.43556701093749994 0.7104247109374999 0.4458762890625 0.6988416984375 0.46134020624999994 0.6988416984375 0.47680412343749995 0.70656370625 0.4974226796875 0.7277992281250001 0.52061855625 0.758687259375 0.5257731953125 0.7625482625 0.530927834375 0.7664092671875 0.5257731953125 0.7779922781249999 0.536082475 0.7992277999999999 0.5335051546875 0.8320463328125 0.530927834375 0.8416988421875 0.5231958765625 0.8416988421875 0.4974226796875 0.8571428578125 0.46649484531249996 0.8532818531249999 0.42525773125 0.833976834375 0.3994845359375 0.833976834375 0.38402061875000004 0.8050193046875 0.3505154640625 0.7779922781249999 0.345360825 0.7664092671875 0.3298969078125
0 0.978764478125 0.5412371140625 0.9594594593749999 0.536082475 0.9285714281249999 0.5051546390625 0.89382239375 0.5 0.8590733593750001 0.5257731953125 0.8494208499999999 0.5386597937500001 0.8532818531249999 0.5541237109375 0.8841698843750001 0.6005154640625 0.8957528953124999 0.6469072171875 0.9111969109375 0.6469072171875 0.8957528953124999 0.6675257734375 0.8957528953124999 0.6984536078125 0.8918918921874999 0.7087628859375 0.9015444015625 0.7164948453125 0.9266409265625001 0.713917525 0.9594594593749999 0.701030928125 0.996138996875 0.6675257734375 0.996138996875 0.6572164953125 0.9806949812499999 0.626288659375 0.9826254828125001 0.6185567015625 0.9864864859375 0.623711340625 0.996138996875 0.6159793812500001 0.996138996875 0.5798969078125 0.9884169890625 0.5541237109375 0.978764478125 0.5412371140625
0 1 0.8685567015625001 0.9768339765625 0.8427835046875 0.9729729734375001 0.8324742265625 0.9768339765625 0.8221649484375 0.9710424703125 0.8144329890625001 0.940154440625 0.819587628125 0.93050193125 0.837628865625 0.9343629343750001 0.8427835046875 0.93050193125 0.8530927828125 0.9131274125 0.8608247421874999 0.9015444015625 0.8608247421874999 0.889961390625 0.8402061859375 0.8706563703124999 0.82474226875 0.8281853281249999 0.82474226875 0.8166023171875001 0.8298969078124999 0.7953667953125 0.8582474234375 0.7876447875 0.8891752578125001 0.7915057921875001 0.9458762890625 0.7992277999999999 0.9768041234375 0.8127413125 1 0.9459459453125 1 1 0.9974226796875 1 0.8685567015625001
0 0.70656370625 0.3221649484375 0.696911196875 0.30927835 0.68146718125 0.3041237109375 0.666023165625 0.2835051546875 0.6544401546875 0.278350515625 0.6274131281249999 0.278350515625 0.615830115625 0.28865979375 0.6003860999999999 0.29381443281249997 0.5945945953125 0.30670103125 0.5945945953125 0.3221649484375 0.590733590625 0.3273195875 0.6023166015625 0.34793814375 0.6023166015625 0.373711340625 0.5984555984375 0.3788659796875 0.6023166015625 0.39432989687500003 0.5984555984375 0.3994845359375 0.5984555984375 0.41494845312499995 0.6177606171875001 0.44072164999999996 0.6216216218749999 0.45103092812499995 0.6216216218749999 0.47680412343749995 0.6274131281249999 0.4845360828125 0.65637065625 0.48195876249999997 0.6698841703125 0.44329896875 0.677606178125 0.4381443296875 0.6891891890624999 0.4484536078125 0.6988416984375 0.4458762890625 0.6988416984375 0.42525773125 0.70656370625 0.3994845359375 0.70656370625 0.36855670156250003 0.7142857140625 0.3582474234375 0.7142857140625 0.34793814375 0.70656370625 0.3221649484375
0 0.6003860999999999 0.345360825 0.584942084375 0.34020618593749996 0.5772200765625 0.35567010312499997 0.5540540546875 0.3711340203125 0.49227799218749996 0.36597938124999996 0.478764478125 0.3788659796875 0.46718146718750003 0.40463917499999996 0.46718146718750003 0.43556701093749994 0.48069498125 0.463917525 0.49227799218749996 0.463917525 0.49420849375 0.471649484375 0.515444015625 0.4948453609375 0.5540540546875 0.4948453609375 0.565637065625 0.5257731953125 0.6023166015625 0.5231958765625 0.6081081078125 0.52061855625 0.6177606171875001 0.5025773203125 0.6216216218749999 0.4561855671875 0.6177606171875001 0.4458762890625 0.6042471046875 0.4278350515625 0.596525096875 0.4278350515625 0.5868725875 0.4097938140625 0.5868725875 0.39432989687500003 0.6023166015625 0.3582474234375 0.6003860999999999 0.345360825
0 0.546332046875 0.180412371875 0.515444015625 0.180412371875 0.48841698906250003 0.201030928125 0.46718146718750003 0.2345360828125 0.46718146718750003 0.2551546390625 0.459459459375 0.27061855625 0.45559845625 0.3015463921875 0.48069498125 0.36597938124999996 0.55598455625 0.36340206249999996 0.5733590734375 0.3505154640625 0.5868725875 0.3324742265625 0.5984555984375 0.2757731953125 0.584942084375 0.2525773203125 0.5637065640625 0.2448453609375 0.5772200765625 0.24226804062500001 0.5830115828125 0.2345360828125 0.5791505796875 0.219072165625 0.5617760625 0.19072165000000002 0.546332046875 0.180412371875
0 0.34362934375 0.3015463921875 0.34362934375 0.3221649484375 0.3571428578125 0.335051546875 0.372586871875 0.34020618593749996 0.39382239375 0.36340206249999996 0.40154440156250004 0.3994845359375 0.4131274125 0.42525773125 0.4131274125 0.43556701093749994 0.41891891875000004 0.44329896875 0.459459459375 0.44072164999999996 0.46332046406250005 0.43556701093749994 0.46718146718750003 0.3994845359375 0.47490347499999996 0.38402061875000004 0.47104247031249996 0.34793814375 0.46332046406250005 0.3273195875 0.42277992343750004 0.2680412375 0.40733590781249995 0.257731959375 0.3764478765625 0.257731959375 0.347490346875 0.29123711406249997 0.34362934375 0.3015463921875
0 0.43050193124999997 0.164948453125 0.4131274125 0.162371134375 0.409266409375 0.126288659375 0.39961389999999997 0.1134020625 0.384169884375 0.1185567015625 0.3764478765625 0.144329896875 0.34942085 0.144329896875 0.3127413125 0.1675257734375 0.3127413125 0.203608246875 0.3166023171875 0.213917525 0.34942085 0.2680412375 0.3629343625 0.2654639171875 0.372586871875 0.257731959375 0.3918918921875 0.2525773203125 0.40154440156250004 0.2345360828125 0.40347490312499995 0.21134020625 0.415057915625 0.2371134015625 0.42277992343750004 0.2319587625 0.45559845625 0.22938144375 0.45559845625 0.2087628859375 0.44787644843749996 0.1881443296875 0.43050193124999997 0.164948453125
0 0.2490347484375 0.1855670109375 0.2355212359375 0.19845360781250002 0.2355212359375 0.2087628859375 0.23166023125000001 0.213917525 0.23166023125000001 0.22938144375 0.2355212359375 0.2345360828125 0.2355212359375 0.2448453609375 0.24324324375 0.2551546390625 0.24324324375 0.27061855625 0.247104246875 0.2757731953125 0.24324324375 0.3273195875 0.2490347484375 0.335051546875 0.25675675625 0.335051546875 0.26833976875 0.345360825 0.2702702703125 0.34278350468749996 0.2915057921875 0.3298969078125 0.33011582968750003 0.3298969078125 0.33976833906250004 0.31701030937499997 0.347490346875 0.27061855625 0.32432432499999997 0.2345360828125 0.31081081093749996 0.2061855671875 0.303088803125 0.201030928125 0.272200771875 0.201030928125 0.25675675625 0.1855670109375 0.2490347484375 0.1855670109375
0 0.048262548437500004 0.0051546390625 0.04440154375 0 0.040540540624999996 0.0051546390625 0.0289575296875 0.0051546390625 0.0270270265625 0.0180412375 0.0231660234375 0.023195876562500002 0.0270270265625 0.028350515625 0.0270270265625 0.0438144328125 0.0231660234375 0.048969071875 0.0270270265625 0.0541237109375 0.0270270265625 0.0798969078125 0.030888031249999996 0.085051546875 0.030888031249999996 0.09536082500000001 0.040540540624999996 0.1082474234375 0.059845559375 0.1082474234375 0.06177606249999999 0.12113402031250001 0.071428571875 0.13402061875 0.084942084375 0.1314432984375 0.08880308906249999 0.12113402031250001 0.10810810781249999 0.1005154640625 0.10810810781249999 0.09536082500000001 0.1196911203125 0.07474226875 0.1196911203125 0.0644329890625 0.13127413125 0.0335051546875 0.1235521234375 0.0025773203125 0.0637065640625 0 0.059845559375 0.0051546390625 0.048262548437500004 0.0051546390625
0 0 0.2551546390625 0.0270270265625 0.2551546390625 0.04440154375 0.2474226796875 0.057915057812500004 0.22938144375 0.057915057812500004 0.2242268046875 0.0733590734375 0.203608246875 0.07722007656249999 0.19329896875000002 0.07722007656249999 0.1469072171875 0.059845559375 0.123711340625 0.0521235515625 0.1185567015625 0.025096524999999998 0.1185567015625 0.021235521875 0.123711340625 0.00579150625 0.1288659796875 0 0.1365979375 0 0.2551546390625
0 0.8841698843750001 0.085051546875 0.878378378125 0.0721649484375 0.8706563703124999 0.067010309375 0.8397683390624999 0.067010309375 0.8281853281249999 0.0773195875 0.8204633203125 0.067010309375 0.7895752890625001 0.067010309375 0.7644787640625 0.0902061859375 0.7625482625 0.1134020625 0.7451737453125 0.12113402031250001 0.7335907328125 0.15206185625 0.7335907328125 0.18298969062499998 0.7490347484375001 0.2087628859375 0.7490347484375001 0.2242268046875 0.7567567562499999 0.2448453609375 0.7702702703125001 0.2628865984375 0.7799227796875 0.260309278125 0.8011583015625 0.257731959375 0.8050193046875 0.2525773203125 0.847490346875 0.257731959375 0.8610038609374999 0.2448453609375 0.8667953671875 0.2268041234375 0.8918918921874999 0.203608246875 0.8957528953124999 0.19329896875000002 0.8957528953124999 0.1469072171875 0.8880308875 0.1314432984375 0.8841698843750001 0.085051546875
0 1 0.2345360828125 0.9922779921875 0.22938144375 0.996138996875 0.219072165625 0.996138996875 0.2087628859375 0.9922779921875 0.203608246875 0.996138996875 0.17783505156249999 0.9884169890625 0.15206185625 0.974903475 0.144329896875 0.9594594593749999 0.1494845359375 0.9575289578125 0.15721649531249998 0.9478764484375001 0.164948453125 0.9343629343750001 0.1675257734375 0.93050193125 0.17783505156249999 0.9285714281249999 0.2371134015625 0.89382239375 0.24226804062500001 0.8861003859375 0.2474226796875 0.8764478765625 0.2654639171875 0.8803088796875 0.3015463921875 0.909266409375 0.335051546875 0.924710425 0.335051546875 0.9362934359375 0.345360825 0.965250965625 0.34278350468749996 1 0.3324742265625 1 0.2345360828125
0 0.9420849421874999 0.1417525765625 0.9420849421874999 0.15206185625 0.9498069499999999 0.15206185625 0.9555984562500001 0.1494845359375 0.965250965625 0.1314432984375 0.965250965625 0.1005154640625 0.9517374515625001 0.0773195875 0.9459459453125 0.0798969078125 0.953667953125 0.1005154640625 0.9420849421874999 0.105670103125 0.9420849421874999 0.126288659375 0.9343629343750001 0.1314432984375 0.9420849421874999 0.1417525765625
0 0.940154440625 0.0721649484375 0.9343629343750001 0.0644329890625 0.9343629343750001 0.05927835 0.9169884171874999 0.041237114062500003 0.889961390625 0.041237114062500003 0.8822393828124999 0.046391753125000004 0.8725868718750001 0.05927835 0.8725868718750001 0.0644329890625 0.8841698843750001 0.0798969078125 0.8880308875 0.12113402031250001 0.8957528953124999 0.1365979375 0.8957528953124999 0.213917525 0.909266409375 0.2268041234375 0.9266409265625001 0.2242268046875 0.93050193125 0.219072165625 0.93050193125 0.2087628859375 0.9266409265625001 0.203608246875 0.9266409265625001 0.1726804125 0.93050193125 0.1675257734375 0.93050193125 0.12113402031250001 0.9382239374999999 0.1005154640625 0.9382239374999999 0.0798969078125 0.9459459453125 0.07474226875 0.940154440625 0.0721649484375
0 0.7258687265625 0.2087628859375 0.716216215625 0.19587628906250001 0.69305019375 0.1855670109375 0.6795366796875 0.1726804125 0.671814671875 0.126288659375 0.646718146875 0.087628865625 0.635135134375 0.0824742265625 0.6119691125 0.0824742265625 0.596525096875 0.09278350468749999 0.5830115828125 0.11597938125 0.5830115828125 0.1314432984375 0.5675675671875 0.15721649531249998 0.5675675671875 0.19329896875000002 0.5830115828125 0.213917525 0.590733590625 0.2551546390625 0.6081081078125 0.2835051546875 0.6138996140625 0.280927834375 0.63127413125 0.2731958765625 0.640926640625 0.260309278125 0.65057915 0.2319587625 0.6583011578125 0.2319587625 0.666023165625 0.2474226796875 0.677606178125 0.2525773203125 0.68146718125 0.2474226796875 0.716216215625 0.24226804062500001 0.7258687265625 0.2242268046875 0.7258687265625 0.2087628859375
0 0.546332046875 0 0.534749034375 0.010309278125 0.5308880312500001 0 0.5231660234375 0.0051546390625 0.515444015625 0 0.4826254828125 0.0025773203125 0.4826254828125 0.012886598437499999 0.49420849375 0.0335051546875 0.48648648593750005 0.0541237109375 0.48648648593750005 0.09536082500000001 0.503861003125 0.1185567015625 0.5077220078125 0.1185567015625 0.5231660234375 0.144329896875 0.5328185328124999 0.1417525765625 0.546332046875 0.13402061875 0.5579150578125 0.1185567015625 0.56949806875 0.1185567015625 0.5772200765625 0.1134020625 0.5984555984375 0.0902061859375 0.6023166015625 0.07474226875 0.6177606171875001 0.0541237109375 0.6177606171875001 0.0438144328125 0.6216216218749999 0.03865979375 0.6216216218749999 0.012886598437499999 0.615830115625 0 0.546332046875 0
0 0.45366795312499997 0.09793814375 0.44980695 0.1030927828125 0.44208494218750005 0.1030927828125 0.428571428125 0.12113402031250001 0.42471042499999995 0.1314432984375 0.42471042499999995 0.1469072171875 0.44787644843749996 0.1881443296875 0.4517374515625 0.203608246875 0.459459459375 0.213917525 0.459459459375 0.2242268046875 0.46718146718750003 0.2242268046875 0.484555984375 0.201030928125 0.51930501875 0.17525773125 0.521235521875 0.15721649531249998 0.5173745171874999 0.15206185625 0.5135135140625 0.1314432984375 0.5077220078125 0.123711340625 0.49613899687499996 0.1185567015625 0.484555984375 0.1030927828125 0.4768339765625 0.09793814375 0.45366795312499997 0.09793814375
0 0.39961389999999997 0.4948453609375 0.3803088796875 0.5154639171875 0.3629343625 0.5438144328125001 0.36100386093750003 0.5721649484375 0.3571428578125 0.5721649484375 0.353281853125 0.5618556703124999 0.3455598453125 0.5618556703124999 0.3416988421875 0.567010309375 0.33011582968750003 0.567010309375 0.3204633203125 0.5798969078125 0.3204633203125 0.626288659375 0.3166023171875 0.6314432984375 0.3204633203125 0.6417525765625001 0.333976834375 0.654639175 0.353281853125 0.654639175 0.3571428578125 0.6494845359375 0.3667953671875 0.682989690625 0.3764478765625 0.6958762890625 0.39382239375 0.703608246875 0.41891891875000004 0.6804123718749999 0.44208494218750005 0.6804123718749999 0.45559845625 0.6675257734375 0.45559845625 0.5902061859375001 0.46332046406250005 0.5798969078125 0.46332046406250005 0.5541237109375 0.45559845625 0.528350515625 0.434362934375 0.5 0.42277992343750004 0.4948453609375 0.39961389999999997 0.4948453609375
0 0.503861003125 0.701030928125 0.49227799218749996 0.7164948453125 0.49034749062499994 0.6984536078125 0.4768339765625 0.6855670109374999 0.4613899609375 0.6804123718749999 0.415057915625 0.6855670109374999 0.389961390625 0.7242268046875 0.38610038593749996 0.7757731953125 0.39961389999999997 0.798969071875 0.40733590781249995 0.798969071875 0.4324324328125 0.8170103093750001 0.42084942031250006 0.8324742265625 0.4169884171875 0.8479381437500001 0.42084942031250006 0.8685567015625001 0.42664092656249997 0.876288659375 0.44208494218750005 0.8814432984374999 0.459459459375 0.8788659796875 0.48069498125 0.876288659375 0.48841698906250003 0.8659793812500001 0.49613899687499996 0.8711340203125 0.51930501875 0.8711340203125 0.534749034375 0.8608247421874999 0.55598455625 0.8221649484375 0.55598455625 0.780927834375 0.54440154375 0.75 0.51930501875 0.7061855671874999 0.503861003125 0.701030928125
0 0.227799228125 0.42010309218749997 0.23166023125000001 0.40463917499999996 0.2355212359375 0.39432989687500003 0.2664092671875 0.3582474234375 0.2664092671875 0.34793814375 0.2490347484375 0.335051546875 0.24131274062500002 0.335051546875 0.22586872656249998 0.35567010312499997 0.21814671875 0.35567010312499997 0.20656370625 0.345360825 0.191119690625 0.345360825 0.1795366796875 0.35567010312499997 0.166023165625 0.373711340625 0.16216216249999998 0.3994845359375 0.146718146875 0.41494845312499995 0.1428571421875 0.430412371875 0.1428571421875 0.471649484375 0.15057915 0.49226804062499996 0.1679536671875 0.5051546390625 0.18725868750000002 0.536082475 0.1988416984375 0.5412371140625 0.21621621562499999 0.5386597937500001 0.23166023125000001 0.5231958765625 0.22393822343749997 0.5025773203125 0.22586872656249998 0.4948453609375 0.23166023125000001 0.4974226796875 0.23166023125000001 0.48195876249999997 0.22393822343749997 0.47680412343749995 0.22393822343749997 0.46649484531249996 0.23166023125000001 0.4561855671875 0.227799228125 0.45103092812499995 0.227799228125 0.42010309218749997
0 0.272200771875 0 0.2664092671875 0.0180412375 0.2741312734375 0.03865979375 0.2702702703125 0.05927835 0.277992278125 0.0798969078125 0.308880309375 0.0902061859375 0.3050193046875 0.12113402031250001 0.3127413125 0.162371134375 0.3127413125 0.203608246875 0.34942085 0.2680412375 0.3629343625 0.2654639171875 0.3976833984375 0.2448453609375 0.39382239375 0.2087628859375 0.37837837812499997 0.15721649531249998 0.37837837812499997 0.11597938125 0.38223938281250003 0.1108247421875 0.37837837812499997 0.085051546875 0.3976833984375 0.0541237109375 0.40540540468749997 0.028350515625 0.40540540468749997 0.0025773203125 0.272200771875 0
0 0.878378378125 0.3041237109375 0.8706563703124999 0.3041237109375 0.86872586875 0.34278350468749996 0.8725868718750001 0.34793814375 0.864864865625 0.3582474234375 0.864864865625 0.373711340625 0.8610038609374999 0.3788659796875 0.864864865625 0.3891752578125 0.8571428578125 0.4097938140625 0.8571428578125 0.46134020624999994 0.8610038609374999 0.471649484375 0.8861003859375 0.4948453609375 0.89382239375 0.4948453609375 0.9054054046875001 0.4845360828125 0.9131274125 0.4948453609375 0.953667953125 0.507731959375 0.974903475 0.4948453609375 0.9884169890625 0.471649484375 0.9884169890625 0.430412371875 0.996138996875 0.4097938140625 0.9884169890625 0.36855670156250003 0.974903475 0.3505154640625 0.9633204640624999 0.345360825 0.9169884171874999 0.345360825 0.889961390625 0.32474226875 0.878378378125 0.3041237109375