0 0.8688888890625 0.42222222187499997 0.8577777781249999 0.43333333281249997 0.8577777781249999 0.442222221875 0.8444444437499999 0.45999999999999996 0.8311111109375 0.4911111109375 0.8311111109375 0.5133333328125 0.8511111109374999 0.5377777781249999 0.8866666671875001 0.5555555562500001 0.91555555625 0.5533333328125 0.9577777781249999 0.5377777781249999 0.982222221875 0.5133333328125 0.9911111109374999 0.49555555625 0.9911111109374999 0.46444444375 0.982222221875 0.442222221875 0.9488888890625 0.40888888906250004 0.9400000000000001 0.40888888906250004 0.93555555625 0.40444444375 0.9 0.40444444375 0.8688888890625 0.42222222187499997
0 0.82444444375 0.542222221875 0.76 0.5888888890625 0.76 0.6466666671875 0.7688888890625 0.6599999999999999 0.7755555562499999 0.6666666671875 0.78444444375 0.6666666671875 0.7977777781250001 0.67555555625 0.8311111109375 0.6733333328125 0.8466666671875 0.6711111109375001 0.8911111109375 0.6533333328125 0.902222221875 0.642222221875 0.9111111109375001 0.6244444437500001 0.9111111109375001 0.5888888890625 0.882222221875 0.5555555562500001 0.8688888890625 0.5511111109375 0.8511111109374999 0.5377777781249999 0.8333333328125001 0.5377777781249999 0.82444444375 0.542222221875
0 0.78 0.7288888890624999 0.757777778125 0.737777778125 0.7244444437500001 0.7755555562499999 0.71555555625 0.837777778125 0.6333333328124999 0.902222221875 0.5555555562500001 0.9488888890625 0.5688888890625 0.9488888890625 0.637777778125 0.91555555625 0.722222221875 0.8577777781249999 0.7488888890625 0.8577777781249999 0.78444444375 0.8755555562499999 0.8288888890624999 0.8666666671875 0.8666666671875 0.8288888890624999 0.8666666671875 0.7977777781250001 0.8488888890625 0.762222221875 0.81555555625 0.7288888890624999 0.78 0.7288888890624999
0 0.9111111109375001 0.5666666671875 0.9111111109375001 0.58 0.9333333328125001 0.597777778125 0.9111111109375001 0.642222221875 0.8911111109375 0.657777778125 0.762222221875 0.68444444375 0.7111111109375 0.722222221875 0.7088888890625 0.742222221875 0.7022222218749999 0.722222221875 0.6599999999999999 0.6888888890625 0.6066666671875 0.6933333328125 0.56444444375 0.7311111109375 0.56444444375 0.7666666671875 0.5511111109375 0.78444444375 0.5599999999999999 0.8111111109375001 0.6111111109375 0.8444444437499999 0.657777778125 0.8422222218750001 0.7066666671874999 0.8111111109375001 0.71555555625 0.7533333328125 0.7711111109375001 0.7288888890624999 0.85555555625 0.71555555625 0.8488888890625 0.757777778125 0.8644444437500001 0.7866666671875 1 0.757777778125 0.9977777781249999 0.48 0.9733333328124999 0.5311111109375 0.9111111109375001 0.5666666671875
0 0.8088888890625 0.4688888890625 0.8177777781250001 0.45999999999999996 0.81555555625 0.4533333328125 0.78 0.47555555624999996 0.7244444437500001 0.5266666671875 0.722222221875 0.5555555562500001 0.6911111109375 0.5377777781249999 0.6511111109375001 0.5377777781249999 0.617777778125 0.5666666671875 0.6088888890625 0.62 0.617777778125 0.6555555562500001 0.637777778125 0.6711111109375001 0.6555555562500001 0.6711111109375001 0.6688888890625 0.6799999999999999 0.7066666671874999 0.6777777781250001 0.742222221875 0.6599999999999999 0.76 0.6111111109375 0.75555555625 0.5933333328125 0.7288888890624999 0.562222221875 0.757777778125 0.5688888890625 0.7977777781250001 0.542222221875 0.8266666671875 0.5133333328125 0.8311111109375 0.477777778125 0.82 0.48 0.8088888890625 0.4688888890625
0 0.7 0.35555555625 0.637777778125 0.35555555625 0.62 0.36444444374999996 0.6 0.3888888890625 0.5911111109375 0.41111111093749997 0.5911111109375 0.42888888906249995 0.6044444437500001 0.45999999999999996 0.6311111109375 0.4911111109375 0.6133333328125 0.54 0.6133333328125 0.557777778125 0.617777778125 0.557777778125 0.6555555562500001 0.5066666671875 0.7 0.5066666671875 0.73555555625 0.497777778125 0.76 0.46444444375 0.7688888890625 0.44666666718750003 0.76444444375 0.43777777812499996 0.7688888890625 0.43333333281249997 0.76444444375 0.4066666671875 0.7266666671875 0.36444444374999996 0.7 0.35555555625
0 0.99555555625 0.1266666671875 0.9933333328125 0.12 0.9133333328125 0.1911111109375 0.9044444437499999 0.1911111109375 0.9 0.20444444375 0.8977777781249999 0.18444444375 0.9066666671875 0.18 0.9066666671875 0.1533333328125 0.92444444375 0.11333333281249999 0.922222221875 0.097777778125 0.9088888890625 0.102222221875 0.8711111109375 0.162222221875 0.8400000000000001 0.24666666718750002 0.8444444437499999 0.26888888906249997 0.7888888890625 0.262222221875 0.7688888890625 0.27777777812500004 0.7466666671875 0.3266666671875 0.7466666671875 0.357777778125 0.7688888890625 0.4066666671875 0.7866666671875 0.42000000000000004 0.8466666671875 0.41333333281250006 0.8888888890625 0.38444444375 0.902222221875 0.3533333328125 0.902222221875 0.322222221875 0.8977777781249999 0.3088888890625 0.862222221875 0.282222221875 0.882222221875 0.27555555625 0.95555555625 0.1933333328125 0.96 0.1666666671875 0.99555555625 0.1266666671875
0 0.782222221875 0.037777778125 0.7711111109375001 0.0311111109375 0.7133333328125 0.08444444375 0.7266666671875 0.004444443750000001 0.67555555625 0.10444444374999999 0.662222221875 0.1 0.657777778125 0.1311111109375 0.63555555625 0.13555555625 0.657777778125 0.1533333328125 0.6533333328125 0.162222221875 0.597777778125 0.17333333281250002 0.5688888890625 0.22000000000000003 0.5733333328125 0.26888888906249997 0.6 0.3133333328125 0.6 0.3533333328125 0.5333333328125 0.4911111109375 0.5333333328125 0.5133333328125 0.5599999999999999 0.5177777781249999 0.5822222218750001 0.42000000000000004 0.622222221875 0.33999999999999997 0.6777777781250001 0.3066666671875 0.72 0.2511111109375 0.72 0.2066666671875 0.68444444375 0.17555555625000002 0.7511111109375 0.10888888906250001 0.7688888890625 0.082222221875 0.76444444375 0.06 0.782222221875 0.037777778125
0 0.5 0 0.497777778125 0.10444444374999999 0.48444444375 0.1533333328125 0.4733333328125 0.17333333281250002 0.4533333328125 0.1711111109375 0.4511111109375 0.142222221875 0.44000000000000006 0.14444444375 0.44888888906249996 0.1533333328125 0.442222221875 0.16444444375 0.43333333281249997 0.15111111093750001 0.4266666671875 0.157777778125 0.44000000000000006 0.1933333328125 0.4311111109375 0.202222221875 0.43555555625000003 0.25555555625 0.462222221875 0.282222221875 0.4311111109375 0.3088888890625 0.4266666671875 0.3888888890625 0.45555555625000005 0.4311111109375 0.502222221875 0.45555555625000005 0.5111111109375 0.5177777781249999 0.52444444375 0.5 0.5377777781249999 0.43333333281249997 0.56444444375 0.41111111093749997 0.5866666671874999 0.3711111109375 0.5866666671874999 0.3266666671875 0.562222221875 0.28444444375 0.502222221875 0.26888888906249997 0.5111111109375 0.22444444375 0.5111111109375 0.0022222218750000003 0.5 0
0 0.342222221875 0.0733333328125 0.36 0.1266666671875 0.3266666671875 0.137777778125 0.26888888906249997 0.04444444375 0.35555555625 0.29555555624999996 0.377777778125 0.4066666671875 0.377777778125 0.42444444375 0.3333333328125 0.4688888890625 0.3333333328125 0.522222221875 0.3711111109375 0.5733333328125 0.41111111093749997 0.5822222218750001 0.44444444375 0.6244444437500001 0.4311111109375 0.58444444375 0.48444444375 0.54 0.4933333328125 0.482222221875 0.46444444375 0.44000000000000006 0.42222222187499997 0.42000000000000004 0.4266666671875 0.30444444375 0.4 0.13555555625 0.382222221875 0.12222222187500001 0.3533333328125 0.0533333328125 0.342222221875 0.0733333328125
0 0.1933333328125 0.08 0.17333333281250002 0.11777777812500001 0.18222222187499998 0.157777778125 0.2533333328125 0.25555555625 0.2133333328125 0.3 0.2133333328125 0.34444444375 0.24666666718750002 0.3911111109375 0.3133333328125 0.40888888906250004 0.3333333328125 0.45999999999999996 0.3288888890625 0.3933333328125 0.35555555625 0.357777778125 0.35555555625 0.30444444375 0.3266666671875 0.2533333328125 0.28444444375 0.24666666718750002 0.24 0.0466666671875 0.22000000000000003 0.0266666671875 0.2311111109375 0.10444444374999999 0.22000000000000003 0.1066666671875 0.1933333328125 0.08
0 0.18222222187499998 0.37555555625000003 0.1533333328125 0.3333333328125 0.15555555625 0.34888888906250004 0.142222221875 0.34888888906250004 0.15111111093750001 0.357777778125 0.137777778125 0.36666666718749996 0.137777778125 0.37555555625000003 0.1533333328125 0.377777778125 0.17333333281250002 0.40222222187499995 0.15111111093750001 0.42444444375 0.16 0.43333333281249997 0.14666666718750002 0.45555555625000005 0.14666666718750002 0.4911111109375 0.15555555625 0.5088888890625001 0.18 0.5333333328125 0.2066666671875 0.5466666671875 0.2733333328125 0.5466666671875 0.3111111109375 0.57555555625 0.337777778125 0.62 0.3333333328125 0.58444444375 0.30222222187500003 0.5311111109375 0.3111111109375 0.5 0.3111111109375 0.46444444375 0.29333333281249996 0.42444444375 0.2511111109375 0.39555555625 0.22000000000000003 0.39555555625 0.1888888890625 0.41333333281250006 0.1911111109375 0.397777778125 0.18222222187499998 0.37555555625000003
0 0.0511111109375 0.5111111109375 0.037777778125 0.52444444375 0.0266666671875 0.49555555625 0.0022222218750000003 0.46666666718750005 0 0.6288888890625 0.0066666671875 0.63555555625 0.0333333328125 0.64444444375 0.06444444375 0.6666666671875 0.0888888890625 0.66444444375 0.10444444374999999 0.657777778125 0.11555555625 0.6466666671875 0.137777778125 0.6066666671875 0.137777778125 0.562222221875 0.1288888890625 0.54444444375 0.09111111093749999 0.5111111109375 0.077777778125 0.5111111109375 0.0733333328125 0.5066666671875 0.0688888890625 0.5111111109375 0.0511111109375 0.5111111109375
0 0.137777778125 0.5 0.13555555625 0.4888888890625 0.13333333281249998 0.5133333328125 0.12222222187500001 0.51555555625 0.12222222187500001 0.502222221875 0.10888888906250001 0.502222221875 0.06444444375 0.462222221875 0.02444444375 0.44000000000000006 0 0.442222221875 0.055555556250000006 0.48 0.0688888890625 0.48 0.0666666671875 0.48666666718749996 0.1533333328125 0.5688888890625 0.177777778125 0.57555555625 0.14666666718750002 0.61555555625 0.14666666718750002 0.6555555562500001 0.1666666671875 0.68444444375 0.21111111093749999 0.7066666671874999 0.297777778125 0.70444444375 0.29333333281249996 0.6911111109375 0.3111111109375 0.6244444437500001 0.3066666671875 0.597777778125 0.282222221875 0.5599999999999999 0.26444444375 0.5511111109375 0.22000000000000003 0.5511111109375 0.18444444375 0.5688888890625 0.1866666671875 0.54444444375 0.14444444375 0.497777778125 0.137777778125 0.5
0 0.197777778125 0.7333333328125 0.17333333281250002 0.762222221875 0.17333333281250002 0.7711111109375001 0.16444444375 0.78444444375 0.17333333281250002 0.8333333328125001 0.197777778125 0.8577777781249999 0.21555555625 0.8666666671875 0.24444444375000002 0.8688888890625 0.26444444375 0.8666666671875 0.3088888890625 0.8400000000000001 0.32 0.8288888890624999 0.3288888890625 0.802222221875 0.32 0.757777778125 0.2866666671875 0.7244444437500001 0.26 0.72 0.25555555625 0.71555555625 0.22000000000000003 0.72 0.197777778125 0.7333333328125
0 0.5088888890625001 0.52444444375 0.4888888890625 0.5355555562500001 0.457777778125 0.58 0.462222221875 0.6333333328124999 0.4711111109375 0.6511111109375001 0.5066666671875 0.6866666671874999 0.4933333328125 0.7755555562499999 0.502222221875 0.78 0.51555555625 0.7533333328125 0.5288888890625 0.69555555625 0.57555555625 0.6711111109375001 0.59555555625 0.6466666671875 0.6088888890625 0.61555555625 0.6133333328125 0.5933333328125 0.6088888890625 0.557777778125 0.597777778125 0.542222221875 0.5666666671875 0.5288888890625 0.5088888890625001 0.52444444375
0 0.3466666671875 0.6688888890625 0.3333333328125 0.70444444375 0.337777778125 0.7311111109375 0.37555555625000003 0.7733333328125 0.3933333328125 0.782222221875 0.45555555625000005 0.7911111109375 0.4688888890625 0.8088888890625 0.47555555624999996 0.8066666671875 0.48 0.802222221875 0.47555555624999996 0.7933333328125001 0.47555555624999996 0.7533333328125 0.48444444375 0.7311111109375 0.48444444375 0.6777777781250001 0.45555555625000005 0.63555555625 0.42888888906249995 0.6266666671875 0.40222222187499995 0.6311111109375 0.3888888890625 0.64444444375 0.3466666671875 0.6688888890625