0 0.61328125 0.659375 0.2765625 0.2703125
0 0.33125 0.66796875 0.271875 0.2703125
0 0.18984375 0.83125 0.2640625 0.265625
0 0.44921875 0.8640625 0.240625 0.271875
0 0.78046875 0.77734375 0.2375 0.140625
0 0.25 0.4890625 0.2515625 0.2484375
0 0.49375 0.471875 0.23125 0.215625
0 0.3546875 0.33046875 0.2125 0.18125
0 0.6140625 0.32890625 0.2421875 0.240625
0 0.41328125 0.25234375 0.1875 0.1578125
0 0.55625 0.2328125 0.153125 0.128125
0 0.640625 0.196875 0.153125 0.153125
0 0.4734375 0.1578125 0.165625 0.128125
0 0.60859375 0.12734375 0.115625 0.0875
0 0.1265625 0.084375 0.2453125 0.16875
0 0.29375 0.1453125 0.2140625 0.203125
0 0.19453125 0.2359375 0.1671875 0.178125
0 0.07421875 0.20234375 0.1484375 0.2546875
0 0.0765625 0.3671875 0.153125 0.184375