0 0.29609375 0.2015625 0.2453125 0.340625
0 0.46328125 0.21953125 0.2484375 0.303125
0 0.6890625 0.2296875 0.2296875 0.2953125
0 0.8546875 0.3078125 0.1984375 0.253125
0 0.7265625 0.46171875 0.215625 0.2375
0 0.896875 0.51640625 0.20625 0.275
0 0.80078125 0.58203125 0.2609375 0.23125
0 0.83515625 0.746875 0.234375 0.209375
0 0.64140625 0.72265625 0.20625 0.2765625
0 0.48984375 0.51875 0.2578125 0.2453125
0 0.59921875 0.45078125 0.1953125 0.246875
0 0.478125 0.43515625 0.2671875 0.228125
0 0.35703125 0.55078125 0.2203125 0.128125
0 0.2796875 0.4296875 0.2046875 0.23125
0 0.17578125 0.33515625 0.196875 0.175
0 0.09765625 0.5 0.175 0.2640625
0 0.19453125 0.58984375 0.2375 0.2828125
0 0.1390625 0.6765625 0.1640625 0.284375
0 0.31171875 0.7421875 0.228125 0.3265625
0 0.471875 0.72421875 0.196875 0.2953125
0 0.64453125 0.71015625 0.25 0.3890625