0 0.38671875 0.31796875 0.078125 0.109375
0 0.62109375 0.346875 0.0515625 0.1015625
0 0.57109375 0.35703125 0.0578125 0.09375
0 0.6015625 0.42265625 0.0609375 0.1015625
0 0.36015625 0.425 0.0765625 0.1
0 0.453125 0.4703125 0.0640625 0.1078125
0 0.40703125 0.47109375 0.046875 0.109375
0 0.33671875 0.4859375 0.06875 0.1
0 0.41484375 0.5984375 0.059375 0.0890625
0 0.63046875 0.621875 0.071875 0.096875
0 0.63671875 0.69921875 0.0625 0.0890625
0 0.24296875 0.07109375 0.075 0.1171875
0 0.696875 0.72421875 0.046875 0.0953125