0 0.8024911031249999 0.3072625703125 0.7882562281250001 0.2849162015625 0.781138790625 0.29050279375 0.77935943125 0.2821229046875 0.7882562281250001 0.2737430171875 0.795373665625 0.2849162015625 0.797153025 0.2486033515625 0.813167259375 0.2402234640625 0.7704626328125 0.2402234640625 0.72064056875 0.2067039109375 0.69928825625 0.17877095 0.6761565843749999 0.18156424531249998 0.708185053125 0.27094972031250003 0.722419928125 0.332402234375 0.7455516015625 0.368715084375 0.791814946875 0.4022346375 0.8291814953125 0.39944134062500003 0.8451957296874999 0.368715084375 0.8594306046875 0.368715084375 0.8807829187499999 0.39106145312499996 0.8985765125 0.3854748609375 0.9181494656250001 0.3659217875 0.921708184375 0.34357541875000003 0.90925266875 0.324022346875 0.8772242 0.3072625703125 0.8487544484375 0.3128491625 0.8024911031249999 0.3072625703125
0 0.683274021875 0.1480446921875 0.6672597859375 0.1284916203125 0.6352313171875 0.13407821250000002 0.6263345203124999 0.1592178765625 0.6298932390624999 0.2486033515625 0.61921708125 0.2932960890625 0.6281138796875 0.3072625703125 0.6476868328125 0.3156424578125 0.6512455515625 0.354748603125 0.6743772234375001 0.413407821875 0.68505338125 0.42458100625000006 0.704626334375 0.42178770937500004 0.7526690390625 0.3966480453125 0.7580071171875 0.3826815640625 0.722419928125 0.332402234375 0.708185053125 0.27094972031250003 0.679715303125 0.19273742968750002 0.68505338125 0.1843575421875 0.701067615625 0.18156424531249998 0.6886121000000001 0.17877095 0.690391459375 0.1703910609375 0.683274021875 0.1480446921875
0 0.9128113875 0.446927375 0.8309608546874999 0.45251396718750003 0.798932384375 0.4748603359375 0.7366548046875 0.4608938546875 0.7419928828125 0.480446928125 0.7491103203125 0.4748603359375 0.7526690390625 0.4916201125 0.7669039140625 0.4916201125 0.8024911031249999 0.5363128484375 0.8380782921875 0.553072625 0.8718861203125 0.555865921875 0.90925266875 0.53072625625 0.9483985765625 0.5418994406250001 0.987544484375 0.5083798875000001 1 0.48324022343750006 0.9964412812500001 0.38826815625 0.976868328125 0.3631284921875 0.9448398578124999 0.3631284921875 0.9359430609375 0.38826815625 0.9359430609375 0.4162011171875 0.9128113875 0.446927375
0 1 0.622905028125 0.98932384375 0.6173184359375 1 0.6061452515625 0.998220640625 0.5139664796875001 0.9412811390625 0.553072625 0.92348754375 0.5363128484375 0.90213523125 0.5363128484375 0.8629893234375 0.564245809375 0.7669039140625 0.5139664796875001 0.7313167265625 0.480446928125 0.7241992875000001 0.46368715156249996 0.704626334375 0.4720670390625 0.704626334375 0.48882681562499997 0.7402135234375 0.5446927374999999 0.7508896796875 0.578212290625 0.791814946875 0.6368715078125 0.8487544484375 0.66480446875 0.8843416375 0.66480446875 0.886120996875 0.6284916203125 0.891459075 0.6256983234375 0.907473309375 0.645251396875 0.907473309375 0.667597765625 0.92348754375 0.675977653125 0.9270462640625 0.6256983234375 0.9306049828124999 0.6536312843750001 0.9590747328125 0.675977653125 1 0.7290502796875 1 0.622905028125
0 0.69928825625 0.4916201125 0.704626334375 0.5391061453125 0.715302490625 0.5726256984375 0.715302490625 0.6005586593750001 0.7402135234375 0.67877095 0.7597864765625 0.70949720625 0.7740213515625001 0.7206703906249999 0.784697509375 0.7206703906249999 0.798932384375 0.698324021875 0.813167259375 0.7039106140625 0.8167259781249999 0.698324021875 0.820284696875 0.70949720625 0.8274021359375 0.70949720625 0.8416370109375 0.731843575 0.8505338078125 0.734636871875 0.8683274015625001 0.7178770953125 0.8683274015625001 0.67877095 0.8558718859375001 0.66480446875 0.8380782921875 0.66480446875 0.813167259375 0.6536312843750001 0.781138790625 0.6256983234375 0.7402135234375 0.5614525140625 0.718861209375 0.5055865921875 0.7099644125 0.4916201125 0.69928825625 0.4916201125
0 0.6957295375 0.5251396640625 0.690391459375 0.533519553125 0.686832740625 0.667597765625 0.701067615625 0.712290503125 0.72064056875 0.743016759375 0.7313167265625 0.7541899437499999 0.7544483984375 0.7513966484375 0.7633451953125 0.743016759375 0.7722419921875 0.7234636875 0.7402135234375 0.67877095 0.715302490625 0.6005586593750001 0.715302490625 0.5837988828125 0.7117437718749999 0.578212290625 0.7117437718749999 0.5614525140625 0.704626334375 0.5446927374999999 0.704626334375 0.533519553125 0.6957295375 0.5251396640625
0 1 0.734636871875 0.9626334515625 0.6815642453125 0.9519572953125 0.675977653125 0.9448398578124999 0.66480446875 0.9341637015625001 0.66480446875 0.9306049828124999 0.6592178765625001 0.9270462640625 0.66480446875 0.921708184375 0.65642458125 0.9252669046875001 0.6508379890625 0.9252669046875001 0.6173184359375 0.9199288250000001 0.6145251390625 0.9199288250000001 0.6256983234375 0.9128113875 0.62011173125 0.9110320281250001 0.622905028125 0.9181494656250001 0.6340782125 0.9128113875 0.6368715078125 0.90925266875 0.6256983234375 0.907473309375 0.6508379890625 0.9181494656250001 0.65642458125 0.9110320281250001 0.6620111734374999 0.9110320281250001 0.6731843578125 0.914590746875 0.67877095 0.9181494656250001 0.7402234640625001 0.9288256234375 0.7737430171875 0.9430604984375 0.8072625703125 0.9626334515625 0.832402234375 0.9661921703124999 0.8435754187500001 0.998220640625 0.8715083796875 1 0.868715084375 1 0.734636871875
0 1 0.6284916203125 0.9946619218749999 0.62011173125 0.9733096078125 0.62011173125 0.9519572953125 0.6089385468749999 0.9395017796875 0.589385475 0.9288256234375 0.5446927374999999 0.9199288250000001 0.5363128484375 0.9056939500000001 0.5363128484375 0.8772242 0.553072625 0.879003559375 0.645251396875 0.8718861203125 0.67877095 0.8718861203125 0.7234636875 0.893238434375 0.8184357546875001 0.9270462640625 0.8659217874999999 0.9555160140625001 0.88826815625 0.9964412812500001 0.8854748609374999 1 0.87988826875 1 0.6284916203125
0 0.813167259375 0.743016759375 0.8060498218750001 0.743016759375 0.80071174375 0.7513966484375 0.80071174375 0.8184357546875001 0.7935943062499999 0.8407821234374999 0.7935943062499999 0.868715084375 0.7900355875 0.8743016765625 0.7935943062499999 0.87988826875 0.7935943062499999 0.9022346375 0.797153025 0.913407821875 0.8167259781249999 0.944134078125 0.823843415625 0.9497206703125001 0.8434163703124999 0.9469273749999999 0.8434163703124999 0.9357541906250001 0.8327402140625001 0.9078212296875 0.8327402140625001 0.8296089390624999 0.8291814953125 0.8240223468749999 0.8291814953125 0.8128491625 0.8256227765625 0.8072625703125 0.8256227765625 0.7960893859375 0.8185053375000001 0.7737430171875 0.8185053375000001 0.756983240625 0.813167259375 0.743016759375
0 0.8594306046875 0.8044692734375 0.8469750890625001 0.8184357546875001 0.8434163703124999 0.8351955312499999 0.8469750890625001 0.8966480453125 0.8736654796875 0.9497206703125001 0.891459075 0.9720670390624999 0.9270462640625 1 0.9715302484375 0.9972067046875001 0.9715302484375 0.9357541906250001 0.976868328125 0.9273743015625 0.998220640625 0.9273743015625 0.998220640625 0.899441340625 0.9661921703124999 0.899441340625 0.9555160140625001 0.8938547484375 0.92348754375 0.8659217874999999 0.8985765125 0.832402234375 0.8701067609375001 0.810055865625 0.8594306046875 0.8044692734375
0 0.78291815 0.756983240625 0.78291815 0.768156425 0.7669039140625 0.7988826812500001 0.7491103203125 0.810055865625 0.7313167265625 0.832402234375 0.7277580078125 0.82122905 0.7259786484374999 0.8407821234374999 0.718861209375 0.8463687156249999 0.7117437718749999 0.868715084375 0.7117437718749999 0.87988826875 0.708185053125 0.8854748609374999 0.708185053125 0.9078212296875 0.704626334375 0.913407821875 0.708185053125 0.9189944140625 0.708185053125 0.9301675984375001 0.7277580078125 0.9553072625000001 0.7402135234375 0.9525139671874999 0.7562277578125001 0.9385474859375 0.7722419921875 0.9078212296875 0.7900355875 0.8519553078125 0.7900355875 0.8407821234374999 0.7935943062499999 0.8351955312499999 0.7935943062499999 0.801675978125 0.797153025 0.7960893859375 0.795373665625 0.7486033515625 0.7882562281250001 0.7486033515625 0.78291815 0.756983240625
0 0.6298932390624999 0.8407821234374999 0.6298932390624999 0.8296089390624999 0.608540925 0.7793296093750001 0.5871886125 0.7458100562500001 0.5800711749999999 0.7067039109375 0.5711743765625 0.7039106140625 0.5658362984374999 0.7737430171875 0.5551601421875 0.8184357546875001 0.5622775796874999 0.8966480453125 0.592526690625 0.9497206703125001 0.6227758 0.9636871515625 0.6316725984375 0.9553072625000001 0.6743772234375001 0.9608938546875001 0.69217081875 0.944134078125 0.704626334375 0.9189944140625 0.704626334375 0.891061453125 0.7259786484374999 0.8128491625 0.71708185 0.8044692734375 0.6601423484375 0.8547486031249999 0.6387900359375001 0.8491620109375001 0.6298932390624999 0.8407821234374999
0 0.5160142343749999 0.6005586593750001 0.5160142343749999 0.589385475 0.51067615625 0.5810055859375 0.48932384375 0.5810055859375 0.45551601406250003 0.6061452515625 0.45551601406250003 0.6396648046875 0.476868328125 0.7178770953125 0.476868328125 0.7458100562500001 0.46975088906250007 0.7793296093750001 0.47330960781250003 0.8128491625 0.49644128125 0.8603351953124999 0.50355871875 0.8659217874999999 0.5124555156249999 0.8631284921875 0.5160142343749999 0.8575419 0.5124555156249999 0.8407821234374999 0.5160142343749999 0.79050279375 0.5284697515625 0.765363128125 0.5516014234375 0.7458100562500001 0.5516014234375 0.712290503125 0.519572953125 0.6508379890625 0.523131671875 0.645251396875 0.523131671875 0.6173184359375 0.5160142343749999 0.6005586593750001
0 0.606761565625 0.6368715078125 0.603202846875 0.6424581 0.596085409375 0.6424581 0.592526690625 0.6480446921875 0.58362989375 0.6508379890625 0.58362989375 0.6955307265624999 0.5871886125 0.7011173187499999 0.5871886125 0.712290503125 0.592526690625 0.7206703906249999 0.606761565625 0.731843575 0.613879003125 0.731843575 0.617437721875 0.7374301671875 0.6352313171875 0.7374301671875 0.6387900359375001 0.743016759375 0.6654804265625 0.7402234640625001 0.69928825625 0.731843575 0.704626334375 0.7234636875 0.697508896875 0.6955307265624999 0.686832740625 0.6731843578125 0.68505338125 0.6256983234375 0.6743772234375001 0.6256983234375 0.6708185046875 0.631284915625 0.6494661921875 0.631284915625 0.6459074734375 0.6368715078125 0.606761565625 0.6368715078125
0 0.6690391453125 0.578212290625 0.679715303125 0.5446927374999999 0.679715303125 0.5055865921875 0.6672597859375 0.480446928125 0.6601423484375 0.480446928125 0.581850534375 0.553072625 0.51779359375 0.5586592171875 0.4395017796875 0.5139664796875001 0.418149465625 0.48603352031249997 0.403914590625 0.48603352031249997 0.37900355937499997 0.46368715156249996 0.3665480421875 0.5446927374999999 0.3701067609375 0.5837988828125 0.4323843421875 0.66480446875 0.45907473281250005 0.667597765625 0.45195729531250006 0.61173184375 0.4679715296875 0.5921787703125 0.5 0.5754189937499999 0.514234875 0.5810055859375 0.519572953125 0.6061452515625 0.5498220640625 0.6368715078125 0.5676156578125 0.631284915625 0.592526690625 0.6424581 0.6352313171875 0.631284915625 0.6690391453125 0.578212290625
0 0.48220640625 0.45810055937499994 0.42348754375000003 0.466480446875 0.42348754375000003 0.48324022343750006 0.4323843421875 0.4972067046875 0.4786476875 0.5363128484375 0.5284697515625 0.5586592171875 0.5658362984374999 0.555865921875 0.599644128125 0.5363128484375 0.6565836296875001 0.480446928125 0.6619217078124999 0.4720670390625 0.6690391453125 0.4162011171875 0.6637010671875 0.4078212296875 0.6245551593750001 0.413407821875 0.5676156578125 0.46368715156249996 0.5498220640625 0.46927374374999997 0.514234875 0.46927374374999997 0.48220640625 0.45810055937499994
0 0.50355871875 0.4078212296875 0.4679715296875 0.41899441406250004 0.4466192171875 0.41899441406250004 0.4395017796875 0.4022346375 0.411032028125 0.41899441406250004 0.3683274015625 0.4078212296875 0.3594306046875 0.42737430156249995 0.3594306046875 0.45530726250000003 0.375444840625 0.480446928125 0.4252669046875 0.4916201125 0.51067615625 0.553072625 0.5693950171875 0.555865921875 0.599644128125 0.5363128484375 0.6619217078124999 0.4720670390625 0.6654804265625 0.4162011171875 0.6601423484375 0.4078212296875 0.6298932390624999 0.410614525 0.6476868328125 0.34357541875000003 0.6476868328125 0.32681564218750003 0.6387900359375001 0.3128491625 0.599644128125 0.31843575468749996 0.50355871875 0.4078212296875
0 0.4466192171875 0.435754190625 0.5071174375 0.4078212296875 0.5498220640625 0.368715084375 0.5587188609375 0.3491620109375 0.5427046265625 0.3296089390625 0.5 0.346368715625 0.4501779359375 0.34078212343750003 0.3718861203125 0.368715084375 0.3398576515625 0.39106145312499996 0.320284696875 0.43296089374999996 0.320284696875 0.5502793296874999 0.3362989328125 0.586592178125 0.3594306046875 0.5837988828125 0.3665480421875 0.578212290625 0.3665480421875 0.5446927374999999 0.37366547968749997 0.5167597765624999 0.37366547968749997 0.48324022343750006 0.3629893234375 0.45530726250000003 0.3629893234375 0.42178770937500004 0.3683274015625 0.4078212296875 0.407473309375 0.41899441406250004 0.421708184375 0.4413407828125 0.4466192171875 0.435754190625
0 0.29715302499999996 0.6256983234375 0.29893238437499997 0.6340782125 0.284697509375 0.6508379890625 0.284697509375 0.667597765625 0.2704626328125 0.7067039109375 0.2704626328125 0.7234636875 0.2597864765625 0.756983240625 0.25622775781249996 0.7960893859375 0.2526690390625 0.801675978125 0.2526690390625 0.8407821234374999 0.2704626328125 0.8966480453125 0.29003558749999997 0.9162011171875 0.309608540625 0.913407821875 0.313167259375 0.8743016765625 0.316725978125 0.868715084375 0.313167259375 0.7513966484375 0.316725978125 0.7458100562500001 0.320284696875 0.7011173187499999 0.3274021359375 0.67877095 0.32918149531249996 0.6256983234375 0.3113879 0.6424581 0.3042704625 0.6256983234375 0.29715302499999996 0.6256983234375
0 0.3451957296875 0.6340782125 0.3398576515625 0.6256983234375 0.3345195734375 0.6340782125 0.3345195734375 0.6508379890625 0.3274021359375 0.6731843578125 0.3274021359375 0.7011173187499999 0.32384341562499996 0.7067039109375 0.32384341562499996 0.7178770953125 0.316725978125 0.734636871875 0.316725978125 0.7513966484375 0.313167259375 0.756983240625 0.313167259375 0.801675978125 0.316725978125 0.8072625703125 0.316725978125 0.8184357546875001 0.32206405625 0.8268156421875 0.3274021359375 0.8240223468749999 0.3398576515625 0.82122905 0.3434163703125 0.8156424578125 0.3540925265625 0.8156424578125 0.3629893234375 0.801675978125 0.3523131671875 0.768156425 0.3523131671875 0.7513966484375 0.3487544484375 0.7458100562500001 0.3487544484375 0.6508379890625 0.3451957296875 0.645251396875 0.3451957296875 0.6340782125
0 0.3629893234375 0.65642458125 0.3594306046875 0.6396648046875 0.3505338078125 0.6368715078125 0.3487544484375 0.689944134375 0.3523131671875 0.7011173187499999 0.3487544484375 0.7067039109375 0.3487544484375 0.7402234640625001 0.3523131671875 0.7458100562500001 0.3523131671875 0.768156425 0.3665480421875 0.801675978125 0.400355871875 0.8379888265625001 0.411032028125 0.8435754187500001 0.4323843421875 0.8435754187500001 0.4359430609375 0.8491620109375001 0.44839857656250004 0.8463687156249999 0.4715302484375 0.8379888265625001 0.47330960781250003 0.8184357546875001 0.4679715296875 0.810055865625 0.4359430609375 0.7988826812500001 0.411032028125 0.7765363125 0.38078291875 0.7290502796875 0.3665480421875 0.6843575421875 0.3665480421875 0.6731843578125 0.3594306046875 0.6620111734374999 0.3629893234375 0.65642458125
0 0.38078291875 0.7290502796875 0.407473309375 0.7709497203125 0.4395017796875 0.7988826812500001 0.4608540921875 0.8044692734375 0.4644128109375 0.810055865625 0.46619217031250004 0.8072625703125 0.46975088906250007 0.801675978125 0.47330960781250003 0.7178770953125 0.4608540921875 0.698324021875 0.4466192171875 0.6927374296875 0.42882562343749997 0.675977653125 0.41459074687499997 0.675977653125 0.411032028125 0.6703910609375 0.37366547968749997 0.6731843578125 0.37366547968749997 0.7067039109375 0.38078291875 0.7290502796875
0 0.407473309375 0.9608938546875001 0.41459074687499997 0.9608938546875001 0.4252669046875 0.9720670390624999 0.4359430609375 0.9720670390624999 0.4395017796875 0.9776536312499999 0.45195729531250006 0.9748603359375 0.45551601406250003 0.96927374375 0.4537366546875 0.8826815640625 0.403914590625 0.8826815640625 0.400355871875 0.877094971875 0.3683274015625 0.877094971875 0.3629893234375 0.8854748609374999 0.3629893234375 0.8966480453125 0.3701067609375 0.9189944140625 0.386120996875 0.944134078125 0.407473309375 0.9608938546875001
0 0.313167259375 0.8854748609374999 0.309608540625 0.9469273749999999 0.29893238437499997 0.980446928125 0.30071174375 1 0.45551601406250003 0.9972067046875001 0.4466192171875 0.9776536312499999 0.411032028125 0.9664804468750001 0.386120996875 0.944134078125 0.37900355937499997 0.944134078125 0.3701067609375 0.9301675984375001 0.3594306046875 0.891061453125 0.3594306046875 0.8407821234374999 0.3505338078125 0.8268156421875 0.32384341562499996 0.8407821234374999 0.313167259375 0.8854748609374999
0 0.24377224218750002 0.8156424578125 0.22241992812500003 0.8044692734375 0.21708185000000002 0.7849162015625 0.197508896875 0.7597765359374999 0.18505338124999998 0.7793296093750001 0.17793594375 0.801675978125 0.17793594375 0.8240223468749999 0.1672597859375 0.8631284921875 0.1672597859375 0.8854748609374999 0.15302491093749998 0.9078212296875 0.15302491093749998 0.9469273749999999 0.14946619218749999 0.9525139671874999 0.1565836296875 0.9972067046875001 0.284697509375 0.9972067046875001 0.284697509375 0.9636871515625 0.28113879062499997 0.9581005593749999 0.295373665625 0.9357541906250001 0.284697509375 0.9245810062500001 0.28825622812499996 0.9189944140625 0.27935943124999996 0.9050279328125 0.2633451953125 0.891061453125 0.2526690390625 0.8519553078125 0.2526690390625 0.8296089390624999 0.24377224218750002 0.8156424578125
0 0.01067615625 0.79050279375 0.01779359375 0.8407821234374999 0.014234875 0.9413407828125001 0.0213523125 0.9916201125 0.026690392187500002 1 0.14946619218749999 0.9972067046875001 0.15302491093749998 0.9022346375 0.1637010671875 0.891061453125 0.1672597859375 0.8407821234374999 0.1743772234375 0.8296089390624999 0.1743772234375 0.8128491625 0.09786476875 0.810055865625 0.08007117500000001 0.7932960890625 0.055160142187500004 0.743016759375 0.0302491109375 0.7374301671875 0.01067615625 0.79050279375
0 0.20106761562500003 0.5363128484375 0.17615658437499998 0.5363128484375 0.1583629890625 0.5474860328125 0.12455515937499999 0.5949720671875001 0.12455515937499999 0.6061452515625 0.11565836249999999 0.62011173125 0.08362989374999999 0.6424581 0.0516014234375 0.6424581 0.0427046265625 0.65642458125 0.0444839859375 0.6703910609375 0.0302491109375 0.66480446875 0.02491103125 0.6731843578125 0.0213523125 0.6955307265624999 0.0302491109375 0.731843575 0.055160142187500004 0.7374301671875 0.0676156578125 0.768156425 0.09430605 0.8044692734375 0.1601423484375 0.8072625703125 0.1690391453125 0.8044692734375 0.1743772234375 0.79050279375 0.1601423484375 0.756983240625 0.1565836296875 0.7067039109375 0.1814946625 0.6340782125 0.19928825625 0.61173184375 0.20640569375 0.5614525140625 0.21352313125000003 0.5502793296874999 0.21174377187500001 0.5418994406250001 0.20106761562500003 0.5363128484375
0 0.046263345312499995 0.65642458125 0.055160142187500004 0.675977653125 0.06939501718749999 0.6871508375000001 0.1370106765625 0.6871508375000001 0.14056939531249998 0.6703910609375 0.16192170781249998 0.675977653125 0.17615658437499998 0.6536312843750001 0.1601423484375 0.712290503125 0.1601423484375 0.7513966484375 0.17081850468749998 0.7849162015625 0.17615658437499998 0.7932960890625 0.19395017812499998 0.7597765359374999 0.20462633437500002 0.7597765359374999 0.2295373671875 0.8044692734375 0.24911032031250002 0.8072625703125 0.277580071875 0.6843575421875 0.284697509375 0.622905028125 0.23665480468750003 0.5474860328125 0.215302490625 0.5474860328125 0.20106761562500003 0.5363128484375 0.1690391453125 0.5418994406250001 0.1370106765625 0.5754189937499999 0.11565836249999999 0.6256983234375 0.09430605 0.6424581 0.046263345312499995 0.65642458125
0 0.001779359375 0.2849162015625 0 0.5949720671875001 0.0302491109375 0.6089385468749999 0.0516014234375 0.6368715078125 0.0747330953125 0.6396648046875 0.10854092500000001 0.62011173125 0.14056939531249998 0.5586592171875 0.17793594375 0.5279329609375 0.1672597859375 0.4608938546875 0.11387900312499999 0.43296089374999996 0.11387900312499999 0.3659217875 0.10854092500000001 0.3575419 0.062277579687499994 0.346368715625 0.040925267187499996 0.3128491625 0.001779359375 0.2849162015625
0 0.040925267187499996 0 0.0320284703125 0.008379887499999999 0.0284697515625 0.0474860328125 0.0213523125 0.06424580937499999 0.0338078296875 0.089385475 0.055160142187500004 0.0837988828125 0.060498220312499996 0.0921787703125 0.0516014234375 0.10614525156250001 0.0320284703125 0.0977653625 0.0284697515625 0.2821229046875 0.05871886093749999 0.3296089390625 0.10498220625000002 0.346368715625 0.11743772187499998 0.34357541875000003 0.1423487546875 0.3156424578125 0.14946619218749999 0.2486033515625 0.17081850468749998 0.21508379843749997 0.17081850468749998 0.175977653125 0.1637010671875 0.16480446875000002 0.1672597859375 0.1368715078125 0.16192170781249998 0.122905028125 0.13345195781250002 0.11173184375 0.0871886125 0.0726256984375 0.0711743765625 0.041899440625 0.0711743765625 0.03072625625 0.08362989374999999 0.0279329609375 0.09786476875 0.0391061453125 0.10854092500000001 0.033519553125000004 0.11032028437500001 0.053072625 0.11565836249999999 0.0446927375 0.11921708125 0.055865921875 0.12099644062499999 0.0363128484375 0.1352313171875 0.03072625625 0.1263345203125 0.02234636875 0.10854092500000001 0.0279329609375 0.10676156562500001 0.019553071875 0.12277579999999999 0.011173184375 0.14412811406249998 0.016759776562500002 0.1459074734375 0.008379887499999999 0.06939501718749999 0.0055865921875 0.0658362984375 0.02234636875 0.055160142187500004 0 0.040925267187499996 0
0 0.1654804265625 0 0.1565836296875 0.008379887499999999 0.1672597859375 0.0586592171875 0.1690391453125 0.122905028125 0.183274021875 0.11731843593749999 0.2508896796875 0.1843575421875 0.28647686875 0.1731843578125 0.3113879 0.189944134375 0.3345195734375 0.19273742968750002 0.3629893234375 0.1480446921875 0.3772242 0.108938546875 0.3772242 0.0921787703125 0.391459075 0.053072625 0.38790035624999997 0.0474860328125 0.391459075 0.008379887499999999 0.386120996875 0 0.25800711718749997 0 0.2544483984375 0.0055865921875 0.2508896796875 0 0.1654804265625 0
0 0.41637010625000004 0.0921787703125 0.411032028125 0.0837988828125 0.39679715312499997 0.089385475 0.3398576515625 0.19553072656249998 0.3113879 0.2178770953125 0.30604982187499996 0.1871508375 0.29003558749999997 0.17877095 0.25800711718749997 0.21229050312500003 0.2597864765625 0.19273742968750002 0.24377224218750002 0.1843575421875 0.2295373671875 0.15642458125 0.190391459375 0.122905028125 0.17615658437499998 0.122905028125 0.17081850468749998 0.1368715078125 0.1743772234375 0.2262569828125 0.15302491093749998 0.25418994375000004 0.1459074734375 0.3156424578125 0.11387900312499999 0.36033519531249997 0.11743772187499998 0.43296089374999996 0.14056939531249998 0.446927375 0.1672597859375 0.444134078125 0.190391459375 0.4078212296875 0.2259786484375 0.3966480453125 0.2508896796875 0.368715084375 0.27935943124999996 0.368715084375 0.31494661874999996 0.39106145312499996 0.386120996875 0.3575419 0.391459075 0.32122905 0.3701067609375 0.2821229046875 0.41637010625000004 0.175977653125 0.41637010625000004 0.0921787703125
0 0.42882562343749997 0 0.42348754375000003 0.0139664796875 0.4270462640625 0.03072625625 0.4448398578125 0.053072625 0.421708184375 0.0502793296875 0.41637010625000004 0.06424580937499999 0.4270462640625 0.131284915625 0.41992882500000006 0.1871508375 0.4608540921875 0.24581005625 0.47508896875 0.256983240625 0.48754448437500003 0.25418994375000004 0.501779359375 0.2039106140625 0.49822064062500004 0.175977653125 0.501779359375 0.1368715078125 0.52491103125 0.122905028125 0.5391459078125 0.122905028125 0.5676156578125 0.1396648046875 0.59074733125 0.0921787703125 0.5943060499999999 0.06424580937499999 0.5711743765625 0.02234636875 0.52491103125 0.016759776562500002 0.4928825625 0 0.42882562343749997 0
0 0.69928825625 0.0949720671875 0.683274021875 0.0977653625 0.702846975 0.0837988828125 0.715302490625 0.108938546875 0.718861209375 0.06983240156250001 0.7117437718749999 0.053072625 0.715302490625 0.0251396640625 0.7099644125 0 0.6637010671875 0.0055865921875 0.6583629890625 0.0139664796875 0.6565836296875001 0.078212290625 0.6530249109375 0.055865921875 0.610320284375 0.0614525140625 0.5640569390625 0.1620111734375 0.5587188609375 0.1424581 0.5391459078125 0.122905028125 0.501779359375 0.1424581 0.505338078125 0.2039106140625 0.49110320312500005 0.2486033515625 0.49822064062500004 0.332402234375 0.5391459078125 0.324022346875 0.5604982203125 0.346368715625 0.5729537359375 0.34357541875000003 0.603202846875 0.31843575468749996 0.6263345203124999 0.2597765359375 0.6263345203124999 0.1480446921875 0.6352313171875 0.13407821250000002 0.6637010671875 0.122905028125 0.6708185046875 0.11173184375 0.6886121000000001 0.11173184375 0.6957295375 0.1508379890625 0.7117437718749999 0.131284915625 0.69928825625 0.0949720671875
0 0.24021352343750002 0.37988826875 0.2295373671875 0.4022346375 0.19395017812499998 0.4078212296875 0.17081850468749998 0.4385474859375 0.1672597859375 0.4497206703125 0.17081850468749998 0.48882681562499997 0.190391459375 0.5251396640625 0.2544483984375 0.553072625 0.26690391406249997 0.589385475 0.29003558749999997 0.62011173125 0.320284696875 0.6173184359375 0.32918149531249996 0.6145251390625 0.33807829218749996 0.6005586593750001 0.320284696875 0.555865921875 0.316725978125 0.4608938546875 0.3274021359375 0.4162011171875 0.32206405625 0.4078212296875 0.3113879 0.4078212296875 0.28291815 0.3743016765625 0.25800711718749997 0.368715084375 0.24021352343750002 0.37988826875
0 0.90925266875 0.089385475 0.907473309375 0.1703910609375 0.9110320281250001 0.175977653125 0.8967971531250001 0.21508379843749997 0.8967971531250001 0.24301675937499997 0.893238434375 0.2486033515625 0.8967971531250001 0.25418994375000004 0.8967971531250001 0.2821229046875 0.900355871875 0.28770949687499997 0.900355871875 0.30446927343749997 0.921708184375 0.34357541875000003 0.9412811390625 0.3631284921875 0.9466192171875001 0.36033519531249997 0.976868328125 0.3575419 0.98932384375 0.332402234375 0.98932384375 0.3156424578125 0.9715302484375 0.2932960890625 0.9466192171875001 0.231843575 0.9359430609375 0.1480446921875 0.9288256234375 0.131284915625 0.9323843421875001 0.11452513906249999 0.9163701062499999 0.089385475 0.90925266875 0.089385475
0 1 0.1871508375 0.9804270468749999 0.1620111734375 0.9733096078125 0.1620111734375 0.9626334515625 0.1508379890625 0.9572953734375 0.1703910609375 0.9430604984375 0.18156424531249998 0.9430604984375 0.20949720625 0.9466192171875001 0.21508379843749997 0.9466192171875001 0.2262569828125 0.9715302484375 0.2821229046875 0.9715302484375 0.28770949687499997 0.9839857656250001 0.3072625703125 0.998220640625 0.31843575468749996 1 0.3156424578125 1 0.1871508375
0 0.998220640625 0 0.9288256234375 0.0027932953125 0.9323843421875001 0.03072625625 0.9590747328125 0.0837988828125 0.9626334515625 0.0837988828125 0.976868328125 0.100558659375 0.987544484375 0.100558659375 0.991103203125 0.10614525156250001 1 0.1033519546875 0.998220640625 0
0 0.8772242 0.1508379890625 0.8665480421874999 0.15642458125 0.8469750890625001 0.1871508375 0.8434163703124999 0.198324021875 0.8469750890625001 0.265363128125 0.8540925265625001 0.2765363125 0.8540925265625001 0.2821229046875 0.879003559375 0.2821229046875 0.8843416375 0.279329609375 0.893238434375 0.265363128125 0.893238434375 0.2262569828125 0.9039145906250001 0.19273742968750002 0.9039145906250001 0.11452513906249999 0.900355871875 0.108938546875 0.8985765125 0.0949720671875 0.893238434375 0.0977653625 0.8825622781250001 0.1424581 0.8772242 0.1508379890625
0 0.7508896796875 0.07541899375 0.7437722421874999 0.0586592171875 0.7437722421874999 0.019553071875 0.7313167265625 0 0.7259786484374999 0.008379887499999999 0.7259786484374999 0.0921787703125 0.722419928125 0.0977653625 0.722419928125 0.153631284375 0.718861209375 0.1592178765625 0.722419928125 0.19273742968750002 0.7348754453125 0.21229050312500003 0.7419928828125 0.21229050312500003 0.781138790625 0.2402234640625 0.7935943062499999 0.2374301671875 0.820284696875 0.2178770953125 0.8398576515625 0.18156424531249998 0.8540925265625001 0.131284915625 0.8540925265625001 0.1033519546875 0.8060498218750001 0.15642458125 0.781138790625 0.15642458125 0.7740213515625001 0.1508379890625 0.7508896796875 0.11452513906249999 0.7473309609375 0.0977653625 0.7508896796875 0.07541899375
0 0.7704626328125 0 0.7651245546875 0.008379887499999999 0.7615658359374999 0.019553071875 0.7580071171875 0.12011173125 0.7669039140625 0.1396648046875 0.7704626328125 0.1396648046875 0.784697509375 0.15642458125 0.8042704625000001 0.153631284375 0.823843415625 0.1396648046875 0.8576512453125 0.0921787703125 0.8576512453125 0.053072625 0.8612099640625 0.0474860328125 0.8612099640625 0.03072625625 0.8647686828125 0.0251396640625 0.8629893234375 0 0.7704626328125 0