0 0.51484375 0.34921875 0.2640625 0.5921875
0 0.24453125 0.7234375 0.1046875 0.2625
0 0.3390625 0.778125 0.146875 0.171875
0 0.3203125 0.5484375 0.153125 0.128125
0 0.36953125 0.49375 0.1078125 0.08125
0 0.41171875 0.41875 0.0859375 0.121875
0 0.73984375 0.59453125 0.1296875 0.0984375
0 0.453125 0.76953125 0.109375 0.0796875
0 0.559375 0.79765625 0.134375 0.1390625
0 0.75625 0.759375 0.125 0.140625
0 0.39453125 0.671875 0.1390625 0.125
0 0.61875 0.44453125 0.0875 0.1359375
0 0.6921875 0.53671875 0.121875 0.0953125
0 0.65859375 0.65390625 0.0859375 0.1484375
0 0.55390625 0.671875 0.1265625 0.1375