0 0.2947019875 0.22561863125 0.3145695359375 0.1921397375 0.331125828125 0.15283842812499998 0.316225165625 0.1135371171875 0.291390728125 0.090247453125 0.2566225171875 0.06404657968750001 0.203642384375 0.048034934375 0.1506622515625 0.061135371875 0.12417218593749998 0.0829694328125 0.09271523125 0.1179039296875 0.081125828125 0.1601164484375 0.08774834375 0.2139737984375 0.11092715156249999 0.2503639015625 0.1307947015625 0.25618631718749996 0.163907284375 0.257641921875 0.2003311265625 0.2634643375 0.22516556250000003 0.26637554531249996 0.26158940468749997 0.253275109375 0.2947019875 0.22561863125
0 0.5662251656249999 0.3333333328125 0.6092715234375 0.278020378125 0.63741721875 0.2459970890625 0.6456953640624999 0.177583696875 0.6291390734375 0.1222707421875 0.60264900625 0.094614265625 0.5496688734374999 0.07860262031250001 0.4966887421875 0.0713246 0.46688741718750004 0.07714701562500001 0.4321192046875 0.1077147015625 0.40066225156249996 0.139737990625 0.37086092656249997 0.16448326093750001 0.3543046359375 0.195050946875 0.346026490625 0.24017467187500002 0.350993378125 0.28820960625 0.3758278140625 0.32896652187500003 0.413907284375 0.3522561859375 0.458609271875 0.35953420625 0.521523178125 0.3566229984375 0.5662251656249999 0.3333333328125
0 0.781456953125 0.0043668125 0.529801325 0 0.531456953125 0.0218340609375 0.531456953125 0.0538573515625 0.551324503125 0.0698689953125 0.58774834375 0.090247453125 0.6142384109375 0.10480349375 0.6291390734375 0.1222707421875 0.6721854296875 0.1222707421875 0.7036423843749999 0.1164483265625 0.7483443703125 0.09606986875 0.7831125828125 0.06404657968750001 0.7947019875 0.0203784578125 0.781456953125 0.0043668125
0 0.8443708609374999 0.282387190625 0.8973509937499999 0.26491994218750003 0.9321192046875 0.224163028125 0.943708609375 0.1979621546875 0.9321192046875 0.1455604078125 0.9056291390625001 0.10043668125 0.8807947015625001 0.08005822343749999 0.8278145703125 0.06404657968750001 0.7847682125000001 0.06404657968750001 0.7698675500000001 0.08151382812499999 0.7466887421874999 0.1018922859375 0.7119205296875 0.1179039296875 0.7019867546875 0.1382823875 0.7003311265625001 0.18195050937499999 0.7052980125 0.219796215625 0.723509934375 0.24163027656249997 0.7566225171875 0.2474526921875 0.7831125828125 0.26491994218750003 0.7947019875 0.282387190625 0.8443708609374999 0.282387190625
0 0.8013245031249999 0.44104803437499995 0.8079470203125 0.42649199375 0.8129139078125001 0.391557496875 0.8278145703125 0.3522561859375 0.8195364234375001 0.3144104796875 0.7947019875 0.273653565625 0.7632450328125 0.2474526921875 0.723509934375 0.24308588125 0.6572847687500001 0.23144104843750002 0.6390728484375 0.24308588125 0.61754966875 0.2721979625 0.5745033109375 0.324599709375 0.5463576156250001 0.349344978125 0.5612582781250001 0.3522561859375 0.60264900625 0.35516739375 0.649006621875 0.3609898109375 0.7069536421875 0.38719068437500004 0.7367549671875 0.4061135375 0.7649006625 0.425036390625 0.7831125828125 0.43959243125 0.8013245031249999 0.44104803437499995
0 0.9155629140625001 0.6011644828125 0.9569536421875 0.6055312953125 0.9983443703124999 0.5851528390625 1 0.286754003125 0.9983443703124999 0.28820960625 0.9768211921875001 0.2707423578125 0.9486754968750001 0.26491994218750003 0.9155629140625001 0.26491994218750003 0.8708609265625 0.2838427953125 0.8443708609374999 0.3085880640625 0.8195364234375001 0.358078603125 0.8129139078125001 0.4148471609375 0.806291390625 0.4643377 0.8129139078125001 0.5123726343749999 0.8394039734375 0.5574963609375 0.8609271515625 0.5851528390625 0.9155629140625001 0.6011644828125
0 0.7947019875 0.5473071328125 0.8096026484375001 0.5138282390625 0.8046357609375001 0.47016011718749995 0.7698675500000001 0.43085880625 0.7168874171875 0.3959243078125 0.673841059375 0.37263464375 0.6307947015625001 0.35953420625 0.5927152312499999 0.3522561859375 0.541390728125 0.35516739375 0.49172185468749996 0.3813682671875 0.46523178749999994 0.42940320156249995 0.4503311265625 0.49781659375 0.4619205296875 0.5502183406250001 0.509933775 0.58951965 0.5629139078125001 0.617176128125 0.61258278125 0.6244541484374999 0.6556291390625 0.63609898125 0.7152317874999999 0.6390101890625 0.7682119203125 0.6200873359375 0.7831125828125 0.5851528390625 0.7947019875 0.5473071328125
0 0 0.4148471609375 0.046357615625 0.4643377 0.0695364234375 0.47016011718749995 0.12582781406250002 0.4614264921875 0.158940396875 0.4628820953125 0.188741721875 0.4759825328125 0.213576159375 0.4818049484375 0.2433774828125 0.4687045125 0.28311258281249996 0.4366812234375 0.2880794703125 0.4235807859375 0.26158940468749997 0.382823871875 0.2632450328125 0.35516739375 0.2748344375 0.3173216890625 0.24834437031249998 0.28820960625 0.193708609375 0.26491994218750003 0.1357615890625 0.25618631718749996 0.0778145703125 0.2692867546875 0.043046357812500005 0.29548762812499996 0.0082781453125 0.32751091718750003 0 0.33915575 0 0.4148471609375
0 0.21192052968750003 0.4847161578125 0.183774834375 0.4687045125 0.1506622515625 0.46579330468749996 0.0844370859375 0.4687045125 0.026490065624999996 0.491994178125 0 0.5283842796875 0.0016556296875000001 0.6681222703125 0.0331125828125 0.6957787484375 0.091059603125 0.704512371875 0.1456953640625 0.6943231437499999 0.1655629140625 0.671033478125 0.2003311265625 0.62736535625 0.2367549671875 0.6157205234375 0.25993377500000003 0.583697234375 0.25331125781249997 0.525473071875 0.21192052968750003 0.4847161578125
0 0.37251655625 0.8500727796875 0.399006621875 0.8529839890625001 0.413907284375 0.82823871875 0.4105960265625 0.7976710328125 0.40231788125 0.7583697234375 0.408940396875 0.726346434375 0.4155629140625 0.68995633125 0.44039735156250004 0.671033478125 0.4105960265625 0.6433770015625 0.3692052984375 0.617176128125 0.33278145625 0.6055312953125 0.26158940468749997 0.6128093156250001 0.20860927187499997 0.625909753125 0.1771523171875 0.6535662296875 0.14735099375 0.69868995625 0.14238410625 0.746724890625 0.153973509375 0.80349345 0.1754966890625 0.838427946875 0.22516556250000003 0.8558951968749999 0.26158940468749997 0.8689956328124999 0.29966887343750004 0.851528384375 0.33774834375 0.8413391562499999 0.37251655625 0.8500727796875
0 0.6854304640625 0.8806404656250001 0.7251655625 0.847161571875 0.7466887421874999 0.8078602625 0.7350993375 0.7278020374999999 0.720198675 0.6812227078124999 0.6887417218749999 0.6550218343750001 0.6307947015625001 0.6331877734375 0.5844370859375 0.6200873359375 0.5248344375 0.62299854375 0.47019867499999995 0.6433770015625 0.42218542968749995 0.6812227078124999 0.413907284375 0.717612809375 0.403973509375 0.7685589515625 0.4155629140625 0.812227075 0.43377483437500003 0.8486171765625 0.4768211921875 0.8777292578125 0.5496688734374999 0.9039301312499999 0.61754966875 0.9112081515625 0.6854304640625 0.8806404656250001
0 0.9983443703124999 0.8311499265625001 0.9834437093749999 0.8064046578124999 0.9403973515624999 0.7729257640625 0.8642384109375 0.76564774375 0.8079470203125 0.7729257640625 0.766556290625 0.8064046578124999 0.7367549671875 0.82823871875 0.7102649000000001 0.8646288203125 0.693708609375 0.9024745265625 0.7036423843749999 0.9548762734375 0.7301324499999999 0.9970887921875 0.9966887421875 0.9956331875 0.9983443703124999 0.8311499265625001
0 0.4328125 0.5296875 0.2234375 0.2296875
0 0.5347682125000001 1 0.5347682125000001 0.9883551671875 0.516556290625 0.9359534203125 0.4718543046875 0.8835516734375 0.4105960265625 0.8573508000000001 0.331125828125 0.8398835515625 0.25331125781249997 0.8704512375 0.220198675 0.9024745265625 0.198675496875 0.9534206703124999 0.2019867546875 0.9985443953124999 0.5347682125000001 1
0 0.09765625 0.9109375 0.1890625 0.178125
0 0.11015625 0.0625 0.2203125 0.125