0 0.278125 0.56953125 0.1609375 0.1140625
0 0.26484375 0.49140625 0.1203125 0.0703125
0 0.50234375 0.43515625 0.0953125 0.1109375
0 0.59765625 0.43203125 0.1515625 0.115625
0 0.7375 0.396875 0.1453125 0.1203125
0 0.80234375 0.4875 0.08125 0.096875
0 0.72734375 0.5203125 0.140625 0.1140625
0 0.58046875 0.5375 0.15 0.109375
0 0.59609375 0.62265625 0.1203125 0.090625
0 0.7015625 0.62734375 0.159375 0.1234375
0 0.8078125 0.59453125 0.125 0.1234375
0 0.44453125 0.61796875 0.140625 0.109375
0 0.478125 0.54296875 0.14375 0.1140625
0 0.41953125 0.74296875 0.1453125 0.1453125
0 0.30390625 0.68203125 0.165625 0.1046875
0 0.20546875 0.63046875 0.0640625 0.0859375
0 0.2109375 0.7265625 0.15625 0.11875
0 0.3203125 0.81796875 0.178125 0.1265625
0 0.39921875 0.8734375 0.11875 0.128125
0 0.2671875 0.92109375 0.15625 0.1203125
0 0.1890625 0.83671875 0.1234375 0.09375