0 0.28203125 0.62265625 0.1078125 0.1890625
0 0.3875 0.70859375 0.10625 0.1390625
0 0.39296875 0.8671875 0.1171875 0.15625
0 0.54140625 0.7140625 0.090625 0.184375
0 0.3859375 0.453125 0.134375 0.1953125
0 0.3859375 0.14140625 0.1671875 0.19375
0 0.5046875 0.084375 0.1375 0.16875
0 0.69453125 0.23046875 0.1140625 0.1625
0 0.68046875 0.38828125 0.1328125 0.1765625
0 0.8546875 0.5703125 0.15 0.2078125
0 0.9625 0.78046875 0.075 0.128125
0 0.965625 0.37265625 0.065625 0.1234375
0 0.9484375 0.2 0.1015625 0.2
0 0.78203125 0.0734375 0.115625 0.1140625
0 0.72734375 0.60234375 0.1 0.1265625
0 0.56875 0.56640625 0.0515625 0.0890625