0 0.6984375 0.65078125 0.340625 0.4421875
0 0.528125 0.79296875 0.375 0.234375
0 0.39921875 0.5640625 0.2453125 0.48125
0 0.2640625 0.5390625 0.2234375 0.5875
0 0.340625 0.29296875 0.15625 0.4640625
0 0.45546875 0.32421875 0.13125 0.4359375
0 0.578125 0.2734375 0.15 0.4140625
0 0.67734375 0.39921875 0.1421875 0.3640625
0 0.803125 0.48359375 0.153125 0.43125
0 0.925 0.61640625 0.15 0.4078125
0 0.9375 0.2625 0.125 0.503125
0 0.8171875 0.2234375 0.1171875 0.403125
0 0.696875 0.25390625 0.1375 0.2859375