0 0.6046875 0.6484375 0.05 0.3453125
0 0.8265625 0.7140625 0.09375 0.5
0 0.4546875 0.69921875 0.084375 0.459375
0 0.2265625 0.7171875 0.0734375 0.5546875
0 0.128125 0.73828125 0.0765625 0.5125
0 0.31640625 0.2203125 0.046875 0.334375
0 0.278125 0.1484375 0.04375 0.2625
0 0.10859375 0.30078125 0.04375 0.328125
0 0.6546875 0.19375 0.0765625 0.375
0 0.78984375 0.253125 0.1140625 0.3984375
0 0.821875 0.22890625 0.103125 0.4234375
0 0.9046875 0.20546875 0.090625 0.3640625
0 0.95 0.690625 0.09375 0.453125
0 0.33984375 0.72890625 0.1 0.5296875