0 0.202702703125 0.0773195875 0.2297297296875 0.0721649484375 0.23166023125000001 0.05927835 0.247104246875 0.048969071875 0.247104246875 0.0335051546875 0.258687259375 0.028350515625 0.25675675625 0.0051546390625 0.1486486484375 0 0.034749034375 0.12113402031250001 0.0521235515625 0.17525773125 0.06177606249999999 0.1365979375 0.075289575 0.1288659796875 0.09652509687500001 0.1417525765625 0.084942084375 0.15206185625 0.0945945953125 0.15979381406249998 0.1389961390625 0.15206185625 0.0945945953125 0.2061855671875 0.0926640921875 0.19329896875000002 0.0830115828125 0.19072165000000002 0.0830115828125 0.221649484375 0.059845559375 0.21134020625 0.05598455625 0.2268041234375 0.0521235515625 0.21134020625 0.050193049999999996 0.22938144375 0.04440154375 0.221649484375 0.0328185328125 0.2319587625 0.030888031249999996 0.25 0.0173745171875 0.2525773203125 0.0135135140625 0.2731958765625 0.0038610031250000004 0.2654639171875 0.0038610031250000004 0.46649484531249996 0.0521235515625 0.40206185625 0.1023166015625 0.36597938124999996 0.166023165625 0.2654639171875 0.17760617812499999 0.1881443296875 0.1949806953125 0.19587628906250001 0.23166023125000001 0.1417525765625 0.22586872656249998 0.1185567015625 0.202702703125 0.1134020625 0.19305019375000002 0.09536082500000001 0.202702703125 0.0773195875
0 0 0.57474226875 0.009652509375 0.6082474234374999 0.0270270265625 0.605670103125 0.0521235515625 0.536082475 0.1293436296875 0.4845360828125 0.17760617812499999 0.430412371875 0.258687259375 0.27061855625 0.258687259375 0.25 0.2490347484375 0.2371134015625 0.222007721875 0.2319587625 0.191119690625 0.2474226796875 0.146718146875 0.296391753125 0.13127413125 0.3324742265625 0.0945945953125 0.38144329843749997 0.034749034375 0.42525773125 0 0.4974226796875 0 0.57474226875
0 0.11003860937500001 0.5 0.08108108124999999 0.5438144328125001 0.06949806875 0.5798969078125 0.065637065625 0.626288659375 0.0830115828125 0.644329896875 0.10424710468750001 0.6417525765625001 0.1332046328125 0.6288659796875 0.1583011578125 0.605670103125 0.18146718125 0.5386597937500001 0.1853281859375 0.5025773203125 0.21621621562499999 0.42010309218749997 0.23166023125000001 0.39432989687500003 0.2297297296875 0.35567010312499997 0.20077219999999998 0.3891752578125 0.16023166093750002 0.45876288593750003 0.11003860937500001 0.5
0 0.3146718140625 0.0773195875 0.28571428593750003 0.1675257734375 0.28957528906249996 0.2448453609375 0.26833976875 0.257731959375 0.247104246875 0.29123711406249997 0.23166023125000001 0.3530927828125 0.23166023125000001 0.3994845359375 0.20077219999999998 0.46134020624999994 0.1698841703125 0.5695876281250001 0.166023165625 0.6469072171875 0.171814671875 0.6597938140624999 0.18918918906249999 0.6623711343750001 0.2142857140625 0.6494845359375 0.2355212359375 0.6159793812500001 0.32432432499999997 0.3273195875 0.328185328125 0.29123711406249997 0.3127413125 0.25 0.347490346875 0.1726804125 0.33204633281249996 0.17783505156249999 0.33011582968750003 0.13402061875 0.308880309375 0.1365979375 0.3146718140625 0.0773195875
0 0.36100386093750003 0.335051546875 0.3204633203125 0.3788659796875 0.2702702703125 0.5128865984375001 0.2702702703125 0.595360825 0.308880309375 0.7087628859375 0.308880309375 0.719072165625 0.28185328125 0.7448453609375 0.28185328125 0.7757731953125 0.29922780000000004 0.8041237109375 0.3204633203125 0.80670103125 0.34362934375 0.786082475 0.33976833906250004 0.7087628859375 0.39382239375 0.49226804062499996 0.42084942031250006 0.41494845312499995 0.4169884171875 0.34278350468749996 0.44401544375 0.3118556703125 0.42664092656249997 0.28865979375 0.40154440156250004 0.296391753125 0.40733590781249995 0.3298969078125 0.36100386093750003 0.335051546875
0 0.43050193124999997 0.453608246875 0.409266409375 0.49226804062499996 0.347490346875 0.69329896875 0.34362934375 0.75 0.3513513515625 0.7757731953125 0.36872586875 0.7938144328125001 0.389961390625 0.7912371140625 0.42471042499999995 0.7345360828125 0.44787644843749996 0.595360825 0.4826254828125 0.48195876249999997 0.4826254828125 0.4561855671875 0.47490347499999996 0.4458762890625 0.4980694984375 0.36340206249999996 0.48069498125 0.3298969078125 0.4517374515625 0.373711340625 0.4517374515625 0.44072164999999996 0.43050193124999997 0.453608246875
0 0.5328185328124999 0.2757731953125 0.521235521875 0.39432989687500003 0.4826254828125 0.47680412343749995 0.44015444062500003 0.6417525765625001 0.43629343593750003 0.760309278125 0.45366795312499997 0.7938144328125001 0.478764478125 0.7912371140625 0.49420849375 0.77061855625 0.5096525093750001 0.719072165625 0.5366795359375 0.5902061859375001 0.54440154375 0.3891752578125 0.5714285718750001 0.34278350468749996 0.5984555984375 0.260309278125 0.58108108125 0.2371134015625 0.5579150578125 0.2525773203125 0.546332046875 0.2474226796875 0.5328185328124999 0.2757731953125
0 0.521235521875 0.0180412375 0.525096525 0.0438144328125 0.5482625484375 0.0798969078125 0.6177606171875001 0.286082475 0.610038609375 0.31701030937499997 0.55598455625 0.36855670156250003 0.540540540625 0.43556701093749994 0.54440154375 0.5541237109375 0.5714285718750001 0.6675257734375 0.6138996140625 0.7242268046875 0.6370656375 0.6726804125 0.625482625 0.5025773203125 0.6370656375 0.4097938140625 0.6332046328125001 0.34278350468749996 0.6640926640625 0.260309278125 0.6640926640625 0.007731959375 0.6196911203125001 0.0051546390625 0.565637065625 0.025773195312500004 0.5308880312500001 0.0051546390625 0.521235521875 0.0180412375
0 0.6447876453125 0.42010309218749997 0.6332046328125001 0.4561855671875 0.625482625 0.55927835 0.6370656375 0.6675257734375 0.671814671875 0.7757731953125 0.7220077218750001 0.8685567015625001 0.741312740625 0.8840206187499999 0.752895753125 0.8788659796875 0.752895753125 0.8170103093750001 0.741312740625 0.7242268046875 0.7220077218750001 0.6778350515625 0.702702703125 0.585051546875 0.6988416984375 0.4974226796875 0.70656370625 0.43556701093749994 0.6988416984375 0.4097938140625 0.677606178125 0.38659793750000004 0.6447876453125 0.42010309218749997
0 0.6949806953125 0.286082475 0.7258687265625 0.31701030937499997 0.70656370625 0.3582474234375 0.70656370625 0.42525773125 0.783783784375 0.703608246875 0.8050193046875 0.7319587624999999 0.8301158296875 0.739690721875 0.8532818531249999 0.6675257734375 0.8416988421875 0.55927835 0.81853281875 0.4561855671875 0.7606177609375 0.31701030937499997 0.7258687265625 0.12113402031250001 0.7046332046875 0.09278350468749999 0.70656370625 0.15721649531249998 0.6795366796875 0.1365979375 0.675675675 0.2448453609375 0.6949806953125 0.286082475
0 0.7644787640625 0.07474226875 0.76833976875 0.19329896875000002 0.7432432437500001 0.17525773125 0.741312740625 0.1881443296875 0.7644787640625 0.2345360828125 0.7644787640625 0.29123711406249997 0.833976834375 0.34278350468749996 0.8262548265625 0.44072164999999996 0.8455598453125001 0.57474226875 0.8957528953124999 0.7087628859375 0.9227799234375 0.713917525 0.9382239374999999 0.682989690625 0.9382239374999999 0.595360825 0.8957528953124999 0.3788659796875 0.86872586875 0.3324742265625 0.86872586875 0.1005154640625 0.8880308875 0.069587628125 0.8803088796875 0.012886598437499999 0.8957528953124999 0.007731959375 0.797297296875 0.0051546390625 0.7644787640625 0.07474226875
0 0.93050193125 0.7087628859375 0.9343629343750001 0.7345360828125 0.94401544375 0.7474226796875 0.953667953125 0.7448453609375 0.9613899609375001 0.739690721875 0.9729729734375001 0.7087628859375 0.96911196875 0.595360825 0.93050193125 0.42525773125 0.9073359078125 0.36340206249999996 0.89382239375 0.35567010312499997 0.8880308875 0.36855670156250003 0.9382239374999999 0.5902061859375001 0.9382239374999999 0.6778350515625 0.93050193125 0.7087628859375
0 1 0.507731959375 0.953667953125 0.3994845359375 0.9285714281249999 0.3711340203125 0.9169884171874999 0.3711340203125 0.9729729734375001 0.6159793812500001 0.9768339765625 0.69329896875 0.9613899609375001 0.75 0.965250965625 0.8840206187499999 0.974903475 0.9072164953125 0.9922779921875 0.9097938140625 1 0.8994845359375001 1 0.507731959375
0 0.2741312734375 0.6108247421875 0.2664092671875 0.585051546875 0.252895753125 0.5824742265625 0.2393822390625 0.6159793812500001 0.2084942078125 0.6675257734375 0.2046332046875 0.739690721875 0.2084942078125 0.7448453609375 0.2084942078125 0.77061855625 0.22007722031250002 0.837628865625 0.24131274062500002 0.8711340203125 0.2490347484375 0.876288659375 0.2625482625 0.873711340625 0.28185328125 0.837628865625 0.28571428593750003 0.80670103125 0.277992278125 0.786082475 0.277992278125 0.77061855625 0.26833976875 0.7628865984375001 0.25675675625 0.7628865984375001 0.247104246875 0.7448453609375 0.2509652515625 0.713917525 0.2741312734375 0.6572164953125 0.2741312734375 0.6108247421875