0 0.4755859375 0.4345703125 0.48291015625 0.4150390625 0.48291015625 0.3916015625 0.47607421875 0.3655598953125 0.4677734375 0.3447265625 0.45556640625 0.3310546875 0.4521484375 0.3121744796875 0.44677734375 0.3037109375 0.4443359375 0.2952473953125 0.422119140625 0.2708333328125 0.406982421875 0.265625 0.387939453125 0.2662760421875 0.375244140625 0.2623697921875 0.355224609375 0.2643229171875 0.337646484375 0.2708333328125 0.333740234375 0.27734375 0.323486328125 0.2760416671875 0.308349609375 0.28125 0.292724609375 0.29296875 0.283203125 0.3050130203125 0.28125 0.3121744796875 0.27880859375 0.3297526046875 0.2802734375 0.3401692703125 0.283203125 0.3453776046875 0.2783203125 0.3538411453125 0.27880859375 0.3720703125 0.274658203125 0.3743489578125 0.27294921875 0.3785807296875 0.26904296875 0.4007161453125 0.27001953125 0.4137369796875 0.28173828125 0.4443359375 0.2880859375 0.4501953125 0.2890625 0.4547526046875 0.294921875 0.4606119796875 0.29638671875 0.4664713546875 0.303955078125 0.4772135421875 0.3125 0.4840494796875 0.326904296875 0.5091145828125 0.343994140625 0.5208333328125 0.375 0.5244140625 0.396240234375 0.5208333328125 0.404052734375 0.5123697921875 0.422607421875 0.5143229171875 0.435302734375 0.5110677078125 0.449462890625 0.5 0.4609375 0.4853515625 0.46435546875 0.4775390625 0.46630859375 0.4645182296875 0.46484375 0.4436848953125 0.4755859375 0.4345703125
0 0.71923828125 0.4521484375 0.72412109375 0.4339192703125 0.7265625 0.4098307296875 0.72509765625 0.4026692703125 0.720947265625 0.3971354171875 0.703857421875 0.39453125 0.69580078125 0.3766276046875 0.686767578125 0.3645833328125 0.679443359375 0.357421875 0.666748046875 0.3502604171875 0.663818359375 0.3450520828125 0.655029296875 0.337890625 0.648681640625 0.333984375 0.635498046875 0.3352864578125 0.625244140625 0.3209635421875 0.614990234375 0.3125 0.600830078125 0.306640625 0.588623046875 0.3053385421875 0.572509765625 0.3098958328125 0.564208984375 0.3157552078125 0.556640625 0.3238932296875 0.553955078125 0.3313802078125 0.533447265625 0.3424479171875 0.5234375 0.3544921875 0.51220703125 0.3753255203125 0.5048828125 0.3955078125 0.494384765625 0.40625 0.4912109375 0.4124348953125 0.478515625 0.4430338546875 0.4775390625 0.4586588546875 0.49560546875 0.4918619796875 0.49951171875 0.5113932296875 0.50732421875 0.5302734375 0.516357421875 0.5423177078125 0.525390625 0.5498046875 0.533203125 0.5712890625 0.537841796875 0.5768229171875 0.551025390625 0.583984375 0.555419921875 0.583984375 0.56005859375 0.5771484375 0.56103515625 0.5550130203125 0.56396484375 0.5530598953125 0.565185546875 0.5442708328125 0.568603515625 0.5475260421875 0.570556640625 0.5436197921875 0.592041015625 0.5423177078125 0.5966796875 0.5517578125 0.59716796875 0.5706380203125 0.6015625 0.5914713546875 0.61767578125 0.5940755203125 0.646728515625 0.5826822921875 0.659912109375 0.5729166671875 0.670654296875 0.5598958328125 0.691650390625 0.5423177078125 0.69970703125 0.5296223953125 0.705078125 0.5179036453125 0.7099609375 0.4977213546875 0.70947265625 0.4716796875 0.705078125 0.4599609375 0.71923828125 0.4521484375
0 0.68359375 0.8440755203125001 0.685546875 0.8323567703125001 0.701904296875 0.8157552078125001 0.7109375 0.8004557296874999 0.71533203125 0.7802734375 0.7158203125 0.7639973953125 0.712890625 0.7438151046875 0.70703125 0.7262369796875 0.689453125 0.7008463546875 0.6796875 0.6800130203125 0.67333984375 0.6735026046875 0.6708984375 0.6539713546875 0.66162109375 0.6305338546875 0.648193359375 0.6139322921875 0.632568359375 0.6041666671875 0.622314453125 0.6022135421875 0.610107421875 0.6087239578125 0.603271484375 0.603515625 0.60107421875 0.6044921875 0.600341796875 0.6087239578125 0.60107421875 0.6018880203125 0.59716796875 0.5966796875 0.59521484375 0.5823567703125 0.595703125 0.5485026046875 0.590576171875 0.5436197921875 0.575439453125 0.5436197921875 0.567626953125 0.546875 0.5625 0.5550130203125 0.56201171875 0.6142578125 0.558837890625 0.6178385421875 0.552978515625 0.619140625 0.548095703125 0.6139322921875 0.540283203125 0.611328125 0.529052734375 0.61328125 0.515380859375 0.6243489578125 0.5029296875 0.6455078125 0.49365234375 0.6780598953125 0.494140625 0.6858723953125 0.49951171875 0.6995442703125 0.4990234375 0.7060546875 0.488525390625 0.7154947921875 0.484375 0.7223307296875 0.4775390625 0.7516276046875 0.47705078125 0.7724609375 0.47900390625 0.7900390625 0.484375 0.8017578125 0.4931640625 0.8108723953125001 0.49365234375 0.8388671875 0.4912109375 0.8512369796874999 0.49267578125 0.8688151046874999 0.49658203125 0.8831380203125001 0.5078125 0.9039713546874999 0.520751953125 0.9173177078125001 0.530029296875 0.9231770828125001 0.548583984375 0.9283854171874999 0.553955078125 0.927734375 0.568115234375 0.9407552078125001 0.576904296875 0.9440104171874999 0.58447265625 0.9436848953125001 0.600830078125 0.9388020828125001 0.615966796875 0.92578125 0.631103515625 0.9309895828125001 0.646728515625 0.9303385421874999 0.663330078125 0.921875 0.67333984375 0.9111328125 0.68359375 0.8942057296874999 0.6875 0.8772786453125001 0.6875 0.8623046875 0.68359375 0.8440755203125001
0 0.482421875 0.7216796875 0.49658203125 0.7008463546875 0.4931640625 0.6904296875 0.49267578125 0.6761067703125 0.49462890625 0.6591796875 0.49853515625 0.6539713546875 0.4990234375 0.6474609375 0.494873046875 0.6432291671875 0.474365234375 0.6438802078125 0.463134765625 0.6341145828125 0.450927734375 0.6295572921875 0.434326171875 0.62890625 0.414306640625 0.6393229171875 0.4033203125 0.6520182296875 0.3974609375 0.6624348953125 0.38818359375 0.6956380203125 0.388671875 0.7008463546875 0.376953125 0.7151692703125 0.36083984375 0.7457682296875 0.35888671875 0.7594401046875 0.359375 0.7796223953125 0.36767578125 0.8030598953125001 0.380859375 0.8160807296874999 0.37451171875 0.8317057296874999 0.37548828125 0.8460286453125001 0.3828125 0.8636067703125001 0.394775390625 0.8782552078125001 0.403076171875 0.8841145828125001 0.415283203125 0.8880208328125001 0.431884765625 0.884765625 0.443115234375 0.8951822921874999 0.460693359375 0.9049479171874999 0.47314453125 0.9065755203125001 0.478759765625 0.9029947921874999 0.4912109375 0.8837890625 0.4912109375 0.8668619796874999 0.4892578125 0.8590494796874999 0.49169921875 0.8375651046874999 0.49072265625 0.8173828125 0.47802734375 0.7932942703125 0.47509765625 0.7587890625 0.478515625 0.7327473953125 0.482421875 0.7216796875
0 0.35888671875 0.7119140625 0.372802734375 0.7024739578125 0.38427734375 0.6852213546875 0.39111328125 0.6663411453125 0.392578125 0.6539713546875 0.39013671875 0.6376953125 0.38134765625 0.6266276046875 0.38916015625 0.6129557296875 0.3916015625 0.6012369796875 0.3916015625 0.5856119796875 0.38330078125 0.5589192703125 0.371337890625 0.5403645828125 0.363525390625 0.533203125 0.353271484375 0.53125 0.349853515625 0.5266927078125 0.330810546875 0.5162760421875 0.315673828125 0.5006510421875 0.301513671875 0.4986979171875 0.282470703125 0.5078125 0.267333984375 0.4993489578125 0.248291015625 0.4986979171875 0.229248046875 0.51171875 0.213134765625 0.5279947921875 0.20703125 0.5380859375 0.20458984375 0.5556640625 0.2099609375 0.5699869796875 0.201171875 0.5836588546875 0.1943359375 0.6012369796875 0.19384765625 0.6435546875 0.2021484375 0.6708984375 0.2099609375 0.6800130203125 0.2080078125 0.6943359375 0.20947265625 0.7093098953125 0.2177734375 0.7353515625 0.22607421875 0.7496744796875 0.240478515625 0.76171875 0.259765625 0.7626953125 0.2548828125 0.7932942703125 0.256103515625 0.7981770828125 0.2890625 0.8004557296874999 0.29150390625 0.7978515625 0.294921875 0.7796223953125 0.297607421875 0.775390625 0.306396484375 0.775390625 0.319091796875 0.7682291671875 0.326904296875 0.7669270828125 0.334716796875 0.7630208328125 0.340576171875 0.7565104171875 0.35595703125 0.7288411453125 0.35888671875 0.7119140625
0 0.20654296875 0.6982421875 0.208984375 0.6852213546875 0.2001953125 0.6695963546875 0.19287109375 0.6442057296875 0.1923828125 0.6025390625 0.187744140625 0.5970052078125 0.171142578125 0.5911458328125 0.144287109375 0.58984375 0.132568359375 0.5963541671875 0.116455078125 0.5950520828125 0.095458984375 0.6041666671875 0.07666015625 0.6272786453125 0.0751953125 0.6435546875 0.072509765625 0.6477864578125 0.054931640625 0.65625 0.04345703125 0.6695963546875 0.03857421875 0.6793619796875 0.03564453125 0.6936848953125 0.03564453125 0.7067057296875 0.0390625 0.7275390625 0.046142578125 0.7408854171875 0.05126953125 0.7431640625 0.05029296875 0.7763671875 0.05908203125 0.8004557296874999 0.067626953125 0.8111979171874999 0.076904296875 0.8177083328125001 0.085693359375 0.8209635421874999 0.101318359375 0.8203125 0.10400390625 0.8362630203125001 0.114990234375 0.84765625 0.124755859375 0.8528645828125001 0.1376953125 0.8538411453125001 0.154052734375 0.8502604171874999 0.167724609375 0.8365885421874999 0.179443359375 0.8372395828125001 0.190673828125 0.833984375 0.206787109375 0.822265625 0.21435546875 0.8115234375 0.232421875 0.7646484375 0.216796875 0.7418619796875 0.2099609375 0.7158203125 0.20654296875 0.6982421875
0 0.27880859375 0.4755859375 0.27197265625 0.4508463546875 0.27490234375 0.4449869796875 0.27490234375 0.4397786453125 0.27099609375 0.4287109375 0.266845703125 0.423828125 0.263671875 0.4254557296875 0.262939453125 0.4296875 0.258056640625 0.4296875 0.25634765625 0.4261067703125 0.25634765625 0.4222005203125 0.259765625 0.4189453125 0.258056640625 0.41796875 0.236083984375 0.4134114578125 0.219970703125 0.4166666671875 0.208251953125 0.4088541671875 0.197021484375 0.4049479171875 0.184814453125 0.3958333328125 0.177001953125 0.3951822921875 0.16455078125 0.4052734375 0.156982421875 0.42578125 0.148681640625 0.4296875 0.138671875 0.4397786453125 0.1318359375 0.4560546875 0.130859375 0.4742838546875 0.13330078125 0.4899088546875 0.14453125 0.5159505203125 0.1494140625 0.5387369796875 0.15673828125 0.5556640625 0.176025390625 0.5846354171875 0.183837890625 0.5911458328125 0.193359375 0.5927734375 0.203125 0.5758463546875 0.2021484375 0.5498046875 0.205078125 0.5361328125 0.20849609375 0.5302734375 0.222412109375 0.5182291671875 0.236083984375 0.5013020828125 0.247314453125 0.4973958328125 0.270751953125 0.49609375 0.27685546875 0.4873046875 0.27880859375 0.4755859375
0 0.314208984375 0.2727864578125 0.327880859375 0.2708333328125 0.33251953125 0.2666015625 0.328125 0.2568359375 0.32763671875 0.24055989531250002 0.3193359375 0.20865885468749998 0.30810546875 0.1871744796875 0.303466796875 0.18359375 0.290771484375 0.1653645828125 0.280517578125 0.15625 0.270751953125 0.15234375 0.248291015625 0.15234375 0.235595703125 0.1614583328125 0.207275390625 0.16015625 0.196044921875 0.1627604171875 0.180908203125 0.1770833328125 0.1787109375 0.1832682296875 0.173828125 0.1884765625 0.169921875 0.21647135468749998 0.156982421875 0.228515625 0.14892578125 0.2431640625 0.14208984375 0.2692057296875 0.14501953125 0.2978515625 0.16064453125 0.3349609375 0.1630859375 0.3512369796875 0.171875 0.3759765625 0.180419921875 0.38671875 0.196533203125 0.3984375 0.210693359375 0.4036458328125 0.221923828125 0.404296875 0.242431640625 0.3997395828125 0.26318359375 0.4059244796875 0.26708984375 0.3987630203125 0.2685546875 0.3818359375 0.2744140625 0.3655598953125 0.2744140625 0.3505859375 0.27685546875 0.3453776046875 0.27587890625 0.3284505203125 0.279296875 0.3030598953125 0.298095703125 0.2845052078125 0.310791015625 0.27734375 0.314208984375 0.2727864578125
0 0.314208984375 0.13671875 0.329833984375 0.1497395828125 0.338623046875 0.1529947921875 0.3466796875 0.1318359375 0.3466796875 0.09407552031250001 0.34326171875 0.08235677031250001 0.33544921875 0.0693359375 0.33349609375 0.05305989531250001 0.32763671875 0.0400390625 0.311767578125 0.0227864578125 0.290283203125 0.008463542187500001 0.271240234375 0.0013020828125 0.128662109375 0 0.115478515625 0.005859375 0.10791015625 0.0185546875 0.1005859375 0.0419921875 0.103515625 0.1207682296875 0.1103515625 0.1422526046875 0.118408203125 0.1529947921875 0.125732421875 0.1569010421875 0.142333984375 0.1848958328125 0.154541015625 0.1946614578125 0.1630859375 0.1962890625 0.1669921875 0.1930338546875 0.181396484375 0.1686197921875 0.188232421875 0.1627604171875 0.203369140625 0.15625 0.229248046875 0.1588541671875 0.242919921875 0.150390625 0.257568359375 0.146484375 0.266845703125 0.1471354171875 0.297119140625 0.1341145828125 0.314208984375 0.13671875
0 0.126708984375 0.1595052078125 0.117919921875 0.1529947921875 0.10888671875 0.1416015625 0.10546875 0.1259765625 0.10205078125 0.1207682296875 0.099609375 0.0387369796875 0.10693359375 0.0107421875 0.11083984375 0.0055338546875 0.099365234375 0 0.072021484375 0.0006510421875 0.060302734375 0.008463542187500001 0.0498046875 0.0270182296875 0.044921875 0.0315755203125 0.03857421875 0.05240885468749999 0.0361328125 0.09602864531250001 0.044921875 0.1214192703125 0.0556640625 0.1370442703125 0.0673828125 0.1643880203125 0.0634765625 0.1826171875 0.06591796875 0.20865885468749998 0.08447265625 0.2294921875 0.09375 0.2568359375 0.0986328125 0.2607421875 0.101806640625 0.2571614578125 0.117919921875 0.2513020828125 0.137939453125 0.2526041671875 0.14306640625 0.24641927031250002 0.15625 0.21907552031250002 0.1611328125 0.21451822968749998 0.16162109375 0.20670572968749998 0.156982421875 0.1979166671875 0.13916015625 0.1826171875 0.126708984375 0.1595052078125
0 0.121337890625 0.2584635421875 0.114501953125 0.2610677078125 0.100341796875 0.2721354171875 0.092529296875 0.2890625 0.078369140625 0.2942708328125 0.072265625 0.3037109375 0.0712890625 0.3206380203125 0.0732421875 0.3479817703125 0.06884765625 0.3707682296875 0.06884765625 0.3831380203125 0.0703125 0.3987630203125 0.07470703125 0.4130859375 0.087890625 0.4339192703125 0.096923828125 0.4453125 0.107666015625 0.4537760421875 0.12451171875 0.4580078125 0.1279296875 0.4554036453125 0.137451171875 0.4361979171875 0.15380859375 0.4215494796875 0.15966796875 0.4059244796875 0.17333984375 0.3870442703125 0.1650390625 0.3688151046875 0.1552734375 0.3297526046875 0.1416015625 0.2985026046875 0.13818359375 0.2620442703125 0.121337890625 0.2584635421875
0 0.06201171875 0.2828776046875 0.06787109375 0.2724609375 0.0693359375 0.2626953125 0.07861328125 0.2509765625 0.07470703125 0.23014322968749998 0.066650390625 0.21940104218749998 0.024169921875 0.17578125 0.001220703125 0.1640625 0.00048828125 0.4508463546875 0.014892578125 0.439453125 0.039306640625 0.4283854171875 0.045166015625 0.4231770828125 0.05126953125 0.4130859375 0.05615234375 0.3974609375 0.05615234375 0.3818359375 0.06640625 0.3694661453125 0.07080078125 0.3525390625 0.0673828125 0.3037109375 0.06201171875 0.2828776046875
0 0.083251953125 0.5123697921875 0.067138671875 0.498046875 0.052490234375 0.490234375 0.037353515625 0.470703125 0.017822265625 0.4602864578125 0.000244140625 0.458984375 0 0.6754557296875 0.00439453125 0.6774088546875 0.015380859375 0.6751302078125 0.038330078125 0.6647135421875 0.06689453125 0.6429036453125 0.07861328125 0.6142578125 0.08544921875 0.6025390625 0.0849609375 0.5680338546875 0.09228515625 0.5550130203125 0.09375 0.5367838546875 0.08984375 0.5237630203125 0.083251953125 0.5123697921875
0 0.000244140625 0.68359375 0.0009765625 0.8779296875 0.012451171875 0.8671875 0.043212890625 0.853515625 0.05126953125 0.8388671875 0.05517578125 0.8147786453125001 0.0537109375 0.8030598953125001 0.0419921875 0.7672526046875 0.0419921875 0.7431640625 0.03125 0.7008463546875 0.022216796875 0.6901041671875 0.000244140625 0.68359375
0 0.1484375 0.8883463546874999 0.138427734375 0.8756510421874999 0.129150390625 0.869140625 0.101806640625 0.8619791671874999 0.080810546875 0.865234375 0.072021484375 0.8567708328125001 0.051025390625 0.8548177078125001 0.031494140625 0.8600260421874999 0.018310546875 0.8671875 0.007568359375 0.8756510421874999 0.00048828125 0.8863932296874999 0.000244140625 1 0.17724609375 0.9996744796874999 0.180419921875 0.9993489578125001 0.18310546875 0.9938151046874999 0.185546875 0.9645182296874999 0.18408203125 0.9449869796874999 0.17822265625 0.9326171875 0.173095703125 0.9270833328125001 0.165771484375 0.921875 0.15478515625 0.9202473953125001 0.1552734375 0.9046223953125001 0.1484375 0.8883463546874999
0 0.367919921875 0.8522135421874999 0.361083984375 0.8528645828125001 0.36083984375 0.8473307296874999 0.349365234375 0.8294270828125001 0.336181640625 0.8209635421874999 0.321533203125 0.8157552078125001 0.301513671875 0.8190104171874999 0.290771484375 0.826171875 0.287109375 0.8317057296874999 0.286376953125 0.8372395828125001 0.275634765625 0.833984375 0.262939453125 0.8372395828125001 0.242919921875 0.8528645828125001 0.22705078125 0.8746744796874999 0.220703125 0.8889973953125001 0.2197265625 0.9059244796874999 0.2216796875 0.9169921875 0.214599609375 0.9283854171874999 0.205322265625 0.9309895828125001 0.19970703125 0.9365234375 0.189453125 0.9606119796874999 0.18505859375 0.9807942703125001 0.185546875 0.9938151046874999 0.188232421875 0.9993489578125001 0.191162109375 1 0.3994140625 0.9996744796874999 0.405029296875 0.9993489578125001 0.4072265625 0.9944661453125001 0.40869140625 0.9671223953125001 0.40673828125 0.9521484375 0.39892578125 0.9313151046874999 0.39892578125 0.9098307296874999 0.3916015625 0.8837890625 0.3828125 0.8681640625 0.373779296875 0.857421875 0.367919921875 0.8522135421874999
0 0.667724609375 1 0.66943359375 0.9977213546874999 0.6650390625 0.9671223953125001 0.65869140625 0.9501953125 0.643798828125 0.9348958328125001 0.627197265625 0.93359375 0.614990234375 0.927734375 0.601806640625 0.9401041671874999 0.589111328125 0.94140625 0.585205078125 0.9466145828125001 0.581298828125 0.9466145828125001 0.565673828125 0.9407552078125001 0.553955078125 0.9296875 0.536865234375 0.9270833328125001 0.518310546875 0.91796875 0.50341796875 0.8981119796874999 0.49853515625 0.8870442703125001 0.494384765625 0.884765625 0.4775390625 0.9111328125 0.470458984375 0.9166666671874999 0.4619140625 0.9293619796874999 0.45361328125 0.9573567703125001 0.4541015625 0.9781901046874999 0.447265625 0.9977213546874999 0.450927734375 1 0.66064453125 1 0.667724609375 1
0 0.84423828125 0.8317057296874999 0.83642578125 0.8147786453125001 0.81689453125 0.7809244796875 0.8046875 0.7666015625 0.7998046875 0.7522786453125 0.793212890625 0.7421875 0.768798828125 0.7233072921875 0.757080078125 0.7194010421875 0.741943359375 0.7194010421875 0.729736328125 0.73046875 0.71337890625 0.7320963546875 0.7138671875 0.7438151046875 0.71826171875 0.7633463546875 0.7158203125 0.7854817703125 0.70751953125 0.8102213546874999 0.6875 0.8369140625 0.68994140625 0.8525390625 0.68994140625 0.8785807296874999 0.6865234375 0.8961588546874999 0.6611328125 0.9313151046874999 0.666015625 0.9651692703125001 0.6728515625 0.9866536453125001 0.684326171875 0.9993489578125001 0.773681640625 1 0.776611328125 0.9973958328125001 0.780517578125 1 0.79296875 0.9996744796874999 0.812255859375 0.9973958328125001 0.829345703125 0.982421875 0.8388671875 0.9690755203125001 0.84423828125 0.9567057296874999 0.84765625 0.9397786453125001 0.8447265625 0.9104817703125001 0.84765625 0.9046223953125001 0.85107421875 0.8805338546874999 0.84814453125 0.8466796875 0.84423828125 0.8317057296874999
0 1 0.8356119796874999 0.994384765625 0.8268229171874999 0.969970703125 0.8125 0.945556640625 0.8111979171874999 0.929931640625 0.8157552078125001 0.919677734375 0.822265625 0.911376953125 0.8346354171874999 0.899169921875 0.8333333328125001 0.894775390625 0.8352864578125001 0.8740234375 0.8551432296874999 0.86474609375 0.8863932296874999 0.865234375 0.9156901046874999 0.86279296875 0.9241536453125001 0.85498046875 0.9365234375 0.85302734375 0.9488932296874999 0.85205078125 0.9827473953125001 0.855224609375 0.9973958328125001 0.863525390625 1 0.9931640625 0.9996744796874999 1 0.9990234375 1 0.8356119796874999
0 1 0.6461588546875 0.99169921875 0.6220703125 0.983154296875 0.6087239578125 0.97021484375 0.5960286453125 0.96875 0.5804036453125 0.9619140625 0.5628255203125 0.952392578125 0.5494791671875 0.938232421875 0.5358072921875 0.913818359375 0.52734375 0.905517578125 0.52734375 0.894287109375 0.5325520828125 0.886474609375 0.533203125 0.872802734375 0.5234375 0.859130859375 0.5201822921875 0.839599609375 0.5234375 0.824951171875 0.5325520828125 0.810546875 0.5498046875 0.80810546875 0.5595703125 0.80908203125 0.5712890625 0.8076171875 0.5758463546875 0.7919921875 0.5927734375 0.7861328125 0.6110026046875 0.78466796875 0.6318359375 0.7861328125 0.6429036453125 0.789794921875 0.6510416671875 0.796142578125 0.654296875 0.79931640625 0.6591796875 0.78955078125 0.6761067703125 0.79052734375 0.6969401046875 0.79638671875 0.7138671875 0.805908203125 0.7291666671875 0.818115234375 0.73828125 0.825927734375 0.7408854171875 0.841552734375 0.73828125 0.84716796875 0.7587890625 0.856689453125 0.7688802078125 0.870849609375 0.77734375 0.878662109375 0.7799479171875 0.894287109375 0.7799479171875 0.910888671875 0.7740885421875 0.923095703125 0.7819010421875 0.9453125 0.7835286453125 0.953857421875 0.7799479171875 0.96435546875 0.7692057296875 0.966796875 0.7633463546875 0.96826171875 0.7457682296875 0.972900390625 0.736328125 1 0.7568359375 1 0.6943359375 0.996826171875 0.6966145828125 0.9912109375 0.6956380203125 0.995361328125 0.6946614578125 0.997314453125 0.6901041671875 1 0.6891276046875 1 0.6461588546875
0 0.7490234375 0.5231119796875 0.74853515625 0.5120442703125 0.74169921875 0.4951171875 0.737060546875 0.4889322921875 0.724365234375 0.4791666671875 0.713623046875 0.4759114578125 0.71142578125 0.4794921875 0.7109375 0.5022786453125 0.70849609375 0.5113932296875 0.69580078125 0.5380859375 0.663818359375 0.572265625 0.649658203125 0.583984375 0.637451171875 0.58984375 0.63330078125 0.5966796875 0.655029296875 0.6184895828125 0.66455078125 0.6318359375 0.6708984375 0.6494140625 0.67431640625 0.6702473953125 0.69189453125 0.7008463546875 0.697509765625 0.7083333328125 0.706298828125 0.7141927078125 0.72021484375 0.7164713546875 0.737060546875 0.7096354171875 0.748046875 0.6956380203125 0.75732421875 0.6728515625 0.76513671875 0.6630859375 0.7763671875 0.6370442703125 0.779296875 0.6110026046875 0.77294921875 0.5667317703125 0.76708984375 0.5439453125 0.759033203125 0.5305989578125 0.7490234375 0.5231119796875
0 0.482666015625 0.4244791671875 0.47900390625 0.4378255203125 0.46875 0.4449869796875 0.466796875 0.4755859375 0.46044921875 0.4886067703125 0.443603515625 0.5078125 0.423583984375 0.517578125 0.411865234375 0.5182291671875 0.41015625 0.5283203125 0.41552734375 0.5491536453125 0.423828125 0.5595703125 0.42236328125 0.5771484375 0.42578125 0.5908203125 0.440185546875 0.6145833328125 0.450927734375 0.625 0.466064453125 0.6295572921875 0.473876953125 0.626953125 0.478271484375 0.63671875 0.5009765625 0.6416015625 0.517822265625 0.6184895828125 0.5390625 0.6051432296875 0.5390625 0.5804036453125 0.53173828125 0.5712890625 0.5244140625 0.5537109375 0.50244140625 0.5224609375 0.48779296875 0.4820963546875 0.4833984375 0.4671223953125 0.48486328125 0.4280598953125 0.482666015625 0.4244791671875
0 0.80859375 0.3245442703125 0.80224609375 0.3004557296875 0.797119140625 0.2916666671875 0.787353515625 0.2825520828125 0.778076171875 0.2799479171875 0.768798828125 0.2825520828125 0.755615234375 0.2604166671875 0.741455078125 0.2552083328125 0.709716796875 0.2610677078125 0.699462890625 0.2682291671875 0.690673828125 0.2805989578125 0.680419921875 0.2727864578125 0.669189453125 0.2734375 0.658935546875 0.2799479171875 0.6494140625 0.2913411453125 0.64306640625 0.3030598953125 0.63671875 0.3291015625 0.638427734375 0.3313802078125 0.647705078125 0.33203125 0.658935546875 0.3365885421875 0.666259765625 0.34765625 0.679931640625 0.3561197921875 0.690673828125 0.3665364578125 0.706787109375 0.3919270828125 0.717041015625 0.3932291671875 0.724609375 0.3981119796875 0.7275390625 0.4143880203125 0.72216796875 0.4482421875 0.718017578125 0.45703125 0.708984375 0.4606119796875 0.713623046875 0.46875 0.724853515625 0.4739583328125 0.740966796875 0.4869791671875 0.74755859375 0.4866536453125 0.762939453125 0.4778645828125 0.7744140625 0.4645182296875 0.779052734375 0.4557291671875 0.787841796875 0.4485677078125 0.80419921875 0.4241536453125 0.81005859375 0.4098307296875 0.81201171875 0.3863932296875 0.8095703125 0.3688151046875 0.80517578125 0.3557942703125 0.80859375 0.3245442703125
0 1 0.2594401046875 0.968017578125 0.22916666718749998 0.953369140625 0.22395833281250002 0.940185546875 0.22395833281250002 0.927490234375 0.22786458281250002 0.914306640625 0.23697916718749998 0.898681640625 0.23177083281250002 0.883056640625 0.232421875 0.869873046875 0.23697916718749998 0.853515625 0.2509765625 0.845703125 0.2666015625 0.84375 0.2802734375 0.840576171875 0.2825520828125 0.820556640625 0.2727864578125 0.813720703125 0.2760416671875 0.80908203125 0.2828776046875 0.8056640625 0.2952473953125 0.80615234375 0.3089192703125 0.8115234375 0.3232421875 0.80908203125 0.3401692703125 0.81005859375 0.3499348953125 0.820068359375 0.3795572921875 0.82275390625 0.3772786453125 0.822265625 0.3557942703125 0.82421875 0.3538411453125 0.82470703125 0.3837890625 0.83349609375 0.4072265625 0.82861328125 0.4182942703125 0.82861328125 0.4300130203125 0.83935546875 0.4567057296875 0.854248046875 0.474609375 0.863037109375 0.4791666671875 0.869873046875 0.4811197921875 0.888427734375 0.4791666671875 0.905029296875 0.4889322921875 0.919189453125 0.5013020828125 0.936279296875 0.505859375 0.9482421875 0.5055338546875 0.963623046875 0.5013020828125 0.971923828125 0.4947916671875 0.98046875 0.4853515625 0.989990234375 0.4654947921875 1 0.4593098953125 1 0.2594401046875
0 0.97705078125 0.0634765625 0.9765625 0.0445963546875 0.974609375 0.0348307296875 0.968505859375 0.0227864578125 0.9501953125 0.0107421875 0.95263671875 0.0061848953125 0.950927734375 0 0.829345703125 0.0013020828125 0.8017578125 0.0400390625 0.78564453125 0.0771484375 0.7822265625 0.0947265625 0.7841796875 0.1194661453125 0.78271484375 0.1442057296875 0.79150390625 0.1728515625 0.803466796875 0.1861979171875 0.814208984375 0.1940104171875 0.831787109375 0.1966145828125 0.855224609375 0.21549479218749998 0.875244140625 0.2265625 0.8798828125 0.22623697968749998 0.894775390625 0.224609375 0.901611328125 0.22135416718749998 0.910888671875 0.21419270781250002 0.923095703125 0.1985677078125 0.930419921875 0.1927083328125 0.955078125 0.1565755203125 0.97265625 0.1194661453125 0.97607421875 0.1012369796875 0.97412109375 0.08235677031250001 0.97705078125 0.0634765625
0 0.757080078125 0.2265625 0.76611328125 0.2255859375 0.76513671875 0.2197265625 0.767578125 0.21451822968749998 0.7666015625 0.2099609375 0.768798828125 0.20703125 0.776611328125 0.21223958281250002 0.78125 0.2060546875 0.7822265625 0.1910807296875 0.780517578125 0.1868489578125 0.776611328125 0.1875 0.773193359375 0.1822916671875 0.768798828125 0.1868489578125 0.76025390625 0.1839192703125 0.7734375 0.1689453125 0.77734375 0.1526692703125 0.7783203125 0.1311848953125 0.7734375 0.1083984375 0.76904296875 0.09993489531250001 0.76123046875 0.09147135468749999 0.75732421875 0.07454427031250001 0.7451171875 0.0517578125 0.726318359375 0.0338541671875 0.716064453125 0.0305989578125 0.702392578125 0.0319010421875 0.687744140625 0.0169270828125 0.675537109375 0.011067707812499999 0.662841796875 0.011067707812499999 0.641845703125 0.0234375 0.629150390625 0.0442708328125 0.617919921875 0.0455729171875 0.60986328125 0.05240885468749999 0.60009765625 0.07389322968749999 0.59716796875 0.09928385468749999 0.58251953125 0.1344401046875 0.58056640625 0.1559244796875 0.58984375 0.2041015625 0.59814453125 0.22819010468749998 0.603271484375 0.236328125 0.635498046875 0.2571614578125 0.659423828125 0.2649739578125 0.67041015625 0.2652994796875 0.684326171875 0.2630208328125 0.694091796875 0.2584635421875 0.701904296875 0.2513020828125 0.712646484375 0.25390625 0.727294921875 0.2532552078125 0.748291015625 0.244140625 0.75390625 0.23990885468749998 0.755859375 0.23600260468749998 0.7548828125 0.23014322968749998 0.757080078125 0.2265625
0 0.601806640625 0.08333333281250001 0.608154296875 0.08333333281250001 0.6103515625 0.07975260468749999 0.609375 0.06282552031250001 0.607177734375 0.06119791718749999 0.604248046875 0.06575520781250001 0.603515625 0.06412760468749999 0.60400390625 0.05826822968749999 0.6103515625 0.0478515625 0.6083984375 0.0380859375 0.604248046875 0.029296875 0.593994140625 0.0208333328125 0.580810546875 0.0201822921875 0.560302734375 0.0325520828125 0.533935546875 0.0403645828125 0.52392578125 0.05305989531250001 0.51806640625 0.06477864531250001 0.51708984375 0.08821614531250001 0.5126953125 0.1018880203125 0.51416015625 0.1324869796875 0.517333984375 0.1373697921875 0.528564453125 0.1438802078125 0.53564453125 0.1539713546875 0.5390625 0.1630859375 0.54296875 0.1884765625 0.545166015625 0.19140625 0.5732421875 0.1975911453125 0.580322265625 0.1940104171875 0.58447265625 0.1884765625 0.58447265625 0.1774088546875 0.58056640625 0.1689453125 0.580078125 0.1376953125 0.59130859375 0.1123046875 0.595703125 0.09798177031250001 0.59619140625 0.0869140625 0.600341796875 0.08984375 0.601806640625 0.08333333281250001
0 0.5341796875 0.21451822968749998 0.53515625 0.2001953125 0.53857421875 0.1930338546875 0.53759765625 0.1695963546875 0.53271484375 0.1559244796875 0.525634765625 0.1451822921875 0.513671875 0.1402994796875 0.50830078125 0.1207682296875 0.5078125 0.1097005203125 0.499755859375 0.09375 0.481689453125 0.076171875 0.458740234375 0.0625 0.439208984375 0.06119791718749999 0.427978515625 0.06901041718749999 0.420166015625 0.06901041718749999 0.405517578125 0.0625 0.395263671875 0.06315104218749999 0.384521484375 0.068359375 0.37646484375 0.07649739531250001 0.36767578125 0.09602864531250001 0.3583984375 0.1337890625 0.35205078125 0.1409505203125 0.34619140625 0.1559244796875 0.34326171875 0.1676432296875 0.34375 0.1904296875 0.34716796875 0.2138671875 0.3505859375 0.22298177031250002 0.365234375 0.23795572968749998 0.373291015625 0.2584635421875 0.388427734375 0.2630208328125 0.409423828125 0.263671875 0.419677734375 0.2669270828125 0.429931640625 0.2727864578125 0.44775390625 0.2965494796875 0.470947265625 0.2955729171875 0.502685546875 0.2858072921875 0.510498046875 0.279296875 0.520751953125 0.2630208328125 0.535888671875 0.2701822921875 0.541748046875 0.2701822921875 0.55029296875 0.2555338546875 0.5537109375 0.23600260468749998 0.544677734375 0.22330729218749998 0.5341796875 0.21451822968749998
0 0.478759765625 0.07291666718749999 0.486572265625 0.07486979218749999 0.4873046875 0.0491536453125 0.47802734375 0.0257161453125 0.4755859375 0.010091145312499999 0.470458984375 0.001953125 0.466064453125 0 0.369873046875 0.0013020828125 0.3583984375 0.0283203125 0.35205078125 0.05436197968749999 0.35400390625 0.0810546875 0.361083984375 0.09244791718749999 0.365234375 0.09342447968749999 0.37255859375 0.07454427031250001 0.377685546875 0.068359375 0.385986328125 0.06119791718749999 0.396240234375 0.05794270781250001 0.407958984375 0.05859375 0.419677734375 0.06380208281250001 0.428466796875 0.06380208281250001 0.439208984375 0.05924479218749999 0.455322265625 0.05924479218749999 0.478759765625 0.07291666718749999
0 0.480712890625 0 0.4794921875 0.007486979687500001 0.48486328125 0.0361328125 0.4892578125 0.0452473953125 0.510009765625 0.072265625 0.51416015625 0.07194010468749999 0.5234375 0.05045572968749999 0.533935546875 0.0377604171875 0.562255859375 0.029296875 0.571533203125 0.0221354171875 0.580810546875 0.0188802078125 0.596435546875 0.0201822921875 0.608154296875 0.0299479171875 0.615234375 0.0159505203125 0.61669921875 0.0003255203125 0.480712890625 0
0 0.6376953125 0.2939453125 0.6318359375 0.2828776046875 0.6337890625 0.2718098953125 0.63134765625 0.2620442703125 0.611083984375 0.24739583281250002 0.599609375 0.23470052031250002 0.585205078125 0.19921875 0.570068359375 0.20247395781250002 0.566162109375 0.1985677078125 0.557373046875 0.1959635421875 0.547119140625 0.1959635421875 0.541748046875 0.1985677078125 0.53857421875 0.2099609375 0.541259765625 0.21549479218749998 0.5478515625 0.22037760468749998 0.548828125 0.22493489531250002 0.55517578125 0.2333984375 0.55517578125 0.24186197968749998 0.54931640625 0.2620442703125 0.541259765625 0.271484375 0.521728515625 0.2669270828125 0.5029296875 0.2926432296875 0.506591796875 0.3040364578125 0.515380859375 0.3131510421875 0.523193359375 0.3157552078125 0.533203125 0.3369140625 0.5380859375 0.3369140625 0.552490234375 0.3294270828125 0.562255859375 0.3157552078125 0.578369140625 0.3059895828125 0.597900390625 0.3040364578125 0.608154296875 0.306640625 0.623779296875 0.3138020828125 0.627685546875 0.3209635421875 0.631103515625 0.322265625 0.6357421875 0.3134765625 0.6376953125 0.2939453125