0 0.7975 0.11750000000000001 0.7975 0.0758333328125 0.805 0.0691666671875 0.780625 0.0466666671875 0.7618750000000001 0.0516666671875 0.749375 0.075 0.715625 0.08499999999999999 0.6793750000000001 0.125 0.6481250000000001 0.1433333328125 0.628125 0.1633333328125 0.6056250000000001 0.2 0.516875 0.29333333281249996 0.45499999999999996 0.3725 0.42374999999999996 0.4458333328125 0.42125 0.4858333328125 0.42374999999999996 0.49749999999999994 0.42874999999999996 0.49916666718749997 0.586875 0.3866666671875 0.6481250000000001 0.2616666671875 0.6693749999999999 0.255 0.688125 0.26 0.7056250000000001 0.25 0.7675 0.1708333328125 0.7849999999999999 0.1308333328125 0.7849999999999999 0.1158333328125 0.7893749999999999 0.1116666671875 0.7975 0.11750000000000001
0 0.6743750000000001 0.5 0.7381249999999999 0.425 0.80375 0.3325 0.8175000000000001 0.2925 0.8087500000000001 0.2608333328125 0.8168749999999999 0.255 0.820625 0.2616666671875 0.8225 0.2525 0.813125 0.2416666671875 0.796875 0.25166666718749997 0.7893749999999999 0.2383333328125 0.7775000000000001 0.2341666671875 0.786875 0.2316666671875 0.8006249999999999 0.24666666718750002 0.8074999999999999 0.2375 0.785625 0.2266666671875 0.751875 0.22999999999999998 0.7368750000000001 0.2383333328125 0.6118750000000001 0.3716666671875 0.504375 0.44333333281250004 0.43562500000000004 0.49833333281250003 0.390625 0.5433333328125001 0.34875 0.6091666671875 0.3375 0.6491666671874999 0.3375 0.6708333328125 0.34500000000000003 0.7258333328125001 0.361875 0.75 0.385625 0.765 0.41375 0.7658333328125 0.436875 0.7616666671875 0.465625 0.7466666671875 0.588125 0.615 0.6475 0.5358333328125 0.6487499999999999 0.5241666671874999 0.65625 0.5175 0.655625 0.5116666671875 0.65125 0.5141666671875 0.655625 0.5033333328125 0.6743750000000001 0.5
0 1 0.1708333328125 0.991875 0.1566666671875 0.9581250000000001 0.1433333328125 0.928125 0.16 0.85375 0.2608333328125 0.7125 0.4725 0.7025 0.4925 0.68125 0.5758333328125 0.67625 0.6325000000000001 0.6975 0.6958333328124999 0.7150000000000001 0.7058333328125 0.7381249999999999 0.6900000000000001 0.75125 0.6691666671875 0.7575000000000001 0.6458333328125 0.783125 0.625 0.8262499999999999 0.5641666671875 0.915 0.4108333328125 0.9275 0.3725 0.95375 0.3458333328125 0.96875 0.3075 0.99 0.27749999999999997 1 0.2525 1 0.1708333328125
0 0.525 0.8375 0.5287499999999999 0.8425 0.5175 0.8508333328125 0.50625 0.8741666671875 0.506875 0.8833333328125 0.515625 0.8800000000000001 0.51875 0.8858333328124999 0.5 0.9291666671875 0.48875 0.9525 0.47750000000000004 0.9608333328124999 0.47625 0.9775 0.47000000000000003 0.9808333328125001 0.47125000000000006 0.9625 0.46687500000000004 0.9616666671875 0.45875000000000005 0.9841666671875 0.45875000000000005 0.9941666671875 0.464375 1 0.61125 0.9991666671875 0.655 0.8841666671875 0.6575 0.8341666671875 0.66875 0.8108333328124999 0.66625 0.7808333328125 0.619375 0.7383333328125 0.604375 0.745 0.5912499999999999 0.7691666671874999 0.564375 0.7933333328125001 0.540625 0.8300000000000001 0.525 0.8375
0 0.780625 0.6316666671875 0.75875 0.6475 0.75 0.6891666671875 0.7525000000000001 0.7075 0.73875 0.7275 0.7262500000000001 0.7641666671875 0.71 0.8608333328125 0.6675 0.9958333328125001 0.8125 0.9991666671875 0.8237500000000001 0.9891666671875001 0.8387499999999999 0.9275 0.85625 0.8008333328124999 0.85125 0.7441666671875 0.835 0.7025 0.8400000000000001 0.6675 0.8275 0.6541666671875 0.819375 0.63 0.805625 0.6283333328125 0.780625 0.6316666671875
0 0.274375 1 0.44125 0.9991666671875 0.46875 0.9458333328125 0.505 0.8541666671874999 0.5025000000000001 0.8258333328124999 0.4925 0.8025 0.460625 0.77 0.43937499999999996 0.775 0.40437500000000004 0.805 0.34125 0.8858333328124999 0.27375 0.9925 0.274375 1
0 0.0925 0.9991666671875 0.2625 0.9991666671875 0.27875 0.9741666671875 0.2925 0.9208333328125 0.30874999999999997 0.9041666671874999 0.32375 0.8675 0.289375 0.8283333328125 0.256875 0.8016666671875001 0.248125 0.805 0.23312499999999997 0.8283333328125 0.196875 0.8550000000000001 0.0925 0.9991666671875
0 0 0.9991666671875 0.08249999999999999 0.9991666671875 0.099375 0.985 0.125 0.9458333328125 0.21125 0.7175 0.20625 0.6675 0.19437500000000002 0.655 0.18062499999999998 0.665 0.176875 0.6483333328125 0.151875 0.635 0.123125 0.6333333328124999 0.1 0.6591666671875 0 0.8758333328125 0 0.9991666671875
0 0.333125 0.35 0.32875 0.3625 0.280625 0.41500000000000004 0.16 0.5808333328125 0.1575 0.5908333328125 0.161875 0.5966666671875 0.18875 0.6041666671875 0.20187499999999997 0.5866666671874999 0.21187499999999998 0.5833333328125 0.234375 0.585 0.25187499999999996 0.5966666671875 0.2875 0.5558333328125 0.385 0.39249999999999996 0.38375 0.3825 0.365625 0.355 0.349375 0.34500000000000003 0.333125 0.35
0 0.380625 0.40499999999999997 0.3 0.5391666671875 0.32875 0.5858333328125 0.3275 0.5958333328125 0.33375 0.6075 0.333125 0.6233333328125 0.30874999999999997 0.6291666671875 0.31625000000000003 0.6575 0.31124999999999997 0.6641666671875 0.31625000000000003 0.6658333328125 0.335 0.6458333328125 0.33999999999999997 0.6224999999999999 0.36124999999999996 0.5791666671875 0.40875000000000006 0.5208333328125 0.42000000000000004 0.49916666718749997 0.4225 0.4441666671875 0.445 0.3825 0.436875 0.36833333281249997 0.418125 0.365 0.380625 0.40499999999999997
0 0.37374999999999997 0.3708333328125 0.385 0.3808333328125 0.388125 0.3933333328125 0.39249999999999996 0.39249999999999996 0.41937499999999994 0.3633333328125 0.43562500000000004 0.36666666718749996 0.448125 0.38 0.5037499999999999 0.30416666718749996 0.49437499999999995 0.30333333281249997 0.48687500000000006 0.3133333328125 0.453125 0.31 0.390625 0.3483333328125 0.375625 0.3616666671875 0.37374999999999997 0.3708333328125
0 0.311875 0.6799999999999999 0.290625 0.67 0.254375 0.6683333328125001 0.244375 0.6866666671874999 0.21749999999999997 0.7125 0.1525 0.8908333328125 0.15 0.9141666671875001 0.200625 0.85 0.23312499999999997 0.8266666671875 0.25187499999999996 0.8016666671875001 0.259375 0.8016666671875001 0.290625 0.8283333328125 0.30375 0.8208333328125 0.3175 0.7691666671874999 0.31124999999999997 0.7208333328125 0.31875 0.6941666671875 0.311875 0.6799999999999999
0 0.215 0.43916666718749997 0.20125 0.47416666718749995 0.171875 0.5166666671875 0.094375 0.585 0.003125 0.6483333328125 0.0025 0.7291666671875 0.020624999999999998 0.7283333328125 0.075625 0.7033333328125 0.10124999999999999 0.6541666671875 0.265 0.4341666671875 0.27375 0.4158333328125 0.26875 0.3991666671875 0.244375 0.39 0.236875 0.395 0.23374999999999999 0.4158333328125 0.215 0.43916666718749997
0 0.95875 0.9324999999999999 0.95875 0.9625 0.97 0.9908333328125 0.98125 0.9958333328125001 1 0.9625 0.999375 0.5516666671875 0.9737500000000001 0.5791666671875 0.94625 0.6358333328125 0.8825 0.8091666671875 0.865 0.8391666671875001 0.8550000000000001 0.8758333328125 0.8631249999999999 0.8866666671875001 0.929375 0.9 0.95875 0.9324999999999999
0 0.8675 0.8074999999999999 0.89375 0.7608333328125 0.97625 0.5641666671875 0.98375 0.4925 0.945625 0.46333333281250005 0.9256249999999999 0.46666666718750005 0.9075 0.49749999999999994 0.89625 0.5491666671875 0.8487500000000001 0.7008333328125 0.8625 0.8058333328125 0.8675 0.8074999999999999
0 0.8724999999999999 0.0808333328125 0.8768750000000001 0.0516666671875 0.8956250000000001 0.0516666671875 0.903125 0.04 0.9075 0.0408333328125 0.9075 0.07083333281250001 0.9106249999999999 0.07666666718750001 0.914375 0.0716666671875 0.9181250000000001 0.08333333281250001 0.92125 0.0475 0.9081250000000001 0.034999999999999996 0.846875 0.0516666671875 0.82 0.0808333328125 0.81375 0.1158333328125 0.8225 0.0858333328125 0.8318749999999999 0.08333333281250001 0.834375 0.0733333328125 0.851875 0.06999999999999999 0.8556250000000001 0.0916666671875 0.8637499999999999 0.0858333328125 0.85875 0.08249999999999999 0.85875 0.0725 0.866875 0.065 0.8724999999999999 0.0808333328125
0 0.938125 0 0.9349999999999999 0.017499999999999998 0.9237500000000001 0.0225 0.9225 0.0375 0.9337500000000001 0.0625 0.93125 0.0791666671875 0.9393750000000001 0.10166666718749999 0.9193749999999999 0.10166666718749999 0.7993750000000001 0.1716666671875 0.784375 0.1816666671875 0.780625 0.1933333328125 0.7731250000000001 0.1983333328125 0.7693749999999999 0.1933333328125 0.75875 0.20416666718749998 0.781875 0.2066666671875 0.784375 0.2166666671875 0.8375 0.2475 0.866875 0.24 0.9193749999999999 0.1666666671875 0.9418749999999999 0.14666666718750002 0.960625 0.13999999999999999 0.984375 0.10166666718749999 0.9881249999999999 0.11333333281249999 1 0.11916666718749999 0.999375 0 0.938125 0
0 0.37124999999999997 0.2941666671875 0.3525 0.3408333328125 0.369375 0.3566666671875 0.3775 0.35583333281249996 0.449375 0.3116666671875 0.476875 0.30333333281249997 0.5081249999999999 0.27999999999999997 0.5387500000000001 0.2391666671875 0.5575 0.2008333328125 0.5650000000000001 0.1808333328125 0.5650000000000001 0.1575 0.528125 0.125 0.468125 0.18 0.37124999999999997 0.2941666671875
0 0.5475 0.1041666671875 0.558125 0.1066666671875 0.57375 0.1275 0.57375 0.1625 0.59375 0.1691666671875 0.60625 0.1525 0.615 0.1125 0.61625 0.08249999999999999 0.605 0.0025 0.5131249999999999 0 0.52 0.0441666671875 0.529375 0.0466666671875 0.545 0.0675 0.55 0.0875 0.5475 0.1041666671875
0 0.525 0.0641666671875 0.533125 0.09 0.541875 0.08333333281250001 0.54625 0.0891666671875 0.54 0.0641666671875 0.529375 0.0516666671875 0.503125 0.0533333328125 0.479375 0.0633333328125 0.40062499999999995 0.1233333328125 0.338125 0.1916666671875 0.304375 0.21833333281249998 0.3025 0.2241666671875 0.3175 0.24583333281250003 0.31124999999999997 0.31416666718749997 0.325 0.31416666718749997 0.346875 0.3066666671875 0.383125 0.27999999999999997 0.465625 0.1816666671875 0.525625 0.125 0.5325 0.11416666718749999 0.5337500000000001 0.0975 0.525 0.0875 0.51375 0.055833332812500004 0.5287499999999999 0.057499999999999996 0.525 0.0641666671875
0 0.290625 0.22000000000000003 0.28250000000000003 0.2325 0.29625 0.23583333281250002 0.2975 0.26749999999999996 0.270625 0.26 0.255625 0.27 0.20375000000000001 0.3391666671875 0.234375 0.39 0.246875 0.3866666671875 0.2725 0.39416666718750004 0.2875 0.3708333328125 0.31 0.2991666671875 0.30375 0.2741666671875 0.3125 0.2725 0.305625 0.2716666671875 0.30125 0.2575 0.305625 0.2483333328125 0.31062500000000004 0.25666666718750003 0.3125 0.2425 0.290625 0.22000000000000003
0 0.00125 0.5725 0.00125 0.6491666671874999 0.11187499999999999 0.5683333328125 0.15875 0.5208333328125 0.21125 0.42750000000000005 0.22000000000000003 0.3975 0.22999999999999998 0.3891666671875 0.20437500000000003 0.34500000000000003 0.193125 0.35 0.18687499999999999 0.3633333328125 0.096875 0.44166666718750003 0.00125 0.5725
0 0.00125 0.4641666671875 0.00125 0.5708333328124999 0.078125 0.46166666718749994 0.13125 0.40750000000000003 0.13874999999999998 0.35583333281249996 0.13874999999999998 0.3341666671875 0.13125 0.3241666671875 0.13874999999999998 0.32083333281250004 0.138125 0.3 0.109375 0.2883333328125 0.073125 0.32999999999999996 0.00125 0.4641666671875
0 0.08125 0.3158333328125 0.08375 0.2908333328125 0.063125 0.2633333328125 0.053125 0.2616666671875 0.034375 0.275 0 0.3125 0.00125 0.4625 0.06 0.34750000000000003 0.08125 0.3158333328125
0 0.075 0.2708333328125 0.08499999999999999 0.2941666671875 0.08249999999999999 0.3125 0.0875 0.3125 0.10687500000000001 0.2866666671875 0.121875 0.2883333328125 0.14937499999999998 0.3066666671875 0.16875 0.2758333328125 0.185 0.2325 0.18125 0.2208333328125 0.15687500000000001 0.1933333328125 0.14937499999999998 0.195 0.11687499999999999 0.2366666671875 0.075 0.2708333328125
0 0.24375 0.13916666718749998 0.228125 0.125 0.18687499999999999 0.1566666671875 0.16125 0.1941666671875 0.18625 0.2308333328125 0.17124999999999999 0.2658333328125 0.17375000000000002 0.2725 0.2525 0.1608333328125 0.24375 0.13916666718749998
0 0.34562499999999996 0.048333332812500004 0.334375 0.05 0.31124999999999997 0.0758333328125 0.14750000000000002 0.3125 0.14125000000000001 0.3258333328125 0.14125000000000001 0.3408333328125 0.14750000000000002 0.3441666671875 0.183125 0.3133333328125 0.228125 0.2916666671875 0.265625 0.2616666671875 0.28312499999999996 0.22000000000000003 0.299375 0.2216666671875 0.31625000000000003 0.20750000000000002 0.35750000000000004 0.1058333328125 0.3625 0.0725 0.359375 0.058333332812500006 0.34562499999999996 0.048333332812500004
0 0.38125 0.1008333328125 0.440625 0.0283333328125 0.456875 0 0.3675 0.0025 0.35125 0.0475 0.36375 0.0625 0.3675 0.0791666671875 0.35375 0.1208333328125 0.3675 0.1291666671875 0.38125 0.1008333328125
0 0.37 0.1541666671875 0.42437500000000006 0.10166666718749999 0.488125 0.058333332812500006 0.496875 0.0416666671875 0.5131249999999999 0.0366666671875 0.51125 0.0008333328124999999 0.46187500000000004 0.0016666671875 0.38375 0.0975 0.36875 0.1291666671875 0.36625 0.1541666671875 0.37 0.1541666671875
0 0.20187499999999997 0.3016666671875 0.140625 0.3516666671875 0.13374999999999998 0.3991666671875 0.134375 0.40499999999999997 0.13999999999999999 0.40416666718750005 0.199375 0.3433333328125 0.23125 0.2941666671875 0.20187499999999997 0.3016666671875
0 0.0375 0.19583333281249998 0.039375 0.1866666671875 0.031875 0.1866666671875 0 0.2125 0.00125 0.3075 0.039375 0.27 0.05437499999999999 0.26 0.0675 0.2625 0.06875 0.2508333328125 0.064375 0.24500000000000002 0.046875 0.2366666671875 0.044375 0.2266666671875 0.0325 0.2241666671875 0.042499999999999996 0.20416666718749998 0.0375 0.19583333281249998
0 0.11750000000000001 0.20416666718749998 0.099375 0.1816666671875 0.090625 0.1816666671875 0.07625 0.2008333328125 0.08125 0.2258333328125 0.0675 0.2608333328125 0.075 0.26916666718750004 0.11374999999999999 0.23583333281250002 0.11750000000000001 0.20416666718749998
0 0.11750000000000001 0.20416666718749998 0.11374999999999999 0.2308333328125 0.11875 0.2325 0.150625 0.1916666671875 0.164375 0.19 0.18687499999999999 0.1566666671875 0.205625 0.1416666671875 0.205 0.1308333328125 0.193125 0.12166666718750001 0.181875 0.1366666671875 0.11937500000000001 0.185 0.1125 0.1941666671875 0.11750000000000001 0.20416666718749998
0 0.20125 0.12250000000000001 0.21375000000000002 0.1325 0.255 0.0641666671875 0.2575 0.0208333328125 0.253125 0.005 0.228125 0.0066666671875 0.21749999999999997 0.0158333328125 0.21875 0.0258333328125 0.2125 0.0325 0.20375000000000001 0.0675 0.2 0.1125 0.20125 0.12250000000000001
0 0.17250000000000001 0.0791666671875 0.14250000000000002 0.1575 0.14750000000000002 0.1625 0.19875 0.11750000000000001 0.209375 0.03 0.196875 0.038333332812499996 0.17250000000000001 0.0791666671875
0 0.15562499999999999 0.038333332812499996 0.139375 0.0366666671875 0.105625 0.0866666671875 0.060625 0.12166666718750001 0.003125 0.1833333328125 0.00125 0.20916666718750002 0.028125 0.1866666671875 0.048125 0.18 0.061875 0.1833333328125 0.071875 0.1966666671875 0.091875 0.18 0.115625 0.1866666671875 0.16125 0.1075 0.16875 0.0858333328125 0.16999999999999998 0.052500000000000005 0.15562499999999999 0.038333332812499996
0 0.12562500000000001 0 0.103125 0.038333332812499996 0.027500000000000004 0.1258333328125 0.015 0.1525 0.0125 0.1708333328125 0.038125 0.15 0.076875 0.10500000000000001 0.110625 0.08 0.1325 0.0508333328125 0.138125 0.034999999999999996 0.15812500000000002 0.03 0.161875 0.038333332812499996 0.1625 0.027500000000000004 0.155 0.0108333328125 0.146875 0 0.12562500000000001 0
0 0.079375 0 0.07062500000000001 0.01 0.03625 0.057499999999999996 0.04625 0.0841666671875 0.0325 0.11750000000000001 0.109375 0.03 0.12375 0.0008333328124999999 0.079375 0
0 0.265625 0.05500000000000001 0.22374999999999998 0.11750000000000001 0.2575 0.1558333328125 0.28875 0.1075 0.29375 0.0641666671875 0.288125 0.06 0.265625 0.05500000000000001