0 0.38671875 0.77421875 0.25625 0.209375
0 0.60546875 0.7828125 0.2203125 0.2359375
0 0.48515625 0.91640625 0.20625 0.1640625
0 0.75703125 0.65859375 0.2875 0.2234375
0 0.8453125 0.503125 0.2953125 0.234375
0 0.0859375 0.83515625 0.171875 0.2359375
0 0.21796875 0.7 0.228125 0.2109375
0 0.1109375 0.375 0.1453125 0.2046875
0 0.16484375 0.5109375 0.2359375 0.2375
0 0.34765625 0.5390625 0.2234375 0.2484375
0 0.5109375 0.61953125 0.2109375 0.1640625
0 0.69765625 0.34140625 0.215625 0.2484375
0 0.68359375 0.1234375 0.2359375 0.228125
0 0.85703125 0.1953125 0.2234375 0.259375
0 0.265625 0.2703125 0.1265625 0.1921875
0 0.73046875 0.03984375 0.2359375 0.0796875