0 0.2640625 0.23515625 0.2171875 0.1875
0 0.45859375 0.2375 0.1953125 0.184375
0 0.36953125 0.44375 0.1390625 0.1125
0 0.51640625 0.50390625 0.1890625 0.15
0 0.096875 0.48984375 0.084375 0.071875
0 0.06640625 0.72265625 0.121875 0.096875
0 0.09453125 0.78125 0.134375 0.1125
0 0.54453125 0.71875 0.121875 0.096875
0 0.475 0.74609375 0.1171875 0.0921875
0 0.6640625 0.77265625 0.1390625 0.1296875
0 0.65 0.6875 0.0890625 0.059375
0 0.6859375 0.48359375 0.0828125 0.05
0 0.64453125 0.45 0.05625 0.05
0 0.94140625 0.4 0.0609375 0.05
0 0.78359375 0.36640625 0.0671875 0.059375