0 0.41013071874999996 1 0.43137254843750006 0.9901477828124999 0.44771241875 0.9507389156249999 0.455882353125 0.8743842359375 0.4591503265625 0.6748768468749999 0.44934640468750003 0.5640394093750001 0.44934640468750003 0.47044335000000004 0.43137254843750006 0.399014778125 0.41176470624999995 0.3793103453125 0.3905228765625 0.376847290625 0.3709150328125 0.3965517234375 0.3594771234375 0.5024630546875 0.3709150328125 0.5640394093750001 0.37254902031250003 0.630541871875 0.3529411765625 0.869458128125 0.3545751640625 1 0.41013071874999996 1
0 0.8169934640625 1 0.846405228125 0.9556650250000001 0.8513071890624999 0.9088669953125 0.830065359375 0.8817733984375 0.7875816999999999 0.8965517234375 0.7614379078125 0.84236453125 0.7369281046875 0.72413793125 0.6813725484375001 0.31034482812499997 0.6650326796875 0.2512315265625 0.6454248359375 0.2142857140625 0.6176470593750001 0.1995073890625 0.5866013078125001 0.2339901484375 0.5849673203125 0.2660098515625 0.6094771234375 0.3793103453125 0.6290849671875 0.7586206890625 0.64379085 0.8596059109375 0.668300653125 0.9359605906249999 0.705882353125 0.985221675 0.7532679734375 1 0.8169934640625 1
0 0.668300653125 0 0.6732026140625 0.0246305421875 0.66176470625 0.041871921875 0.385620915625 0.22167487656249998 0.222222221875 0.3522167484375 0.150326796875 0.426108375 0.150326796875 0.465517240625 0.2467320265625 0.465517240625 0.312091503125 0.435960590625 0.43300653593750005 0.34236453125 0.491830065625 0.31034482812499997 0.6111111109375 0.20443349687499998 0.704248365625 0.137931034375 0.740196078125 0.0985221671875 0.7483660125 0.073891625 0.7385620921875 0.0665024625 0.7467320265625 0.027093595312500003 0.7385620921875 0.0098522171875 0.7254901953124999 0 0.668300653125 0
0 0.2189542484375 1 0.1993464046875 0.8078817734375001 0.20098039218750002 0.6625615765624999 0.1928104578125 0.615763546875 0.1764705875 0.573891625 0.1748366015625 0.5197044328125 0.16013071875 0.5073891625 0.12581699375 0.5985221671875001 0.117647059375 0.645320196875 0.117647059375 0.6748768468749999 0.14379085 0.6699507390624999 0.117647059375 0.71674876875 0.114379084375 0.7807881765625 0.1290849671875 1 0.2189542484375 1
0 0.1078431375 1 0.12254902031249999 0.9334975375000001 0.1127450984375 0.7216748765625 0.117647059375 0.711822659375 0.11928104531249999 0.623152709375 0.14379085 0.5640394093750001 0.1470588234375 0.458128078125 0.14215686249999998 0.41625615781249997 0.12254902031249999 0.369458128125 0.1209150328125 0.3152709359375 0.09640522812499999 0.3078817734375 0.08496732031250001 0.3152709359375 0.0751633984375 0.339901478125 0.07679738593749999 0.3866995078125 0.062091503125 0.4310344828125 0.0669934640625 0.45566502499999995 0.0490196078125 0.5024630546875 0.0245098046875 0.6822660093749999 0.009803921875 0.847290640625 0.009803921875 1 0.062091503125 1 0.078431371875 0.9679802953125 0.08823529375 1 0.1078431375 1
0 0.5473856203125 0.1206896546875 0.6323529406249999 0.0517241375 0.5996732031249999 0.0369458125 0.5473856203125 0.0320197046875 0.2794117640625 0.093596059375 0.117647059375 0.073891625 0.0931372546875 0.08866995 0.078431371875 0.11576354687499998 0.0931372546875 0.123152709375 0.114379084375 0.167487684375 0.14215686249999998 0.1847290640625 0.259803921875 0.18226600937499998 0.3431372546875 0.19458128125000002 0.4689542484375 0.16502463125 0.5473856203125 0.1206896546875
0 0.957516340625 0.608374384375 0.955882353125 0.48275862031249994 0.939542484375 0.3940886703125 0.8039215687500001 0.1280788171875 0.758169934375 0.064039409375 0.741830065625 0.0985221671875 0.6928104578125 0.1477832515625 0.6846405234375 0.1699507390625 0.7532679734375 0.28571428593750003 0.8039215687500001 0.46059113281249997 0.8251633984375 0.49014778281250004 0.8823529406249999 0.637931034375 0.901960784375 0.66502463125 0.9313725484375001 0.6699507390624999 0.9493464046875 0.6477832515624999 0.957516340625 0.608374384375
0 0.44934640468750003 0.9581280781249999 0.4509803921875 0.9778325125 0.46405228750000005 0.9926108375 0.48202614375 0.9926108375 0.491830065625 0.9827586203124999 0.527777778125 0.9236453203125 0.5490196078125 0.8719211828125 0.5686274515624999 0.77586206875 0.5751633984375 0.6995073890625 0.5751633984375 0.6256157640625 0.563725490625 0.5812807875 0.560457515625 0.534482759375 0.509803921875 0.46305418749999994 0.490196078125 0.46059113281249997 0.48039215625000004 0.46798029531249996 0.48202614375 0.4802955671875 0.4689542484375 0.5049261078125 0.4705882359375 0.5615763546875 0.48039215625000004 0.5788177343750001 0.48039215625000004 0.5985221671875001 0.49087908437500005 0.6357118234375 0.4930571890625 0.6718472906249999 0.4930571890625 0.6997709359375001 0.48652124218750004 0.74247536875 0.44934640468750003 0.9581280781249999
0 0.26953125 0.5578125 0.221875 0.1640625
0 0.28671875 0.69921875 0.1875 0.11875
0 0.290625 0.8234375 0.1828125 0.1296875
0 0.1609375 0.23359375 0.1578125 0.0984375
0 0.2609375 0.29375 0.2125 0.125
0 0.33828125 0.0359375 0.55625 0.0671875
0 0.7467320265625 0.2561576359375 0.6944444437499999 0.189655171875 0.686274509375 0.189655171875 0.6454248359375 0.1921182265625 0.6454248359375 0.20443349687499998 0.671568628125 0.2660098515625 0.687908496875 0.33743842343749997 0.7254901953124999 0.6330049265625 0.76633986875 0.7487684734375 0.7973856203125 0.7586206890625 0.810457515625 0.7339901484375 0.813725490625 0.6477832515624999 0.8071895421875 0.4532019703125 0.7467320265625 0.2561576359375