0 0.25390625 0.203125 0.2328125 0.3296875
0 0.19921875 0.57890625 0.2828125 0.3828125
0 0.41015625 0.4828125 0.2171875 0.3328125
0 0.44765625 0.18984375 0.16875 0.259375
0 0.62421875 0.140625 0.1875 0.28125
0 0.55625 0.7203125 0.196875 0.3046875
0 0.58984375 0.421875 0.184375 0.296875
0 0.7640625 0.35078125 0.16875 0.265625
0 0.9140625 0.5734375 0.171875 0.30625
0 0.7546875 0.63046875 0.2078125 0.309375
0 0.2872727265625 0.4426229515625 0.3345454546875 0.5191256828124999 0.34181818124999996 0.6502732234375 0.4436363640625 0.6612021859375 0.5054545453125 0.5737704921875 0.509090909375 0.43715847031250005 0.4654545453125 0.35519125625000003 0.370909090625 0.322404371875 0.3127272734375 0.3770491796875 0.2872727265625 0.4426229515625
0 0.4654545453125 0.7868852453125 0.4654545453125 0.8797814203125001 0.5927272734375 0.8852459015624999 0.6363636359375 0.8360655734375 0.6545454546875 0.7868852453125 0.6581818187499999 0.6885245906249999 0.6036363640625 0.584699453125 0.5054545453125 0.5683060109375 0.43272727343749995 0.6666666671875 0.4654545453125 0.7868852453125
0 0.6763636359375 0.502732240625 0.6254545453125 0.595628415625 0.6618181812499999 0.7103825140625 0.6545454546875 0.7923497265624999 0.7854545453124999 0.8032786890624999 0.8436363640625 0.721311475 0.8545454546875 0.64480874375 0.8436363640625 0.5792349734375 0.789090909375 0.497267759375 0.709090909375 0.48633879843749994 0.6763636359375 0.502732240625
0 0.5163636359375 0.3005464484375 0.48 0.3606557375 0.509090909375 0.45355191250000004 0.5054545453125 0.5683060109375 0.610909090625 0.584699453125 0.6545454546875 0.5519125687499999 0.6799999999999999 0.497267759375 0.6763636359375 0.3715847 0.629090909375 0.3005464484375 0.5527272734374999 0.2841530046875 0.5163636359375 0.3005464484375
0 0.6799999999999999 0.497267759375 0.8145454546875 0.48633879843749994 0.85818181875 0.398907103125 0.8472727265625 0.278688525 0.7927272734375 0.229508196875 0.7127272734375001 0.224043715625 0.6436363640625 0.31147540937499996 0.6727272734375 0.3715847 0.6799999999999999 0.497267759375
0 0.57818181875 0 0.54181818125 0.0218579234375 0.509090909375 0.08743169375 0.53818181875 0.18579235 0.5272727265625 0.2950819671875 0.5927272734375 0.2896174859375 0.6472727265625 0.31147540937499996 0.7054545453125 0.224043715625 0.7163636359375001 0.1693989078125 0.709090909375 0.08743169375 0.6581818187499999 0.00546448125 0.57818181875 0
0 1 0.48633879843749994 0.9381818187500001 0.4316939890625 0.850909090625 0.42622950781249996 0.7963636359375 0.497267759375 0.8436363640625 0.595628415625 0.8436363640625 0.7158469953125 0.9090909093749999 0.72677595625 0.9745454546874999 0.7978142078125 1 0.6994535515625 1 0.48633879843749994
0 0.9636363640625 1 0.989090909375 0.90163934375 0.9781818187500001 0.8196721312499999 0.9127272734374999 0.72677595625 0.8545454546875 0.7158469953125 0.7745454546875 0.8087431687500001 0.8109090906249999 1 0.9636363640625 1
0 0.8109090906249999 1 0.7854545453124999 0.857923496875 0.7345454546875 0.8032786890624999 0.6836363640625 0.7923497265624999 0.6472727265625 0.8032786890624999 0.5963636359375 0.8852459015624999 0.61818181875 1 0.8109090906249999 1
0 0 0.491803278125 0.054545454687499995 0.5519125687499999 0.13818181875 0.42076502656250003 0.1527272734375 0.2950819671875 0.1345454546875 0.224043715625 0.09818181875000001 0.16393442656249999 0.05818181875 0.125683059375 0 0.10928961718750001 0 0.491803278125
0 0.2072727265625 1 0.2145454546875 0.8852459015624999 0.2036363640625 0.8469945359375 0.1272727265625 0.7595628421875 0.054545454687499995 0.7540983609375 0 0.8306010921875 0 1 0.2072727265625 1
0 1 0.2131147546875 0.90181818125 0.18032786875 0.8690909093749999 0.19125683124999998 0.8400000000000001 0.26229508125 0.8545454546875 0.32786885312499997 0.8472727265625 0.4316939890625 0.9163636359374999 0.42622950781249996 0.9781818187500001 0.45355191250000004 1 0.42622950781249996 1 0.2131147546875
0 0.72 0 0.6945454546875001 0.038251365625 0.7163636359375001 0.131147540625 0.70181818125 0.23497267812499997 0.77818181875 0.229508196875 0.8472727265625 0.2677595625 0.8945454546875 0.125683059375 0.8945454546875 0.0765027328125 0.8690909093749999 0 0.72 0