0 0.321 0.316 0.267 0.33799999999999997 0.22799999999999998 0.377 0.20400000000000001 0.441 0.20400000000000001 0.503 0.213 0.52 0.23399999999999999 0.525 0.22599999999999998 0.5349999999999999 0.238 0.557 0.272 0.577 0.29900000000000004 0.5740000000000001 0.381 0.528 0.44699999999999995 0.522 0.46399999999999997 0.501 0.48 0.45499999999999996 0.47800000000000004 0.40700000000000003 0.45199999999999996 0.361 0.42699999999999994 0.33599999999999997 0.379 0.316 0.321 0.316
0 0.269 0.5740000000000001 0.272 0.549 0.251 0.528 0.20800000000000002 0.521 0.2 0.487 0.20800000000000002 0.417 0.179 0.40599999999999997 0.13899999999999998 0.40599999999999997 0.093 0.422 0.062 0.44699999999999995 0.03 0.493 0.024 0.549 0.032 0.5690000000000001 0.131 0.564 0.161 0.5700000000000001 0.21400000000000002 0.617 0.266 0.597 0.266 0.581 0.246 0.5650000000000001 0.24500000000000002 0.5559999999999999 0.24100000000000002 0.562 0.238 0.557 0.24700000000000003 0.55 0.248 0.561 0.263 0.564 0.269 0.5740000000000001
0 0.141 0.568 0.087 0.564 0.039 0.5780000000000001 0.002 0.605 0 0.7849999999999999 0.018 0.795 0.05500000000000001 0.756 0.10500000000000001 0.734 0.159 0.738 0.207 0.764 0.21600000000000003 0.757 0.22999999999999998 0.713 0.22999999999999998 0.667 0.21600000000000003 0.625 0.187 0.592 0.141 0.568
0 0.195 0.806 0.23700000000000002 0.8099999999999999 0.23399999999999999 0.799 0.199 0.76 0.161 0.74 0.099 0.736 0.063 0.752 0.028000000000000004 0.787 0.01 0.8310000000000001 0.01 0.8869999999999999 0.024 0.921 0.063 0.96 0.143 0.954 0.186 0.9630000000000001 0.236 0.913 0.248 0.865 0.244 0.829 0.217 0.8140000000000001 0.143 0.8019999999999999 0.132 0.7929999999999999 0.143 0.79 0.155 0.798 0.161 0.792 0.195 0.806
0 0.395 0.8039999999999999 0.355 0.8300000000000001 0.312 0.8869999999999999 0.306 0.9710000000000001 0.315 1 0.5700000000000001 0.999 0.554 0.9869999999999999 0.571 0.984 0.597 0.994 0.606 0.9869999999999999 0.61 0.943 0.604 0.9029999999999999 0.5700000000000001 0.8470000000000001 0.517 0.808 0.465 0.794 0.395 0.8039999999999999
0 0.453 0.5900000000000001 0.40700000000000003 0.5900000000000001 0.355 0.61 0.312 0.651 0.27999999999999997 0.717 0.27599999999999997 0.787 0.294 0.8310000000000001 0.32799999999999996 0.853 0.379 0.8099999999999999 0.41500000000000004 0.796 0.479 0.794 0.533 0.8119999999999999 0.54 0.807 0.5599999999999999 0.759 0.562 0.701 0.544 0.653 0.507 0.614 0.453 0.5900000000000001
0 1 0.827 0.984 0.787 0.915 0.734 0.8869999999999999 0.726 0.835 0.73 0.7809999999999999 0.76 0.744 0.8029999999999999 0.722 0.859 0.722 0.9109999999999999 0.748 0.9630000000000001 0.779 0.992 0.8380000000000001 0.999 0.877 0.966 0.9490000000000001 0.942 0.969 0.9199999999999999 0.9730000000000001 0.9380000000000001 0.994 0.907 1 0.875 1 0.827
0 1 0.507 0.923 0.5 0.889 0.508 0.849 0.53 0.82 0.561 0.8019999999999999 0.599 0.8 0.639 0.8119999999999999 0.687 0.899 0.6759999999999999 0.945 0.6839999999999999 1 0.7070000000000001 1 0.507
0 0.775 0.414 0.7150000000000001 0.394 0.655 0.398 0.603 0.42400000000000004 0.5780000000000001 0.453 0.5599999999999999 0.505 0.562 0.5549999999999999 0.5820000000000001 0.575 0.5940000000000001 0.607 0.631 0.636 0.675 0.628 0.766 0.633 0.725 0.602 0.6719999999999999 0.597 0.721 0.596 0.745 0.61 0.755 0.608 0.776 0.629 0.778 0.641 0.79 0.643 0.796 0.629 0.786 0.637 0.78 0.593 0.805 0.5820000000000001 0.8109999999999999 0.596 0.8119999999999999 0.571 0.85 0.523 0.844 0.491 0.8240000000000001 0.457 0.775 0.414
0 0.8460000000000001 0.489 0.876 0.511 0.925 0.49800000000000005 1 0.503 0.999 0.3 0.9470000000000001 0.296 0.905 0.308 0.8710000000000001 0.32599999999999996 0.836 0.369 0.8240000000000001 0.403 0.8240000000000001 0.44699999999999995 0.8460000000000001 0.489
0 0.637 0.23399999999999999 0.602 0.275 0.5900000000000001 0.307 0.593 0.32599999999999996 0.614 0.325 0.613 0.33399999999999996 0.606 0.331 0.606 0.34900000000000003 0.5940000000000001 0.357 0.61 0.40099999999999997 0.627 0.40800000000000003 0.663 0.394 0.7110000000000001 0.392 0.776 0.409 0.7809999999999999 0.392 0.8210000000000001 0.4 0.834 0.369 0.866 0.327 0.8640000000000001 0.29100000000000004 0.8480000000000001 0.255 0.807 0.21800000000000003 0.759 0.202 0.689 0.20800000000000002 0.637 0.23399999999999999
0 0.784 0.20299999999999999 0.844 0.24700000000000003 0.868 0.305 0.8859999999999999 0.311 0.9019999999999999 0.277 0.933 0.244 0.959 0.22799999999999998 1 0.217 0.999 0.128 0.945 0.11399999999999999 0.869 0.122 0.827 0.144 0.792 0.181 0.784 0.20299999999999999
0 0.6910000000000001 0.132 0.72 0.157 0.743 0.198 0.78 0.20099999999999998 0.817 0.15 0.868 0.119 0.8560000000000001 0.06899999999999999 0.8230000000000001 0.034 0.779 0.018 0.725 0.018 0.679 0.032 0.632 0.077 0.618 0.11100000000000002 0.6910000000000001 0.132
0 0.618 0.251 0.671 0.21200000000000002 0.738 0.197 0.726 0.16699999999999998 0.701 0.13999999999999999 0.659 0.12 0.611 0.11599999999999999 0.5730000000000001 0.128 0.526 0.16699999999999998 0.496 0.221 0.492 0.273 0.512 0.335 0.529 0.356 0.577 0.36 0.5860000000000001 0.375 0.5940000000000001 0.355 0.5900000000000001 0.34500000000000003 0.607 0.344 0.612 0.331 0.603 0.322 0.593 0.33599999999999997 0.58 0.333 0.588 0.325 0.596 0.28500000000000003 0.618 0.251
0 0.24300000000000002 0.35 0.29900000000000004 0.32 0.373 0.314 0.42300000000000004 0.32999999999999996 0.418 0.333 0.445 0.346 0.45499999999999996 0.36 0.476 0.365 0.49400000000000005 0.327 0.48600000000000004 0.257 0.462 0.219 0.42699999999999994 0.19 0.363 0.174 0.317 0.18 0.275 0.202 0.25 0.231 0.236 0.28300000000000003 0.24300000000000002 0.35
0 0.369 0.01 0.327 0.01 0.271 0.038 0.25 0.075 0.248 0.129 0.264 0.16699999999999998 0.29 0.185 0.305 0.128 0.312 0.143 0.311 0.18 0.379 0.174 0.417 0.182 0.47400000000000003 0.127 0.466 0.089 0.44800000000000006 0.056999999999999995 0.41500000000000004 0.028000000000000004 0.369 0.01
0 0.10900000000000001 0.092 0.067 0.10800000000000001 0.024 0.145 0.002 0.20099999999999998 0.014000000000000002 0.261 0.043 0.298 0.066 0.307 0.13899999999999998 0.272 0.207 0.26 0.221 0.244 0.246 0.23500000000000001 0.266 0.205 0.266 0.191 0.252 0.153 0.225 0.11599999999999999 0.16499999999999998 0.092 0.10900000000000001 0.092
0 0.48 0.131 0.513 0.12 0.572 0.11499999999999999 0.5700000000000001 0.06899999999999999 0.5559999999999999 0.039 0.517 0 0.393 0.002 0.386 0.011 0.421 0.03 0.45199999999999996 0.061 0.48 0.131
0 0.562 0.7969999999999999 0.5730000000000001 0.8140000000000001 0.643 0.818 0.716 0.843 0.716 0.8089999999999999 0.738 0.757 0.808 0.687 0.783 0.6559999999999999 0.735 0.632 0.673 0.63 0.631 0.64 0.595 0.6599999999999999 0.5700000000000001 0.687 0.562 0.7969999999999999