0 0.94375 0.38922413749999996 0.9240625 0.362068965625 0.8934374999999999 0.335344828125 0.8721875000000001 0.32758620625 0.8290625 0.3284482765625 0.8121875 0.335344828125 0.7821875 0.3577586203125 0.760625 0.38491379375 0.74 0.4314655171875 0.73375 0.45905172343749995 0.733125 0.497844828125 0.74 0.549568965625 0.7462500000000001 0.5685344828125001 0.7546875 0.5836206890625 0.7703125 0.5948275859375001 0.7996875 0.6232758625 0.8159375000000001 0.64741379375 0.8396874999999999 0.6568965515625 0.860625 0.6581896546875 0.8671875 0.6577586203125 0.9021874999999999 0.640517240625 0.9228125 0.636206896875 0.9331250000000001 0.625431034375 0.9393750000000001 0.6125 0.920625 0.56336206875 0.915625 0.5176724140625 0.915625 0.48663793125000004 0.9225 0.4418103453125 0.94375 0.38922413749999996
0 0.860625 0.202155171875 0.85125 0.178017240625 0.8284375 0.1448275859375 0.8109375 0.1284482765625 0.7959375 0.11982758593750001 0.7740625 0.112931034375 0.7290625000000001 0.11982758593750001 0.7134375000000001 0.1284482765625 0.6884375 0.14913793125000002 0.67875 0.1607758625 0.66875 0.1806034484375 0.655625 0.21594827656249999 0.650625 0.2443965515625 0.650625 0.28491379375000003 0.6587500000000001 0.3306034484375 0.6743750000000001 0.37198275937499997 0.7184375000000001 0.4172413796875 0.7315625 0.4232758625 0.74 0.422844828125 0.750625 0.4081896546875 0.756875 0.39008620625 0.7715625 0.3672413796875 0.8046875 0.338793103125 0.8303125 0.32672413749999996 0.8790625000000001 0.32758620625 0.881875 0.3202586203125 0.883125 0.297844828125 0.8793749999999999 0.26681034531250003 0.860625 0.202155171875
0 0.655 0.21336206875000002 0.66875 0.1788793109375 0.6634375 0.1706896546875 0.6253124999999999 0.1482758625 0.5996875 0.14051724062499998 0.5746875 0.139655171875 0.5534375 0.1465517234375 0.5334375 0.1586206890625 0.503125 0.1943965515625 0.48624999999999996 0.2426724140625 0.48312499999999997 0.26508620625 0.484375 0.2909482765625 0.48875 0.3125 0.51875 0.346982759375 0.5325 0.3797413796875 0.5387500000000001 0.38491379375 0.5728125000000001 0.3568965515625 0.5921875 0.34741379375000003 0.6290625000000001 0.34741379375000003 0.6578125 0.363793103125 0.66625 0.35818965468749997 0.6587500000000001 0.33491379375 0.650625 0.2943965515625 0.6487499999999999 0.27112068906250003 0.6487499999999999 0.24956896562500003 0.655 0.21336206875000002
0 0.8125 0.7331896546875 0.829375 0.6995689656249999 0.8150000000000001 0.650431034375 0.7990625 0.625 0.7503124999999999 0.5827586203124999 0.7115625 0.5715517234374999 0.6971875 0.5715517234374999 0.6471875 0.5818965515625 0.6328125 0.5913793109375 0.6178125 0.6068965515625 0.6018749999999999 0.6331896546875 0.5856250000000001 0.674568965625 0.5818749999999999 0.6892241375 0.576875 0.73491379375 0.579375 0.76336206875 0.6 0.8314655171875 0.6390625 0.8810344828125001 0.6503125 0.8905172406249999 0.6665625000000001 0.8956896546875001 0.6912499999999999 0.896982759375 0.7021875 0.8939655171875 0.7096875 0.887931034375 0.7390625 0.8905172406249999 0.7584375 0.8836206890625 0.7753125 0.8732758625000001 0.79 0.8564655171875 0.795625 0.8418103453124999 0.79625 0.8064655171874999 0.8025 0.7676724140625 0.8125 0.7331896546875
0 0.5528125 0.6439655171875 0.5309375000000001 0.6422413796875001 0.49781250000000005 0.6456896546875 0.46968750000000004 0.659482759375 0.43531250000000005 0.688793103125 0.42750000000000005 0.6995689656249999 0.42000000000000004 0.7142241375 0.40750000000000003 0.7538793109374999 0.40499999999999997 0.775431034375 0.40499999999999997 0.8159482765625 0.41125 0.8435344828125 0.421875 0.8711206890625001 0.4296875 0.8827586203125 0.44718749999999996 0.887068965625 0.4721875 0.887068965625 0.4840625 0.8939655171875 0.5259375000000001 0.8982758625 0.5715625 0.9086206890625 0.604375 0.9107758625000001 0.6196875000000001 0.90258620625 0.62625 0.8935344828125 0.626875 0.8857758625000001 0.5962500000000001 0.8280172406249999 0.578125 0.7625 0.57625 0.7314655171875 0.58125 0.68663793125 0.5875 0.6668103453125 0.5846875 0.659482759375 0.5528125 0.6439655171875
0 0.40093750000000006 0.611206896875 0.3628125 0.5784482765625001 0.3334375 0.5715517234374999 0.3071875 0.5732758625 0.2846875 0.5818965515625 0.27156250000000004 0.5931034484375 0.244375 0.628017240625 0.22374999999999998 0.6857758625 0.22125 0.7081896546875 0.221875 0.7590517234374999 0.23312499999999997 0.8030172406249999 0.244375 0.8271551718750001 0.26156250000000003 0.84741379375 0.3196875 0.862068965625 0.3296875 0.8603448281249999 0.3365625 0.8655172406249999 0.37875000000000003 0.871982759375 0.3934375 0.8663793109375 0.40875000000000006 0.8443965515625 0.40374999999999994 0.8133620687500001 0.40437500000000004 0.7659482765625001 0.418125 0.7159482765625 0.43499999999999994 0.68663793125 0.43562500000000004 0.677155171875 0.43062500000000004 0.6607758625 0.425 0.647844828125 0.40093750000000006 0.611206896875
0 0.3615625 0.2689655171875 0.3278125 0.2543103453125 0.3159375 0.25258620625 0.2996875 0.2534482765625 0.2834375 0.259482759375 0.2684375 0.2732758625 0.2396875 0.287931034375 0.22718750000000001 0.3 0.20249999999999999 0.33491379375 0.19375 0.3556034484375 0.185 0.40905172343749996 0.185 0.42456896562499996 0.19375 0.471982759375 0.20875 0.500431034375 0.2234375 0.5198275859375 0.2640625 0.55086206875 0.2790625 0.5577586203125 0.3075 0.55991379375 0.3284375 0.5560344828125 0.333125 0.552155171875 0.316875 0.5021551718749999 0.31 0.4443965515625 0.31 0.42715517187499996 0.318125 0.3840517234375 0.35343749999999996 0.3189655171875 0.385 0.2935344828125 0.3759375 0.2810344828125 0.3615625 0.2689655171875
0 0.23781249999999998 0.5301724140624999 0.19468749999999999 0.5120689656249999 0.16468750000000001 0.511206896875 0.12468749999999999 0.5310344828125 0.093125 0.572844828125 0.08249999999999999 0.5978448281250001 0.078125 0.621982759375 0.078125 0.6711206890625 0.081875 0.6814655171874999 0.08249999999999999 0.701293103125 0.08625000000000001 0.7125 0.09125 0.7142241375 0.094375 0.7331896546875 0.1171875 0.764655171875 0.14781249999999999 0.77241379375 0.1703125 0.7732758625 0.1871875 0.7793103453125 0.1940625 0.787931034375 0.19875 0.7875 0.21781250000000002 0.7853448281250001 0.224375 0.7806034484375 0.22125 0.7625 0.22000000000000003 0.7090517234375 0.22312500000000002 0.6831896546875 0.22875 0.6625 0.24625 0.623706896875 0.28312499999999996 0.5788793109375 0.27218749999999997 0.562068965625 0.23781249999999998 0.5301724140624999
0 0.205625 0.325431034375 0.1928125 0.3034482765625 0.1684375 0.27672413749999997 0.14906250000000001 0.263793103125 0.1265625 0.2568965515625 0.1078125 0.2577586203125 0.0753125 0.2681034484375 0.0515625 0.286206896875 0.027500000000000004 0.32456896562500004 0.017499999999999998 0.37715517187500003 0.01875 0.4107758625 0.02375 0.4340517234375 0.031875 0.46077586249999997 0.04375 0.48405172343749997 0.060312500000000005 0.5077586203125 0.0846875 0.5284482765625 0.0990625 0.537068965625 0.114375 0.5383620687499999 0.1515625 0.514655171875 0.1759375 0.5077586203125 0.1846875 0.4982758625 0.1903125 0.4965517234375 0.195 0.4875 0.19624999999999998 0.48146551718749997 0.18937500000000002 0.45905172343749995 0.18375 0.41422413750000003 0.190625 0.36336206875 0.205625 0.325431034375
0 0.0740625 0.5198275859375 0.0528125 0.5043103453125 0.0303125 0.4965517234375 0.0003125 0.4965517234375 0 0.7452586203125 0.09625 0.75991379375 0.10124999999999999 0.7573275859375 0.100625 0.746982759375 0.09125 0.7314655171875 0.075 0.6840517234375 0.075 0.6357758625 0.08 0.601293103125 0.09125 0.573706896875 0.10187500000000001 0.5573275859375 0.10187500000000001 0.551293103125 0.0740625 0.5198275859375
0 0.52 0.36336206875 0.51375 0.35732758593749997 0.506875 0.3357758625 0.49343750000000003 0.3189655171875 0.45906250000000004 0.29224137968749997 0.4371875 0.286206896875 0.4190625 0.287068965625 0.38093750000000004 0.29913793125 0.36531250000000004 0.30948275937499997 0.351875 0.32456896562500004 0.34125 0.346982759375 0.32625000000000004 0.3685344828125 0.31875 0.3875 0.31375000000000003 0.40991379375000003 0.311875 0.4340517234375 0.315 0.4797413796875 0.319375 0.5081896546875 0.330625 0.54008620625 0.3509375 0.5706896546875 0.3696875 0.5801724140625 0.41968750000000005 0.62586206875 0.43531250000000005 0.6318965515625 0.4525 0.6314655171875 0.49343750000000003 0.615517240625 0.516875 0.5909482765625 0.504375 0.5435344828125 0.501875 0.48405172343749997 0.514375 0.428017240625 0.524375 0.4056034484375 0.525 0.39525862031250003 0.53125 0.39008620625 0.525625 0.3831896546875 0.52 0.36336206875
0 0.820625 0.7193965515625 0.8125 0.7375 0.8006249999999999 0.78491379375 0.7975 0.8185344828125001 0.8006249999999999 0.8607758625 0.809375 0.8943965515625001 0.8240624999999999 0.9206896546875001 0.8309374999999999 0.92413793125 0.8568749999999999 0.923706896875 0.9653124999999999 0.9232758625 1 0.9202586203124999 0.9984375 0.6767241375 0.9728125000000001 0.6543103453125 0.9540625 0.6431034484375 0.9403124999999999 0.639655171875 0.9059375 0.6413793109375 0.8640625 0.662931034375 0.8334374999999999 0.6982758625 0.820625 0.7193965515625
0 0.9678125 0.6456896546875 1 0.6668103453125 0.9990625 0.3318965515625 0.9728125000000001 0.3543103453125 0.94625 0.39008620625 0.936875 0.4073275859375 0.92125 0.452155171875 0.9168749999999999 0.48146551718749997 0.91625 0.5090517234374999 0.923125 0.5659482765625 0.9412499999999999 0.60991379375 0.9678125 0.6456896546875