0 0.8859375 0.57421875 0.2 0.2953125
0 0.93203125 0.8125 0.134375 0.2484375
0 0.790625 0.8796875 0.215625 0.240625
0 0.92890625 0.93984375 0.1421875 0.1203125
0 0.5890625 0.846875 0.2328125 0.30625
0 0.7109375 0.625 0.2 0.265625
0 0.8046875 0.45703125 0.1546875 0.2046875
0 0.68671875 0.39609375 0.1875 0.246875
0 0.540625 0.42265625 0.1875 0.2328125
0 0.5390625 0.61328125 0.1765625 0.253125
0 0.259375 0.22890625 0.1703125 0.2515625
0 0.3515625 0.271875 0.171875 0.2484375
0 0.4578125 0.32265625 0.18125 0.2734375
0 0.24609375 0.43203125 0.2453125 0.1859375
0 0.30546875 0.52109375 0.30625 0.2015625