0 0.8257731953125 0.4404024765625 0.8175257734375 0.49303405624999996 0.785051546875 0.5294117640625 0.7680412375000001 0.5673374609375 0.7597938140625 0.623065015625 0.7608247421875001 0.66640866875 0.7711340203125 0.7128482968750001 0.794329896875 0.7476780187500001 0.8139175249999999 0.75851393125 0.8298969078124999 0.7577399375 0.8448453609375 0.7523219812499999 0.864948453125 0.7329721359375 0.878350515625 0.698916409375 0.8865979375 0.6540247671875 0.878350515625 0.5750774 0.8587628859375 0.5224458203125 0.863917525 0.48993808124999993 0.8443298968749999 0.465170278125 0.8365979375 0.42879257031250007 0.8257731953125 0.4404024765625
0 0.6469072171875 0.334365325 0.6231958765625001 0.374613003125 0.5788659796875 0.382352940625 0.5742268046875 0.3877708984375 0.5768041234375 0.3947368421875 0.607731959375 0.3931888546875 0.6273195874999999 0.4040247671875 0.65 0.4055727546875 0.669072165625 0.42492260000000004 0.685051546875 0.46904024843750003 0.7072164953125 0.4729102171875 0.726288659375 0.46904024843750003 0.74072165 0.45820433437499997 0.7525773203125 0.4357585140625 0.757731959375 0.4032507734375 0.75670103125 0.38467492187499996 0.745360825 0.35216718281250003 0.717010309375 0.3266253875 0.6984536078125 0.3188854484375 0.6726804125 0.3204334359375 0.6469072171875 0.334365325
0 0.642268040625 0.33978328125 0.62525773125 0.374613003125 0.5778350515625 0.383900928125 0.5742268046875 0.38931888593749997 0.5783505156250001 0.3955108359375 0.5597938140625 0.42492260000000004 0.564948453125 0.448142415625 0.5731958765625 0.455882353125 0.5701030921875 0.50851393125 0.5762886593750001 0.531733746875 0.5891752578125 0.546439628125 0.6226804125000001 0.5580495359375 0.660309278125 0.546439628125 0.6731958765625 0.5255417953125 0.6814432984375001 0.48993808124999993 0.6814432984375001 0.46362229062500004 0.6731958765625 0.43421052656250003 0.66134020625 0.41486068125 0.642268040625 0.40170278593750003 0.6494845359375 0.37383900937500003 0.6489690718750001 0.334365325 0.642268040625 0.33978328125
0 0.5835051546875001 0.629256965625 0.57938144375 0.67105263125 0.5855670109375 0.706656346875 0.6051546390625 0.746904025 0.630412371875 0.7755417953125 0.6664948453124999 0.7956656343749999 0.6865979375 0.7948916406250001 0.7118556703125 0.7770897828125001 0.732989690625 0.7360681109375 0.7381443296875 0.6695046437500001 0.7278350515625001 0.6091331265625 0.7128865984375 0.57739938125 0.6891752578125 0.5541795671874999 0.6458762890624999 0.551083590625 0.6180412375000001 0.5634674921875 0.6 0.5828173375000001 0.5835051546875001 0.629256965625
0 0.47628865937500003 0.7221362234375001 0.47835051562500003 0.7654798765625 0.49175257656250004 0.8041795671875 0.5087628859375 0.8297213625 0.528350515625 0.84365325 0.5345360828125 0.8421052625 0.5417525765625 0.8513931890625 0.5726804125 0.8467492265625 0.5814432984375 0.8800309593750001 0.5938144328125 0.8846749218750001 0.5855670109375 0.8304953562499999 0.6 0.801083590625 0.5938144328125 0.7422600625 0.5783505156250001 0.6880804953124999 0.5654639171875 0.671826625 0.5417525765625 0.6547987609375 0.5221649484374999 0.6547987609375 0.5015463921875 0.66873065 0.4865979375 0.6911764703125 0.47628865937500003 0.7221362234375001
0 0.5051546390625 1 0.5154639171875 0.957430340625 0.510309278125 0.9202786375 0.486082475 0.883900928125 0.4675257734375 0.866873065625 0.4427835046875 0.871517028125 0.40670103125 0.9009287921875 0.3773195875 0.952786378125 0.3721649484375 0.9775541796875 0.373711340625 1 0.5051546390625 1
0 0.5938144328125 0.873839009375 0.5922680406249999 0.8869969046874999 0.5804123718749999 0.8800309593750001 0.57938144375 0.866099071875 0.5695876281250001 0.8467492265625 0.5417525765625 0.8560371515625 0.536082475 0.8815789468749999 0.54329896875 0.9434984515625 0.5572164953125001 0.965944271875 0.5902061859375001 0.9767801859375 0.6051546390625 0.9760061921875 0.6242268046875 0.965944271875 0.642268040625 0.9419504640625 0.6556701031250001 0.8939628484375 0.654639175 0.8645510828124999 0.6474226796875 0.84133126875 0.6335051546875 0.8204334359375001 0.6097938140625 0.8095975234375 0.6005154640625 0.8111455109374999 0.5865979375 0.82894736875 0.5938144328125 0.873839009375
0 0.6845360828125 1 0.719587628125 0.948142415625 0.7226804125 0.9295665640624999 0.69793814375 0.870743034375 0.6886597937500001 0.8212074296875 0.6819587625 0.8157894734375001 0.6484536078125 0.8351393187499999 0.65670103125 0.866099071875 0.65670103125 0.9017027859375 0.6381443296875 0.9620743031250001 0.65206185625 0.9798761609375 0.6634020625 0.9829721359375 0.6664948453124999 1 0.6845360828125 1
0 0.7288659796875 0.7515479875 0.6917525765625 0.8057275546874999 0.6948453609375 0.8552631578125001 0.710309278125 0.8970588234375001 0.7252577312499999 0.91331269375 0.7484536078125 0.91873065 0.773711340625 0.9040247671874999 0.7845360828125 0.8877708984374999 0.7927835046875 0.8676470593750001 0.7979381437499999 0.8335913312500001 0.7969072171875 0.788699690625 0.787628865625 0.7484520125 0.7685567015625 0.712074303125 0.7541237109375001 0.705882353125 0.7371134015624999 0.7128482968750001 0.7288659796875 0.7515479875
0 0.810309278125 0.7871517031249999 0.8051546390625001 0.8134674921875 0.8082474234375001 0.866099071875 0.819587628125 0.90634675 0.837628865625 0.9349845203125 0.8685567015625001 0.964396284375 0.8917525765625 0.9713622296875 0.9056701031250001 0.964396284375 0.919587628125 0.9404024765625 0.9298969078124999 0.8955108359375 0.9288659796875001 0.8614551078125 0.921649484375 0.82894736875 0.89793814375 0.7747678015624999 0.8871134015625 0.75851393125 0.8634020625 0.7399380812499999 0.8242268046874999 0.7616099078125 0.810309278125 0.7871517031249999
0 1 0.66640866875 0.9634020624999999 0.659442725 0.937628865625 0.671826625 0.9298969078124999 0.66021671875 0.9226804124999999 0.630804953125 0.9180412375 0.630030959375 0.912371134375 0.6416408671875 0.921649484375 0.6787925703125001 0.9010309281250001 0.7422600625 0.898969071875 0.7716718265625 0.9407216500000001 0.8544891640625 0.9664948453125 0.8746130031250001 0.9886597937499999 0.876934984375 1 0.870743034375 1 0.66640866875
0 0.9438144328125 0.6099071203124999 0.957731959375 0.6091331265625 1 0.5766253875 0.9974226796875 0.371517028125 0.969587628125 0.377708978125 0.94329896875 0.40170278593750003 0.9412371140625 0.4713622296875 0.9319587625000001 0.49767801875 0.9041237109375 0.542569659375 0.9082474234375001 0.5750774 0.92525773125 0.5990712078125 0.9438144328125 0.6099071203124999
0 0.8613402062500001 0.377708978125 0.842268040625 0.40015479843749996 0.8278350515625 0.4295665640625 0.828350515625 0.43498452031249996 0.8402061859375 0.4311145515625 0.845360825 0.46671826562499996 0.863917525 0.4883900921875 0.8587628859375 0.5193498453125 0.8670103093750001 0.541021671875 0.8865979375 0.542569659375 0.9067010312500001 0.5309597515625 0.9268041234375 0.50541795625 0.9381443296875001 0.4775541796875 0.94329896875 0.45123839062500004 0.9412371140625 0.4125387 0.9329896906249999 0.38931888593749997 0.9231958765625 0.374613003125 0.903608246875 0.36532507812500004 0.885051546875 0.36532507812500004 0.8613402062500001 0.377708978125
0 0.835051546875 0.3490712078125 0.8432989687499999 0.366099071875 0.8469072171875001 0.38699690468750003 0.886082475 0.36532507812500004 0.9139175249999999 0.368421053125 0.937628865625 0.33900928750000003 0.942268040625 0.34287925625 0.9412371140625 0.3490712078125 0.9257731953125001 0.376934984375 0.9355670109374999 0.3947368421875 0.94329896875 0.3955108359375 0.9701030921875 0.372291021875 0.9711340203125 0.35216718281250003 0.95206185625 0.3049535609375 0.9221649484375 0.283281734375 0.8871134015625 0.28173374687499997 0.85927835 0.300309596875 0.8469072171875001 0.32198142343749997 0.832989690625 0.32430340625 0.8432989687499999 0.33049535625000004 0.835051546875 0.3490712078125
0 0.694329896875 0.287925696875 0.6778350515625 0.25851393125 0.6427835046875 0.23529411718749998 0.5974226796875 0.23529411718749998 0.5654639171875 0.25077399375 0.544329896875 0.282507740625 0.5402061859375 0.3227554171875 0.5551546390625 0.340557275 0.585051546875 0.3266253875 0.58865979375 0.33668730625 0.5731958765625 0.35216718281250003 0.5731958765625 0.366099071875 0.5891752578125 0.37616099062499997 0.6144329890625 0.375386996875 0.6314432984375 0.3622291015625 0.6458762890624999 0.3328173375 0.67474226875 0.3188854484375 0.6953608250000001 0.3188854484375 0.717010309375 0.297213621875 0.75 0.27708978281249996 0.75670103125 0.25928792500000003 0.75206185625 0.25696594375 0.7252577312499999 0.27708978281249996 0.694329896875 0.287925696875
0 0.5829896906250001 0.3266253875 0.562371134375 0.340557275 0.55206185625 0.340557275 0.5180412375000001 0.3111455109375 0.495360825 0.3157894734375 0.4721649484375 0.3475232203125 0.48041237187499997 0.3877708984375 0.47835051562500003 0.42337461249999997 0.48350515468750005 0.4264705875 0.5185567015625 0.40634675 0.5185567015625 0.3955108359375 0.5082474234375 0.378482971875 0.5097938140625 0.371517028125 0.5417525765625 0.40866873125 0.5448453609375 0.40712074375 0.5546391749999999 0.3599071203125 0.5881443296875 0.3374613 0.5876288656249999 0.33049535625000004 0.5829896906250001 0.3266253875
0 0.4597938140625 0.4775541796875 0.44742267968749994 0.5100619187500001 0.445360825 0.533281734375 0.45463917499999995 0.5719814234375 0.455670103125 0.623065015625 0.48711340156249994 0.66873065 0.49381443281250004 0.6695046437500001 0.5324742265625 0.6470588234375 0.5469072171875 0.631578946875 0.5680412375 0.5750774 0.5711340203125 0.5534055734375001 0.569072165625 0.46362229062500004 0.5597938140625 0.4357585140625 0.5386597937500001 0.41331269375 0.50670103125 0.41021671875 0.4912371140625 0.42105263125 0.4597938140625 0.4775541796875
0 0.3984536078125 0.4736842109375 0.373711340625 0.4705882359375 0.3530927828125 0.4798761609375 0.336082475 0.50851393125 0.33402061875 0.5642414859375 0.3371134015625 0.5859133125 0.3597938140625 0.6385448921875 0.3819587625 0.6671826624999999 0.4087628859375 0.671826625 0.41597938125 0.6811145515625 0.4273195875 0.66873065 0.43865979375 0.66873065 0.45824742343749997 0.6904024765625 0.4773195875 0.702012384375 0.47938144375 0.6958204328125001 0.47525773125 0.6834365328125 0.471649484375 0.6919504640625 0.445360825 0.6540247671875 0.45257732031250003 0.6122291015625 0.45257732031250003 0.5657894734375 0.445360825 0.536377709375 0.4298969078125 0.50541795625 0.42010309218749997 0.48916408593750005 0.3984536078125 0.4736842109375
0 0.18865979375 0.5890092874999999 0.18865979375 0.5967492265625001 0.19536082500000002 0.6037151703125 0.235051546875 0.629256965625 0.24123711406249998 0.6586687312499999 0.2551546390625 0.6919504640625 0.295360825 0.705882353125 0.2969072171875 0.7128482968750001 0.287628865625 0.7252321984375001 0.29020618593749997 0.7321981421875 0.3025773203125 0.7399380812499999 0.3108247421875 0.7352941171875 0.3180412375 0.74458204375 0.3381443296875 0.7438080499999999 0.3768041234375 0.7244582046875 0.3845360828125 0.702012384375 0.3845360828125 0.67569659375 0.3618556703125 0.6462848296875 0.3365979375 0.59287925625 0.31597938124999997 0.57430340625 0.3025773203125 0.5696594421875 0.27474226874999996 0.5727554171875 0.239690721875 0.6052631578125001 0.18865979375 0.5890092874999999
0 0.15979381406249998 0.534829721875 0.164948453125 0.5688854484375 0.171649484375 0.58204334375 0.1912371140625 0.58359133125 0.219072165625 0.6021671828125 0.23814432968750002 0.6029411765625 0.2680412375 0.5719814234375 0.2742268046875 0.544117646875 0.2711340203125 0.50386996875 0.2618556703125 0.48065015468750005 0.24175257656250002 0.45820433437499997 0.22731958749999998 0.452012384375 0.194329896875 0.456656346875 0.1711340203125 0.4837461296875 0.1628865984375 0.50851393125 0.15979381406249998 0.534829721875
0 0.296391753125 0.3157894734375 0.271649484375 0.31733746093750004 0.251030928125 0.3359133125 0.23298969062500002 0.372291021875 0.2257731953125 0.4032507734375 0.2278350515625 0.4311145515625 0.23298969062500002 0.45123839062500004 0.25824742343749996 0.47213622343750006 0.27474226874999996 0.5046439625 0.285051546875 0.5139318890625 0.30927835 0.5147058828125 0.330412371875 0.5046439625 0.345360825 0.4775541796875 0.3448453609375 0.4705882359375 0.3242268046875 0.45510835937499994 0.31958762812499997 0.43730650156250006 0.310309278125 0.42492260000000004 0.3154639171875 0.3614551078125 0.3298969078125 0.33668730625 0.3231958765625 0.328173375 0.296391753125 0.3157894734375
0 0.303608246875 0.37616099062499997 0.23917525781250001 0.383126934375 0.24278350468749998 0.3900928796875 0.295360825 0.4009287921875 0.3051546390625 0.4109907125 0.3221649484375 0.44891640937500005 0.3541237109375 0.46904024843750003 0.4278350515625 0.4729102171875 0.4417525765625 0.46904024843750003 0.45927835000000006 0.452012384375 0.47938144375 0.4047987609375 0.47835051562500003 0.375386996875 0.469072165625 0.3475232203125 0.45412371093750004 0.328173375 0.43659793750000003 0.31733746093750004 0.3881443296875 0.30340557343749996 0.3211340203125 0.34829721406249997 0.303608246875 0.37616099062499997
0 0.389690721875 0.7778637765624999 0.3680412375 0.8119195046875 0.367010309375 0.8444272453125 0.3788659796875 0.866873065625 0.3938144328125 0.8815789468749999 0.3938144328125 0.8955108359375 0.40206185625 0.9017027859375 0.4515463921875 0.8583591328125 0.4484536078125 0.8072755421875 0.44072164999999996 0.792569659375 0.4273195875 0.791021671875 0.40257732031250004 0.7755417953125 0.382989690625 0.74458204375 0.3664948453125 0.74613003125 0.3654639171875 0.7523219812499999 0.382989690625 0.7616099078125 0.389690721875 0.7778637765624999
0 0.45 0.6408668734375 0.45257732031250003 0.66640866875 0.4814432984375 0.6927244578125 0.48762886562499996 0.6787925703125001 0.48041237187499997 0.66176470625 0.46958762812500005 0.6470588234375 0.45 0.6408668734375
0 0.3845360828125 0.7422600625 0.4118556703125 0.7801857578125 0.4273195875 0.787925696875 0.4494845359375 0.7871517031249999 0.46134020624999994 0.781733746875 0.4742268046875 0.7639318890625 0.47628865937500003 0.708204334375 0.439690721875 0.6702786374999999 0.42835051562500004 0.66873065 0.419072165625 0.6811145515625 0.40670103125 0.671826625 0.392268040625 0.6749226 0.3835051546875 0.7190402484375 0.3845360828125 0.7422600625
0 0.0484536078125 0.45123839062500004 0.058762885937499995 0.465170278125 0.05670103125 0.4775541796875 0.062371134375000005 0.4876160984375 0.073711340625 0.49380805 0.1025773203125 0.49226006250000004 0.104639175 0.5201238390625 0.119072165625 0.5216718265625 0.12525773125 0.5371517031249999 0.13402061875 0.537925696875 0.1469072171875 0.5278637765624999 0.1618556703125 0.50386996875 0.17216494843750002 0.4713622296875 0.1731958765625 0.42801857656250003 0.1628865984375 0.3924148609375 0.13865979374999998 0.3637770890625 0.104639175 0.36068111406250003 0.069072165625 0.3908668734375 0.053608246875 0.41718266249999997 0.0484536078125 0.45123839062500004
0 0.1551546390625 0.22755417968749997 0.12989690781250002 0.2716718265625 0.123711340625 0.3026315796875 0.1257731953125 0.32894736875 0.135051546875 0.3552631578125 0.15721649531249998 0.379256965625 0.17783505156249999 0.3885448921875 0.2134020625 0.3924148609375 0.2278350515625 0.38467492187499996 0.244329896875 0.3444272453125 0.2587628859375 0.32430340625 0.26082474218749996 0.3026315796875 0.246391753125 0.2670278640625 0.24123711406249998 0.23761609843749998 0.23041237187500002 0.2229102171875 0.194329896875 0.210526315625 0.1654639171875 0.218266253125 0.1551546390625 0.22755417968749997
0 0.0082474234375 0.3475232203125 0.02061855625 0.369195046875 0.039690721875 0.3544891640625 0.05927835 0.34829721406249997 0.0871134015625 0.34674922656249996 0.1025773203125 0.3529411765625 0.1051546390625 0.33823529375 0.07680412343750001 0.294117646875 0.051030928125 0.286377709375 0.028350515625 0.301857584375 0.014432989062500002 0.32430340625 0.0082474234375 0.3475232203125
0 0 0.40634675 0.022164948437500002 0.44117647031249996 0.028350515625 0.4473684203125 0.046391753125000004 0.448142415625 0.054639175 0.4125387 0.07474226875 0.380804953125 0.105670103125 0.36068111406250003 0.1025773203125 0.3529411765625 0.085051546875 0.34674922656249996 0.05 0.3513931890625 0.023195876562500002 0.366873065625 0.01597938125 0.380804953125 0 0.3908668734375 0 0.40634675
0 0.1231958765625 0.19659442656249998 0.08865979375000001 0.2252321984375 0.080412371875 0.24845201249999999 0.080412371875 0.28560371562500003 0.09278350468749999 0.3165634671875 0.1 0.3227554171875 0.09896907187500001 0.3041795671875 0.1025773203125 0.300309596875 0.11701030937500001 0.3111455109375 0.123711340625 0.30727554218750003 0.1257731953125 0.284055728125 0.132989690625 0.2639318890625 0.1530927828125 0.22910216718749998 0.17216494843750002 0.212848296875 0.169587628125 0.20588235312499997 0.1231958765625 0.19659442656249998
0 0.24536082499999998 0.209752321875 0.24226804062500001 0.22987616093750002 0.244329896875 0.25619195 0.2644329890625 0.30340557343749996 0.27474226874999996 0.3126934984375 0.3041237109375 0.3134674921875 0.330412371875 0.301857584375 0.345360825 0.284055728125 0.35360824687500003 0.2515479875 0.3505154640625 0.20820433437500002 0.34020618593749996 0.1818885453125 0.3221649484375 0.16253869999999998 0.29123711406249997 0.159442725 0.27474226874999996 0.1640866875 0.255670103125 0.18498452031249998 0.24536082499999998 0.209752321875
0 0.4015463921875 0.23529411718749998 0.35463917500000003 0.23606811093750002 0.3582474234375 0.24613003125000002 0.3994845359375 0.25541795624999997 0.40412371093750005 0.2639318890625 0.4051546390625 0.294891640625 0.4087628859375 0.301857584375 0.469072165625 0.33668730625 0.505670103125 0.3065015484375 0.5185567015625 0.2639318890625 0.519587628125 0.24071207499999997 0.5144329890625 0.217492259375 0.49329896875 0.1795665640625 0.471649484375 0.16873065 0.44690721718750004 0.171826625 0.4211340203125 0.1919504640625 0.41134020624999995 0.206656346875 0.4015463921875 0.23529411718749998
0 0.3969072171875 0.22987616093750002 0.3917525765625 0.202012384375 0.39072165000000003 0.1369969046875 0.3881443296875 0.130030959375 0.37989690781249996 0.131578946875 0.3654639171875 0.122291021875 0.3587628859375 0.1075851390625 0.3572164953125 0.08823529375 0.3505154640625 0.09365325 0.3515463921875 0.130804953125 0.335051546875 0.16950464375000002 0.3474226796875 0.19427244531250001 0.35360824687500003 0.2314241484375 0.357731959375 0.23606811093750002 0.346391753125 0.288699690625 0.32886597968750003 0.30727554218750003 0.3268041234375 0.32430340625 0.3381443296875 0.33513931874999997 0.392268040625 0.3049535609375 0.412371134375 0.30882352968750004 0.4118556703125 0.30340557343749996 0.4030927828125 0.301083590625 0.4061855671875 0.293343653125 0.40206185625 0.25928792500000003 0.4061855671875 0.2515479875 0.40206185625 0.24226006249999998 0.40412371093750005 0.23606811093750002 0.3969072171875 0.22987616093750002
0 0.169587628125 0.199690403125 0.1788659796875 0.210526315625 0.2061855671875 0.21130030937500002 0.230927834375 0.18808049531249998 0.2371134015625 0.16021671875000001 0.22010309218750002 0.120743034375 0.1871134015625 0.126934984375 0.17061855625 0.1424148609375 0.1417525765625 0.1455108359375 0.1257731953125 0.16331269375 0.1154639171875 0.1865325078125 0.12525773125 0.19504643906250002 0.169587628125 0.199690403125
0 0.24020618593749998 0.10139318906250001 0.23608247499999999 0.126160990625 0.2530927828125 0.1486068109375 0.26237113437500004 0.13777089843749998 0.2819587625 0.13467492187500002 0.3298969078125 0.16176470625 0.33402061875 0.1416408671875 0.330927834375 0.1106811140625 0.3087628859375 0.0619195046875 0.29175257656250003 0.0549535609375 0.28865979375 0.0116099078125 0.2865979375 0.00077399375 0.282989690625 0 0.2814432984375 0.058049535937499994 0.251030928125 0.08049535625000001 0.24020618593749998 0.10139318906250001
0 0.3381443296875 0.13544891718750002 0.345360825 0.1416408671875 0.34072165 0.16253869999999998 0.3819587625 0.1640866875 0.3768041234375 0.171826625 0.37061855625 0.1671826625 0.369072165625 0.17414860625 0.3778350515625 0.1795665640625 0.38865979375 0.1973684203125 0.39072165000000003 0.132352940625 0.3855670109375 0.0828173375 0.3948453609375 0.041021671875 0.3855670109375 0.0178018578125 0.3788659796875 0.0139318890625 0.3582474234375 0.032507740624999996 0.34329896875 0.05650154843750001 0.335051546875 0.084365325 0.33402061875 0.119969040625 0.3381443296875 0.13544891718750002
0 0.4175257734375 0.0549535609375 0.41134020624999995 0.0534055734375 0.410309278125 0.041021671875 0.392268040625 0.0232198140625 0.3917525765625 0.030185757812500002 0.40412371093750005 0.042569659375 0.4154639171875 0.0828173375 0.41443298906250003 0.0967492265625 0.3969072171875 0.130804953125 0.39072165000000003 0.16021671875000001 0.3917525765625 0.198916409375 0.3969072171875 0.21904024843749997 0.4051546390625 0.2252321984375 0.41288659843750003 0.20278637812500003 0.44381443281250005 0.1733746125 0.47474226875000003 0.16873065 0.5005154640625 0.1842105265625 0.5072164953125 0.1772445828125 0.5072164953125 0.16486068125 0.48195876249999997 0.1068111453125 0.45824742343749997 0.08823529375 0.430412371875 0.08204334375 0.4175257734375 0.0549535609375
0 0.50206185625 0.1865325078125 0.50670103125 0.19504643906250002 0.528350515625 0.19504643906250002 0.5417525765625 0.22910216718749998 0.5680412375 0.246904025 0.6257731953125 0.2283281734375 0.6402061859375 0.14938080468749998 0.6298969078125001 0.12306501562500001 0.6159793812500001 0.1052631578125 0.5912371140625 0.09287925625 0.55927835 0.09907120781249999 0.5417525765625 0.1130030953125 0.5257731953125 0.1385448921875 0.523711340625 0.17105263125 0.50206185625 0.1865325078125
0 0.4865979375 0.11222910156250002 0.49845360781250003 0.125386996875 0.530412371875 0.126934984375 0.539690721875 0.1130030953125 0.560309278125 0.0975232203125 0.5881443296875 0.09133126875 0.60670103125 0.0975232203125 0.6211340203125 0.10990712031250001 0.644329896875 0.14938080468749998 0.6515463921875 0.1369969046875 0.6587628859375 0.084365325 0.6438144328125001 0.0650154796875 0.6180412375000001 0.0541795671875 0.57061855625 0.0588235296875 0.5417525765625 0.07739938125 0.526288659375 0.1068111453125 0.5025773203125 0.1130030953125 0.4974226796875 0.1052631578125 0.4865979375 0.11222910156250002
0 0.6561855671875 0.131578946875 0.6922680406249999 0.1145510828125 0.719072165625 0.117647059375 0.7371134015624999 0.1369969046875 0.757731959375 0.1818885453125 0.763917525 0.16486068125 0.7649484531249999 0.13544891718750002 0.7608247421875001 0.1091331265625 0.7489690718750001 0.08513931875 0.7273195875 0.0665634671875 0.6994845359374999 0.0541795671875 0.6871134015625 0.0557275546875 0.664948453125 0.0797213625 0.654639175 0.1075851390625 0.6561855671875 0.131578946875
0 0.6340206187499999 0.19427244531250001 0.645360825 0.2314241484375 0.680927834375 0.25696594375 0.6881443296875001 0.2693498453125 0.7226804125 0.2763157890625 0.7391752578124999 0.2639318890625 0.755670103125 0.21439628437499997 0.754639175 0.17569659375 0.742268040625 0.1462848296875 0.726288659375 0.123839009375 0.7087628859375 0.1145510828125 0.686082475 0.11609907187499999 0.6572164953125 0.133126934375 0.635051546875 0.17105263125 0.6340206187499999 0.19427244531250001
0 0.7314432984375 0.3359133125 0.7494845359375 0.3599071203125 0.757731959375 0.38931888593749997 0.757731959375 0.40789473750000005 0.753608246875 0.4311145515625 0.7402061859375 0.465170278125 0.76597938125 0.47600619218749995 0.7871134015625 0.46439628437499997 0.798969071875 0.448142415625 0.81134020625 0.4109907125 0.812371134375 0.3862229109375 0.7938144328125001 0.32585139375 0.7747422687500001 0.29566563437500004 0.75 0.2801857578125 0.7231958765625001 0.294117646875 0.7061855671874999 0.3196594421875 0.7314432984375 0.3359133125
0 0.6881443296875001 0.5526315796875 0.7164948453125 0.58126935 0.730412371875 0.6145510828125 0.7402061859375 0.6153250781249999 0.7587628859375 0.6060371515625 0.76597938125 0.5704334359375001 0.77938144375 0.536377709375 0.7701030921875 0.50077399375 0.75927835 0.4798761609375 0.7314432984375 0.46904024843750003 0.6922680406249999 0.48916408593750005 0.6845360828125 0.5116099078125 0.6845360828125 0.537925696875 0.6881443296875001 0.5526315796875
0 0.8788659796875 0.2229102171875 0.8572164953125 0.2337461296875 0.832989690625 0.26857585156249997 0.8257731953125 0.3134674921875 0.8324742265625 0.3204334359375 0.8443298968749999 0.3212074296875 0.8613402062500001 0.29566563437500004 0.8675257734375 0.297213621875 0.8922680406250001 0.283281734375 0.9242268046875 0.287925696875 0.9489690718749999 0.3065015484375 0.9536082468749999 0.301083590625 0.942268040625 0.2670278640625 0.926288659375 0.24303405625000002 0.9067010312500001 0.22910216718749998 0.8788659796875 0.2229102171875
0 0.8427835046875 0.22755417968749997 0.8443298968749999 0.23297213593750002 0.8391752578125 0.23606811093750002 0.8469072171875001 0.24613003125000002 0.8711340203125 0.2236842109375 0.8680412375 0.21130030937500002 0.8530927828125 0.1934984515625 0.8335051546875001 0.18266253906250002 0.8118556703124999 0.1842105265625 0.8005154640625 0.19814241562499998 0.7675257734375001 0.1873065015625 0.75927835 0.1904024765625 0.7484536078125 0.24226006249999998 0.7484536078125 0.24845201249999999 0.7587628859375 0.25928792500000003 0.7515463921875 0.2778637765625 0.780927834375 0.301857584375 0.8005154640625 0.29876160937499996 0.8108247421874999 0.289473684375 0.8134020625 0.30727554218750003 0.8175257734375 0.3103715171875 0.8319587625 0.2732198140625 0.830927834375 0.2608359140625 0.82525773125 0.25386996875 0.82061855625 0.25928792500000003 0.8216494843750001 0.26857585156249997 0.8175257734375 0.2654798765625 0.8175257734375 0.24071207499999997 0.828350515625 0.2306501546875 0.8324742265625 0.2337461296875 0.8427835046875 0.22755417968749997
0 0.873711340625 0.2229102171875 0.910309278125 0.2283281734375 0.9185567015625 0.206656346875 0.9175257734375 0.17105263125 0.8974226796875 0.1439628484375 0.8768041234374999 0.1362229109375 0.8582474234375 0.1439628484375 0.8417525765624999 0.16099071250000002 0.8360824750000001 0.17569659375 0.83865979375 0.1842105265625 0.8634020625 0.20278637812500003 0.873711340625 0.2229102171875
0 0.9185567015625 0.21130030937500002 0.9134020625 0.22987616093750002 0.9474226796874999 0.2716718265625 0.9623711343749999 0.2678018578125 0.969072165625 0.25928792500000003 0.9804123718750001 0.2314241484375 0.9824742265624999 0.209752321875 0.978350515625 0.18498452031249998 0.9716494843750001 0.1733746125 0.95206185625 0.16099071250000002 0.937628865625 0.16099071250000002 0.9185567015625 0.1772445828125 0.9185567015625 0.21130030937500002
0 1 0.2747678015625 0.97938144375 0.2654798765625 0.9804123718750001 0.24845201249999999 0.98402061875 0.25077399375 0.9865979375 0.24535603749999998 0.98402061875 0.2383900921875 0.976288659375 0.24226006249999998 0.9670103093750001 0.2794117640625 0.9536082468749999 0.293343653125 0.955670103125 0.31191950468749996 0.9680412374999999 0.33978328125 0.9721649484375 0.3614551078125 0.9752577312499999 0.3614551078125 0.9963917531250001 0.36068111406250003 1 0.3552631578125 1 0.2747678015625
0 0.8829896906249999 0.117647059375 0.9005154640624999 0.10835913281250001 0.914948453125 0.10990712031250001 0.9164948453124999 0.0998452015625 0.8994845359375001 0.07585139375 0.8675257734375 0.0712074296875 0.846391753125 0.0890092875 0.8360824750000001 0.118421053125 0.8412371140625 0.12306501562500001 0.8829896906249999 0.117647059375