0 0.2390625 0.7265625 0.225 0.3
0 0.44375 0.61328125 0.2078125 0.2375
0 0.63515625 0.53125 0.228125 0.2484375
0 0.1296875 0.4328125 0.24375 0.2484375
0 0.3515625 0.36875 0.209375 0.2515625
0 0.51953125 0.28828125 0.2046875 0.20625
0 0.6796875 0.19609375 0.2015625 0.20625
0 0.15625 0.20625 0.196875 0.20625
0 0.33984375 0.14140625 0.1703125 0.2125
0 0.4921875 0.87109375 0.2515625 0.2578125
0 0.67734375 0.8015625 0.228125 0.3046875
0 0.8609375 0.67265625 0.2234375 0.284375
0 0.5015625 0.09765625 0.1859375 0.1859375