0 0.44181818125000005 0.42076502656250003 0.40181818125 0.415300546875 0.38 0.42622950781249996 0.36 0.45628415312500004 0.349090909375 0.4890710375 0.349090909375 0.5273224046875 0.3563636359375 0.538251365625 0.349090909375 0.5601092890625 0.349090909375 0.6092896171875 0.36 0.636612021875 0.36 0.68579235 0.3672727265625 0.7131147546875 0.40181818125 0.7486338796875 0.4436363640625 0.7568306015624999 0.45999999999999996 0.7540983609375 0.4945454546875 0.718579234375 0.5054545453125 0.647540984375 0.50181818125 0.6202185796874999 0.4836363640625 0.5819672125 0.4872727265625 0.5546448093749999 0.4727272734375 0.5109289625 0.4763636359375 0.49453551874999996 0.4727272734375 0.461748634375 0.44181818125000005 0.42076502656250003
0 0.33090909062499996 0.47814207656249996 0.3145454546875 0.44808743125 0.289090909375 0.4316939890625 0.2672727265625 0.4316939890625 0.24545454531250002 0.4426229515625 0.22181818125000002 0.47267759531250003 0.2072727265625 0.5218579234375 0.2036363640625 0.5765027328125 0.1854545453125 0.6202185796874999 0.1854545453125 0.6584699453125 0.2 0.7076502734375001 0.23090909062499998 0.7322404375 0.2545454546875 0.729508196875 0.29454545468750004 0.69125683125 0.3054545453125 0.6639344265625 0.3054545453125 0.6092896171875 0.29818181875 0.592896175 0.310909090625 0.6065573765625001 0.3236363640625 0.5874316937499999 0.3272727265625 0.5655737703125 0.3236363640625 0.5273224046875 0.33090909062499996 0.5163934421875 0.33090909062499996 0.47814207656249996
0 0.17090909062499998 0.4836065578125 0.16 0.450819671875 0.1327272734375 0.42622950781249996 0.089090909375 0.42622950781249996 0.08181818125 0.43715847031250005 0.0745454546875 0.43715847031250005 0.054545454687499995 0.4672131140625 0.0472727265625 0.4890710375 0.050909090625 0.5273224046875 0.04 0.5546448093749999 0.04 0.592896175 0.0254545453125 0.631147540625 0.0254545453125 0.6584699453125 0.032727273437499996 0.69125683125 0.0454545453125 0.7103825140625 0.0745454546875 0.72677595625 0.0836363640625 0.7240437156249999 0.1 0.721311475 0.1272727265625 0.68579235 0.1345454546875 0.6639344265625 0.13818181875 0.625683059375 0.1563636359375 0.5874316937499999 0.1563636359375 0.5491803281250001 0.1527272734375 0.543715846875 0.16363636406249998 0.5327868859375 0.17090909062499998 0.50546448125 0.17090909062499998 0.4836065578125
0 0.6145454546875 0.4836065578125 0.5836363640625 0.4316939890625 0.550909090625 0.415300546875 0.5472727265625 0.42076502656250003 0.5363636359374999 0.42076502656250003 0.5127272734375 0.461748634375 0.5127272734375 0.4890710375 0.52 0.5109289625 0.5345454546874999 0.5218579234375 0.5236363640625 0.5491803281250001 0.52 0.6038251359375 0.5345454546874999 0.6530054640625 0.5618181812499999 0.6885245906249999 0.57818181875 0.69125683125 0.5872727265625 0.6885245906249999 0.610909090625 0.647540984375 0.610909090625 0.59836065625 0.6036363640625 0.5819672125 0.610909090625 0.5710382515625 0.610909090625 0.5546448093749999 0.6 0.5273224046875 0.610909090625 0.5273224046875 0.6145454546875 0.5163934421875 0.6145454546875 0.4836065578125
0 0.7363636359375 0.45901639375 0.710909090625 0.43715847031250005 0.6745454546875 0.43715847031250005 0.6636363640625 0.4426229515625 0.6472727265625 0.4672131140625 0.64 0.49453551874999996 0.64 0.5546448093749999 0.6581818187499999 0.5874316937499999 0.650909090625 0.647540984375 0.6654545453125 0.69125683125 0.6927272734375001 0.72677595625 0.72 0.7240437156249999 0.7436363640625 0.7103825140625 0.7636363640625 0.6693989078125 0.7636363640625 0.6202185796874999 0.76 0.6147540984375001 0.7672727265625 0.59836065625 0.7636363640625 0.538251365625 0.7563636359375 0.5218579234375 0.7563636359375 0.5 0.749090909375 0.47814207656249996 0.7363636359375 0.45901639375
0 0.8036363640624999 0.4672131140625 0.7963636359375 0.50546448125 0.8 0.543715846875 0.8072727265624999 0.5546448093749999 0.8036363640624999 0.59836065625 0.8109090906249999 0.631147540625 0.8254545453125001 0.6584699453125 0.8254545453125001 0.69125683125 0.8363636359375001 0.7240437156249999 0.8563636359375 0.7540983609375 0.889090909375 0.7759562843750001 0.9272727265625 0.77322404375 0.96 0.734972678125 0.9781818187500001 0.6639344265625 0.9745454546874999 0.631147540625 0.9527272734375 0.5765027328125 0.9454545453125001 0.5109289625 0.9345454546875 0.4836065578125 0.9 0.4426229515625 0.8636363640625 0.42622950781249996 0.8345454546875001 0.4316939890625 0.8036363640624999 0.4672131140625
0 0.8272727265625001 0.23497267812499997 0.79818181875 0.25683060156250004 0.78181818125 0.2978142078125 0.78181818125 0.34153005468750003 0.7927272734375 0.3797814203125 0.8127272734375 0.40437158437500004 0.8381818187500001 0.42076502656250003 0.8836363640625 0.41803278749999995 0.889090909375 0.40983606562499997 0.8963636359375 0.40983606562499997 0.9181818187499999 0.3825136609375 0.930909090625 0.3469945359375 0.930909090625 0.3032786890625 0.9236363640624999 0.2923497265625 0.9163636359374999 0.265027321875 0.9036363640625 0.2459016390625 0.8709090906249999 0.229508196875 0.8272727265625001 0.23497267812499997
0 0.6145454546875 0.28688524531250004 0.6145454546875 0.2978142078125 0.610909090625 0.3032786890625 0.610909090625 0.3360655734375 0.6145454546875 0.34153005468750003 0.6145454546875 0.352459015625 0.62181818125 0.374316940625 0.64181818125 0.398907103125 0.649090909375 0.398907103125 0.6527272734375 0.40437158437500004 0.690909090625 0.40163934375 0.7 0.398907103125 0.7272727265625 0.352459015625 0.7272727265625 0.2978142078125 0.72 0.27595628437499997 0.6927272734375001 0.24043715781250002 0.6854545453124999 0.24043715781250002 0.6818181812499999 0.23497267812499997 0.649090909375 0.24043715781250002 0.630909090625 0.25683060156250004 0.6145454546875 0.28688524531250004
0 0.5636363640625001 0.2158469953125 0.5545454546874999 0.20218579218750002 0.5327272734374999 0.224043715625 0.52181818125 0.224043715625 0.5145454546875 0.229508196875 0.49818181875 0.2486338796875 0.48 0.2923497265625 0.48 0.3360655734375 0.4945454546875 0.352459015625 0.4945454546875 0.363387978125 0.5072727265625 0.3825136609375 0.5254545453125 0.3825136609375 0.529090909375 0.38797814218750004 0.5599999999999999 0.3852459015625 0.5690909093750001 0.3825136609375 0.5854545453125 0.35792349687499997 0.5854545453125 0.3469945359375 0.5927272734375 0.3306010921875 0.5927272734375 0.2978142078125 0.5890909093750001 0.2923497265625 0.5890909093750001 0.27595628437499997 0.5854545453125 0.265027321875 0.5636363640625001 0.2322404375 0.5636363640625001 0.2158469953125
0 0.3763636359375 0.21857923437500001 0.369090909375 0.229508196875 0.35818181875 0.23497267812499997 0.34181818124999996 0.2595628421875 0.33090909062499996 0.2978142078125 0.3345454546875 0.3032786890625 0.3345454546875 0.3360655734375 0.34181818124999996 0.368852459375 0.3545454546875 0.38797814218750004 0.3763636359375 0.398907103125 0.41454545468750004 0.40163934375 0.4454545453125 0.3934426234375 0.46181818124999996 0.363387978125 0.4654545453125 0.352459015625 0.4654545453125 0.28688524531250004 0.45818181874999997 0.2595628421875 0.4272727265625 0.224043715625 0.409090909375 0.2131147546875 0.390909090625 0.2131147546875 0.3872727265625 0.21857923437500001 0.3763636359375 0.21857923437500001
0 0.250909090625 0.20491803281249998 0.2272727265625 0.21857923437500001 0.1963636359375 0.270491803125 0.1927272734375 0.28688524531250004 0.1927272734375 0.34153005468750003 0.2 0.352459015625 0.2036363640625 0.374316940625 0.22000000000000003 0.398907103125 0.24181818124999999 0.40983606562499997 0.2654545453125 0.407103825 0.3036363640625 0.3934426234375 0.3163636359375 0.3797814203125 0.32 0.368852459375 0.32 0.2978142078125 0.30181818125 0.2486338796875 0.2654545453125 0.20491803281249998 0.26181818125 0.15573770468749998 0.2563636359375 0.15300546406249999 0.250909090625 0.1666666671875 0.250909090625 0.20491803281249998
0 0.05818181875 0.28688524531250004 0.050909090625 0.30874316875 0.050909090625 0.3469945359375 0.05818181875 0.363387978125 0.05818181875 0.374316940625 0.0745454546875 0.398907103125 0.0963636359375 0.415300546875 0.130909090625 0.41256830625 0.15818181874999998 0.38797814218750004 0.1745454546875 0.352459015625 0.1745454546875 0.2978142078125 0.17090909062499998 0.28688524531250004 0.1436363640625 0.2513661203125 0.1363636359375 0.2513661203125 0.1327272734375 0.2459016390625 0.09272727343750001 0.2459016390625 0.07818181874999999 0.25683060156250004 0.05818181875 0.28688524531250004