0 0.33799999999999997 0.55905511875 0.367 0.5601799781250001 0.379 0.5629921265625 0.418 0.5613048375 0.472 0.57255343125 0.493 0.5708661421875 0.503 0.566929134375 0.51 0.5596175484375 0.504 0.5298087734375 0.519 0.45669291406249996 0.517 0.44206974062500004 0.505 0.428571428125 0.485 0.4156355453125 0.45199999999999996 0.40044994375 0.387 0.38920135 0.348 0.38751406093749996 0.312 0.39088863906250004 0.288 0.3998875140625 0.273 0.4088863890625 0.23900000000000002 0.4156355453125 0.223 0.4246344203125 0.20800000000000002 0.4510686171875 0.21200000000000002 0.49381327343750003 0.22000000000000003 0.5061867265625 0.252 0.5354330703125 0.305 0.5528683921875001 0.33799999999999997 0.55905511875
0 0.617 0.5989876265625 0.6849999999999999 0.5967379078125 0.714 0.5888638921875 0.746 0.5742407203125001 0.8039999999999999 0.507874015625 0.8099999999999999 0.49381327343750003 0.8099999999999999 0.48200225 0.762 0.4623172109375 0.725 0.43757030312499995 0.702 0.4268841390625 0.65 0.4167604046875 0.626 0.41394825625 0.601 0.41394825625 0.572 0.417322834375 0.553 0.4223847015625 0.5389999999999999 0.4291338578125 0.5269999999999999 0.4415073109375 0.519 0.476377953125 0.518 0.516872890625 0.5309999999999999 0.557930259375 0.546 0.5742407203125001 0.5700000000000001 0.589426321875 0.584 0.5944881890625 0.617 0.5989876265625
0 0.43499999999999994 0.3987626546875 0.491 0.421822271875 0.505 0.4223847015625 0.548 0.3953880765625 0.563 0.36895388125 0.561 0.3526434203125 0.54 0.3160854890625 0.508 0.2879640046875 0.487 0.27784027031249997 0.465 0.272778403125 0.41600000000000004 0.26940382500000004 0.366 0.26265466875 0.339 0.2665916765625 0.316 0.2739032625 0.281 0.2913385828125 0.268 0.3008998875 0.258 0.31777277812500004 0.255 0.367829021875 0.261 0.37907761562500003 0.28900000000000003 0.3987626546875 0.32999999999999996 0.38920135 0.378 0.38920135 0.43499999999999994 0.3987626546875
0 0.124 0.19910011249999998 0.151 0.2109111359375 0.183 0.23172103437499997 0.20299999999999999 0.23509561250000002 0.233 0.245219346875 0.268 0.2508436453125 0.28700000000000003 0.2564679421875 0.335 0.2632170984375 0.348 0.2632170984375 0.375 0.25871766093750004 0.403 0.24578177656250003 0.40800000000000003 0.24015747968749998 0.433 0.2345331828125 0.44800000000000006 0.22778402656250002 0.466 0.2041619796875 0.46699999999999997 0.1850393703125 0.45499999999999996 0.15241844843750002 0.445 0.1361079859375 0.429 0.119797525 0.383 0.09505061875000001 0.353 0.08830146250000001 0.327 0.0629921265625 0.314 0.060179978125 0.303 0.06411698593750001 0.29500000000000004 0.07705286875 0.28300000000000003 0.0843644546875 0.22599999999999998 0.0843644546875 0.207 0.08773903281249999 0.16999999999999998 0.09955005624999999 0.147 0.11304836874999999 0.11200000000000002 0.1501687296875 0.10600000000000001 0.17660292500000002 0.11200000000000002 0.188976378125 0.124 0.19910011249999998
0 0.21200000000000002 0.57705286875 0.267 0.57255343125 0.303 0.55905511875 0.279 0.5444319453124999 0.251 0.53374578125 0.213 0.49606299218750005 0.209 0.48200225 0.211 0.45163104687500005 0.21400000000000002 0.44094488125 0.229 0.41844769375 0.217 0.415073115625 0.172 0.415073115625 0.13999999999999999 0.4167604046875 0.11399999999999999 0.4235095609375 0.056999999999999995 0.45331833593750004 0.045 0.46850393749999997 0.028999999999999998 0.5033745781250001 0.032 0.521372328125 0.078 0.5731158609375 0.1 0.5854893140625 0.125 0.591676040625 0.154 0.5905511812500001 0.21200000000000002 0.57705286875
0 0.24100000000000002 0.7362204718750001 0.28900000000000003 0.727221596875 0.301 0.7221597296875 0.321 0.7064116984375 0.341 0.697975253125 0.362 0.6850393703125001 0.386 0.6614173234375 0.395 0.645669290625 0.396 0.632170978125 0.375 0.5961754781249999 0.318 0.569178853125 0.264 0.569178853125 0.213 0.57705286875 0.153 0.5956130484375 0.137 0.598425196875 0.11100000000000002 0.6192350953125 0.097 0.6496062984375001 0.094 0.6692913390624999 0.096 0.694600675 0.11000000000000001 0.7109111359375 0.145 0.72384701875 0.225 0.7362204718750001 0.24100000000000002 0.7362204718750001
0 0.372 0.854330709375 0.394 0.8571428578125 0.41900000000000004 0.876827896875 0.44000000000000006 0.8852643421874999 0.454 0.8875140609375001 0.471 0.8841394828125001 0.49400000000000005 0.858830146875 0.5589999999999999 0.8127109109375 0.5730000000000001 0.7980877390625001 0.581 0.7812148484375 0.5780000000000001 0.759280090625 0.568 0.749718784375 0.496 0.7109111359375 0.47400000000000003 0.709223846875 0.45099999999999996 0.7120359953125 0.40499999999999997 0.712598425 0.379 0.7187851515625 0.33399999999999996 0.7418447687499999 0.314 0.7564679421875 0.29900000000000004 0.770528684375 0.29100000000000004 0.7913385828124999 0.294 0.80764904375 0.303 0.8228346453125001 0.325 0.8385826765625 0.372 0.854330709375
0 0.6769999999999999 0.7350956125 0.701 0.715973003125 0.713 0.69685039375 0.72 0.6726659171875 0.725 0.6715410578125 0.746 0.6782902140625 0.75 0.6726659171875 0.75 0.6608548937500001 0.745 0.645669290625 0.713 0.6259842515625 0.6849999999999999 0.601799775 0.674 0.5961754781249999 0.591 0.5933633296874999 0.564 0.5866141734375 0.545 0.5753655796875 0.5309999999999999 0.5742407203125001 0.496 0.5877390328125001 0.489 0.5944881890625 0.49000000000000005 0.6473565796874999 0.499 0.6827896515625 0.496 0.7097862765625 0.515 0.7249718781250001 0.545 0.7418447687499999 0.5740000000000001 0.7519685046875 0.61 0.7542182234375 0.646 0.7491563546875 0.6769999999999999 0.7350956125
0 0.154 0.97075365625 0.177 0.9685039375000001 0.213 0.9685039375000001 0.219 0.97075365625 0.23700000000000002 0.9690663671875 0.266 0.9589426328125 0.273 0.9521934765625 0.273 0.946569178125 0.28300000000000003 0.9409448812500001 0.301 0.9218222718750001 0.324 0.9173228343750001 0.341 0.8892013499999999 0.33999999999999997 0.8689538812500001 0.32 0.8442069734375 0.305 0.8357705281250001 0.281 0.8273340828125001 0.24500000000000002 0.82114735625 0.16899999999999998 0.8183352078125001 0.144 0.8239595046874999 0.128 0.831271090625 0.093 0.8593925765625 0.077 0.876827896875 0.072 0.8908886390624999 0.05600000000000001 0.9071991 0.053000000000000005 0.9280089984375 0.061 0.9386951625 0.06999999999999999 0.9443194593750001 0.133 0.9679415078125 0.154 0.97075365625
0 0.568 1 0.575 0.9876265468750001 0.571 0.9634420703125001 0.52 0.915073115625 0.492 0.9066366703125001 0.43899999999999995 0.9032620921875001 0.404 0.9083239593749999 0.379 0.9145106859375 0.364 0.9229471312499999 0.343 0.9482564671875 0.33599999999999997 0.96175478125 0.333 1 0.568 1
0 0.649 0.9634420703125001 0.6599999999999999 0.9595050625000001 0.6719999999999999 0.9460067484374999 0.688 0.9156355453125 0.713 0.8998875140625 0.728 0.8858267718749999 0.727 0.87345331875 0.6839999999999999 0.831271090625 0.663 0.82114735625 0.644 0.8183352078125001 0.621 0.824521934375 0.593 0.840269965625 0.5549999999999999 0.8565804281249999 0.54 0.8706411703124999 0.526 0.8965129359375 0.5269999999999999 0.9178852640624999 0.541 0.937570303125 0.5730000000000001 0.962879640625 0.595 0.9679415078125 0.62 0.9679415078125 0.649 0.9634420703125001
0 0.828 0.994375703125 0.85 1 0.9289999999999999 0.9988751406249999 0.9560000000000001 0.9791901015625 0.967 0.9600674921874999 0.9640000000000001 0.9206974125 0.9550000000000001 0.9094488187499999 0.9380000000000001 0.8976377953125001 0.925 0.8931383578125001 0.882 0.8897637796875 0.827 0.8897637796875 0.783 0.8925759281250001 0.76 0.8897637796875 0.724 0.8897637796875 0.697 0.90494938125 0.6839999999999999 0.9178852640624999 0.6799999999999999 0.926321709375 0.6809999999999999 0.9426321703125 0.689 0.9589426328125 0.6990000000000001 0.9696287968749999 0.745 0.991001125 0.752 0.9988751406249999 0.8160000000000001 1 0.819 0.9949381328125 0.828 0.994375703125
0 0.849 0.46175478124999997 0.908 0.44938132656249996 0.9339999999999999 0.43757030312499995 0.974 0.397075365625 0.974 0.3785151859375 0.9630000000000001 0.3650168734375 0.93 0.347019121875 0.924 0.3385826765625 0.921 0.322272215625 0.908 0.3093363328125 0.8630000000000001 0.3008998875 0.828 0.2969628796875 0.7929999999999999 0.2969628796875 0.733 0.3025871765625 0.717 0.30764904375 0.7030000000000001 0.3172103484375 0.675 0.3577052875 0.6599999999999999 0.39088863906250004 0.6599999999999999 0.40663667031250006 0.67 0.4190101234375 0.71 0.428571428125 0.759 0.45500562499999997 0.795 0.460629921875 0.849 0.46175478124999997
0 0.717 0.3093363328125 0.733 0.30483689531249997 0.783 0.29865016875 0.8230000000000001 0.29808773906249997 0.8480000000000001 0.2935883015625 0.874 0.27615298125 0.8800000000000001 0.2677165359375 0.8779999999999999 0.24803149531250002 0.866 0.22834645625 0.853 0.21653543281249998 0.8240000000000001 0.1985376828125 0.8130000000000001 0.194600675 0.79 0.18953880781250002 0.764 0.188976378125 0.713 0.19235095625 0.674 0.1996625421875 0.651 0.20978627656249998 0.636 0.222722159375 0.615 0.2530933640625 0.611 0.28965129375 0.626 0.3098987625 0.646 0.32114735625 0.659 0.32339707500000003 0.697 0.32339707500000003 0.717 0.3093363328125
0 0.48600000000000004 0.20359955 0.492 0.2030371203125 0.493 0.2086614171875 0.499 0.21316085468749998 0.487 0.2142857140625 0.47800000000000004 0.21878515156249997 0.47400000000000003 0.22440944843750002 0.476 0.23284589375000003 0.485 0.23678290156249998 0.506 0.23509561250000002 0.52 0.227221596875 0.5309999999999999 0.21541057343749997 0.5690000000000001 0.21653543281249998 0.597 0.21372328437500002 0.621 0.21653543281249998 0.631 0.2086614171875 0.645 0.1839145109375 0.647 0.14679415 0.629 0.13667041562499999 0.583 0.1226096734375 0.564 0.1113610796875 0.548 0.10573678281250001 0.526 0.091676040625 0.49800000000000005 0.09280089999999999 0.47300000000000003 0.0911136109375 0.458 0.0933633296875 0.442 0.0989876265625 0.42800000000000005 0.10854893125000001 0.42400000000000004 0.1152980875 0.44000000000000006 0.1271091109375 0.453 0.145669290625 0.466 0.182227221875 0.466 0.20134983125 0.47300000000000003 0.20809898750000003 0.479 0.20809898750000003 0.48600000000000004 0.20359955
0 0.8119999999999999 0.890326209375 0.9039999999999999 0.8841394828125001 0.913 0.8712036 0.9480000000000001 0.8526434203125 0.969 0.838020246875 0.9810000000000001 0.8222722156250001 0.966 0.7710911140625 0.951 0.7604049500000001 0.8869999999999999 0.7390326203125 0.8390000000000001 0.7395950499999999 0.779 0.7362204718750001 0.749 0.7446569171874999 0.731 0.7604049500000001 0.701 0.779527559375 0.6839999999999999 0.79865016875 0.679 0.8115860515625 0.6809999999999999 0.8262092234375 0.687 0.8357705281250001 0.726 0.8712036 0.738 0.87795275625 0.757 0.883577053125 0.8119999999999999 0.890326209375
0 0.13515625 0.38203125 0.265625 0.1203125
0 0.1390625 0.05546875 0.2484375 0.109375
0 0.4890625 0.05234375 0.1984375 0.0984375
0 0.6453125 0.0796875 0.2703125 0.1390625
0 0.790625 0.184375 0.265625 0.1546875
0 0.94765625 0.1640625 0.1046875 0.1796875
0 0.92265625 0.60859375 0.1546875 0.1796875
0 0.8046875 0.66875 0.240625 0.128125
0 0.4078125 0.66328125 0.190625 0.128125
0 0.25 0.77265625 0.2203125 0.121875
0 0.1171875 0.7015625 0.234375 0.159375
0 0.528125 0.2671875 0.190625 0.1234375
0 0.60390625 0.36875 0.1734375 0.109375
0 0.22734375 0.28125 0.225 0.1046875
0 0.08984375 0.16875 0.1796875 0.15