0 0.26633986875 0.20588235312499997 0.2434640515625 0.12418300625 0.20751634062500002 0.0408496734375 0.1911764703125 0.0245098046875 0.1813725484375 0.0245098046875 0.16176470625 0.0392156859375 0.15849673125 0.0490196078125 0.171568628125 0.168300653125 0.17320261406249998 0.2712418296875 0.1830065359375 0.312091503125 0.19607843125 0.330065359375 0.2140522875 0.3431372546875 0.23692810468749997 0.3447712421875 0.2565359484375 0.3333333328125 0.2712418296875 0.3006535953125 0.26633986875 0.20588235312499997
0 0.1127450984375 0.383986928125 0.1372549015625 0.3594771234375 0.1650326796875 0.3169934640625 0.1764705875 0.2826797390625 0.1764705875 0.20424836562499998 0.16176470625 0.081699346875 0.14379085 0.0408496734375 0.117647059375 0.027777778125000003 0.1045751640625 0.027777778125000003 0.12254902031249999 0.099673203125 0.12254902031249999 0.12581699375 0.1111111109375 0.1633986921875 0.09477124218750001 0.17810457500000001 0.080065359375 0.20915032656250002 0.080065359375 0.23529411718749998 0.044117646875 0.312091503125 0.0359477125 0.3447712421875 0.044117646875 0.3807189546875 0.071895425 0.3970588234375 0.1127450984375 0.383986928125
0 0.5032679734375 0.0228758171875 0.47385620937499995 0.009803921875 0.454248365625 0.032679739062500004 0.44934640468750003 0.062091503125 0.45751634062499996 0.1552287578125 0.4983660125 0.2450980390625 0.51960784375 0.26633986875 0.545751634375 0.2712418296875 0.5702614374999999 0.2549019609375 0.5686274515624999 0.20588235312499997 0.5359477125 0.1290849671875 0.5114379078125 0.034313725 0.5032679734375 0.0228758171875
0 0.5571895421875 0.6732026140625 0.5686274515624999 0.6552287578125 0.581699346875 0.6013071890624999 0.5849673203125 0.5245098046875001 0.5996732031249999 0.48039215625000004 0.6045751640625 0.3905228765625 0.616013071875 0.3349673203125 0.5996732031249999 0.310457515625 0.5947712421875 0.258169934375 0.5849673203125 0.25326797343749996 0.578431371875 0.2630718953125 0.5767973859375 0.30555555624999997 0.5555555562500001 0.348039215625 0.51960784375 0.48039215625000004 0.508169934375 0.508169934375 0.49346405156250006 0.5130718953125 0.48856209218749996 0.5310457515625 0.491830065625 0.6405228765625 0.5 0.66013071875 0.527777778125 0.6797385625000001 0.5571895421875 0.6732026140625
0 0.7254901953124999 0.44117647031249996 0.740196078125 0.38725490156250003 0.7565359484374999 0.27450980468749997 0.7565359484374999 0.258169934375 0.7483660125 0.2467320265625 0.7549019609375 0.2107843140625 0.759803921875 0.24019607812500002 0.7630718953125 0.23366013125 0.776143790625 0.23202614375000002 0.7745098046875001 0.20751634062500002 0.73366013125 0.20751634062500002 0.7254901953124999 0.22875817031249998 0.69607843125 0.25326797343749996 0.69607843125 0.2794117640625 0.6797385625000001 0.32516339843750003 0.5931372546875 0.49673202656250004 0.5833333328125 0.5473856203125 0.5996732031249999 0.580065359375 0.6307189546874999 0.578431371875 0.6568627453125 0.560457515625 0.705882353125 0.48856209218749996 0.7254901953124999 0.44117647031249996
0 0.15849673125 0.6503267968750001 0.171568628125 0.65849673125 0.20751634062500002 0.715686275 0.26960784375 0.7630718953125 0.3447712421875 0.7712418296875 0.364379084375 0.741830065625 0.3611111109375 0.704248365625 0.27450980468749997 0.6388888890625 0.2205882359375 0.5653594765625 0.1797385625 0.5212418296875 0.16176470625 0.48856209218749996 0.14379085 0.4869281046875 0.1127450984375 0.45751634062499996 0.117647059375 0.437908496875 0.1078431375 0.43300653593750005 0.09640522812499999 0.436274509375 0.06535947656249999 0.4150326796875 0.0375817 0.41176470624999995 0.0049019609375 0.382352940625 0 0.40359477187500004 0.0294117640625 0.44117647031249996 0.032679739062500004 0.4607843140625 0.0408496734375 0.4705882359375 0.062091503125 0.4771241828125 0.0686274515625 0.490196078125 0.06535947656249999 0.5016339875 0.08333333281250001 0.5114379078125 0.12254902031249999 0.5571895421875 0.14215686249999998 0.5947712421875 0.15849673125 0.6503267968750001
0 0.40032679687500006 0.5588235296875 0.321895425 0.49346405156250006 0.2826797390625 0.47385620937499995 0.2614379078125 0.44771241875 0.2434640515625 0.44607843125 0.2189542484375 0.4673202609375 0.2205882359375 0.4869281046875 0.2614379078125 0.5245098046875001 0.330065359375 0.6176470593750001 0.41339869218749997 0.69771241875 0.455882353125 0.7107843140625 0.4771241828125 0.705882353125 0.491830065625 0.687908496875 0.49346405156250006 0.6748366015625 0.4607843140625 0.6192810453125001 0.40032679687500006 0.5588235296875
0 0.903594771875 0.9411764703125 0.9281045750000001 0.9526143796875 0.9624183000000001 0.9493464046875 0.9787581703124999 0.9297385625000001 0.98366013125 0.91176470625 0.9754901953124999 0.8823529406249999 0.9493464046875 0.8333333328125001 0.8611111109375 0.73039215625 0.8431372546875 0.7009803921875 0.7745098046875001 0.6405228765625 0.7565359484374999 0.616013071875 0.7173202609375 0.5996732031249999 0.689542484375 0.6127450984375 0.66013071875 0.6111111109375 0.6503267968750001 0.6274509796875 0.6666666671875 0.64379085 0.678104575 0.6372549015625 0.6911764703125 0.65849673125 0.7107843140625 0.669934640625 0.7369281046875 0.7026143796875 0.846405228125 0.8774509796875 0.8872549015625 0.9248366015625 0.903594771875 0.9411764703125
0 0.4983660125 1 0.51633986875 0.9640522875 0.5408496734375 0.83823529375 0.560457515625 0.76960784375 0.5653594765625 0.76960784375 0.5653594765625 0.7516339875 0.5702614374999999 0.7532679734375 0.5751633984375 0.741830065625 0.5767973859375 0.722222221875 0.5702614374999999 0.69607843125 0.5473856203125 0.689542484375 0.5359477125 0.69607843125 0.526143790625 0.6813725484375001 0.526143790625 0.73039215625 0.491830065625 0.8202614374999999 0.43300653593750005 0.9444444437499999 0.4232026140625 1 0.4983660125 1
0 0.7271241828125 0.8169934640625 0.73202614375 0.8447712421875 0.776143790625 0.9248366015625 0.8006535953125 0.9477124187499999 0.8333333328125001 0.9411764703125 0.8513071890624999 0.9133986921874999 0.8496732031249999 0.8872549015625 0.76797385625 0.7614379078125 0.722222221875 0.705882353125 0.678104575 0.6732026140625 0.6748366015625 0.6666666671875 0.689542484375 0.6633986921874999 0.689542484375 0.6568627453125 0.671568628125 0.6552287578125 0.66176470625 0.635620915625 0.6421568625 0.6192810453125001 0.6045751640625 0.6192810453125001 0.6045751640625 0.6274509796875 0.5849673203125 0.6274509796875 0.5849673203125 0.6552287578125 0.6013071890624999 0.651960784375 0.6094771234375 0.6568627453125 0.614379084375 0.678104575 0.6503267968750001 0.7091503265625 0.687908496875 0.76960784375 0.7009803921875 0.7794117640625 0.7107843140625 0.8022875812500001 0.7271241828125 0.8169934640625
0 0.8888888890625 0.44117647031249996 0.8774509796875 0.366013071875 0.8513071890624999 0.3267973859375 0.8496732031249999 0.25 0.8251633984375 0.132352940625 0.810457515625 0.12254902031249999 0.795751634375 0.055555556250000006 0.7826797390625 0.0473856203125 0.7875816999999999 0.1372549015625 0.7973856203125 0.14379085 0.7859477125 0.1764705875 0.7859477125 0.1993464046875 0.8006535953125 0.419934640625 0.8251633984375 0.5049019609375 0.8447712421875 0.5310457515625 0.8692810453125001 0.5392156859375 0.903594771875 0.5130718953125 0.9052287578125 0.4705882359375 0.8888888890625 0.44117647031249996
0 0.3986928109375 0.24019607812500002 0.35620915000000003 0.23692810468749997 0.3513071890625 0.2450980390625 0.37418300625 0.3447712421875 0.3954248359375 0.4068627453125 0.4264705875 0.42973856250000003 0.4607843140625 0.42973856250000003 0.4771241828125 0.41176470624999995 0.48366013125 0.37745097968749997 0.48366013125 0.36274509843749997 0.4705882359375 0.3333333328125 0.428104575 0.2712418296875 0.3986928109375 0.24019607812500002
0 1 0.0392156859375 0.936274509375 0.021241829687499998 0.921568628125 0.0294117640625 0.9150326796874999 0.042483659374999996 0.8676470593750001 0.16993464062500002 0.8513071890624999 0.2630718953125 0.8496732031249999 0.3169934640625 0.85620915 0.3447712421875 0.8725490203125 0.3545751640625 0.90849673125 0.34640522812499996 0.9313725484375001 0.3186274515625 0.954248365625 0.1748366015625 0.98039215625 0.09640522812499999 1 0.06535947656249999 1 0.0392156859375
0 0.16013071875 0.6454248359375 0.14215686249999998 0.580065359375 0.114379084375 0.5392156859375 0.08823529375 0.51960784375 0.0751633984375 0.51797385625 0.078431371875 0.5751633984375 0.0571895421875 0.7009803921875 0.034313725 0.7810457515625 0.034313725 0.846405228125 0.0490196078125 0.8692810453125001 0.06535947656249999 0.8774509796875 0.09150326875 0.87418300625 0.12745097968750002 0.8431372546875 0.1552287578125 0.758169934375 0.16013071875 0.7009803921875 0.16013071875 0.6454248359375
0 0.436274509375 0.436274509375 0.40359477187500004 0.4052287578125 0.3807189546875 0.34640522812499996 0.366013071875 0.34150326875000003 0.34640522812499996 0.3529411765625 0.34150326875000003 0.37418300625 0.34150326875000003 0.41176470624999995 0.3611111109375 0.51797385625 0.4689542484375 0.6290849671875 0.48202614375 0.635620915625 0.490196078125 0.6192810453125001 0.48856209218749996 0.59150326875 0.46405228750000005 0.5228758171875 0.4526143796875 0.508169934375 0.436274509375 0.436274509375
0 0.41013071874999996 0.15849673125 0.3986928109375 0.1405228765625 0.366013071875 0.1094771234375 0.32516339843750003 0.08986928125 0.2810457515625 0.05392156875 0.223856209375 0.0408496734375 0.215686275 0.044117646875 0.2140522875 0.05392156875 0.23692810468749997 0.11601307187500001 0.2565359484375 0.1552287578125 0.2794117640625 0.1830065359375 0.3447712421875 0.23039215624999998 0.367647059375 0.23692810468749997 0.3986928109375 0.23366013125 0.4150326796875 0.2124183 0.41830065312500003 0.1911764703125 0.41013071874999996 0.15849673125
0 0.73366013125 1 0.7138120921875 0.9762418296875 0.7007418296875 0.9500898687499999 0.6827712421875 0.9092287578124999 0.6533643796875 0.8700016343750001 0.6337598046874999 0.8324084968750001 0.627225490625 0.7964509796875 0.6190571890625 0.7833741828125 0.5931372546875 0.76633986875 0.5751633984375 0.7826797390625 0.571895425 0.812091503125 0.6013071890624999 0.9477124187499999 0.6388888890625 1 0.73366013125 1
0 0.133986928125 0.8251633984375 0.1290849671875 0.8790849671875 0.13888888906250002 0.9232026140625 0.1633986921875 0.9754901953124999 0.187908496875 0.9967320265625 0.2712418296875 1 0.26633986875 0.9673202609375 0.19607843125 0.8496732031249999 0.168300653125 0.8169934640625 0.1470588234375 0.8088235296875 0.133986928125 0.8251633984375
0 0.7728758171875 0.26633986875 0.7565359484374999 0.2892156859375 0.740196078125 0.421568628125 0.715686275 0.490196078125 0.7189542484375 0.5571895421875 0.741830065625 0.5866013078125001 0.7565359484374999 0.5931372546875 0.7810457515625 0.59150326875 0.8006535953125 0.571895425 0.8169934640625 0.49673202656250004 0.784313725 0.2728758171875 0.7728758171875 0.26633986875
0 0.9983660125 0.44607843125 0.9428104578125 0.48202614375 0.937908496875 0.49509803906250005 0.9068627453125 0.5114379078125 0.8186274515624999 0.59150326875 0.794117646875 0.6421568625 0.810457515625 0.671568628125 0.84150326875 0.6764705875 0.87418300625 0.6650326796875 0.9869281046875 0.562091503125 1 0.542483659375 0.9983660125 0.44607843125
0 1 0.1290849671875 0.9852941171875 0.12745097968750002 0.9673202609375 0.150326796875 0.965686275 0.2026143796875 0.937908496875 0.3235294125 0.903594771875 0.366013071875 0.8954248359375001 0.3921568625 0.8986928109375001 0.455882353125 0.91176470625 0.47385620937499995 0.9346405234375 0.48202614375 0.9689542484375 0.4673202609375 1 0.41013071874999996 1 0.1290849671875
0 0.6405228765625 0.008169934375 0.6209150328125 0.013071895312500002 0.6111111109375 0.026143790625000003 0.6911764703125 0.135620915625 0.7352941171875 0.1568627453125 0.758169934375 0.1552287578125 0.776143790625 0.14215686249999998 0.784313725 0.12745097968750002 0.7826797390625 0.1127450984375 0.7614379078125 0.05392156875 0.723856209375 0.0245098046875 0.6405228765625 0.008169934375
0 0.7189542484375 0.23202614375000002 0.7173202609375 0.20588235312499997 0.7009803921875 0.168300653125 0.6666666671875 0.10620915 0.6307189546874999 0.0571895421875 0.578431371875 0.0065359484374999995 0.55392156875 0 0.526143790625 0.0065359484374999995 0.527777778125 0.0310457515625 0.5653594765625 0.0669934640625 0.59150326875 0.1094771234375 0.6274509796875 0.18954248437500001 0.6323529406249999 0.23202614375000002 0.6388888890625 0.241830065625 0.668300653125 0.2647058828125 0.6911764703125 0.26633986875 0.69607843125 0.25326797343749996 0.7189542484375 0.23202614375000002
0 0.527777778125 0.0065359484374999995 0.5 0.0245098046875 0.508169934375 0.0751633984375 0.5653594765625 0.2271241828125 0.5653594765625 0.25326797343749996 0.6094771234375 0.26633986875 0.62581699375 0.25326797343749996 0.633986928125 0.222222221875 0.6111111109375 0.150326796875 0.59150326875 0.12418300625 0.563725490625 0.063725490625 0.527777778125 0.0065359484374999995
0 0.383986928125 0.758169934375 0.4068627453125 0.7565359484374999 0.419934640625 0.7369281046875 0.41339869218749997 0.6944444437499999 0.33986928125000004 0.62581699375 0.26797385625 0.534313725 0.25326797343749996 0.5294117640625 0.2516339875 0.51960784375 0.20588235312499997 0.4689542484375 0.20588235312499997 0.454248365625 0.1928104578125 0.43464052343750004 0.1911764703125 0.3986928109375 0.171568628125 0.3970588234375 0.171568628125 0.43137254843750006 0.150326796875 0.4591503265625 0.150326796875 0.4673202609375 0.171568628125 0.5114379078125 0.1797385625 0.5130718953125 0.18464052343749998 0.5065359484374999 0.18464052343749998 0.5326797390625 0.2647058828125 0.6388888890625 0.35620915000000003 0.7140522875 0.36274509843749997 0.7450980390625 0.383986928125 0.758169934375
0 0.3333333328125 0.84150326875 0.321895425 0.83986928125 0.328431371875 0.8039215687500001 0.32516339843750003 0.792483659375 0.31535947656249996 0.792483659375 0.313725490625 0.830065359375 0.3006535953125 0.8578431375 0.3006535953125 0.9297385625000001 0.2908496734375 0.9493464046875 0.2859477125 0.9983660125 0.294117646875 0.9934640515625001 0.3006535953125 0.9983660125 0.33986928125000004 0.9950980390625 0.33986928125000004 0.918300653125 0.3513071890625 0.8660130718750001 0.3333333328125 0.84150326875
0 0.367647059375 0.936274509375 0.3513071890625 1 0.4150326796875 0.9967320265625 0.4232026140625 0.9885620921875 0.44934640468750003 0.8954248359375001 0.4705882359375 0.723856209375 0.46241830000000006 0.7140522875 0.4264705875 0.7124183000000001 0.40359477187500004 0.8594771234374999 0.367647059375 0.936274509375
0 0.1307189546875 1 0.12745097968750002 0.9787581703124999 0.10620915 0.9509803921875 0.08986928125 0.936274509375 0.06535947656249999 0.9281045750000001 0.055555556250000006 0.9068627453125 0.026143790625000003 0.8774509796875 0.021241829687499998 0.8970588234375001 0.0114379078125 0.903594771875 0.0114379078125 0.9248366015625 0.0375817 0.9754901953124999 0.081699346875 1 0.1307189546875 1
0 0.41830065312500003 0.1928104578125 0.40032679687500006 0.22875817031249998 0.40196078437500005 0.23856209218750002 0.4705882359375 0.3431372546875 0.49509803906250005 0.3594771234375 0.5310457515625 0.35620915000000003 0.542483659375 0.34150326875000003 0.545751634375 0.321895425 0.5310457515625 0.27777777812500004 0.4771241828125 0.2173202609375 0.439542484375 0.19607843125 0.41830065312500003 0.1928104578125
0 0 0.795751634375 0.026143790625000003 0.7859477125 0.045751634375 0.7565359484374999 0.08333333281250001 0.563725490625 0.08333333281250001 0.5310457515625 0.07679738593749999 0.51797385625 0.0702614375 0.51797385625 0.0506535953125 0.534313725 0.0065359484374999995 0.6192810453125001 0 0.6830065359375 0 0.795751634375
0 0.66176470625 0.73202614375 0.651960784375 0.715686275 0.6290849671875 0.7140522875 0.60620915 0.69607843125 0.58823529375 0.6928104578125 0.59150326875 0.707516340625 0.614379084375 0.73366013125 0.62418300625 0.784313725 0.635620915625 0.7973856203125 0.6503267968750001 0.8366013078125001 0.7434640515625001 0.9983660125 0.7908496734375 1 0.7892156859375 0.9444444437499999 0.7385620921875 0.8676470593750001 0.6928104578125 0.7565359484374999 0.66176470625 0.73202614375