0 0.4596949890625 0.33823529375 0.45751634062499996 0.27777777812500004 0.44662309375 0.2434640515625 0.43355119843749995 0.223856209375 0.3943355125 0.1928104578125 0.3355119828125 0.16176470625 0.2549019609375 0.133986928125 0.1764705875 0.12418300625 0.08714596875 0.1372549015625 0.037037037499999995 0.1666666671875 0.010893246875 0.20915032656250002 0.010893246875 0.2483660125 0.028322440625 0.294117646875 0.071895425 0.3447712421875 0.152505446875 0.40359477187500004 0.241830065625 0.4232026140625 0.348583878125 0.4232026140625 0.40958605625000005 0.3905228765625 0.4596949890625 0.33823529375
0 0.723311546875 0.382352940625 0.777777778125 0.3578431375 0.847494553125 0.2794117640625 0.85620915 0.23692810468749997 0.8518518515625001 0.17320261406249998 0.8257080609375 0.12418300625 0.7886710234375001 0.09640522812499999 0.6797385625000001 0.055555556250000006 0.642701525 0.078431371875 0.5947712421875 0.08986928125 0.55337690625 0.1127450984375 0.5032679734375 0.17810457500000001 0.492374728125 0.2271241828125 0.49673202656250004 0.2794117640625 0.5206971671875 0.33169934687499997 0.596949890625 0.3954248359375 0.644880175 0.40359477187500004 0.671023965625 0.3905228765625 0.723311546875 0.382352940625
0 1 0.5555555562500001 0.9498910671875 0.49509803906250005 0.8823529406249999 0.454248365625 0.8148148140625 0.436274509375 0.7385620921875 0.436274509375 0.6470588234375 0.454248365625 0.581699346875 0.4852941171875 0.5490196078125 0.5294117640625 0.51851851875 0.6078431375 0.5490196078125 0.62581699375 0.5642701531250001 0.653594771875 0.5925925921874999 0.678104575 0.6688453156249999 0.7124183000000001 0.7712418296875 0.7287581703125 0.83877995625 0.7254901953124999 0.8867102390625 0.715686275 0.9346405234375 0.6928104578125 1 0.635620915625 1 0.5555555562500001
0 0.44444444375 0.6732026140625 0.4684095859375 0.6094771234375 0.4684095859375 0.5310457515625 0.4596949890625 0.5245098046875001 0.44444444375 0.5212418296875 0.3877995640625 0.4754901953125 0.355119825 0.46241830000000006 0.31154684062500004 0.454248365625 0.2461873640625 0.454248365625 0.1546840953125 0.4689542484375 0.09150326875 0.5032679734375 0.0413943359375 0.560457515625 0.015250545312499999 0.6307189546874999 0.032679739062500004 0.6732026140625 0.08496732031250001 0.7271241828125 0.14161220000000002 0.7532679734375 0.20043572968749998 0.7647058828125 0.31154684062500004 0.75 0.39651416093749997 0.7124183000000001 0.44444444375 0.6732026140625
0 0.936819171875 0.7908496734375 0.9150326796874999 0.741830065625 0.8779956421874999 0.715686275 0.8169934640625 0.723856209375 0.742919390625 0.723856209375 0.642701525 0.705882353125 0.599128540625 0.8055555562500001 0.6056644875 0.8431372546875 0.6230936812500001 0.87581699375 0.671023965625 0.919934640625 0.7080610015625 0.939542484375 0.758169934375 0.9509803921875 0.8148148140625 0.9509803921875 0.83877995625 0.9444444437499999 0.9041394328125 0.8970588234375001 0.9324618734375001 0.8529411765624999 0.936819171875 0.7908496734375
0 0.5773420484375 1 0.5686274515624999 0.936274509375 0.5337690625 0.8709150328125 0.509803921875 0.8545751640624999 0.45751634062499996 0.8627450984375 0.42265795156249997 0.8366013078125001 0.37472766874999996 0.828431371875 0.31154684062500004 0.8447712421875 0.2614379078125 0.8774509796875 0.2265795203125 0.9493464046875 0.2200435734375 1 0.5773420484375 1
0 0.51171875 0.44375 0.3265625 0.234375
0 0.8234375 0.375 0.33125 0.2203125
0 0.35625 0.09921875 0.315625 0.1921875
0 0.18828125 0.43984375 0.28125 0.1609375
0 0.47578125 0.7046875 0.2984375 0.3140625
0 0.11875 0.91015625 0.2375 0.1796875