0 0.446 0.66975 0.47366666718749995 0.674 0.5046666671875 0.6765 0.5549999999999999 0.67425 0.5723333328125 0.6705 0.5956666671875 0.6685 0.619 0.659 0.6376666671875 0.64675 0.649 0.6335 0.6556666671875 0.62025 0.673 0.5945 0.6906666671874999 0.55925 0.6966666671875 0.5417500000000001 0.7013333328125 0.5095 0.7 0.48975 0.6950000000000001 0.47024999999999995 0.6923333328125 0.4535 0.6856666671875 0.43075 0.669 0.39375 0.6516666671875 0.365 0.6413333328124999 0.35525 0.636 0.34475 0.633 0.34125 0.6196666671875 0.333 0.5956666671875 0.3145 0.577 0.30325 0.5713333328125 0.29725 0.562 0.29075 0.5593333328125001 0.28575 0.554 0.28325 0.5356666671875 0.281 0.5256666671875 0.2785 0.5243333328124999 0.2765 0.5253333328124999 0.26825 0.5213333328124999 0.26725 0.508 0.268 0.499 0.27125 0.4773333328125 0.2745 0.4646666671875 0.27775 0.4563333328125 0.28175 0.4303333328125 0.286 0.4223333328125 0.28825 0.3923333328125 0.30125 0.3776666671875 0.31175 0.371 0.3215 0.341 0.35525 0.3266666671875 0.37625000000000003 0.3153333328125 0.396 0.29933333281249996 0.43775000000000003 0.2923333328125 0.46825 0.2883333328125 0.501 0.2883333328125 0.519 0.29 0.5295 0.29300000000000004 0.54375 0.29900000000000004 0.56125 0.31433333281250003 0.5902499999999999 0.3273333328125 0.60675 0.3403333328125 0.61975 0.362 0.6355000000000001 0.3806666671875 0.64675 0.4086666671875 0.6595 0.4313333328125 0.6665 0.446 0.66975
0 0.5683333328125 0.9962500000000001 0.5966666671875 0.9882500000000001 0.6103333328125 0.9807499999999999 0.6186666671875 0.975 0.6223333328125 0.9710000000000001 0.637 0.95 0.6426666671875 0.9369999999999999 0.644 0.92025 0.643 0.9112500000000001 0.6396666671875 0.9 0.6266666671875 0.8734999999999999 0.617 0.859 0.603 0.8452500000000001 0.5816666671874999 0.8324999999999999 0.5576666671875 0.82325 0.542 0.81925 0.518 0.8182499999999999 0.48666666718749996 0.82125 0.4653333328125 0.82675 0.454 0.8322499999999999 0.44733333281250004 0.83775 0.43433333281250003 0.845 0.4186666671875 0.86025 0.41200000000000003 0.8712500000000001 0.4056666671875 0.8855000000000001 0.40033333281249994 0.90625 0.4 0.9155 0.40199999999999997 0.9275 0.4113333328125 0.9494999999999999 0.4176666671875 0.958 0.42933333281249997 0.96775 0.45133333281250004 0.9810000000000001 0.4763333328125 0.99125 0.4916666671875 0.99475 0.523 0.99475 0.546 0.99725 0.5589999999999999 0.9974999999999999 0.5683333328125 0.9962500000000001
0 0.962 0.95225 0.974 0.9417500000000001 0.9836666671875 0.9285 0.9903333328124999 0.9115 0.9943333328125 0.8915 0.9949999999999999 0.8622500000000001 0.9893333328124999 0.83775 0.982 0.8220000000000001 0.9716666671875 0.8092499999999999 0.9633333328125 0.80275 0.9503333328125001 0.79575 0.9266666671875001 0.78825 0.9123333328125 0.78625 0.9 0.78625 0.874 0.788 0.8603333328125 0.7905 0.8333333328125001 0.8074999999999999 0.8210000000000001 0.818 0.8073333328125001 0.8335000000000001 0.8 0.84575 0.7946666671875 0.85875 0.7913333328125 0.891 0.791 0.9099999999999999 0.7946666671875 0.9247500000000001 0.8053333328125 0.94375 0.8119999999999999 0.95075 0.8186666671875 0.9555 0.8386666671875 0.9630000000000001 0.8613333328125 0.969 0.8746666671875 0.9710000000000001 0.9099999999999999 0.9717499999999999 0.9236666671875 0.97 0.9349999999999999 0.9664999999999999 0.962 0.95225
0 0.7653333328125 0.76225 0.7766666671875 0.74675 0.782 0.7344999999999999 0.7826666671875 0.7175 0.7796666671875 0.6965 0.773 0.67725 0.7686666671875 0.67025 0.7616666671875 0.6667500000000001 0.7506666671875 0.6639999999999999 0.7223333328125 0.6615 0.709 0.6587500000000001 0.692 0.653 0.669 0.64225 0.658 0.64225 0.6453333328124999 0.6455 0.6216666671875 0.6565000000000001 0.603 0.6685 0.592 0.68225 0.5856666671874999 0.6950000000000001 0.5820000000000001 0.70775 0.5820000000000001 0.75 0.5836666671875 0.75925 0.5913333328125 0.7707499999999999 0.608 0.7847500000000001 0.6226666671875 0.79025 0.645 0.795 0.6723333328125001 0.796 0.6910000000000001 0.7935 0.72 0.7877500000000001 0.7446666671875 0.779 0.7563333328125 0.77125 0.7653333328125 0.76225
0 0.923 0.7772669999999999 0.9363333328125 0.771767 0.9593333328125 0.759267 0.975 0.744517 0.9826666671875 0.733517 0.9936666671875001 0.707267 0.9973333328124999 0.690267 0.9973333328124999 0.6680170000000001 0.9913333328125 0.649267 0.986 0.640517 0.9730000000000001 0.628017 0.9616666671875 0.619767 0.9486666671874999 0.613767 0.9346666671875001 0.610017 0.8996666671875 0.605267 0.8823333328125 0.605267 0.8693333328125 0.607017 0.8539999999999999 0.612267 0.836 0.622767 0.8109999999999999 0.642017 0.7966666671875 0.6560170000000001 0.7916666671875 0.665017 0.786 0.680767 0.7836666671875 0.691767 0.7826666671875 0.7065170000000001 0.783 0.729267 0.7889999999999999 0.744517 0.7946666671875 0.755517 0.8029999999999999 0.766767 0.8073333328125001 0.771267 0.8156666671874999 0.776517 0.8230000000000001 0.779767 0.8296666671875 0.7812669999999999 0.8539999999999999 0.783267 0.8843333328125 0.7822669999999999 0.9113333328125 0.779517 0.923 0.7772669999999999
0 1 0.44366025000000003 0.9936666671875001 0.43891025 0.9826666671875 0.43491025 0.9646666671874999 0.43266024999999997 0.9263333328125001 0.43416024999999997 0.9053333328125 0.43791025 0.8893333328124999 0.44466025 0.8776666671875001 0.44816025000000004 0.8736666671875 0.45066025 0.8640000000000001 0.45941025 0.852 0.47291025 0.8426666671874999 0.48616025 0.8396666671874999 0.49391025 0.8383333328125 0.50591025 0.841 0.51616025 0.8613333328125 0.57416025 0.8686666671875001 0.5831602499999999 0.8843333328125 0.59341025 0.8916666671875 0.59966025 0.9126666671875 0.60691025 0.9366666671875 0.61216025 0.9496666671874999 0.61366025 0.9636666671875 0.61341025 0.9856666671875001 0.6104102499999999 0.9933333328125 0.60766025 1 0.60341025 1 0.44366025000000003
0 0.8344760000000001 0.4743205 0.8448093328124999 0.4698205 0.8558093328125 0.4620705 0.8654759999999999 0.45207050000000004 0.8748093328125 0.4270705 0.8741426671875001 0.4123205 0.8658093328125 0.38857050000000004 0.8538093328125 0.37107049999999997 0.8414759999999999 0.3588205 0.8258093328125 0.3488205 0.8111426671874999 0.3415705 0.794476 0.33632049999999997 0.780476 0.3340705 0.7558093328125 0.3333205 0.7298093328124999 0.3360705 0.7168093328125 0.33982049999999997 0.6998093328125 0.34682050000000003 0.679476 0.3595705 0.6708093328125 0.36707049999999997 0.6641426671875 0.3705705 0.6608093328125 0.37357049999999997 0.660476 0.3768205 0.6651426671875 0.3895705 0.6838093328125 0.43107049999999997 0.6898093328125 0.44907050000000004 0.6951426671875 0.47082050000000003 0.7011426671875001 0.4815705 0.7068093328125 0.48857049999999996 0.742476 0.4908205 0.7958093328125 0.4910705 0.800476 0.4903205 0.8151426671875001 0.48507049999999996 0.8344760000000001 0.4743205
0 0.8654046671875 0.29748074999999996 0.874738 0.28373075000000003 0.8784046671875 0.27348075 0.8784046671875 0.26198075 0.874738 0.24648075 0.8680713328125 0.22973075 0.8580713328125 0.21598075 0.8510713328125 0.20923075 0.8420713328125 0.20273075000000002 0.8250713328125 0.19273075 0.807738 0.18648075 0.7884046671875 0.18498075 0.7564046671875 0.18523075 0.7434046671875 0.18673075 0.7304046671875 0.19073075 0.712738 0.20123074999999999 0.7024046671875 0.20998075 0.695738 0.21823074999999997 0.6890713328125 0.23098074999999998 0.6800713328125 0.25373075 0.6764046671874999 0.26898075 0.6774046671875 0.28548075 0.6807380000000001 0.29723075 0.6834046671875 0.30148074999999996 0.6940713328125 0.31398075 0.717738 0.32873074999999996 0.7330713328125 0.33273074999999996 0.8030713328125 0.33373075 0.8114046671875 0.33273074999999996 0.8250713328125 0.32798075 0.8434046671875001 0.31823075 0.8520713328125 0.31173075 0.8654046671875 0.29748074999999996
0 0.2916666671875 0.921 0.3046666671875 0.9244999999999999 0.3193333328125 0.9262499999999999 0.3423333328125 0.931 0.3643333328125 0.93125 0.3913333328125 0.9279999999999999 0.396 0.92425 0.40033333281249994 0.8965 0.41166666718749995 0.868 0.4206666671875 0.853 0.4286666671875 0.84275 0.4423333328125 0.8327500000000001 0.4446666671875 0.8242499999999999 0.4306666671875 0.819 0.4246666671875 0.8150000000000001 0.4206666671875 0.80975 0.41166666718749995 0.8035 0.40533333281250006 0.79625 0.4 0.79225 0.3916666671875 0.78225 0.381 0.77575 0.3613333328125 0.77025 0.3436666671875 0.76825 0.33199999999999996 0.76825 0.30733333281249997 0.7715 0.29100000000000004 0.7777499999999999 0.279 0.7855000000000001 0.2673333328125 0.796 0.257 0.8095000000000001 0.24066666718750002 0.83725 0.23199999999999998 0.86175 0.2343333328125 0.873 0.2436666671875 0.8872500000000001 0.2776666671875 0.914 0.2916666671875 0.921
0 0.0773333328125 0.23349999999999999 0.0826666671875 0.23700000000000002 0.091 0.24025 0.09733333281249999 0.24575 0.10433333281249998 0.24874999999999997 0.125 0.25375000000000003 0.14566666718750002 0.256 0.1896666671875 0.2575 0.1973333328125 0.256 0.2196666671875 0.248 0.23033333281249999 0.24225 0.244 0.23075 0.2526666671875 0.21775000000000003 0.2576666671875 0.20400000000000001 0.25866666718750003 0.18925 0.25466666718750003 0.16499999999999998 0.2483333328125 0.14350000000000002 0.2336666671875 0.122 0.2233333328125 0.11325 0.22233333281249998 0.10974999999999999 0.219 0.1065 0.209 0.10225 0.20166666718749998 0.10049999999999999 0.198 0.09675 0.1953333328125 0.09575 0.1586666671875 0.088 0.148 0.08375 0.13233333281249998 0.07975 0.1163333328125 0.07875 0.0993333328125 0.08325 0.067 0.09775 0.0556666671875 0.10674999999999998 0.0416666671875 0.12525 0.036 0.1405 0.0346666671875 0.15625 0.037333332812499995 0.17175 0.045666667187499996 0.1955 0.061 0.21725 0.0726666671875 0.22774999999999998 0.0773333328125 0.23349999999999999
0 0.484 0.26949999999999996 0.496 0.27075 0.5063333328125 0.26925 0.5216666671875 0.265 0.5309999999999999 0.264 0.5413333328125 0.26425 0.5513333328125001 0.26549999999999996 0.5683333328125 0.27075 0.5723333328125 0.27325 0.5763333328125 0.27925 0.5756666671875 0.2965 0.5766666671875 0.3035 0.5886666671875 0.3115 0.595 0.3175 0.6086666671875001 0.32375 0.616 0.3235 0.622 0.3215 0.629 0.31475 0.6383333328125 0.31025 0.6463333328124999 0.30474999999999997 0.6626666671875 0.29025 0.67 0.28025 0.683 0.25075 0.6883333328125001 0.22825 0.6876666671875 0.21525 0.6846666671875 0.20325000000000001 0.6773333328125 0.18725 0.67 0.17725 0.6636666671875 0.17124999999999999 0.651 0.16399999999999998 0.6363333328125 0.1575 0.609 0.14875 0.5936666671874999 0.14775 0.5723333328125 0.15 0.5589999999999999 0.1525 0.5446666671875 0.15675 0.5286666671875 0.1635 0.5146666671875 0.173 0.4943333328125 0.1985 0.485 0.21549999999999997 0.48166666718749995 0.22974999999999998 0.47866666718750006 0.26575000000000004 0.48166666718749995 0.26875 0.484 0.26949999999999996
0 0.928125 0.359375 0.14375 0.1484375
0 0.14296875 0.81796875 0.2234375 0.1484375
0 0.1546875 0.2984375 0.2140625 0.1078125
0 0.3578125 0.16796875 0.1984375 0.1671875
0 0.76171875 0.5765625 0.2 0.175
0 0.4828125 0.74921875 0.1953125 0.1453125