0 0.415625 0.5421875 0.215625 0.13125
0 0.61953125 0.49375 0.23125 0.1171875
0 0.903125 0.5890625 0.19375 0.121875
0 0.66171875 0.646875 0.2421875 0.1625
0 0.46875 0.6828125 0.2171875 0.1296875
0 0.26171875 0.70546875 0.2484375 0.15
0 0.0828125 0.72578125 0.1578125 0.1796875
0 0.09765625 0.88671875 0.18125 0.128125
0 0.28828125 0.834375 0.215625 0.1078125
0 0.48515625 0.79609375 0.221875 0.1015625
0 0.68125 0.7390625 0.25625 0.121875
0 0.88828125 0.696875 0.215625 0.1375
0 0.52578125 0.8953125 0.2375 0.0953125
0 0.321875 0.95625 0.25625 0.0875
0 0.91171875 0.815625 0.1765625 0.1015625
0 0.375 0.384375 0.175 0.1328125
0 0.18046875 0.41796875 0.2125 0.1203125
0 0.57734375 0.3625 0.2140625 0.13125
0 0.78359375 0.29140625 0.1859375 0.1328125
0 0.9234375 0.1796875 0.153125 0.1328125
0 0.86171875 0.11171875 0.1890625 0.1375
0 0.7328125 0.20390625 0.24375 0.1375
0 0.55078125 0.26484375 0.2078125 0.1140625
0 0.32890625 0.30703125 0.209375 0.1234375
0 0.140625 0.3203125 0.1859375 0.10625
0 0.303125 0.2203125 0.165625 0.1046875
0 0.51171875 0.178125 0.184375 0.096875
0 0.21796875 0.59921875 0.209375 0.096875
0 0.8515625 0.4671875 0.2171875 0.1171875