0 0.98046875 0.34765625 0.0171875 0.0296875
0 0.67578125 0.3875 0.04375 0.0765625
0 0.625 0.390625 0.021875 0.04375
0 0.90703125 0.42734375 0.0171875 0.0296875
0 0.1765625 0.43046875 0.05 0.0703125
0 0.575 0.434375 0.0390625 0.0703125
0 0.44921875 0.4734375 0.0203125 0.0265625
0 0.49765625 0.47578125 0.03125 0.0640625
0 0.765625 0.48515625 0.01875 0.03125
0 0.5265625 0.49609375 0.0421875 0.0671875
0 0.7578125 0.5 0.0203125 0.025
0 0.43046875 0.5328125 0.0234375 0.03125
0 0.61875 0.53671875 0.0484375 0.0578125
0 0.5265625 0.5640625 0.0265625 0.04375
0 0.5796875 0.584375 0.0390625 0.0671875
0 0.30546875 0.58828125 0.0265625 0.0515625
0 0.78125 0.5953125 0.04375 0.0671875
0 0.0125 0.6375 0.025 0.065625
0 0.61015625 0.646875 0.0375 0.0671875
0 0.1578125 0.665625 0.028125 0.0546875
0 0.8296875 0.67421875 0.0421875 0.0640625
0 0.4484375 0.68828125 0.025 0.0390625
0 0.3875 0.7078125 0.05 0.075
0 0.42421875 0.71640625 0.025 0.034375
0 0.846875 0.721875 0.04375 0.05625
0 0.40546875 0.78125 0.0359375 0.0640625
0 0.984375 0.815625 0.0171875 0.034375
0 0.60546875 0.82109375 0.04375 0.05
0 0.3828125 0.84453125 0.0484375 0.08125
0 0.43203125 0.8515625 0.0515625 0.0625
0 0.96875 0.871875 0.0171875 0.0265625
0 0.98828125 0.87578125 0.0171875 0.0265625
0 0.98515625 0.96484375 0.0296875 0.0609375
0 0.38671875 0.0984375 0.025 0.075
0 0.72421875 0.1015625 0.0515625 0.0625
0 0.74140625 0.16484375 0.0390625 0.0671875
0 0.5828125 0.1875 0.034375 0.0578125
0 0.53828125 0.1921875 0.0359375 0.0734375
0 0.77265625 0.19296875 0.03125 0.06875
0 0.22109375 0.2046875 0.0375 0.0765625
0 0.646875 0.24921875 0.040625 0.071875
0 0.45703125 0.25 0.0421875 0.06875