0 0.5381944437499999 0.27638888906250003 0.5166666671875 0.19375 0.50625 0.18055555625 0.4048611109375 0.17361111093749998 0.33819444375 0.175 0.33194444375 0.1854166671875 0.3291666671875 0.23402777812500003 0.32777777812500003 0.3576388890625 0.334722221875 0.39097222187499997 0.3263888890625 0.415972221875 0.3263888890625 0.5673611109375 0.32083333281250004 0.6354166671875 0.325 0.79375 0.3361111109375 0.8604166671875 0.34375 0.8763888890624999 0.38125 0.8833333328125 0.5020833328125 0.8763888890624999 0.51944444375 0.8854166671874999 0.55069444375 0.8763888890624999 0.5625 0.8673611109375001 0.577777778125 0.80625 0.575 0.63680555625 0.5541666671875001 0.24930555625 0.54930555625 0.23472222187499997 0.54305555625 0.24375 0.547222221875 0.2479166671875 0.5375 0.259027778125 0.5381944437499999 0.27638888906250003
0 0.602777778125 0.165972221875 0.5944444437499999 0.21458333281250003 0.5861111109375 0.228472221875 0.5791666671875 0.28819444375000003 0.5791666671875 0.5923611109375 0.5916666671875 0.8729166671874999 0.6 0.8979166671875 0.6270833328125 0.9333333328125001 0.6465277781250001 0.934722221875 0.6729166671875 0.9472222218749999 0.7402777781250001 0.9520833328125 0.765972221875 0.9486111109375001 0.797222221875 0.9173611109375001 0.8083333328125001 0.88680555625 0.8138888890624999 0.8340277781250001 0.797222221875 0.5381944437499999 0.76805555625 0.26180555625 0.746527778125 0.16944444375 0.703472221875 0.1611111109375 0.61180555625 0.15694444375 0.602777778125 0.165972221875
0 1 0.5104166671875 0.99444444375 0.45208333281249996 0.9986111109375001 0.43263888906250003 0.9923611109375001 0.40416666718750005 0.9875 0.41041666718750003 0.9875 0.39930555624999997 0.9930555562500001 0.396527778125 0.9875 0.3951388890625 0.9902777781250001 0.38125 0.9791666671874999 0.27430555624999997 0.965277778125 0.2270833328125 0.952777778125 0.2201388890625 0.940277778125 0.19513888906250001 0.9298611109375001 0.190277778125 0.8645833328125001 0.19444444375 0.8361111109375001 0.20069444375 0.834722221875 0.2201388890625 0.8166666671874999 0.246527778125 0.8125 0.29652777812500003 0.8166666671874999 0.45069444374999995 0.8222222218749999 0.51180555625 0.8333333328125001 0.5479166671875 0.8375 0.6173611109375 0.852777778125 0.6881944437499999 0.85555555625 0.7743055562500001 0.8625 0.815972221875 0.8611111109375 0.8604166671875 0.8736111109375001 0.90069444375 0.89375 0.9333333328125001 0.9131944437499999 0.940277778125 0.9541666671875 0.9395833328125001 1 0.9354166671874999 1 0.5104166671875
0 0.23472222187499997 0.165972221875 0.23958333281250002 0.17916666718750002 0.23680555625 0.17361111093749998 0.165972221875 0.165277778125 0.15069444375000002 0.17361111093749998 0.14236111093749998 0.172222221875 0.1291666671875 0.18819444375 0.109722221875 0.353472221875 0.1041666671875 0.5229166671875001 0.09305555625 0.659027778125 0.09444444375 0.76180555625 0.10833333281249999 0.80625 0.13680555625 0.8291666671875 0.2208333328125 0.83819444375 0.25347222187499996 0.8361111109375001 0.27430555624999997 0.8208333328125 0.2875 0.8020833328125001 0.30416666718749996 0.7451388890625 0.3111111109375 0.66180555625 0.315277778125 0.459027778125 0.30694444375 0.34930555625 0.28194444375 0.21597222187499998 0.2479166671875 0.15277777812499999 0.23472222187499997 0.165972221875
0 0.00069444375 0.12222222187500001 0 0.8520833328125 0.029166667187500002 0.8520833328125 0.0451388890625 0.8486111109375001 0.0791666671875 0.8201388890624999 0.090277778125 0.7881944437499999 0.0875 0.6895833328125 0.097222221875 0.5298611109375 0.1 0.33819444375 0.075 0.140972221875 0.060416667187499995 0.13055555624999998 0.03125 0.134722221875 0.00069444375 0.12222222187500001
0 0.07430555625 0.13194444375 0.08055555625000001 0.16180555624999998 0.0875 0.165972221875 0.1111111109375 0.14930555625 0.10833333281249999 0.00069444375 0.0020833328125000002 0 0 0.09652777812499999 0.0125 0.10625 0.013888889062500001 0.11736111093749999 0.02569444375 0.125 0.04375 0.1291666671875 0.06319444375 0.1263888890625 0.07430555625 0.13194444375
0 0.22430555624999998 0.15555555625 0.23333333281250002 0.15069444375000002 0.23472222187499997 0.1354166671875 0.23958333281250002 0.134722221875 0.25555555625 0.15069444375000002 0.2888888890625 0.2201388890625 0.290277778125 0.23263888906250002 0.2958333328125 0.23263888906250002 0.3111111109375 0.20486111093749998 0.31944444375000003 0.1729166671875 0.33194444375 0.00069444375 0.17986111093749999 0 0.17361111093749998 0.0395833328125 0.1708333328125 0.146527778125 0.18125 0.1541666671875 0.18819444375 0.14861111093749999 0.209027778125 0.147222221875 0.22430555624999998 0.15555555625
0 0.44097222187499996 0 0.43333333281249997 0.036805556249999996 0.43333333281249997 0.16875 0.43958333281249995 0.17361111093749998 0.5166666671875 0.1770833328125 0.5541666671875001 0.0298611109375 0.5541666671875001 0.00069444375 0.44097222187499996 0
0 0.6826388890625 0.15972222187500001 0.7020833328125 0.15277777812499999 0.721527778125 0.1625 0.7493055562500001 0.165277778125 0.7541666671875 0.171527778125 0.7638888890625 0.13125 0.7638888890625 0.115972221875 0.7569444437499999 0.115972221875 0.7569444437499999 0.07986111093750001 0.765277778125 0.0020833328125000002 0.59930555625 0 0.602777778125 0.11041666718750001 0.6111111109375 0.15069444375000002 0.6326388890625 0.15694444375 0.6826388890625 0.15972222187500001
0 0.8388888890624999 0.121527778125 0.8444444437499999 0.13125 0.8388888890624999 0.134027778125 0.8388888890624999 0.165972221875 0.8548611109375001 0.184722221875 0.877777778125 0.1854166671875 0.9145833328125 0.175 0.9361111109375001 0.153472221875 0.9472222218749999 0.12430555624999999 0.9444444437499999 0.09930555625000001 0.95694444375 0.0548611109375 0.9763888890624999 0.020138889062500002 0.9784722218749999 0 0.840277778125 0.0020833328125000002 0.8430555562500001 0.084027778125 0.8388888890624999 0.121527778125
0 0.09375 0.7958333328125 0.07291666718749999 0.83055555625 0.04930555625 0.8513888890624999 0.03125 0.8541666671874999 0.026388889062499997 0.86180555625 0.0208333328125 0.9020833328125001 0.022222221875 0.9479166671874999 0.0125 0.9618055562500001 0.0125 0.9979166671874999 0.15277777812499999 0.9993055562500001 0.1583333328125 0.9951388890624999 0.1583333328125 0.9826388890625 0.14305555625 0.9618055562500001 0.15069444375000002 0.9486111109375001 0.16319444375 0.9513888890625 0.16805555625 0.946527778125 0.19305555624999998 0.84375 0.18402777812499999 0.8375 0.12569444375 0.827777778125 0.09375 0.7958333328125
0 0.352777778125 0.8895833328125 0.3583333328125 0.88819444375 0.340972221875 0.88055555625 0.334722221875 0.8701388890624999 0.3263888890625 0.8479166671874999 0.31944444375000003 0.78125 0.3104166671875 0.7736111109375 0.2986111109375 0.7854166671875 0.2875 0.8104166671874999 0.2701388890625 0.827777778125 0.21805555625 0.8479166671874999 0.1916666671875 0.9479166671874999 0.1888888890625 0.9854166671875 0.196527778125 0.9986111109375001 0.2736111109375 0.9993055562500001 0.29652777812500003 0.9986111109375001 0.3048611109375 0.9875 0.3138888890625 0.9854166671875 0.309722221875 0.9729166671874999 0.321527778125 0.95555555625 0.3291666671875 0.9548611109375 0.325 0.946527778125 0.3291666671875 0.934027778125 0.352777778125 0.8993055562500001 0.352777778125 0.8895833328125