0 0.303125 0.49375 0.1171875 0.1234375
0 0.39296875 0.20078125 0.1265625 0.1265625
0 0.50625 0.28984375 0.1234375 0.1421875
0 0.69453125 0.309375 0.11875 0.1375
0 0.6015625 0.39453125 0.1203125 0.1296875
0 0.8171875 0.39296875 0.1171875 0.10625
0 0.7875 0.19375 0.1203125 0.1296875
0 0.60546875 0.18125 0.1359375 0.1203125
0 0.19375 0.390625 0.134375 0.1140625
0 0.2875 0.31171875 0.1078125 0.1421875
0 0.1875 0.803125 0.13125 0.1171875
0 0.2828125 0.71875 0.1078125 0.140625
0 0.50078125 0.6921875 0.109375 0.1234375
0 0.3828125 0.60546875 0.1015625 0.1265625
0 0.20390625 0.58359375 0.134375 0.11875
0 0.70546875 0.49296875 0.1265625 0.1265625
0 0.78828125 0.6 0.1125 0.134375
0 0.6953125 0.71484375 0.1234375 0.1359375
0 0.1953125 0.17578125 0.1203125 0.1125
0 0.5953125 0.8 0.140625 0.1234375
0 0.8171875 0.79765625 0.140625 0.109375