0 0.1671875 0.290625 0.240625 0.403125
0 0.43671875 0.865625 0.3890625 0.26875
0 0.15546875 0.82578125 0.3109375 0.34375
0 0.28046875 0.69140625 0.1625 0.18125
0 0.12578125 0.54765625 0.165625 0.25
0 0.9015625 0.86796875 0.196875 0.2609375
0 0.45859375 0.6 0.2 0.33125
0 0.50546875 0.07578125 0.9859375 0.1515625
0 0.41328125 0.25078125 0.115625 0.1578125
0 0.50234375 0.26015625 0.0890625 0.115625
0 0.48984375 0.3859375 0.1015625 0.2015625
0 0.6546875 0.459375 0.140625 0.275
0 0.72109375 0.55078125 0.1390625 0.2328125
0 0.76953125 0.365625 0.0984375 0.171875
0 0.72109375 0.31015625 0.0796875 0.1453125
0 0.80234375 0.225 0.096875 0.1296875
0 0.63671875 0.18125 0.15 0.0890625