0 0.38671875 0.56953125 0.2375 0.196875
0 0.59765625 0.4578125 0.26875 0.196875
0 0.36875 0.3609375 0.2328125 0.1421875
0 0.50546875 0.21640625 0.2265625 0.178125
0 0.7578125 0.23203125 0.2265625 0.1859375
0 0.89453125 0.409375 0.190625 0.1703125
0 0.6546875 0.746875 0.2578125 0.2125
0 0.24765625 0.196875 0.2578125 0.19375
0 0.14453125 0.36328125 0.2265625 0.1546875
0 0.11328125 0.7140625 0.196875 0.184375
0 0.89375 0.775 0.2125 0.225
0 0.54609375 0.91875 0.309375 0.1625
0 0.26015625 0.89375 0.221875 0.2125