0 0.33125 0.58203125 0.39375 0.225
0 0.34921875 0.42109375 0.3421875 0.1640625
0 0.29609375 0.33046875 0.2796875 0.1703125
0 0.334375 0.2375 0.26875 0.1921875
0 0.3203125 0.78984375 0.4296875 0.2578125
0 0.55078125 0.7484375 0.24375 0.1421875
0 0.534375 0.5515625 0.26875 0.196875
0 0.54375 0.43203125 0.25 0.175
0 0.54375 0.31171875 0.3171875 0.1421875
0 0.57265625 0.23203125 0.2953125 0.1375
0 0.81796875 0.71328125 0.328125 0.1140625
0 0.7875 0.803125 0.3453125 0.13125
0 0.7875 0.61171875 0.33125 0.196875
0 0.7875 0.41796875 0.2734375 0.1921875