0 0.29296875 0.49453125 0.1984375 0.2
0 0.5359375 0.3828125 0.2109375 0.26875
0 0.42265625 0.52734375 0.190625 0.2421875
0 0.46484375 0.58671875 0.2109375 0.278125
0 0.6796875 0.4875 0.2125 0.2296875
0 0.82734375 0.4703125 0.2328125 0.25
0 0.68046875 0.6203125 0.2421875 0.296875
0 0.86796875 0.62734375 0.2421875 0.2859375
0 0.94453125 0.62421875 0.1109375 0.19375
0 0.86953125 0.87578125 0.2453125 0.2484375
0 0.6796875 0.87421875 0.196875 0.25
0 0.5234375 0.8796875 0.2234375 0.2390625
0 0.56171875 0.81640625 0.140625 0.2703125
0 0.459375 0.85625 0.2453125 0.2875
0 0.3140625 0.890625 0.225 0.21875
0 0.30078125 0.690625 0.221875 0.278125
0 0.14375 0.67734375 0.11875 0.1734375
0 0.12578125 0.61640625 0.10625 0.165625
0 0.1921875 0.834375 0.1421875 0.2390625
0 0.06484375 0.76171875 0.1265625 0.153125
0 0.0953125 0.89375 0.190625 0.2125