0 0.37109375 0.89609375 0.4875 0.2078125
0 0.79765625 0.6265625 0.4046875 0.2390625
0 0.83984375 0.8609375 0.3203125 0.278125
0 0.45546875 0.74140625 0.546875 0.2109375
0 0.1609375 0.784375 0.3125 0.296875
0 0.28046875 0.58515625 0.2921875 0.2328125
0 0.5203125 0.509375 0.371875 0.2171875
0 0.15234375 0.4015625 0.2859375 0.1984375
0 0.52109375 0.3109375 0.3828125 0.20625
0 0.8171875 0.275 0.3578125 0.2078125
0 0.8921875 0.48046875 0.215625 0.2046875
0 0.13828125 0.2515625 0.2765625 0.209375
0 0.67109375 0.14140625 0.3421875 0.178125
0 0.35703125 0.078125 0.1921875 0.1015625
0 0.88984375 0.0703125 0.2203125 0.103125