0 0.136783734375 0.30694444375 0.1330868765625 0.38194444375000003 0.1423290203125 0.4375 0.164510165625 0.49583333281249997 0.23197781874999998 0.58055555625 0.2763401109375 0.6 0.33456561875 0.6041666671875 0.38262476875 0.559722221875 0.3974122 0.5041666671875 0.3955637703125 0.4486111109375 0.35674676562499996 0.34305555625 0.329944546875 0.30555555624999997 0.2670979671875 0.24722222187499998 0.23197781874999998 0.23333333281250002 0.1950092421875 0.23333333281250002 0.1617375234375 0.252777778125 0.136783734375 0.30694444375
0 0 0.55694444375 0.0582255078125 0.6666666671875 0.0896487984375 0.6916666671875 0.11645101718749999 0.690277778125 0.14325323437499998 0.672222221875 0.1802218109375 0.61944444375 0.21534195937499997 0.6 0.21996303125 0.5708333328124999 0.160813309375 0.49583333281249997 0.1386321625 0.4291666671875 0.1284658046875 0.325 0.0489833640625 0.272222221875 0.00277264375 0.275 0 0.55694444375
0 0.2190388171875 0.602777778125 0.16543438125 0.6361111109375 0.1330868765625 0.70694444375 0.13493530468749998 0.7708333328125 0.1617375234375 0.8111111109375001 0.3317929765625 0.8138888890624999 0.3576709796875 0.827777778125 0.38170055468749997 0.8666666671875 0.390018484375 0.8652777781250001 0.4131238453125 0.8444444437499999 0.4288354890625 0.8125 0.432532346875 0.7736111109375 0.42698706093750005 0.7458333328125 0.438077634375 0.7402777781250001 0.438077634375 0.7236111109375 0.42698706093750005 0.6708333328125 0.3890942703125 0.63055555625 0.3262476890625 0.6083333328125 0.2190388171875 0.602777778125
0 0.0120147875 1 0.39371534218750004 0.9986111109375001 0.399260628125 0.9458333328125 0.375231053125 0.859722221875 0.3595194078125 0.8333333328125001 0.32255083125 0.8138888890624999 0.191312384375 0.8111111109375001 0.09334565624999999 0.827777778125 0.024953789062500002 0.8833333328125 0.0036968578125 0.93194444375 0.0036968578125 0.9791666671874999 0.0120147875 1
0 0.35674676562499996 0.3375 0.3955637703125 0.440277778125 0.399260628125 0.48472222187499997 0.3881700546875 0.5458333328125 0.365988909375 0.590277778125 0.3890942703125 0.6083333328125 0.41035120156250005 0.609722221875 0.4334565625 0.597222221875 0.47689463906249996 0.5291666671875 0.5064695015625 0.45694444375 0.5175600734375 0.40416666718750005 0.5175600734375 0.3236111109375 0.4963031421875 0.28611111093749997 0.4537892796875 0.252777778125 0.4149722734375 0.252777778125 0.387245840625 0.26944444375 0.35674676562499996 0.3375
0 0.3012939 0.14305555625 0.29020332656250003 0.1986111109375 0.29020332656250003 0.23194444375 0.3031423296875 0.2736111109375 0.35674676562499996 0.3291666671875 0.37338262499999997 0.2875 0.39463955624999997 0.2611111109375 0.44639556406249997 0.25 0.46210720937499994 0.19583333281249998 0.46025877968750006 0.15972222187500001 0.44547135000000004 0.115277778125 0.387245840625 0.072222221875 0.344731978125 0.077777778125 0.3188539734375 0.1 0.3012939 0.14305555625
0 0.2763401109375 0.002777778125 0.17837338281249998 0.0361111109375 0.15434380781249998 0.055555556250000006 0.12384473124999999 0.09305555625 0.1182994453125 0.1125 0.12014787499999999 0.20416666718749998 0.1404805921875 0.25694444375000003 0.15157116406249999 0.26527777812500003 0.1950092421875 0.23055555625 0.2282809609375 0.23055555625 0.2837338265625 0.25 0.29205175625 0.17916666718750002 0.31053604375 0.1125 0.3410351203125 0.077777778125 0.402033271875 0.077777778125 0.3918669125 0.03194444375 0.35212569375 0.002777778125 0.2763401109375 0.002777778125
0 0 0.2236111109375 0.0110905734375 0.22638888906250001 0.052680221875 0.19444444375 0.08502772656249999 0.190277778125 0.0776340109375 0.140277778125 0.0471349359375 0.08055555625000001 0 0.08194444375 0 0.2236111109375
0 0.11737523125 0.10555555624999999 0.131238446875 0.0791666671875 0.1330868765625 0.0486111109375 0.15157116406249999 0.0013888890625 0.0341959328125 0 0.0351201484375 0.04305555625 0.046210720312499995 0.07638888906249999 0.0730129390625 0.1111111109375 0.10351201406249999 0.1125 0.11737523125 0.10555555624999999
0 0.5804066546875 0.3236111109375 0.5730129390625 0.36805555624999997 0.576709796875 0.4375 0.6025878 0.5263888890625 0.62939001875 0.577777778125 0.6589648796875001 0.6 0.715341959375 0.60694444375 0.775415896875 0.577777778125 0.8133086875 0.5125 0.8207024031250001 0.44305555625000004 0.8170055453125 0.384722221875 0.7929759703125 0.3291666671875 0.7587800375 0.2888888890625 0.6866913125 0.252777778125 0.62384473125 0.25833333281250004 0.6035120140625 0.27777777812500004 0.5804066546875 0.3236111109375
0 0.41404805937500005 0.0875 0.44547135000000004 0.1125 0.46210720937499994 0.16805555625 0.4528650640625 0.2486111109375 0.4963031421875 0.2833333328125 0.5203327171875001 0.31944444375000003 0.576709796875 0.3291666671875 0.5988909421875 0.2791666671875 0.6330868765625 0.252777778125 0.6377079484375 0.2375 0.6321626625000001 0.1763888890625 0.6136783734375 0.1291666671875 0.5536044359375001 0.05 0.5055452859375 0.025 0.4537892796875 0.0361111109375 0.426062846875 0.061111110937500004 0.41404805937500005 0.0875
0 0.43068391874999995 0.6236111109375 0.42513863281250003 0.6625 0.44177449218750003 0.7263888890625 0.45471349375000003 0.715277778125 0.44547135000000004 0.7569444437499999 0.459334565625 0.7805555562500001 0.47504621093750005 0.784722221875 0.53327171875 0.7 0.5757855828125 0.6833333328125 0.6090573015625 0.6888888890625 0.6377079484375 0.6180555562500001 0.6395563765625 0.5958333328125 0.6081330875 0.5458333328125 0.572088725 0.41944444374999995 0.5573012937499999 0.41944444374999995 0.516635859375 0.447222221875 0.43068391874999995 0.6236111109375
0 0.47134935312500004 0.8791666671874999 0.5009242140625 0.9513888890625 0.5406654343749999 0.9861111109375 0.5748613671875 0.9930555562500001 0.6284658046875 0.965277778125 0.6210720890625 0.909722221875 0.6321626625000001 0.8375 0.6635859515625 0.7791666671875 0.6441774484375 0.727777778125 0.5979667281250001 0.6861111109375 0.525878003125 0.7083333328125 0.4824399265625 0.7791666671875 0.47319778125 0.8236111109375001 0.47134935312500004 0.8791666671874999
0 0.646025878125 0.997222221875 0.7070240296875 1 0.74399260625 0.9666666671874999 0.777264325 0.9583333328125001 0.81608133125 0.9666666671874999 0.85859519375 1 0.879852125 0.9986111109375001 0.8983364140625 0.9486111109375001 0.8927911281249999 0.8708333328125001 0.873382625 0.825 0.8290203328124999 0.777777778125 0.76802218125 0.75555555625 0.7125693156249999 0.75555555625 0.6682070234374999 0.777777778125 0.6340110906249999 0.840277778125 0.6229205171875 0.93194444375 0.646025878125 0.997222221875
0 0.6349353046874999 0.7138888890625 0.6691312390624999 0.7736111109375 0.7236598890625 0.75 0.8049907578125 0.7611111109375 0.8096118296875 0.7125 0.8003696859374999 0.6791666671875001 0.775415896875 0.6388888890625 0.7365988906250001 0.6083333328125 0.6497227359375 0.6 0.6229205171875 0.6569444437499999 0.6155268015625001 0.6958333328124999 0.6349353046874999 0.7138888890625
0 0.74399260625 0.5944444437499999 0.7412199625 0.60694444375 0.7948244 0.665277778125 0.81608133125 0.7361111109375 0.851201478125 0.7583333328124999 0.8687615531249999 0.7569444437499999 0.8900184843750001 0.7138888890625 0.9121996296875 0.6888888890625 0.94547135 0.675 0.9463955640625 0.6625 0.8927911281249999 0.49583333281249997 0.84935305 0.45 0.8234750468750001 0.447222221875 0.8096118296875 0.5236111109375 0.7828096125 0.5722222218749999 0.74399260625 0.5944444437499999
0 0.8188539734375 0.3875 0.8225508312500001 0.4263888890625 0.8715341953125 0.4611111109375 0.9075785578125 0.515277778125 0.9537892796874999 0.4236111109375 0.9648798515625 0.33194444375 0.9528650640624999 0.302777778125 0.9121996296875 0.2611111109375 0.8881700546875001 0.2416666671875 0.85859519375 0.2416666671875 0.8142329015625 0.27777777812500004 0.796672828125 0.30416666718749996 0.7929759703125 0.3263888890625 0.8188539734375 0.3875
0 0.81608133125 0.2166666671875 0.7809611828125 0.21111111093749999 0.742144178125 0.225 0.7134935312499999 0.25694444375000003 0.7911275421874999 0.31805555625 0.8123844734375 0.27777777812500004 0.85212569375 0.24305555625 0.81608133125 0.2166666671875
0 0.7208872453125 0.20138888906250002 0.7134935312499999 0.1541666671875 0.7024029578125 0.13194444375 0.6682070234374999 0.102777778125 0.621996303125 0.11944444375 0.6155268015625001 0.13194444375 0.6340110906249999 0.18194444375000002 0.63585951875 0.2513888890625 0.70794824375 0.259722221875 0.7208872453125 0.20138888906250002
0 0.4704251390625 0 0.46395563749999996 0.015277778124999999 0.4648798515625 0.030555556249999997 0.4963031421875 0.022222221875 0.5443622921875 0.0416666671875 0.6090573015625 0.11944444375 0.619223659375 0.1208333328125 0.674676525 0.0986111109375 0.674676525 0.04305555625 0.6515711640624999 0 0.4704251390625 0
0 0.757855821875 0.0013888890625 0.6589648796875001 0 0.6783733828125 0.05694444375 0.674676525 0.10138888906250001 0.7097966734375001 0.1263888890625 0.7292051749999999 0.125 0.7430683921875 0.0986111109375 0.757855821875 0.0013888890625
0 0.8077634015624999 0.19583333281249998 0.8678373374999999 0.175 0.9094269875000001 0.1208333328125 0.9075785578125 0.0513888890625 0.8900184843750001 0.00555555625 0.8271719031250001 0.00555555625 0.7467652499999999 0.0875 0.7430683921875 0.10694444375 0.7735674671874999 0.13055555624999998 0.79852125625 0.19305555624999998 0.8077634015624999 0.19583333281249998
0 0.974121996875 0.30694444375 1 0.28472222187499996 0.9990757859375 0.0333333328125 0.9399260625 0.08055555625000001 0.8817005546875001 0.16805555625 0.9131238453125 0.20416666718749998 0.9131238453125 0.22916666718749998 0.926062846875 0.2486111109375 0.9242144171875 0.2708333328125 0.9602587796875 0.3083333328125 0.974121996875 0.30694444375
0 1 0.6958333328124999 0.971349353125 0.6777777781250001 0.9417744921875 0.6777777781250001 0.9085027718750001 0.6944444437499999 0.8835489828125 0.7263888890625 0.87060998125 0.7708333328125 0.8724584109375 0.8208333328125 0.8927911281249999 0.8625 0.9075785578125 0.940277778125 0.9353049906249999 0.9958333328125001 0.9611829937499999 0.8291666671875 0.9833641406250001 0.7708333328125 1 0.7486111109375 1 0.6958333328124999