0 0.51875 0.49921875 0.2375 0.33125
0 0.859375 0.36171875 0.2046875 0.2703125
0 0.61328125 0.2625 0.1796875 0.2328125
0 0.69609375 0.40703125 0.1296875 0.1859375
0 0.5328125 0.7890625 0.1953125 0.2640625
0 0.2484375 0.78515625 0.228125 0.259375
0 0.3234375 0.95 0.1875 0.1
0 0.2265625 0.5453125 0.175 0.2375
0 0.33125 0.3484375 0.1453125 0.1984375
0 0.471875 0.2703125 0.1296875 0.18125
0 0.50546875 0.09296875 0.1296875 0.1453125
0 0.2140625 0.12109375 0.15 0.2296875
0 0.05625 0.37734375 0.1125 0.2046875
0 0.803125 0.137777778125 0.809375 0.1111111109375 0.7859375 0.02444444375 0.7640625 0.0111111109375 0.7 0.0066666671875 0.671875 0.02444444375 0.665625 0.042222221875 0.6609375 0.137777778125 0.66875 0.16 0.690625 0.177777778125 0.7078125 0.20888888906249997 0.7203125 0.20888888906249997 0.7390625 0.1866666671875 0.7609375 0.17555555625000002 0.8046875 0.1666666671875 0.803125 0.137777778125
0 0.85625 0.66444444375 0.8578125 0.61555555625 0.8390625 0.54444444375 0.821875 0.5177777781249999 0.8015625 0.50444444375 0.7171875 0.4911111109375 0.678125 0.5 0.6546875 0.5533333328125 0.6546875 0.6888888890625 0.665625 0.72 0.6953125 0.75555555625 0.7375 0.76444444375 0.7953125 0.76444444375 0.84375 0.74 0.85 0.7288888890624999 0.846875 0.7066666671874999 0.85625 0.66444444375
0 0.828125 1 0.846875 0.937777778125 0.8453125 0.8866666671875001 0.8328125 0.8488888890625 0.7859375 0.7911111109375 0.759375 0.777777778125 0.709375 0.7733333328125 0.66875 0.7977777781250001 0.64375 0.8466666671875 0.6421875 0.882222221875 0.65625 0.9866666671875001 0.665625 1 0.828125 1
0 0.8859375 0.4911111109375 0.871875 0.5177777781249999 0.865625 0.58 0.86875 0.6088888890625 0.8953125 0.6488888890625 0.9484375 0.682222221875 0.996875 0.6711111109375001 1 0.48666666718749996 0.953125 0.48444444375 0.934375 0.45999999999999996 0.8859375 0.4911111109375