0 0.8 0.9008333328125 0.754375 0.8916666671875 0.691875 0.8616666671875001 0.500625 0.85 0.41937499999999994 0.86 0.396875 0.8699999999999999 0.388125 0.8816666671875 0.338125 0.8716666671875 0.32437499999999997 0.8533333328125 0.313125 0.85 0.29375 0.8908333328125 0.29 0.9225 0.303125 0.9516666671875 0.33125 0.9558333328125 0.344375 0.9316666671875 0.380625 0.925 0.388125 0.915 0.396875 0.9349999999999999 0.40812499999999996 0.9400000000000001 0.5856250000000001 0.9550000000000001 0.693125 0.9466666671875 0.7318749999999999 0.9266666671875001 0.753125 0.9083333328125001 0.8 0.9008333328125
0 0.3325 0.7691666671874999 0.33375 0.8125 0.339375 0.8233333328124999 0.381875 0.825 0.39187500000000003 0.8333333328125001 0.40062499999999995 0.8316666671874999 0.43062500000000004 0.8550000000000001 0.548125 0.85 0.7025 0.8591666671875 0.7693749999999999 0.8150000000000001 0.80375 0.8058333328125 0.685625 0.7883333328125001 0.440625 0.7733333328125 0.418125 0.7733333328125 0.40812499999999996 0.78 0.40437500000000004 0.7733333328125 0.384375 0.7783333328125 0.343125 0.765 0.3325 0.7691666671874999
0 0.399375 0.6916666671875 0.380625 0.7 0.368125 0.6983333328125 0.36375 0.7158333328125 0.36625 0.7258333328125001 0.35875 0.7375 0.398125 0.7433333328125 0.40812499999999996 0.7333333328125 0.4125 0.7491666671874999 0.42312500000000003 0.76 0.5131249999999999 0.78 0.70125 0.7858333328125 0.749375 0.7816666671875 0.8150000000000001 0.7591666671875 0.7893749999999999 0.75 0.745625 0.72 0.704375 0.705 0.551875 0.6766666671875 0.428125 0.6833333328125 0.41937499999999994 0.6883333328125001 0.41187500000000005 0.705 0.399375 0.6916666671875
0 0.409375 0.6366666671875 0.39 0.6575 0.39125 0.6808333328125 0.40812499999999996 0.6950000000000001 0.429375 0.6833333328125 0.558125 0.6783333328125 0.665625 0.7 0.6993750000000001 0.7 0.723125 0.7116666671874999 0.7381249999999999 0.71 0.743125 0.7183333328125 0.755 0.7208333328125 0.780625 0.7116666671874999 0.7837500000000001 0.6908333328125 0.7681250000000001 0.6849999999999999 0.743125 0.6616666671875 0.723125 0.655 0.689375 0.6266666671875 0.619375 0.6066666671875 0.5443749999999999 0.6033333328125 0.499375 0.61 0.409375 0.6366666671875
0 0.43062500000000004 0.55 0.42625 0.5641666671875 0.42750000000000005 0.6025 0.448125 0.6183333328125 0.538125 0.6033333328125 0.608125 0.605 0.661875 0.6166666671875001 0.694375 0.6283333328125 0.720625 0.6466666671875 0.7325 0.6458333328125 0.751875 0.6433333328125 0.780625 0.6283333328125 0.78125 0.6125 0.79 0.6025 0.7418750000000001 0.5683333328125 0.591875 0.5266666671875 0.5506249999999999 0.5266666671875 0.480625 0.5433333328125001 0.441875 0.5433333328125001 0.43062500000000004 0.55
0 0.448125 0.49000000000000005 0.528125 0.52 0.593125 0.525 0.666875 0.5416666671875 0.7306250000000001 0.5383333328125001 0.7631249999999999 0.5466666671875 0.8275 0.5491666671875 0.8081250000000001 0.5383333328125001 0.7581249999999999 0.48333333281249996 0.719375 0.46333333281250005 0.678125 0.4516666671875 0.564375 0.42833333281249997 0.473125 0.4216666671875 0.453125 0.425 0.44125 0.4491666671875 0.44000000000000006 0.4725 0.448125 0.49000000000000005
0 0.4425 0.3991666671875 0.460625 0.4166666671875 0.600625 0.43333333281249997 0.74375 0.47083333281249995 0.7381249999999999 0.45999999999999996 0.733125 0.46333333281250005 0.723125 0.4566666671875 0.659375 0.4066666671875 0.568125 0.36 0.525625 0.35 0.459375 0.3483333328125 0.45187499999999997 0.3516666671875 0.44375 0.3675 0.4425 0.3991666671875
0 0.566875 0.3583333328125 0.625625 0.385 0.704375 0.43833333281250003 0.7325 0.4441666671875 0.7849999999999999 0.4341666671875 0.7368750000000001 0.395 0.590625 0.32 0.49437499999999995 0.30333333281249997 0.469375 0.3066666671875 0.46125 0.31916666718750003 0.45875000000000005 0.3408333328125 0.46312499999999995 0.3483333328125 0.524375 0.3483333328125 0.566875 0.3583333328125
0 0.670625 0.3566666671875 0.7474999999999999 0.3591666671875 0.77125 0.3408333328125 0.765 0.3225 0.7418750000000001 0.3016666671875 0.7056250000000001 0.29 0.548125 0.2716666671875 0.488125 0.27999999999999997 0.47750000000000004 0.2975 0.48187499999999994 0.30333333281249997 0.569375 0.3116666671875 0.670625 0.3566666671875
0 0.45187499999999997 0.27999999999999997 0.48375 0.2808333328125 0.5431250000000001 0.2716666671875 0.671875 0.2783333328125 0.7056250000000001 0.2683333328125 0.7462500000000001 0.2425 0.6756249999999999 0.2133333328125 0.538125 0.2 0.45062499999999994 0.225 0.4375 0.23583333281250002 0.438125 0.2716666671875 0.45187499999999997 0.27999999999999997
0 0.76875 0.2141666671875 0.718125 0.2 0.571875 0.1833333328125 0.538125 0.185 0.515 0.1991666671875 0.670625 0.2116666671875 0.73625 0.23583333281250002 0.745625 0.2233333328125 0.76875 0.2141666671875
0 0.7275 0.1991666671875 0.74125 0.1891666671875 0.7056250000000001 0.16999999999999998 0.6381249999999999 0.1533333328125 0.573125 0.155 0.530625 0.1633333328125 0.51 0.1758333328125 0.5131249999999999 0.1966666671875 0.536875 0.185 0.573125 0.1833333328125 0.7275 0.1991666671875
0 0.71 0.1675 0.73625 0.1491666671875 0.73625 0.1375 0.718125 0.12166666718750001 0.599375 0.0966666671875 0.521875 0.10166666718749999 0.51 0.11750000000000001 0.51375 0.1458333328125 0.526875 0.1516666671875 0.628125 0.1516666671875 0.71 0.1675
0 0.558125 0.06833333281250001 0.545 0.0808333328125 0.546875 0.1 0.599375 0.0966666671875 0.7150000000000001 0.1208333328125 0.6793750000000001 0.0983333328125 0.618125 0.0733333328125 0.558125 0.06833333281250001
0 0.683125 0.1 0.7368750000000001 0.135 0.745 0.1341666671875 0.74875 0.1258333328125 0.7368750000000001 0.1 0.689375 0.0716666671875 0.590625 0.0433333328125 0.5493750000000001 0.045 0.54 0.055833332812500004 0.5443749999999999 0.075 0.563125 0.0666666671875 0.618125 0.0733333328125 0.683125 0.1
0 0.718125 0.0533333328125 0.5856250000000001 0.0216666671875 0.559375 0.02 0.5549999999999999 0.027500000000000004 0.555625 0.0433333328125 0.608125 0.0466666671875 0.72875 0.0875 0.74125 0.0725 0.718125 0.0533333328125
0 0.6018749999999999 0.025 0.609375 0.015 0.6118750000000001 0.0283333328125 0.72375 0.057499999999999996 0.725625 0.048333332812500004 0.734375 0.048333332812500004 0.7424999999999999 0.0375 0.729375 0.038333332812499996 0.723125 0.048333332812500004 0.690625 0.0233333328125 0.6481250000000001 0.01 0.600625 0.01 0.59375 0.0191666671875 0.6018749999999999 0.025
0 0.18812500000000001 0.8033333328125 0.134375 0.7849999999999999 0.071875 0.7833333328125 0.033125 0.775 0 0.7775000000000001 0.000625 0.845 0.123125 0.8783333328125 0.175625 0.8833333328125 0.190625 0.875 0.234375 0.8883333328124999 0.24312499999999998 0.9016666671875001 0.248125 0.8966666671875 0.265 0.9041666671874999 0.27749999999999997 0.8908333328125 0.28250000000000003 0.8375 0.26687500000000003 0.8166666671874999 0.255625 0.8116666671875 0.24312499999999998 0.8150000000000001 0.24 0.8241666671875001 0.24375 0.8275 0.23937499999999998 0.8316666671874999 0.199375 0.8283333328125 0.18812500000000001 0.8033333328125
0 0.259375 0.6966666671875 0.24312499999999998 0.7150000000000001 0.203125 0.7116666671874999 0.193125 0.725 0.18687499999999999 0.7066666671874999 0.136875 0.6966666671875 0.065625 0.6933333328125 0 0.6991666671875 0.003125 0.7683333328125 0.078125 0.7816666671875 0.125 0.7808333328125 0.178125 0.775 0.191875 0.76 0.21812499999999999 0.7716666671875 0.23937499999999998 0.77 0.25187499999999996 0.78 0.268125 0.7766666671875 0.27749999999999997 0.7541666671875 0.27749999999999997 0.7241666671875 0.2725 0.7075 0.259375 0.6966666671875
0 0.22000000000000003 0.7075 0.22875 0.6708333328125 0.22312500000000002 0.6583333328125 0.128125 0.6383333328125 0.081875 0.6383333328125 0 0.6625 0.000625 0.6983333328125 0.13187500000000002 0.6950000000000001 0.1975 0.7125 0.22000000000000003 0.7075
0 0 0.6224999999999999 0.026875 0.6466666671875 0.12437499999999999 0.6366666671875 0.22999999999999998 0.6541666671875 0.2375 0.6475 0.23937499999999998 0.6366666671875 0.248125 0.6516666671875 0.27937500000000004 0.6483333328125 0.28125 0.6058333328125001 0.240625 0.6033333328125 0.238125 0.5866666671874999 0.22312500000000002 0.5816666671874999 0.12562500000000001 0.5716666671875 0.034375 0.5766666671875 0 0.5908333328125 0 0.6224999999999999
0 0.22937500000000002 0.5033333328125 0.200625 0.49000000000000005 0.114375 0.485 0.05437499999999999 0.49833333281250003 0 0.5341666671875 0.003125 0.5516666671875 0.043125000000000004 0.5716666671875 0.10187500000000001 0.5683333328125 0.21000000000000002 0.5775 0.22749999999999998 0.5708333328124999 0.231875 0.53 0.2325 0.5658333328125 0.236875 0.5733333328125 0.290625 0.5666666671875 0.28375 0.5241666671874999 0.23937499999999998 0.515 0.231875 0.525 0.23374999999999999 0.5108333328125 0.22937500000000002 0.5033333328125
0 0.284375 0.45999999999999996 0.28625 0.46749999999999997 0.26875 0.48250000000000004 0.27625 0.5075000000000001 0.28500000000000003 0.5075000000000001 0.29625 0.49583333281249997 0.30062500000000003 0.45999999999999996 0.284375 0.45999999999999996
0 0.10187500000000001 0.485 0.165625 0.48333333281249996 0.21812499999999999 0.495 0.23562500000000003 0.51 0.25 0.5091666671875 0.25625 0.48250000000000004 0.255 0.45583333281250005 0.234375 0.44333333281250004 0.091875 0.44666666718750003 0.051875000000000004 0.4583333328125 0.035625000000000004 0.4783333328125 0.025625 0.48166666718749995 0.02375 0.49083333281249997 0.046875 0.5016666671875 0.10187500000000001 0.485
0 0.234375 0.3583333328125 0.171875 0.3566666671875 0.044375 0.385 0.0025 0.40416666718750005 0.083125 0.43499999999999994 0.22749999999999998 0.43916666718749997 0.24562499999999998 0.43333333281249997 0.250625 0.41500000000000004 0.26687500000000003 0.42833333281249997 0.288125 0.425 0.3075 0.40416666718750005 0.30375 0.3825 0.260625 0.375 0.25187499999999996 0.3866666671875 0.25125000000000003 0.3691666671875 0.234375 0.3583333328125
0 0.273125 0.33999999999999997 0.27999999999999997 0.3458333328125 0.268125 0.3583333328125 0.27 0.3341666671875 0.263125 0.3266666671875 0.200625 0.32166666718750003 0.088125 0.3433333328125 0.031875 0.375 0.009375 0.37666666718749997 0.02 0.3825 0.00625 0.3875 0.034999999999999996 0.3891666671875 0.14937499999999998 0.3583333328125 0.23312499999999997 0.3583333328125 0.256875 0.375 0.265625 0.37333333281250003 0.26937500000000003 0.3633333328125 0.276875 0.37333333281250003 0.299375 0.375 0.31375000000000003 0.3608333328125 0.309375 0.32999999999999996 0.273125 0.33999999999999997
0 0.3075 0.3158333328125 0.32375 0.3025 0.323125 0.27999999999999997 0.3 0.2841666671875 0.3 0.3091666671875 0.3075 0.3158333328125
0 0.26625 0.3091666671875 0.275625 0.3183333328125 0.28875 0.31916666718750003 0.29125 0.28250000000000003 0.274375 0.27999999999999997 0.26625 0.2925 0.26625 0.3091666671875
0 0.12250000000000001 0.3341666671875 0.169375 0.3233333328125 0.255625 0.3233333328125 0.26 0.2758333328125 0.255625 0.2666666671875 0.241875 0.2633333328125 0.164375 0.2633333328125 0.12562500000000001 0.27 0.0375 0.30416666718749996 0.081875 0.3283333328125 0.12250000000000001 0.3341666671875
0 0.12437499999999999 0.2666666671875 0.14125000000000001 0.2658333328125 0.290625 0.25166666718749997 0.30625 0.2375 0.30625 0.20249999999999999 0.29812500000000003 0.195 0.274375 0.1916666671875 0.221875 0.1966666671875 0.123125 0.22833333281249998 0.07875 0.2508333328125 0.099375 0.2533333328125 0.12437499999999999 0.2666666671875
0 0.4 0.1525 0.366875 0.1433333328125 0.365 0.1325 0.353125 0.1233333328125 0.320625 0.13 0.30062500000000003 0.1433333328125 0.28312499999999996 0.1383333328125 0.176875 0.1566666671875 0.153125 0.1666666671875 0.081875 0.2266666671875 0.06375 0.2308333328125 0.06937499999999999 0.2366666671875 0.08875 0.23583333281250002 0.110625 0.23500000000000001 0.221875 0.1966666671875 0.294375 0.1933333328125 0.306875 0.1816666671875 0.339375 0.1833333328125 0.349375 0.19 0.380625 0.175 0.393125 0.1816666671875 0.4 0.1741666671875 0.4 0.1525
0 0.275625 0.1383333328125 0.29812500000000003 0.13999999999999999 0.32937500000000003 0.1266666671875 0.33125 0.1058333328125 0.32437499999999997 0.1 0.284375 0.1 0.196875 0.1183333328125 0.15125 0.1408333328125 0.19 0.1558333328125 0.275625 0.1383333328125
0 0.199375 0.1183333328125 0.21125 0.11750000000000001 0.28312499999999996 0.1 0.365625 0.10333333281249998 0.37 0.0975 0.36875 0.0658333328125 0.359375 0.06 0.31437499999999996 0.0616666671875 0.265625 0.0716666671875 0.224375 0.08499999999999999 0.18625 0.1058333328125 0.199375 0.1183333328125
0 0.311875 0.06 0.3725 0.060833332812499995 0.37875000000000003 0.054166667187499996 0.38125 0.0258333328125 0.37312500000000004 0.0183333328125 0.34562499999999996 0.013333332812500001 0.230625 0.0166666671875 0.220625 0.02 0.21375000000000002 0.0375 0.215625 0.0433333328125 0.231875 0.0416666671875 0.311875 0.06