0 0.10066666718749999 0.3085 0.094 0.31625000000000003 0.0933333328125 0.3305 0.0993333328125 0.37975 0.10600000000000001 0.40499999999999997 0.11000000000000001 0.41525 0.1246666671875 0.43499999999999994 0.1443333328125 0.45225 0.1503333328125 0.45949999999999996 0.1583333328125 0.4665 0.20299999999999999 0.48875 0.2116666671875 0.49424999999999997 0.2246666671875 0.4995 0.2506666671875 0.5077499999999999 0.267 0.5105000000000001 0.296 0.5115000000000001 0.3546666671875 0.5095 0.395 0.4965 0.41966666718749995 0.48375 0.4543333328125 0.45899999999999996 0.48566666718749996 0.42874999999999996 0.4916666671875 0.41875 0.49366666718749996 0.40750000000000003 0.49133333281249997 0.371 0.49533333281249997 0.331 0.495 0.31625000000000003 0.48 0.2925 0.46299999999999997 0.273 0.44666666718750003 0.25925 0.41233333281249995 0.23725000000000002 0.38366666718750003 0.22475 0.341 0.2125 0.315 0.20800000000000002 0.2883333328125 0.20725 0.2656666671875 0.20950000000000002 0.242 0.215 0.213 0.22525 0.202 0.23075 0.183 0.2375 0.1623333328125 0.2495 0.13533333281249998 0.2705 0.1193333328125 0.28575 0.11399999999999999 0.2925 0.1076666671875 0.29725 0.10066666718749999 0.3085
0 0.4943333328125 0.38125 0.4956666671875 0.40325 0.5046666671875 0.43150000000000005 0.5166666671875 0.4535 0.5286666671875 0.46925 0.5416666671875 0.48324999999999996 0.5503333328125 0.48975 0.5546666671875 0.49450000000000005 0.5766666671875 0.509 0.607 0.523 0.6326666671875001 0.528 0.645 0.532 0.6543333328125 0.5337500000000001 0.6853333328125 0.536 0.6976666671875 0.536 0.733 0.53275 0.784 0.52225 0.8233333328124999 0.50875 0.8443333328125 0.49749999999999994 0.8643333328124999 0.484 0.9106666671875001 0.44425 0.923 0.4285 0.9326666671874999 0.40449999999999997 0.9390000000000001 0.382 0.943 0.34225 0.9426666671874999 0.316 0.9406666671874999 0.304 0.9363333328125 0.29075 0.9123333328125 0.25875 0.8993333328125 0.2475 0.8806666671875 0.23525000000000001 0.857 0.22374999999999998 0.8310000000000001 0.21349999999999997 0.8203333328125 0.20975000000000002 0.7996666671875 0.20475 0.7843333328125001 0.20224999999999999 0.7583333328124999 0.20175 0.7333333328125 0.19824999999999998 0.7043333328125 0.1975 0.6719999999999999 0.199 0.663 0.20024999999999998 0.6203333328125 0.21125 0.5866666671874999 0.22599999999999998 0.5686666671875 0.23675000000000002 0.5503333328125 0.25075 0.5389999999999999 0.26225 0.518 0.288 0.504 0.31575000000000003 0.49733333281250003 0.34199999999999997 0.4943333328125 0.38125
0 0 0.80175 0.008666667187500001 0.81275 0.016 0.819 0.0226666671875 0.82725 0.0286666671875 0.8320000000000001 0.0363333328125 0.8414999999999999 0.056333332812500005 0.8552500000000001 0.07566666718750001 0.8644999999999999 0.101 0.87475 0.1173333328125 0.8787499999999999 0.16299999999999998 0.88575 0.20233333281250002 0.8859999999999999 0.2596666671875 0.88275 0.27599999999999997 0.8805 0.2956666671875 0.8755000000000001 0.3086666671875 0.86875 0.3266666671875 0.8627499999999999 0.3373333328125 0.857 0.3566666671875 0.84975 0.375 0.83675 0.387 0.82675 0.399 0.81425 0.41200000000000003 0.7965 0.4273333328125 0.7705 0.44000000000000006 0.7355 0.4476666671875 0.7075 0.4486666671875 0.6839999999999999 0.44666666718750003 0.671 0.44266666718750003 0.65825 0.43 0.633 0.41900000000000004 0.61975 0.40599999999999997 0.60775 0.3886666671875 0.5972500000000001 0.378 0.588 0.368 0.58375 0.36066666718749996 0.57525 0.3536666671875 0.571 0.34900000000000003 0.5662499999999999 0.329 0.55125 0.307 0.538 0.2863333328125 0.53 0.2683333328125 0.5255 0.242 0.52225 0.22599999999999998 0.5215 0.1883333328125 0.5237499999999999 0.16799999999999998 0.52725 0.15 0.534 0.1206666671875 0.54225 0.0963333328125 0.55225 0.0846666671875 0.5587500000000001 0.066 0.5660000000000001 0.049 0.575 0.0413333328125 0.5805 0.024666667187499998 0.59825 0.0126666671875 0.60625 0.007000000000000001 0.616 0.0023333328125 0.6212500000000001 0 0.629 0 0.6885 0.0026666671875 0.69725 0.0036666671875 0.71 0 0.7212500000000001 0 0.80175
0 1 0.76675 0.9933333328125 0.76275 0.9896666671875 0.759 0.9789999999999999 0.7545 0.967 0.74675 0.9446666671875 0.74025 0.9316666671875 0.7342500000000001 0.908 0.7302500000000001 0.8806666671875 0.7295 0.8126666671875 0.731 0.7883333328125001 0.7342500000000001 0.7766666671875 0.7405 0.7586666671875 0.7464999999999999 0.751 0.75275 0.738 0.75925 0.7306666671875 0.76725 0.7223333328125 0.77225 0.7186666671874999 0.78 0.7123333328125 0.7875 0.7033333328125 0.8115 0.7 0.8324999999999999 0.7030000000000001 0.8625 0.7006666671875 0.87325 0.6996666671875 0.8872500000000001 0.7036666671875 0.922 0.709 0.93675 0.722 0.9505000000000001 0.733 0.959 0.7453333328125 0.9652499999999999 0.7493333328125 0.9650000000000001 0.7516666671875 0.9625 0.7506666671875 0.95625 0.7463333328124999 0.95 0.7466666671875 0.94525 0.7493333328125 0.93825 0.7536666671875001 0.9422499999999999 0.7706666671875 0.9455 0.7816666671875 0.9505000000000001 0.788 0.9560000000000001 0.795 0.9664999999999999 0.8019999999999999 0.969 0.8046666671875 0.975 0.8076666671874999 0.97575 0.8109999999999999 0.97475 0.8136666671875 0.97075 0.8230000000000001 0.96975 0.8336666671874999 0.9710000000000001 0.8460000000000001 0.975 0.8726666671875 0.9744999999999999 0.8983333328124999 0.9775 0.9109999999999999 0.9755 0.9236666671875 0.97525 0.9369999999999999 0.978 0.958 0.9782500000000001 0.9803333328124999 0.975 1 0.967 1 0.8800000000000001 0.9916666671875 0.8615 0.99 0.849 0.9916666671875 0.8445 1 0.8332499999999999 1 0.76675
0 0.161 0 0.1483333328125 0.0245 0.13999999999999999 0.05125 0.1366666671875 0.07325000000000001 0.13799999999999998 0.087 0.1376666671875 0.10300000000000001 0.13999999999999999 0.1135 0.1443333328125 0.12150000000000001 0.1506666671875 0.13825 0.162 0.15675 0.17733333281250002 0.17825 0.1913333328125 0.19424999999999998 0.20433333281250002 0.20274999999999999 0.205 0.20575000000000002 0.2033333328125 0.2145 0.2013333328125 0.21875 0.1956666671875 0.22549999999999998 0.1963333328125 0.22825 0.2006666671875 0.22949999999999998 0.20400000000000001 0.22925 0.211 0.22425 0.2146666671875 0.223 0.24100000000000002 0.21875 0.2656666671875 0.2125 0.2896666671875 0.21000000000000002 0.307 0.21000000000000002 0.3283333328125 0.21275 0.3653333328125 0.22225 0.40433333281249995 0.236 0.4183333328125 0.2395 0.43166666718749996 0.23374999999999999 0.4413333328125 0.22599999999999998 0.45866666718750004 0.2165 0.472 0.20425 0.483 0.1915 0.4916666671875 0.1775 0.49866666718749997 0.1625 0.502 0.145 0.5016666671875 0.1165 0.5033333328125 0.1025 0.5043333328124999 0.06275 0.49800000000000005 0.04425 0.4893333328125 0.0305 0.48566666718749996 0.026250000000000002 0.477 0.020749999999999998 0.47066666718750005 0.015 0.45766666718750004 0 0.161 0
0 0.5363333328125 0 0.525 0.012750000000000001 0.5163333328124999 0.027250000000000003 0.5116666671875 0.03975 0.508 0.059750000000000004 0.5136666671875 0.142 0.516 0.1505 0.5233333328125 0.1625 0.5286666671875 0.1765 0.54 0.193 0.5559999999999999 0.20600000000000002 0.5716666671875 0.21325 0.5793333328125 0.2205 0.584 0.22225 0.5956666671875 0.22225 0.61 0.21875 0.6283333328125 0.211 0.671 0.2015 0.7363333328125 0.199 0.7583333328124999 0.20274999999999999 0.7933333328125001 0.2065 0.8136666671875 0.20725 0.8226666671875 0.20525000000000002 0.8310000000000001 0.19724999999999998 0.8513333328125 0.18125 0.8826666671875 0.13799999999999998 0.8943333328125 0.1135 0.9029999999999999 0.08775 0.9096666671875001 0.050749999999999997 0.9096666671875001 0.039 0.9066666671875 0.025750000000000002 0.9023333328125 0.0165 0.898 0 0.7233333328125 0 0.7190000000000001 0.0025 0.7086666671875 0.005 0.697 0 0.5363333328125 0
0 0.3303333328125 0.5547500000000001 0.333 0.5589999999999999 0.3546666671875 0.57475 0.3673333328125 0.5765 0.3783333328125 0.58125 0.382 0.5940000000000001 0.38366666718750003 0.5962500000000001 0.4066666671875 0.61275 0.425 0.6305 0.4326666671875 0.64325 0.44266666718750003 0.66825 0.446 0.6835 0.4463333328125 0.6965 0.44800000000000006 0.70125 0.4516666671875 0.70525 0.4556666671875 0.70675 0.4683333328125 0.7065 0.49066666718749996 0.70875 0.5436666671875 0.7110000000000001 0.5556666671875 0.70875 0.567 0.7045 0.5923333328125 0.6975 0.614 0.687 0.6353333328125 0.674 0.6483333328125 0.66425 0.6599999999999999 0.6525000000000001 0.6783333328125 0.62175 0.682 0.6092500000000001 0.6836666671875 0.57875 0.6806666671875 0.54575 0.678 0.54025 0.671 0.5347500000000001 0.6086666671875001 0.5205 0.5856666671874999 0.51125 0.5690000000000001 0.50225 0.5563333328125 0.49375 0.542 0.48150000000000004 0.5309999999999999 0.47024999999999995 0.5183333328125 0.45425000000000004 0.5053333328125 0.43425 0.49533333281249997 0.42800000000000005 0.4916666671875 0.42774999999999996 0.48200000000000004 0.4325 0.46799999999999997 0.44425 0.4623333328125 0.45099999999999996 0.4246666671875 0.47750000000000004 0.3986666671875 0.491 0.3783333328125 0.49924999999999997 0.359 0.5055 0.352 0.5095 0.3463333328125 0.51675 0.3326666671875 0.54375 0.3303333328125 0.5547500000000001
0 0.5926666671875 1 0.6003333328125 0.99475 0.6163333328125 0.9875 0.624 0.9795 0.632 0.97575 0.639 0.968 0.647 0.96325 0.6519999999999999 0.9550000000000001 0.659 0.9477499999999999 0.6656666671875 0.9324999999999999 0.6719999999999999 0.922 0.6756666671875 0.9097500000000001 0.6783333328125 0.88575 0.6773333328125 0.8744999999999999 0.6703333328125 0.8487500000000001 0.6676666671875 0.81275 0.659 0.79 0.6503333328124999 0.7785 0.6473333328125 0.77175 0.639 0.765 0.6333333328124999 0.7575000000000001 0.6253333328124999 0.75225 0.621 0.74675 0.5956666671875 0.73075 0.58 0.7252500000000001 0.5683333328125 0.71925 0.557 0.7162499999999999 0.5333333328125 0.7122499999999999 0.5116666671875 0.712 0.47066666718750005 0.71425 0.45766666718750004 0.714 0.4516666671875 0.71575 0.445 0.72 0.4413333328125 0.7255 0.4216666671875 0.776 0.41333333281250006 0.79025 0.3953333328125 0.8157500000000001 0.3896666671875 0.8205 0.38333333281250004 0.82825 0.3676666671875 0.8414999999999999 0.354 0.8484999999999999 0.3456666671875 0.8547499999999999 0.32766666718750004 0.861 0.3213333328125 0.86525 0.3046666671875 0.8714999999999999 0.302 0.87425 0.307 0.8865000000000001 0.31 0.91225 0.3283333328125 0.9502499999999999 0.33399999999999996 0.9555 0.339 0.9630000000000001 0.3473333328125 0.96875 0.3543333328125 0.9765 0.3613333328125 0.9802500000000001 0.37066666718749997 0.9877499999999999 0.385 0.994 0.3933333328125 1 0.4363333328125 1 0.441 0.9945 0.45099999999999996 0.9877499999999999 0.45899999999999996 0.985 0.471 0.98375 0.481 0.985 0.4863333328125 0.98675 0.501 0.993 0.5136666671875 1 0.5926666671875 1
0 1 0.48200000000000004 0.974 0.466 0.9533333328125 0.46075 0.942 0.45599999999999996 0.9096666671875001 0.45125000000000004 0.899 0.45325 0.8923333328125 0.4615 0.8846666671875001 0.466 0.8766666671875001 0.4755 0.8613333328125 0.48550000000000004 0.836 0.4995 0.8073333328125001 0.51075 0.7733333328125 0.5215 0.7496666671875001 0.52625 0.7110000000000001 0.53125 0.7 0.5337500000000001 0.6943333328125 0.53725 0.6896666671875 0.544 0.6863333328125 0.57875 0.6873333328125 0.6085 0.6903333328125 0.6212500000000001 0.6946666671874999 0.632 0.7073333328125 0.65525 0.7206666671875 0.671 0.7273333328125 0.6769999999999999 0.7413333328125 0.68825 0.7566666671875 0.6980000000000001 0.7836666671875 0.71175 0.8123333328125 0.72 0.8243333328125001 0.722 0.8456666671875 0.72325 0.9003333328125 0.72375 0.9223333328125 0.72275 0.9696666671875 0.7122499999999999 0.9783333328125 0.70925 1 0.6985 1 0.5855 0.9946666671875001 0.5715 0.993 0.5559999999999999 0.9953333328125 0.5507500000000001 1 0.545 1 0.48200000000000004
0 0 0.2665 0.02 0.27425 0.026000000000000002 0.27875 0.0443333328125 0.2875 0.0496666671875 0.29175 0.0643333328125 0.29325 0.0863333328125 0.28575 0.10933333281249999 0.2805 0.123 0.27475 0.13899999999999998 0.2665 0.145 0.26125 0.1556666671875 0.25525000000000003 0.17466666718749999 0.24075000000000002 0.184 0.22749999999999998 0.186 0.22174999999999997 0.1873333328125 0.20274999999999999 0.186 0.1925 0.177 0.17775000000000002 0.17033333281250002 0.17024999999999998 0.1613333328125 0.156 0.1393333328125 0.1115 0.13433333281249998 0.10575000000000001 0.1226666671875 0.09575 0.1146666671875 0.08575 0.101 0.072 0.088 0.06325 0.0763333328125 0.059750000000000004 0.0523333328125 0.04975 0.037 0.03975 0.025333332812499998 0.038 0.013333332812500001 0.0375 0 0.0455 0 0.14725 0.002 0.153 0.003 0.1645 0 0.1705 0 0.2665
0 0.14921875 0.5234375 0.2953125 0.0984375
0 0.1484375 0.9046875 0.296875 0.1625