0 0.3015625 0.3796875 0.265625 0.209375
0 0.57421875 0.49921875 0.3578125 0.234375
0 0.5515625 0.6921875 0.35625 0.203125
0 0.3078125 0.5625 0.2515625 0.253125
0 0.6875 0.24375 0.3171875 0.1328125
0 0.77421875 0.38359375 0.3484375 0.1984375
0 0.43359375 0.2 0.2890625 0.16875
0 0.5125 0.3359375 0.2609375 0.13125
0 0.497777778125 0.382222221875 0.4266666671875 0.4 0.40444444375 0.4266666671875 0.3911111109375 0.5333333328125 0.40444444375 0.5511111109375 0.56444444375 0.6088888890625 0.7022222218749999 0.617777778125 0.742222221875 0.59555555625 0.7688888890625 0.5466666671875 0.7688888890625 0.5066666671875 0.5733333328125 0.39555555625 0.497777778125 0.382222221875
0 0.497777778125 0.6 0.3866666671875 0.7022222218749999 0.382222221875 0.76444444375 0.4266666671875 0.7688888890625 0.4933333328125 0.8222222218749999 0.542222221875 0.8355555562499999 0.64444444375 0.8266666671875 0.72 0.7688888890625 0.737777778125 0.6711111109375001 0.7022222218749999 0.6266666671875 0.662222221875 0.6088888890625 0.497777778125 0.6
0 0.2 0.59555555625 0.2 0.64 0.24444444375000002 0.71555555625 0.382222221875 0.7066666671874999 0.4888888890625 0.6044444437500001 0.4711111109375 0.577777778125 0.39555555625 0.5377777781249999 0.377777778125 0.44444444375 0.262222221875 0.52 0.2 0.59555555625
0 0.48444444375 0.11555555625 0.337777778125 0.18222222187499998 0.31555555625 0.21777777812500002 0.32444444375 0.27999999999999997 0.3911111109375 0.2711111109375 0.42222222187499997 0.32444444375 0.542222221875 0.2711111109375 0.5911111109375 0.222222221875 0.6044444437500001 0.177777778125 0.577777778125 0.142222221875 0.542222221875 0.12 0.48444444375 0.11555555625