0 0.5549999999999999 0.865 0.554 0.9109999999999999 0.567 0.993 0.589 0.999 0.709 0.9949999999999999 0.708 0.909 0.6990000000000001 0.875 0.6950000000000001 0.8390000000000001 0.6815 0.8039999999999999 0.6565000000000001 0.77 0.6355000000000001 0.76 0.6005 0.76 0.577 0.791 0.5549999999999999 0.865
0 0.648 0.627 0.636 0.673 0.634 0.7230000000000001 0.637 0.753 0.6605000000000001 0.772 0.6965 0.8300000000000001 0.701 0.829 0.7255 0.8 0.7464999999999999 0.756 0.7675 0.744 0.773 0.721 0.771 0.6809999999999999 0.755 0.619 0.7285 0.5780000000000001 0.7005 0.5740000000000001 0.6735 0.5860000000000001 0.648 0.627
0 0.713 0.867 0.716 0.967 0.7215 0.998 0.868 0.999 0.873 0.9890000000000001 0.873 0.943 0.867 0.873 0.8539999999999999 0.8230000000000001 0.8305 0.774 0.7975 0.744 0.7735000000000001 0.746 0.7505 0.758 0.732 0.7849999999999999 0.713 0.867
0 0.8164999999999999 0.756 0.8324999999999999 0.774 0.8560000000000001 0.819 0.881 0.749 0.876 0.713 0.8605 0.674 0.8394999999999999 0.654 0.8145 0.648 0.7925 0.654 0.775 0.6769999999999999 0.7755 0.742 0.7995 0.742 0.8164999999999999 0.756
0 1 0.9970000000000001 0.999 0.7190000000000001 0.9715 0.6940000000000001 0.9365 0.686 0.9105000000000001 0.6980000000000001 0.8935000000000001 0.72 0.86 0.819 0.86 0.837 0.874 0.8949999999999999 0.8800000000000001 0.9970000000000001 1 0.9970000000000001
0 0.8835000000000001 0.63 0.867 0.675 0.881 0.731 0.885 0.733 0.9025000000000001 0.704 0.9285 0.686 0.9475 0.6839999999999999 0.9804999999999999 0.696 0.982 0.6849999999999999 0.9720000000000001 0.653 0.9525 0.616 0.9375 0.606 0.9095000000000001 0.604 0.8835000000000001 0.63
0 0.829 0.581 0.836 0.637 0.8404999999999999 0.646 0.8545 0.65 0.8640000000000001 0.671 0.8955 0.612 0.9145 0.6 0.9400000000000001 0.603 0.9369999999999999 0.557 0.9195 0.51 0.8965 0.49400000000000005 0.8734999999999999 0.496 0.8535 0.516 0.837 0.545 0.829 0.581
0 0.729 0.575 0.751 0.607 0.769 0.671 0.774 0.6769999999999999 0.7945 0.6519999999999999 0.8314999999999999 0.648 0.835 0.637 0.834 0.613 0.828 0.583 0.8055 0.54 0.7845 0.524 0.7565000000000001 0.524 0.7415 0.536 0.729 0.575
0 0.45899999999999996 0.729 0.44400000000000006 0.775 0.437 0.921 0.4845 0.998 0.5559999999999999 0.9970000000000001 0.5599999999999999 0.969 0.554 0.9289999999999999 0.553 0.8710000000000001 0.575 0.795 0.567 0.749 0.5615 0.732 0.5365 0.702 0.49349999999999994 0.692 0.47450000000000003 0.704 0.45899999999999996 0.729
0 0.34950000000000003 0.9380000000000001 0.329 0.9949999999999999 0.479 0.999 0.44749999999999995 0.9380000000000001 0.4135 0.916 0.3755 0.922 0.34950000000000003 0.9380000000000001
0 0.304 0.783 0.28300000000000003 0.835 0.2835 0.842 0.2985 0.8380000000000001 0.3075 0.8460000000000001 0.324 0.873 0.3375 0.9119999999999999 0.354 0.933 0.3765 0.9199999999999999 0.4215 0.916 0.43099999999999994 0.8789999999999999 0.434 0.8230000000000001 0.42800000000000005 0.791 0.4025 0.728 0.3845 0.712 0.3585 0.716 0.3295 0.738 0.304 0.783
0 0.3815 0.704 0.40449999999999997 0.724 0.422 0.753 0.42750000000000005 0.778 0.433 0.779 0.44699999999999995 0.759 0.45999999999999996 0.7230000000000001 0.46699999999999997 0.649 0.462 0.625 0.4375 0.58 0.40750000000000003 0.5660000000000001 0.3805 0.5940000000000001 0.363 0.649 0.377 0.679 0.3815 0.704
0 0.229 0.7070000000000001 0.227 0.763 0.27149999999999996 0.828 0.27999999999999997 0.829 0.3265 0.74 0.3465 0.722 0.3775 0.712 0.38 0.6990000000000001 0.374 0.673 0.3545 0.642 0.3115 0.62 0.2705 0.63 0.2475 0.6599999999999999 0.229 0.7070000000000001
0 0.13 0.857 0.121 0.901 0.121 0.931 0.1355 0.9960000000000001 0.16599999999999998 0.999 0.1795 0.998 0.21549999999999997 0.9279999999999999 0.2515 0.8880000000000001 0.27 0.845 0.264 0.8230000000000001 0.23349999999999999 0.778 0.20750000000000002 0.768 0.1885 0.77 0.1555 0.796 0.13 0.857
0 0.17250000000000001 0.75 0.1885 0.768 0.219 0.767 0.23700000000000002 0.679 0.269 0.629 0.2555 0.5940000000000001 0.2385 0.5740000000000001 0.2145 0.576 0.1955 0.5940000000000001 0.177 0.635 0.16 0.705 0.1605 0.746 0.17250000000000001 0.75
0 0.08149999999999999 0.572 0.0655 0.5900000000000001 0.049 0.633 0.044 0.667 0.044 0.7230000000000001 0.073 0.825 0.0795 0.836 0.088 0.837 0.1145 0.772 0.1305 0.752 0.155 0.737 0.161 0.633 0.152 0.601 0.1345 0.5780000000000001 0.1145 0.568 0.1115 0.5740000000000001 0.10149999999999999 0.568 0.08149999999999999 0.572
0 0.027500000000000004 0.866 0.0595 0.8560000000000001 0.0715 0.86 0.074 0.851 0.062 0.779 0.047 0.733 0.027500000000000004 0.704 0 0.6990000000000001 0.001 0.885 0.027500000000000004 0.866
0 0.121 0.999 0.1265 0.998 0.128 0.9890000000000001 0.11399999999999999 0.909 0.0935 0.874 0.0715 0.8640000000000001 0.0455 0.8640000000000001 0.026500000000000003 0.868 0 0.893 0.0005 1 0.121 0.999
0 0.1145 0.558 0.11850000000000001 0.546 0.1315 0.5780000000000001 0.14450000000000002 0.5860000000000001 0.158 0.617 0.16399999999999998 0.649 0.16999999999999998 0.651 0.1965 0.5900000000000001 0.223 0.5690000000000001 0.22400000000000003 0.511 0.21949999999999997 0.49400000000000005 0.21549999999999997 0.5 0.1965 0.476 0.14950000000000002 0.46799999999999997 0.12050000000000001 0.506 0.10800000000000001 0.545 0.1145 0.558
0 0.002 0.651 0.0305 0.702 0.040999999999999995 0.705 0.053000000000000005 0.613 0.0735 0.5780000000000001 0.0945 0.568 0.0935 0.538 0.0865 0.53 0.0655 0.53 0.0445 0.54 0.028000000000000004 0.563 0.005 0.623 0.002 0.651
0 0.229 0.561 0.2325 0.5700000000000001 0.255 0.585 0.27749999999999997 0.546 0.312 0.517 0.31 0.487 0.3025 0.46399999999999997 0.2855 0.446 0.2665 0.44400000000000006 0.2555 0.454 0.24100000000000002 0.487 0.231 0.5269999999999999 0.229 0.561
0 0.3085 0.618 0.362 0.641 0.379 0.589 0.3665 0.554 0.3415 0.528 0.3235 0.522 0.2985 0.528 0.27749999999999997 0.546 0.256 0.583 0.257 0.595 0.27149999999999996 0.628 0.3085 0.618
0 0.378 0.571 0.384 0.5549999999999999 0.384 0.5269999999999999 0.376 0.499 0.3635 0.48200000000000004 0.3545 0.476 0.3335 0.48 0.313 0.509 0.3155 0.522 0.34249999999999997 0.528 0.378 0.571
0 0.4135 0.528 0.4385 0.524 0.45 0.461 0.4415 0.454 0.4165 0.454 0.3955 0.47000000000000003 0.379 0.499 0.386 0.545 0.391 0.5469999999999999 0.4135 0.528
0 0.441 0.519 0.4665 0.54 0.495 0.605 0.5 0.567 0.525 0.517 0.526 0.501 0.517 0.45499999999999996 0.5005 0.426 0.48550000000000004 0.418 0.46849999999999997 0.42800000000000005 0.45599999999999996 0.449 0.44400000000000006 0.489 0.441 0.519
0 0.4305 0.572 0.4445 0.5900000000000001 0.4665 0.638 0.47000000000000003 0.637 0.4835 0.624 0.489 0.605 0.476 0.5589999999999999 0.4535 0.528 0.40449999999999997 0.534 0.39049999999999996 0.548 0.379 0.575 0.3825 0.5900000000000001 0.40650000000000003 0.5660000000000001 0.4305 0.572
0 0.49850000000000005 0.618 0.5115000000000001 0.62 0.5295 0.638 0.5509999999999999 0.689 0.558 0.6950000000000001 0.58 0.673 0.5900000000000001 0.631 0.591 0.587 0.585 0.5509999999999999 0.5685 0.514 0.5425 0.502 0.5275000000000001 0.514 0.503 0.5589999999999999 0.497 0.611 0.49850000000000005 0.618
0 0.5820000000000001 0.43499999999999994 0.577 0.46900000000000003 0.577 0.503 0.587 0.541 0.6035 0.568 0.619 0.571 0.6345 0.5660000000000001 0.6575 0.542 0.67 0.499 0.671 0.46900000000000003 0.6639999999999999 0.43499999999999994 0.6515 0.41 0.6365000000000001 0.394 0.6075 0.396 0.5955 0.404 0.5820000000000001 0.43499999999999994
0 0.665 0.533 0.6735 0.542 0.693 0.545 0.7235 0.524 0.739 0.499 0.744 0.481 0.739 0.43499999999999994 0.7125 0.396 0.6985 0.394 0.6755 0.40599999999999997 0.6639999999999999 0.43099999999999994 0.6719999999999999 0.471 0.665 0.533
0 0.7424999999999999 0.53 0.7615000000000001 0.522 0.7855000000000001 0.524 0.819 0.5549999999999999 0.827 0.533 0.827 0.495 0.8210000000000001 0.46900000000000003 0.8074999999999999 0.446 0.7955 0.438 0.7755 0.442 0.7565000000000001 0.458 0.745 0.481 0.741 0.503 0.7424999999999999 0.53
0 0.758 0.383 0.757 0.425 0.7615000000000001 0.45199999999999996 0.7785 0.438 0.7925 0.43600000000000005 0.819 0.453 0.8480000000000001 0.40700000000000003 0.851 0.379 0.8470000000000001 0.34900000000000003 0.852 0.337 0.852 0.323 0.8425 0.306 0.8154999999999999 0.296 0.7865 0.316 0.763 0.361 0.758 0.383
0 0.8300000000000001 0.541 0.836 0.545 0.8675 0.49800000000000005 0.893 0.489 0.8869999999999999 0.457 0.8744999999999999 0.434 0.8455 0.42000000000000004 0.8240000000000001 0.44699999999999995 0.8210000000000001 0.465 0.828 0.499 0.828 0.529 0.8300000000000001 0.541
0 0.9189999999999999 0.45499999999999996 0.9315 0.43 0.959 0.409 0.9560000000000001 0.377 0.9305 0.348 0.9175000000000001 0.346 0.9035 0.356 0.89 0.387 0.881 0.42300000000000004 0.9085000000000001 0.438 0.9189999999999999 0.45499999999999996
0 0.877 0.41100000000000003 0.881 0.417 0.9035 0.356 0.931 0.34500000000000003 0.9289999999999999 0.323 0.9175000000000001 0.298 0.9065 0.292 0.8865000000000001 0.298 0.8640000000000001 0.339 0.8630000000000001 0.34700000000000003 0.874 0.371 0.877 0.41100000000000003
0 0.717 0.391 0.734 0.351 0.733 0.333 0.7245 0.312 0.7144999999999999 0.302 0.6905 0.296 0.6745 0.304 0.666 0.319 0.692 0.365 0.6995 0.39 0.717 0.391
0 0.6715 0.40800000000000003 0.6980000000000001 0.393 0.693 0.369 0.6675 0.32799999999999996 0.6505 0.32599999999999996 0.6365000000000001 0.33599999999999997 0.629 0.357 0.634 0.389 0.6639999999999999 0.429 0.6715 0.40800000000000003
0 0.663 0.323 0.6519999999999999 0.29100000000000004 0.6475 0.262 0.6275000000000001 0.26 0.6174999999999999 0.268 0.595 0.315 0.628 0.359 0.6375 0.33399999999999996 0.663 0.323
0 0.5645 0.434 0.5780000000000001 0.44299999999999995 0.5925 0.40800000000000003 0.6014999999999999 0.398 0.633 0.393 0.629 0.371 0.6174999999999999 0.346 0.5945 0.318 0.5675 0.324 0.5519999999999999 0.369 0.557 0.417 0.5645 0.434
0 0.5519999999999999 0.365 0.5650000000000001 0.323 0.5495 0.308 0.5345 0.306 0.516 0.341 0.5385 0.394 0.544 0.395 0.5509999999999999 0.391 0.5519999999999999 0.365
0 0.515 0.445 0.538 0.40099999999999997 0.532 0.373 0.5025000000000001 0.32999999999999996 0.4845 0.32799999999999996 0.47450000000000003 0.33599999999999997 0.46900000000000003 0.34900000000000003 0.46799999999999997 0.371 0.4805 0.382 0.49349999999999994 0.42000000000000004 0.515 0.445
0 0.46449999999999997 0.43200000000000005 0.49000000000000005 0.417 0.4795 0.382 0.46449999999999997 0.372 0.4485 0.372 0.426 0.383 0.41500000000000004 0.42300000000000004 0.41500000000000004 0.449 0.45199999999999996 0.45899999999999996 0.46449999999999997 0.43200000000000005
0 0.4 0.457 0.40700000000000003 0.457 0.413 0.45099999999999996 0.413 0.429 0.42400000000000004 0.387 0.422 0.375 0.40149999999999997 0.35 0.3655 0.36 0.3655 0.372 0.3855 0.388 0.395 0.409 0.4 0.457
0 0.35550000000000004 0.476 0.379 0.495 0.397 0.465 0.399 0.429 0.396 0.413 0.3825 0.386 0.35750000000000004 0.362 0.3345 0.37 0.325 0.395 0.324 0.441 0.329 0.479 0.35550000000000004 0.476
0 0.322 0.44299999999999995 0.322 0.40700000000000003 0.3035 0.378 0.2665 0.374 0.2575 0.382 0.251 0.40499999999999997 0.251 0.425 0.2585 0.44400000000000006 0.28250000000000003 0.42400000000000004 0.3045 0.426 0.322 0.44299999999999995
0 0.176 0.433 0.1935 0.44400000000000006 0.22200000000000003 0.487 0.22400000000000003 0.471 0.22949999999999998 0.46399999999999997 0.2485 0.45999999999999996 0.253 0.45099999999999996 0.252 0.43499999999999994 0.2425 0.40800000000000003 0.2285 0.392 0.1985 0.384 0.183 0.40499999999999997 0.176 0.433
0 0.21549999999999997 0.302 0.191 0.323 0.19 0.363 0.1935 0.378 0.23700000000000002 0.395 0.25 0.353 0.2405 0.318 0.21549999999999997 0.302
0 0.0485 0.536 0.06949999999999999 0.528 0.073 0.485 0.0615 0.466 0.0385 0.44800000000000006 0.0085 0.44800000000000006 0.001 0.461 0 0.487 0.031 0.5549999999999999 0.0485 0.536
0 0.0125 0.362 0 0.369 0.0005 0.41200000000000003 0.0185 0.40599999999999997 0.044 0.413 0.041999999999999996 0.391 0.0295 0.368 0.0125 0.362
0 0.11850000000000001 0.40800000000000003 0.133 0.41100000000000003 0.14550000000000002 0.40599999999999997 0.149 0.393 0.151 0.353 0.148 0.337 0.1275 0.314 0.10049999999999999 0.33199999999999996 0.094 0.34700000000000003 0.092 0.395 0.1095 0.394 0.11850000000000001 0.40800000000000003
0 0.145 0.46699999999999997 0.145 0.457 0.13799999999999998 0.43099999999999994 0.1255 0.41200000000000003 0.0985 0.414 0.08299999999999999 0.433 0.08149999999999999 0.472 0.1025 0.462 0.13799999999999998 0.475 0.145 0.46699999999999997
0 0.1355 0.47400000000000003 0.12450000000000001 0.466 0.0975 0.46399999999999997 0.076 0.481 0.072 0.5269999999999999 0.0875 0.53 0.099 0.5509999999999999 0.137 0.479 0.1355 0.47400000000000003
0 0.1625 0.32599999999999996 0.154 0.353 0.181 0.391 0.193 0.377 0.19 0.319 0.1775 0.312 0.1625 0.32599999999999996
0 0.1135 0.318 0.1255 0.314 0.127 0.29500000000000004 0.1135 0.284 0.10049999999999999 0.288 0.091 0.307 0.086 0.331 0.0895 0.34199999999999997 0.095 0.341 0.1135 0.318
0 0.059 0.355 0.056999999999999995 0.397 0.064 0.417 0.09 0.393 0.0915 0.344 0.0705 0.344 0.059 0.355
0 0.17099999999999999 0.301 0.1525 0.27599999999999997 0.1325 0.284 0.128 0.29500000000000004 0.129 0.311 0.14950000000000002 0.34199999999999997 0.155 0.341 0.16999999999999998 0.315 0.17099999999999999 0.301
0 0.182 0.275 0.1625 0.244 0.14550000000000002 0.244 0.133 0.267 0.1335 0.282 0.1515 0.27599999999999997 0.175 0.29900000000000004 0.181 0.29100000000000004 0.182 0.275
0 0.2145 0.248 0.20049999999999998 0.246 0.184 0.269 0.1855 0.286 0.2015 0.282 0.2185 0.3 0.225 0.29900000000000004 0.22599999999999998 0.273 0.2145 0.248
0 0.27999999999999997 0.28500000000000003 0.27599999999999997 0.255 0.2625 0.23199999999999998 0.2415 0.23399999999999999 0.22799999999999998 0.279 0.227 0.29900000000000004 0.246 0.317 0.2585 0.312 0.27999999999999997 0.28500000000000003
0 0.301 0.331 0.29700000000000004 0.303 0.28250000000000003 0.288 0.26549999999999996 0.3 0.257 0.329 0.301 0.331
0 0.2645 0.376 0.3105 0.376 0.311 0.355 0.2955 0.32999999999999996 0.26549999999999996 0.32799999999999996 0.252 0.34700000000000003 0.242 0.379 0.24 0.395 0.248 0.403 0.2645 0.376
0 0.35550000000000004 0.358 0.36 0.331 0.3395 0.304 0.3175 0.308 0.306 0.339 0.3145 0.374 0.32799999999999996 0.379 0.34249999999999997 0.362 0.35550000000000004 0.358
0 0.425 0.375 0.43099999999999994 0.369 0.42699999999999994 0.339 0.4135 0.32 0.3995 0.312 0.3715 0.316 0.363 0.327 0.36 0.343 0.36150000000000004 0.36 0.40049999999999997 0.35 0.425 0.375
0 0.434 0.369 0.45599999999999996 0.371 0.4665 0.37 0.471 0.343 0.47750000000000004 0.33199999999999996 0.49850000000000005 0.32999999999999996 0.495 0.307 0.48250000000000004 0.29 0.4625 0.282 0.4375 0.298 0.43099999999999994 0.321 0.434 0.369
0 0.533 0.307 0.533 0.281 0.5105000000000001 0.22599999999999998 0.49450000000000005 0.22400000000000003 0.47800000000000004 0.257 0.477 0.281 0.49050000000000005 0.298 0.5055 0.33199999999999996 0.515 0.335 0.533 0.307
0 0.5730000000000001 0.319 0.5965 0.304 0.6115 0.282 0.612 0.259 0.5894999999999999 0.22999999999999998 0.5765 0.22999999999999998 0.5595 0.25 0.553 0.263 0.553 0.28900000000000003 0.5605 0.314 0.5730000000000001 0.319
0 0.733 0.251 0.754 0.269 0.7705 0.248 0.7885 0.24 0.791 0.227 0.7705 0.188 0.7485 0.176 0.741 0.189 0.756 0.189 0.749 0.205 0.749 0.225 0.733 0.251
0 0.6705 0.22599999999999998 0.647 0.229 0.649 0.255 0.6545 0.266 0.692 0.279 0.6910000000000001 0.255 0.6825 0.236 0.6705 0.22599999999999998
0 0.735 0.329 0.747 0.309 0.754 0.279 0.7515 0.268 0.7394999999999999 0.258 0.7144999999999999 0.254 0.6950000000000001 0.269 0.6950000000000001 0.279 0.7035 0.296 0.7235 0.31 0.735 0.329
0 0.818 0.29300000000000004 0.818 0.277 0.8095000000000001 0.254 0.7885 0.24 0.7725 0.248 0.756 0.269 0.7515 0.306 0.7765 0.304 0.7889999999999999 0.313 0.818 0.29300000000000004
0 0.881 0.303 0.9075 0.292 0.906 0.263 0.8815 0.22599999999999998 0.8705 0.22400000000000003 0.8605 0.23199999999999998 0.8550000000000001 0.24300000000000002 0.857 0.261 0.8710000000000001 0.281 0.8775000000000001 0.304 0.881 0.303
0 0.8685 0.27599999999999997 0.8494999999999999 0.26 0.827 0.281 0.8265 0.296 0.8474999999999999 0.31 0.8539999999999999 0.337 0.8619999999999999 0.343 0.877 0.309 0.8685 0.27599999999999997
0 0.986 0.29900000000000004 0.9835 0.29 0.9664999999999999 0.27799999999999997 0.9465 0.27999999999999997 0.933 0.307 0.932 0.315 0.9460000000000001 0.335 0.953 0.359 0.959 0.359 0.986 0.29900000000000004
0 0.9865 0.302 0.969 0.335 0.958 0.369 0.958 0.385 0.9625 0.41600000000000004 0.9884999999999999 0.42400000000000004 1 0.43499999999999994 0.9994999999999999 0.292 0.9865 0.302
0 0.9235 0.244 0.9065 0.242 0.905 0.257 0.9099999999999999 0.29100000000000004 0.932 0.311 0.9410000000000001 0.28700000000000003 0.9369999999999999 0.263 0.9235 0.244
0 0.5389999999999999 0.229 0.5429999999999999 0.217 0.542 0.193 0.5295 0.172 0.5145 0.176 0.503 0.205 0.503 0.217 0.5135 0.22799999999999998 0.5175 0.22000000000000003 0.5295 0.21800000000000003 0.5389999999999999 0.229
0 0.617 0.213 0.615 0.205 0.5865 0.16999999999999998 0.5725 0.16799999999999998 0.557 0.183 0.5559999999999999 0.20099999999999998 0.5765 0.22200000000000003 0.5985 0.21800000000000003 0.609 0.225 0.617 0.213
0 0.433 0.209 0.4205 0.194 0.40449999999999997 0.2 0.398 0.233 0.41150000000000003 0.236 0.41550000000000004 0.256 0.433 0.261 0.438 0.24500000000000002 0.433 0.209
0 0.3655 0.248 0.3505 0.25 0.351 0.28300000000000003 0.3665 0.316 0.372 0.315 0.38849999999999996 0.302 0.394 0.273 0.3655 0.248
0 0.3175 0.244 0.306 0.29100000000000004 0.318 0.305 0.34950000000000003 0.284 0.351 0.253 0.3365 0.236 0.3175 0.244
0 0.296 0.29700000000000004 0.303 0.29100000000000004 0.29300000000000004 0.253 0.27949999999999997 0.252 0.281 0.28500000000000003 0.296 0.29700000000000004
0 0.4245 0.258 0.40149999999999997 0.268 0.39 0.29900000000000004 0.39249999999999996 0.31 0.418 0.321 0.438 0.28500000000000003 0.437 0.275 0.4245 0.258
0 0.48650000000000004 0.198 0.4605 0.20400000000000001 0.449 0.231 0.45149999999999996 0.252 0.476 0.259 0.49400000000000005 0.219 0.493 0.205 0.48650000000000004 0.198
0 0.6184999999999999 0.21400000000000002 0.605 0.23700000000000002 0.618 0.265 0.6475 0.26 0.648 0.24300000000000002 0.6375 0.21800000000000003 0.6184999999999999 0.21400000000000002
0 0.7150000000000001 0.227 0.7025 0.2 0.6825 0.192 0.678 0.197 0.673 0.227 0.6845 0.238 0.6950000000000001 0.265 0.7135 0.254 0.7150000000000001 0.227
0 0.749 0.223 0.748 0.209 0.7264999999999999 0.16399999999999998 0.7065 0.16599999999999998 0.701 0.175 0.701 0.195 0.714 0.221 0.717 0.24900000000000003 0.73 0.253 0.749 0.223