0 0.4450757578125 0.0837696328125 0.4166666671875 0.1282722515625 0.39772727343750003 0.26439790625000004 0.409090909375 0.3481675390625 0.450757575 0.39528795781250003 0.46022727343750003 0.4240837703125 0.49431818125 0.445026178125 0.513257575 0.4345549734375 0.5303030296875 0.44240837656250004 0.5890151515625 0.3926701578125 0.625 0.337696334375 0.6401515156250001 0.29057591562499996 0.64393939375 0.227748690625 0.625 0.1753926703125 0.5909090906250001 0.1282722515625 0.5852272734375 0.0942408375 0.5473484843749999 0.062827225 0.49431818125 0.052356020312499994 0.4450757578125 0.0837696328125
0 0.3996212125 0.36125654375 0.3428030296875 0.3717277484375 0.308712121875 0.3926701578125 0.28977272656249997 0.41884816718750006 0.2708333328125 0.4240837703125 0.2272727265625 0.5209424078125 0.2234848484375 0.54712041875 0.23106060624999997 0.6204188484375 0.24621212187500002 0.646596859375 0.253787878125 0.6832460734375 0.2859848484375 0.7225130890625 0.3238636359375 0.73298429375 0.3390151515625 0.7539267015625 0.35227272656249997 0.7513089 0.38068181874999996 0.7172774875 0.42234848437499994 0.7120418843749999 0.4678030296875 0.685863875 0.5075757578125 0.6151832453125 0.5075757578125 0.5314136125 0.5 0.49476439843750003 0.48863636406250005 0.48429319375 0.48106060624999997 0.45287958125000005 0.42613636406250005 0.3769633515625 0.3996212125 0.36125654375
0 0.075757575 0.353403140625 0.071969696875 0.4057591625 0.075757575 0.48429319375 0.09469697031249999 0.5261780109374999 0.13068181875 0.5654450265625 0.1799242421875 0.5811518328124999 0.215909090625 0.57853403125 0.2234848484375 0.5523560203125 0.2234848484375 0.51570680625 0.27272727343750003 0.4109947640625 0.25568181874999996 0.3926701578125 0.1268939390625 0.3246073296875 0.125 0.306282721875 0.111742425 0.287958115625 0.1041666671875 0.3089005234375 0.08333333281250001 0.321989528125 0.075757575 0.353403140625
0 0.21780302968749998 0.0052356015625 0.1988636359375 0.0314136125 0.1799242421875 0.036649214062500005 0.1647727265625 0.0680628265625 0.1496212125 0.0732984296875 0.1136363640625 0.133507853125 0.10984848437500001 0.164921465625 0.1174242421875 0.20157068125 0.10984848437500001 0.2225130890625 0.121212121875 0.2486911 0.121212121875 0.29057591562499996 0.172348484375 0.3455497375 0.263257575 0.3926701578125 0.29545454531250004 0.39005235625 0.3428030296875 0.366492146875 0.378787878125 0.306282721875 0.378787878125 0.27486910937500003 0.39772727343750003 0.2172774875 0.4015151515625 0.1544502625 0.375 0.0759162296875 0.361742425 0.057591623437499996 0.3503787875 0.057591623437499996 0.33522727343750003 0.026178010937500003 0.21780302968749998 0.0052356015625
0 0.0643939390625 0.6937172781250001 0.049242425 0.7513089 0.05681818125 0.8141361249999999 0.08333333281250001 0.8769633515624999 0.111742425 0.9005235609375 0.12310606093750001 0.92146596875 0.16856060625 0.937172775 0.2272727265625 0.9345549734375 0.2518939390625 0.92146596875 0.303030303125 0.8403141359375 0.3143939390625 0.7460732984375 0.30492424218749997 0.73298429375 0.27840909062499997 0.727748690625 0.24621212187500002 0.6832460734375 0.2272727265625 0.64136125625 0.191287878125 0.6020942406249999 0.1609848484375 0.5968586390625 0.0643939390625 0.6937172781250001
0 0.509469696875 0.633507853125 0.4678030296875 0.6910994765625 0.4375 0.70157068125 0.42234848437499994 0.7172774875 0.388257575 0.7225130890625 0.384469696875 0.7382198953125 0.3731060609375 0.743455496875 0.36931818125000004 0.7382198953125 0.35795454531250004 0.7539267015625 0.3390151515625 0.7539267015625 0.3333333328125 0.7617801046875 0.325757575 0.7931937171875 0.3371212125 0.8769633515624999 0.36931818125000004 0.9109947640625 0.4053030296875 0.9188481671875 0.433712121875 0.9109947640625 0.45265151562500006 0.89005235625 0.4640151515625 0.89005235625 0.48295454531250004 0.8743455499999999 0.5151515156250001 0.8350785343749999 0.5303030296875 0.803664921875 0.5378787875000001 0.7774869109375 0.5378787875000001 0.688481675 0.5303030296875 0.662303665625 0.509469696875 0.633507853125
0 0.6306818187500001 0.34031413593750004 0.5454545453125 0.45287958125000005 0.5227272734375 0.5052356015624999 0.5378787875000001 0.6518324609375 0.5549242421875 0.6596858640625001 0.5852272734375 0.7120418843749999 0.678030303125 0.7303664921874999 0.691287878125 0.7120418843749999 0.7102272734375 0.7068062828125 0.7386363640625 0.64136125625 0.7727272734375 0.60994764375 0.7840909093749999 0.5314136125 0.753787878125 0.39005235625 0.7348484843749999 0.353403140625 0.7140151515625 0.335078534375 0.6647727265625 0.3246073296875 0.6306818187500001 0.34031413593750004
0 0.6496212124999999 0.73298429375 0.615530303125 0.7172774875 0.5776515156250001 0.7120418843749999 0.5700757578125 0.696335078125 0.5473484843749999 0.6753926703124999 0.5416666671875 0.7146596859375001 0.5454545453125 0.7617801046875 0.5378787875000001 0.7879581156250001 0.5378787875000001 0.82984293125 0.549242425 0.866492146875 0.5928030296875 0.9109947640625 0.611742425 0.9162303671875 0.6590909093749999 0.913612565625 0.6761363640625 0.89005235625 0.6988636359375 0.8848167546875001 0.7159090906250001 0.866492146875 0.7159090906250001 0.8350785343749999 0.7045454546875 0.819371728125 0.700757575 0.79842931875 0.7045454546875 0.7879581156250001 0.700757575 0.7356020937500001 0.6950757578125 0.727748690625 0.6496212124999999 0.73298429375
0 0.7518939390625 0.6439790578125 0.7159090906250001 0.7094240843749999 0.7121212124999999 0.7827225125 0.7272727265625 0.86125654375 0.7784090906250001 0.95287958125 0.8863636359375 0.9712041890625001 0.9071969703124999 0.9633507859374999 0.9128787875000001 0.9450261781249999 0.946969696875 0.9083769640625 0.9659090906250001 0.7879581156250001 0.9507575750000001 0.70418848125 0.9109848484375 0.649214659375 0.88068181875 0.6230366484375 0.7784090906250001 0.6230366484375 0.7746212124999999 0.633507853125 0.7518939390625 0.6439790578125
0 0.8238636359375 0.4240837703125 0.79356060625 0.4397905765625 0.7803030296875 0.4633507859375 0.7803030296875 0.48429319375 0.7840909093749999 0.4895287953125 0.7840909093749999 0.60994764375 0.7973484843749999 0.6230366484375 0.816287878125 0.6230366484375 0.827651515625 0.6125654453125 0.865530303125 0.6125654453125 0.8958333328125001 0.6282722515625 0.9147727265625001 0.649214659375 0.9204545453125 0.646596859375 0.9393939390625 0.6047120421875001 0.9393939390625 0.5837696328125 0.94318181875 0.57853403125 0.9393939390625 0.5575916234375 0.94318181875 0.5366492140625 0.9393939390625 0.4633507859375 0.91856060625 0.4397905765625 0.9071969703124999 0.4397905765625 0.8882575750000001 0.4240837703125 0.8238636359375 0.4240837703125
0 0.8238636359375 0.26701570625 0.79356060625 0.26701570625 0.7821969703125 0.272251309375 0.7708333328125 0.287958115625 0.759469696875 0.2931937171875 0.7348484843749999 0.32722513124999997 0.7348484843749999 0.3481675390625 0.7575757578125 0.39005235625 0.76893939375 0.44240837656250004 0.7878787875000001 0.44240837656250004 0.8011363640625 0.429319371875 0.8352272734374999 0.4240837703125 0.8390151515625 0.41884816718750006 0.8503787875000001 0.41884816718750006 0.8541666671874999 0.4240837703125 0.8920454546875 0.4240837703125 0.9015151515625 0.4109947640625 0.9015151515625 0.3429319375 0.8731060609375 0.303664921875 0.8238636359375 0.26701570625