0 0.297872340625 0.29888268125 0.297872340625 0.42737430156249995 0.326241134375 0.5167597765624999 0.3351063828125 0.5251396640625 0.3546099296875 0.52234636875 0.3687943265625 0.5 0.40425531875000004 0.2821229046875 0.4574468078125 0.2039106140625 0.45390070937500004 0.1592178765625 0.40602836875000003 0.11173184375 0.3847517734375 0.11173184375 0.359929078125 0.1284916203125 0.3333333328125 0.1703910609375 0.31205673749999996 0.2262569828125 0.297872340625 0.29888268125
0 0.37234042500000003 0.48882681562499997 0.3546099296875 0.5446927374999999 0.35815602812499997 0.6508379890625 0.3652482265625 0.6843575421875 0.3794326234375 0.7290502796875 0.3953900703125 0.7541899437499999 0.41843971562500004 0.7513966484375 0.4326241140625 0.7290502796875 0.4432624109375 0.689944134375 0.450354609375 0.5055865921875 0.4609929078125 0.4050279328125 0.4609929078125 0.310055865625 0.45390070937500004 0.2765363125 0.4379432625 0.2513966484375 0.423758865625 0.2513966484375 0.40070922031249995 0.29888268125 0.37234042500000003 0.48882681562499997
0 0.4574468078125 0.2262569828125 0.4574468078125 0.265363128125 0.46808510625000005 0.310055865625 0.46808510625000005 0.3715083796875 0.45390070937500004 0.5726256984375 0.4574468078125 0.622905028125 0.46631205624999994 0.631284915625 0.48226950312500005 0.6284916203125 0.5053191484374999 0.6089385468749999 0.5425531921875 0.533519553125 0.5531914890625 0.4944134078125 0.5673758859375 0.37709497187499996 0.5673758859375 0.32122905 0.5567375890624999 0.25418994375000004 0.5354609921875 0.198324021875 0.512411346875 0.167597765625 0.484042553125 0.17877095 0.4574468078125 0.2262569828125
0 0.5638297875 0.4497206703125 0.581560284375 0.533519553125 0.5886524828125 0.6620111734374999 0.6152482265625 0.7150837984375 0.6347517734375 0.712290503125 0.65957446875 0.6731843578125 0.673758865625 0.61173184375 0.673758865625 0.4944134078125 0.6666666671875 0.444134078125 0.641843971875 0.3491620109375 0.6134751765625001 0.28770949687499997 0.5833333328125 0.2513966484375 0.5585106390625 0.24581005625 0.5673758859375 0.30446927343749997 0.5638297875 0.4497206703125
0 0.487588653125 0.631284915625 0.4609929078125 0.6340782125 0.4609929078125 0.7011173187499999 0.47517730468749997 0.7737430171875 0.4946808515625 0.810055865625 0.517730496875 0.8072625703125 0.5248226953125 0.801675978125 0.5425531921875 0.7458100562500001 0.5531914890625 0.689944134375 0.5531914890625 0.622905028125 0.5567375890624999 0.61173184375 0.5531914890625 0.6061452515625 0.5514184390625 0.5083798875000001 0.5390070921875 0.5502793296874999 0.5088652484375 0.6089385468749999 0.487588653125 0.631284915625
0 0.52836879375 1 0.53191489375 0.9972067046875001 0.53191489375 0.8854748609374999 0.5212765953125 0.8240223468749999 0.512411346875 0.810055865625 0.49113475156249997 0.810055865625 0.47517730468749997 0.7793296093750001 0.46453900781249996 0.7402234640625001 0.4450354609375 0.7206703906249999 0.4379432625 0.7206703906249999 0.41134751718749996 0.7625698328125 0.41134751718749996 0.7849162015625 0.4326241140625 0.87988826875 0.4326241140625 0.8966480453125 0.4574468078125 0.980446928125 0.46985815625000005 1 0.484042553125 1 0.487588653125 1 0.52836879375 1
0 0.40780141875 1 0.41489361718750006 0.9916201125 0.41843971562500004 0.9301675984375001 0.421985815625 0.9245810062500001 0.41489361718750006 0.8072625703125 0.40780141875 0.768156425 0.40248226875000004 0.7597765359374999 0.3953900703125 0.7597765359374999 0.3634751765625 0.70949720625 0.3510638296875 0.7402234640625001 0.34042553125 0.7849162015625 0.326241134375 0.8128491625 0.326241134375 0.868715084375 0.329787234375 0.8743016765625 0.329787234375 0.9189944140625 0.3333333328125 0.9245810062500001 0.3368794328125 0.980446928125 0.34574468125 1 0.40780141875 1
0 0.30673758906250004 0.6815642453125 0.3031914890625 0.675977653125 0.2854609921875 0.675977653125 0.28191489375 0.6703910609375 0.2765957453125 0.6731843578125 0.25531914843750003 0.7625698328125 0.25531914843750003 0.8631284921875 0.267730496875 0.877094971875 0.28014184375 0.8743016765625 0.29255319218750003 0.8659217874999999 0.3333333328125 0.7960893859375 0.3546099296875 0.7234636875 0.3546099296875 0.7067039109375 0.35815602812499997 0.7011173187499999 0.35638297812499997 0.66480446875 0.3492907796875 0.66480446875 0.3351063828125 0.675977653125 0.3102836875 0.675977653125 0.30673758906250004 0.6815642453125
0 0.3031914890625 0.5474860328125 0.269503546875 0.589385475 0.262411346875 0.61173184375 0.265957446875 0.6508379890625 0.27482269531250003 0.66480446875 0.2890070921875 0.675977653125 0.3333333328125 0.6731843578125 0.34219858125 0.6703910609375 0.34574468125 0.66480446875 0.3528368796875 0.66480446875 0.35815602812499997 0.65642458125 0.35815602812499997 0.6284916203125 0.3546099296875 0.622905028125 0.3546099296875 0.5614525140625 0.34574468125 0.5586592171875 0.34219858125 0.553072625 0.3031914890625 0.5474860328125
0 0.232269503125 0.5139664796875001 0.203900709375 0.46368715156249996 0.200354609375 0.46368715156249996 0.18794326249999999 0.48324022343750006 0.173758865625 0.5391061453125 0.173758865625 0.5614525140625 0.170212765625 0.56703910625 0.170212765625 0.622905028125 0.19858156093749998 0.7011173187499999 0.20744680781249997 0.70949720625 0.2234042546875 0.7067039109375 0.232269503125 0.7039106140625 0.2588652484375 0.667597765625 0.262411346875 0.65642458125 0.262411346875 0.6061452515625 0.269503546875 0.589385475 0.269503546875 0.56703910625 0.2606382984375 0.53072625625 0.2429078015625 0.53072625625 0.237588653125 0.5167597765624999 0.232269503125 0.5139664796875001
0 0.106382978125 0.6061452515625 0.106382978125 0.622905028125 0.1028368796875 0.6284916203125 0.1028368796875 0.67877095 0.109929078125 0.7067039109375 0.140070921875 0.7541899437499999 0.15248226874999998 0.7513966484375 0.1648936171875 0.743016759375 0.1843971625 0.712290503125 0.1914893609375 0.689944134375 0.170212765625 0.622905028125 0.170212765625 0.555865921875 0.173758865625 0.5502793296874999 0.17553191562499998 0.5251396640625 0.15780141875 0.53072625625 0.1187943265625 0.5754189937499999 0.106382978125 0.6061452515625
0 0.15957446875 0.79050279375 0.15602836874999998 0.891061453125 0.170212765625 0.9581005593749999 0.1897163125 0.988826815625 0.2127659578125 0.9860335203125 0.22695035468750002 0.96927374375 0.25177305 0.8519553078125 0.25531914843750003 0.7178770953125 0.2429078015625 0.698324021875 0.22872340468750002 0.7150837984375 0.19680851093750001 0.7150837984375 0.18617021250000002 0.731843575 0.17198581562499998 0.7374301671875 0.1666666671875 0.7458100562500001 0.15957446875 0.79050279375
0 0.1631205671875 1 0.170212765625 0.980446928125 0.170212765625 0.9525139671874999 0.15602836874999998 0.8966480453125 0.15602836874999998 0.8128491625 0.1631205671875 0.7793296093750001 0.1613475171875 0.7486033515625 0.140070921875 0.7709497203125 0.11347517656249999 0.8184357546875001 0.0709219859375 0.9245810062500001 0.0531914890625 0.9860335203125 0.0531914890625 0.9972067046875001 0.0585106390625 1 0.1631205671875 1
0 0.0248226953125 0.7513966484375 0.014184396875 0.79050279375 0.014184396875 0.8519553078125 0.0212765953125 0.8854748609374999 0.0407801421875 0.88826815625 0.047872340624999996 0.8826815640625 0.0549645390625 0.899441340625 0.0638297875 0.8966480453125 0.09219858125 0.8519553078125 0.09574468124999999 0.8351955312499999 0.1347517734375 0.7513966484375 0.11347517656249999 0.7178770953125 0.1028368796875 0.6843575421875 0.1028368796875 0.645251396875 0.09751773124999999 0.6368715078125 0.0868794328125 0.6424581 0.0425531921875 0.712290503125 0.0248226953125 0.7513966484375
0 0.1950354609375 0.466480446875 0.1950354609375 0.410614525 0.18617021250000002 0.37988826875 0.16843971562499999 0.3743016765625 0.09397163124999999 0.4078212296875 0 0.533519553125 0.0035461 0.7011173187499999 0.0620567375 0.6536312843750001 0.1950354609375 0.466480446875
0 0.19326241093750002 0.0614525140625 0.140070921875 0.11731843593749999 0.109929078125 0.18156424531249998 0.1028368796875 0.220670390625 0.109929078125 0.265363128125 0.125886525 0.2849162015625 0.138297871875 0.2821229046875 0.15780141875 0.2737430171875 0.200354609375 0.2234636875 0.232269503125 0.20111731875 0.33156028437499996 0.1731843578125 0.3634751765625 0.122905028125 0.40425531875000004 0.108938546875 0.37765957499999997 0.0726256984375 0.3102836875 0.0391061453125 0.24645389999999998 0.0391061453125 0.19326241093750002 0.0614525140625
0 0.19858156093749998 0.32122905 0.1950354609375 0.3491620109375 0.19858156093749998 0.444134078125 0.22872340468750002 0.5083798875000001 0.23936170156249997 0.519553071875 0.25531914843750003 0.52234636875 0.2712765953125 0.5139664796875001 0.28014184375 0.5 0.294326240625 0.42737430156249995 0.294326240625 0.32681564218750003 0.3014184390625 0.265363128125 0.328014184375 0.17877095 0.27836879375 0.189944134375 0.2429078015625 0.2178770953125 0.2127659578125 0.27094972031250003 0.19858156093749998 0.32122905
0 0.17198581562499998 0.2625698328125 0.1329787234375 0.29050279375 0.125886525 0.29050279375 0.1046099296875 0.2625698328125 0.081560284375 0.310055865625 0.0709219859375 0.34357541875000003 0.0709219859375 0.37709497187499996 0.09042553125 0.4022346375 0.0992907796875 0.39944134062500003 0.1329787234375 0.39106145312499996 0.1897163125 0.3519553078125 0.19858156093749998 0.332402234375 0.19858156093749998 0.3156424578125 0.20921985781250002 0.2765363125 0.24113475156250003 0.21508379843749997 0.2251773046875 0.21229050312500003 0.21453900781250002 0.2234636875 0.20744680781249997 0.2234636875 0.17198581562499998 0.2625698328125
0 0 0.42737430156249995 0.0070921984375 0.42737430156249995 0.015957446875 0.42458100625000006 0.0407801421875 0.4022346375 0.0620567375 0.3966480453125 0.0709219859375 0.38826815625 0.0709219859375 0.3659217875 0.0673758859375 0.36033519531249997 0.0709219859375 0.354748603125 0.0709219859375 0.3379888265625 0.09219858125 0.2821229046875 0.1028368796875 0.265363128125 0.10106382968750001 0.2513966484375 0.09397163124999999 0.2513966484375 0.09042553125 0.256983240625 0.07624113437499999 0.256983240625 0.0726950359375 0.2625698328125 0.0620567375 0.2625698328125 0.0585106390625 0.26815642500000003 0.047872340624999996 0.26815642500000003 0.044326240625 0.2737430171875 0.0053191484375 0.29050279375 0 0.29888268125 0 0.42737430156249995
0 0.0656028375 0 0.0407801421875 0.016759776562500002 0 0.06983240156250001 0 0.16480446875000002 0.0053191484375 0.1731843578125 0.0602836875 0.1703910609375 0.08333333281250001 0.1620111734375 0.125886525 0.1284916203125 0.143617021875 0.0949720671875 0.1648936171875 0.0837988828125 0.1843971625 0.053072625 0.1507092203125 0 0.0656028375 0
0 0.6631205671875 0.4050279328125 0.6631205671875 0.43296089374999996 0.673758865625 0.48882681562499997 0.670212765625 0.667597765625 0.6879432624999999 0.712290503125 0.7145390078125 0.7541899437499999 0.730496453125 0.7513966484375 0.7570921984375001 0.743016759375 0.769503546875 0.7234636875 0.7765957453125 0.67877095 0.7730496453125 0.622905028125 0.762411346875 0.56703910625 0.734042553125 0.48324022343750006 0.7092198578125 0.42737430156249995 0.6932624109375001 0.4022346375 0.6755319156249999 0.39106145312499996 0.6631205671875 0.4050279328125
0 0.5851063828124999 0.8240223468749999 0.6028368796875 0.868715084375 0.627659575 0.9189944140625 0.6648936171875001 0.9776536312499999 0.6897163125 1 0.6950354609375 0.9972067046875001 0.7092198578125 0.980446928125 0.7092198578125 0.9245810062500001 0.6914893609375 0.8184357546875001 0.670212765625 0.7625698328125 0.65425531875 0.7374301671875 0.6258865250000001 0.7765363125 0.6046099296875 0.7765363125 0.59397163125 0.7597765359374999 0.5886524828125 0.768156425 0.5851063828124999 0.8240223468749999
0 0.7836879437500001 1 0.794326240625 0.9916201125 0.8014184390624999 0.9525139671874999 0.8049645390625001 0.8463687156249999 0.794326240625 0.756983240625 0.77836879375 0.675977653125 0.769503546875 0.7290502796875 0.7606382984375 0.743016759375 0.7464539 0.743016759375 0.7393617015625 0.765363128125 0.732269503125 0.7541899437499999 0.7287234046875 0.7597765359374999 0.7145390078125 0.7541899437499999 0.6897163125 0.7150837984375 0.6843971625 0.7178770953125 0.6843971625 0.7513966484375 0.6914893609375 0.8072625703125 0.702127659375 0.8463687156249999 0.705673759375 0.9022346375 0.71985815625 0.9581005593749999 0.734042553125 0.9916201125 0.7464539 1 0.7836879437500001 1
0 0.8865248234375 1 0.9007092203125 0.9972067046875001 0.9007092203125 0.8743016765625 0.890070921875 0.7849162015625 0.8812056734375 0.765363128125 0.8705673765625 0.7765363125 0.856382978125 0.7709497203125 0.8528368796875 0.7821229046875 0.8368794328125 0.768156425 0.794326240625 0.589385475 0.7712765953125 0.5418994406250001 0.7570921984375001 0.5363128484375 0.797872340625 0.768156425 0.8085106390625001 0.9413407828125001 0.8191489359374999 0.980446928125 0.8351063828124999 1 0.8865248234375 1
0 0.765957446875 0.5055865921875 0.769503546875 0.511173184375 0.765957446875 0.52234636875 0.7836879437500001 0.5502793296874999 0.797872340625 0.589385475 0.8333333328125001 0.756983240625 0.8528368796875 0.7765363125 0.856382978125 0.7709497203125 0.8652482265625 0.7737430171875 0.8794326234375 0.7625698328125 0.8971631203125 0.7011173187499999 0.8971631203125 0.589385475 0.8829787234375001 0.52234636875 0.8670212765624999 0.4916201125 0.8421985812499999 0.4972067046875 0.828014184375 0.4916201125 0.8102836874999999 0.46927374374999997 0.767730496875 0.46927374374999997 0.765957446875 0.5055865921875
0 0.893617021875 0.4944134078125 0.9007092203125 0.6508379890625 0.90425531875 0.65642458125 0.90425531875 0.712290503125 0.8971631203125 0.7234636875 0.8971631203125 0.734636871875 0.9148936171875001 0.7960893859375 0.9308510640625001 0.8156424578125 0.9468085109375 0.8128491625 0.955673759375 0.810055865625 0.9751773046875 0.7737430171875 0.9964539 0.7067039109375 0.9929078015625 0.578212290625 0.980496453125 0.5754189937499999 0.9450354609374999 0.5418994406250001 0.9255319156249999 0.5055865921875 0.9148936171875001 0.4720670390625 0.90248226875 0.46927374374999997 0.893617021875 0.4944134078125
0 1 0.3938547484375 0.96808510625 0.30446927343749997 0.9414893609374999 0.2737430171875 0.90602836875 0.2960893859375 0.890070921875 0.3156424578125 0.8865248234375 0.32681564218750003 0.890070921875 0.37709497187499996 0.9148936171875001 0.4720670390625 0.9361702125000001 0.52234636875 0.955673759375 0.553072625 0.9769503546875 0.5698324015625 0.9822695031249999 0.56703910625 1 0.555865921875 1 0.3938547484375
0 0.7074468078125 0.2960893859375 0.6985815609375 0.310055865625 0.6843971625 0.354748603125 0.6843971625 0.37709497187499996 0.6879432624999999 0.38826815625 0.71808510625 0.435754190625 0.7464539 0.45810055937499994 0.7570921984375001 0.45810055937499994 0.7606382984375 0.46368715156249996 0.8014184390624999 0.4608938546875 0.8102836874999999 0.45810055937499994 0.8262411343749999 0.4385474859375 0.8368794328125 0.410614525 0.8333333328125001 0.3938547484375 0.7996453906250001 0.34078212343750003 0.77836879375 0.31843575468749996 0.7464539 0.301675978125 0.735815603125 0.301675978125 0.732269503125 0.2960893859375 0.7074468078125 0.2960893859375
0 0.5407801421875 0.15642458125 0.5354609921875 0.1703910609375 0.5354609921875 0.19273742968750002 0.546099290625 0.220670390625 0.5620567375000001 0.23463687187499999 0.5656028375 0.22905027968749997 0.5691489359374999 0.2402234640625 0.59042553125 0.256983240625 0.65602836875 0.25418994375000004 0.7074468078125 0.23463687187499999 0.764184396875 0.20111731875 0.7730496453125 0.1871508375 0.765957446875 0.153631284375 0.7570921984375001 0.1396648046875 0.7393617015625 0.1396648046875 0.7003546093749999 0.122905028125 0.640070921875 0.122905028125 0.5656028375 0.1396648046875 0.5407801421875 0.15642458125
0 0.7570921984375001 0.21229050312500003 0.730496453125 0.2486033515625 0.732269503125 0.29050279375 0.7854609921875 0.324022346875 0.8120567375000001 0.32122905 0.90602836875 0.2960893859375 0.9379432624999999 0.2737430171875 0.96808510625 0.2262569828125 0.9414893609374999 0.1843575421875 0.9166666671874999 0.1620111734375 0.8953900703125001 0.1508379890625 0.859929078125 0.1508379890625 0.828014184375 0.17877095 0.7925531921875 0.1843575421875 0.7570921984375001 0.21229050312500003
0 0.5851063828124999 0.11452513906249999 0.59042553125 0.122905028125 0.59397163125 0.11173184375 0.5992907796875 0.12011173125 0.59397163125 0.1284916203125 0.7109929078125 0.122905028125 0.7606382984375 0.1396648046875 0.7748226953125 0.17877095 0.8120567375000001 0.175977653125 0.831560284375 0.1731843578125 0.84397163125 0.1480446921875 0.84042553125 0.131284915625 0.8173758859375001 0.0949720671875 0.7712765953125 0.055865921875 0.6613475171875 0.0279329609375 0.6187943265625 0.0279329609375 0.59751773125 0.0391061453125 0.5886524828125 0.06983240156250001 0.5851063828124999 0.11452513906249999
0 0.7925531921875 0.016759776562500002 0.7570921984375001 0.02234636875 0.7482269500000001 0.03072625625 0.7535461 0.0502793296875 0.767730496875 0.0502793296875 0.7996453906250001 0.0726256984375 0.8528368796875 0.1396648046875 0.875886525 0.1368715078125 0.9698581562499999 0.1284916203125 0.9946808515625 0.11731843593749999 1 0.0977653625 0.9964539 0.0586592171875 0.984042553125 0.0391061453125 0.9627659578125 0.0279329609375 0.8528368796875 0.0055865921875 0.8173758859375001 0.011173184375 0.8067375890624999 0.02234636875 0.7925531921875 0.016759776562500002