0 0.6026666671875 1 0.614 0.9630000000000001 0.6186666671875 0.931 0.6113333328125 0.9109999999999999 0.5886666671875 0.881 0.5433333328125001 0.844 0.5226666671875 0.833 0.4846666671875 0.8220000000000001 0.45933333281250005 0.817 0.44066666718749997 0.818 0.4153333328125 0.8300000000000001 0.3993333328125 0.843 0.37666666718749997 0.8710000000000001 0.3553333328125 0.924 0.3426666671875 0.9800000000000001 0.3406666671875 1 0.6026666671875 1
0 0.3406666671875 1 0.3546666671875 0.9369999999999999 0.37066666718749997 0.8869999999999999 0.37266666718749997 0.868 0.3633333328125 0.8320000000000001 0.352 0.806 0.308 0.754 0.294 0.745 0.2793333328125 0.742 0.2266666671875 0.742 0.2033333328125 0.754 0.1853333328125 0.77 0.1506666671875 0.82 0.13 0.874 0.1246666671875 0.897 0.1213333328125 0.93 0.1206666671875 0.961 0.1253333328125 0.974 0.1686666671875 1 0.3406666671875 1
0 0 0.889 0.038666667187499996 0.914 0.076 0.9289999999999999 0.11399999999999999 0.933 0.1226666671875 0.913 0.136 0.859 0.1513333328125 0.8230000000000001 0.1686666671875 0.7929999999999999 0.196 0.761 0.2 0.75 0.1993333328125 0.743 0.1666666671875 0.689 0.1266666671875 0.651 0.0773333328125 0.65 0.0513333328125 0.655 0.026000000000000002 0.6719999999999999 0.006 0.697 0 0.7070000000000001 0 0.749 0.0053333328125 0.774 0.0053333328125 0.794 0 0.8099999999999999 0 0.889
0 0.20600000000000002 0.679 0.21000000000000002 0.619 0.21600000000000003 0.5900000000000001 0.24133333281249997 0.5269999999999999 0.24333333281249997 0.516 0.2233333328125 0.485 0.1846666671875 0.45499999999999996 0.156 0.44699999999999995 0.1253333328125 0.45199999999999996 0.098 0.47400000000000003 0.07466666718750001 0.506 0.061333332812499995 0.546 0.0526666671875 0.628 0.0526666671875 0.647 0.061333332812499995 0.6519999999999999 0.11000000000000001 0.641 0.126 0.643 0.1826666671875 0.717 0.1946666671875 0.745 0.202 0.75 0.21200000000000002 0.747 0.21600000000000003 0.743 0.2173333328125 0.731 0.2106666671875 0.714 0.20600000000000002 0.679
0 0.36266666718749996 0.7929999999999999 0.3586666671875 0.753 0.36066666718749996 0.71 0.37733333281250003 0.64 0.404 0.5660000000000001 0.386 0.534 0.3553333328125 0.492 0.3346666671875 0.489 0.27799999999999997 0.492 0.25 0.51 0.2366666671875 0.5309999999999999 0.22599999999999998 0.5549999999999999 0.2153333328125 0.5900000000000001 0.2033333328125 0.6599999999999999 0.2033333328125 0.6849999999999999 0.21000000000000002 0.731 0.2133333328125 0.739 0.25666666718750003 0.738 0.3006666671875 0.75 0.33399999999999996 0.782 0.3513333328125 0.805 0.3533333328125 0.8119999999999999 0.36266666718749996 0.8160000000000001 0.36666666718749996 0.825 0.368 0.818 0.36266666718749996 0.7929999999999999
0 0.572 0.791 0.5713333328125 0.739 0.5780000000000001 0.663 0.5766666671875 0.647 0.5686666671875 0.617 0.5566666671875 0.592 0.5253333328124999 0.548 0.522 0.532 0.51 0.52 0.5033333328125 0.519 0.47933333281249996 0.533 0.45599999999999996 0.532 0.442 0.536 0.41 0.558 0.3913333328125 0.5900000000000001 0.37533333281250003 0.634 0.36266666718749996 0.6849999999999999 0.3566666671875 0.7230000000000001 0.356 0.745 0.36 0.784 0.37 0.8380000000000001 0.378 0.8619999999999999 0.3913333328125 0.8560000000000001 0.4246666671875 0.828 0.44333333281250004 0.82 0.46266666718750005 0.82 0.504 0.8300000000000001 0.5553333328125001 0.85 0.5686666671875 0.8460000000000001 0.572 0.791
0 0.7973333328125001 0.8 0.808 0.805 0.8186666671875 0.8039999999999999 0.8240000000000001 0.798 0.826 0.788 0.826 0.735 0.8226666671875 0.709 0.8099999999999999 0.658 0.7926666671875 0.612 0.78 0.591 0.7593333328125 0.5700000000000001 0.738 0.5549999999999999 0.712 0.546 0.6833333328125 0.545 0.6593333328125001 0.5519999999999999 0.6326666671875001 0.5690000000000001 0.616 0.5860000000000001 0.596 0.62 0.5826666671875 0.6599999999999999 0.5766666671875 0.687 0.5713333328125 0.734 0.5713333328125 0.795 0.5773333328125 0.836 0.5946666671874999 0.8869999999999999 0.6126666671875001 0.914 0.6193333328125 0.9400000000000001 0.622 0.9400000000000001 0.6253333328124999 0.93 0.6666666671875 0.873 0.6980000000000001 0.844 0.7426666671875 0.8230000000000001 0.7726666671875 0.8019999999999999 0.7973333328125001 0.8
0 0.9053333328125 1 0.9006666671874999 0.961 0.882 0.9179999999999999 0.866 0.8939999999999999 0.8433333328125 0.869 0.8146666671875 0.807 0.7946666671875 0.798 0.7693333328125 0.8019999999999999 0.7486666671875 0.8160000000000001 0.7073333328125 0.834 0.6773333328125 0.857 0.6546666671875 0.883 0.628 0.924 0.6186666671875 0.943 0.606 0.9869999999999999 0.6053333328125 1 0.9053333328125 1
0 0.2786666671875 0.24 0.2853333328125 0.21000000000000002 0.292 0.191 0.3066666671875 0.16499999999999998 0.29933333281249996 0.128 0.2906666671875 0.11200000000000002 0.2833333328125 0.10600000000000001 0.248 0.094 0.2166666671875 0.096 0.1926666671875 0.10800000000000001 0.17733333281250002 0.123 0.1553333328125 0.16299999999999998 0.1426666671875 0.20299999999999999 0.13533333281249998 0.24500000000000002 0.1373333328125 0.294 0.1406666671875 0.301 0.1486666671875 0.305 0.1606666671875 0.298 0.1853333328125 0.267 0.1993333328125 0.261 0.2146666671875 0.258 0.242 0.26 0.2653333328125 0.275 0.2713333328125 0.274 0.2766666671875 0.265 0.2786666671875 0.24
0 0.992 0.466 0.9933333328125 0.426 0.986 0.364 0.9566666671874999 0.314 0.9226666671875 0.284 0.9 0.273 0.8733333328124999 0.271 0.8480000000000001 0.27799999999999997 0.8220000000000001 0.292 0.8053333328125 0.308 0.79 0.32999999999999996 0.7686666671875 0.374 0.7593333328125 0.41200000000000003 0.756 0.45099999999999996 0.7566666671875 0.49800000000000005 0.768 0.558 0.7766666671875 0.577 0.8186666671875 0.614 0.8373333328125 0.624 0.8606666671875001 0.627 0.8720000000000001 0.611 0.8880000000000001 0.5780000000000001 0.9099999999999999 0.5509999999999999 0.9386666671875 0.529 0.984 0.507 0.992 0.466
0 1 0.511 0.9853333328125 0.509 0.958 0.516 0.9333333328125001 0.529 0.9086666671874999 0.548 0.8933333328125 0.5660000000000001 0.876 0.5940000000000001 0.8626666671875001 0.629 0.8553333328124999 0.6599999999999999 0.8546666671875001 0.693 0.8586666671875 0.742 0.8673333328125 0.787 0.884 0.829 0.908 0.876 0.932 0.9019999999999999 0.962 0.924 0.9833333328125 0.93 1 0.93 1 0.511
0 0.4106666671875 0.364 0.386 0.333 0.354 0.314 0.3353333328125 0.31 0.308 0.313 0.2746666671875 0.33599999999999997 0.2526666671875 0.361 0.23866666718750001 0.387 0.22799999999999998 0.43200000000000005 0.2293333328125 0.49400000000000005 0.24 0.518 0.2786666671875 0.492 0.3093333328125 0.489 0.3533333328125 0.495 0.362 0.501 0.378 0.523 0.38133333281250004 0.523 0.38533333281250004 0.504 0.388 0.441 0.394 0.414 0.4106666671875 0.364
0 0.542 0.5509999999999999 0.5453333328125 0.487 0.5633333328125001 0.418 0.5633333328125001 0.403 0.546 0.367 0.534 0.352 0.51 0.333 0.47933333281249996 0.329 0.4446666671875 0.33599999999999997 0.41600000000000004 0.362 0.40199999999999997 0.39 0.3906666671875 0.433 0.3866666671875 0.46799999999999997 0.38533333281250004 0.532 0.3926666671875 0.5549999999999999 0.4026666671875 0.5650000000000001 0.43933333281250003 0.541 0.45599999999999996 0.536 0.4813333328125 0.536 0.502 0.523 0.5113333328125 0.523 0.5206666671875 0.529 0.5286666671875 0.5549999999999999 0.5353333328125001 0.5589999999999999 0.542 0.5509999999999999
0 0.7553333328125 0.538 0.7566666671875 0.41900000000000004 0.7473333328125 0.394 0.7293333328125 0.363 0.6986666671874999 0.337 0.6679999999999999 0.32599999999999996 0.6306666671875 0.333 0.6046666671875001 0.35 0.5780000000000001 0.383 0.5593333328125001 0.43099999999999994 0.544 0.502 0.5453333328125 0.572 0.5653333328125 0.619 0.5726666671875 0.647 0.5820000000000001 0.6559999999999999 0.5900000000000001 0.637 0.6173333328124999 0.591 0.638 0.5700000000000001 0.6559999999999999 0.558 0.6846666671875 0.548 0.7093333328125 0.548 0.75 0.557 0.7553333328125 0.538
0 0.7646666671875 0.379 0.7726666671875 0.371 0.7866666671875 0.34199999999999997 0.8153333328124999 0.302 0.8286666671875 0.29100000000000004 0.8699999999999999 0.273 0.8873333328124999 0.272 0.9106666671875001 0.27999999999999997 0.9246666671874999 0.279 0.9279999999999999 0.221 0.9213333328125 0.199 0.9053333328125 0.16699999999999998 0.8873333328124999 0.145 0.8613333328125 0.124 0.8480000000000001 0.12 0.82 0.12 0.7953333328125 0.13 0.772 0.152 0.7533333328125 0.181 0.7393333328125 0.225 0.7373333328125 0.27 0.7406666671875 0.308 0.744 0.327 0.7553333328125 0.354 0.7546666671875 0.385 0.7586666671875 0.4 0.7646666671875 0.379
0 0.394 0.329 0.3933333328125 0.302 0.3966666671875 0.277 0.404 0.24500000000000002 0.4193333328125 0.20600000000000002 0.4186666671875 0.192 0.40133333281250005 0.16599999999999998 0.386 0.154 0.366 0.145 0.3453333328125 0.145 0.32799999999999996 0.15 0.31066666718749997 0.162 0.2926666671875 0.188 0.2853333328125 0.207 0.27799999999999997 0.24 0.27599999999999997 0.279 0.29133333281249996 0.319 0.31466666718749997 0.314 0.3446666671875 0.315 0.3913333328125 0.33599999999999997 0.394 0.329
0 0.4533333328125 0.335 0.4766666671875 0.32999999999999996 0.496 0.331 0.5213333328124999 0.343 0.546 0.369 0.5586666671875 0.371 0.5599999999999999 0.351 0.5573333328125 0.308 0.5606666671875 0.24100000000000002 0.5573333328125 0.229 0.5446666671875 0.20299999999999999 0.524 0.178 0.496 0.16399999999999998 0.4766666671875 0.16299999999999998 0.4493333328125 0.173 0.426 0.195 0.4146666671875 0.21200000000000002 0.4 0.251 0.3926666671875 0.288 0.3933333328125 0.34199999999999997 0.4046666671875 0.366 0.41 0.367 0.41600000000000004 0.366 0.438 0.344 0.4533333328125 0.335
0 0.646 0.329 0.662 0.32799999999999996 0.6853333328125 0.333 0.7213333328125 0.359 0.7353333328125 0.364 0.7406666671875 0.33999999999999997 0.7413333328125 0.315 0.7333333328125 0.24700000000000003 0.726 0.227 0.708 0.199 0.6826666671875 0.176 0.6613333328125 0.16699999999999998 0.64 0.16699999999999998 0.6186666671875 0.172 0.5986666671875 0.186 0.5786666671875 0.215 0.562 0.252 0.5553333328125001 0.292 0.5553333328125001 0.323 0.558 0.34500000000000003 0.5700000000000001 0.392 0.604 0.353 0.6273333328125 0.33599999999999997 0.646 0.329