0 0.49000000000000005 0.6861386140625 0.466 0.6821782171875 0.472 0.65049505 0.453 0.6356435640625 0.437 0.6376237625 0.425 0.653465346875 0.413 0.6415841578125 0.40099999999999997 0.6415841578125 0.391 0.659405940625 0.353 0.64356435625 0.356 0.6623762375 0.34199999999999997 0.666336634375 0.354 0.684158415625 0.34199999999999997 0.7019801984375 0.356 0.7178217828125 0.344 0.7297029703125 0.354 0.765346534375 0.33999999999999997 0.797029703125 0.33599999999999997 0.852475246875 0.34900000000000003 0.885148515625 0.394 0.9 0.446 0.852475246875 0.45599999999999996 0.8168316828125001 0.454 0.7772277234375 0.47800000000000004 0.7455445546874999 0.48 0.721782178125 0.49800000000000005 0.709900990625 0.47800000000000004 0.7019801984375 0.49000000000000005 0.6861386140625
0 0.6679999999999999 0.5039603953125 0.6719999999999999 0.48415841562499995 0.635 0.42772277187499996 0.621 0.4376237625 0.563 0.42772277187499996 0.5559999999999999 0.44851485156250004 0.538 0.45445544531250004 0.5700000000000001 0.5732673265625 0.5519999999999999 0.6207920796875 0.554 0.6861386140625 0.562 0.7019801984375 0.581 0.7128712875 0.618 0.7178217828125 0.633 0.714851484375 0.654 0.6821782171875 0.6519999999999999 0.6128712875 0.636 0.5792079203125 0.646 0.5653465343749999 0.644 0.5455445546875 0.654 0.5138613859375 0.6679999999999999 0.5039603953125
0 0.962 0.48613861406250003 0.93 0.46831683125 0.93 0.41881188125 0.9189999999999999 0.40198019843750005 0.881 0.4178217828125 0.869 0.43168316874999996 0.849 0.43564356406250004 0.826 0.47821782187500006 0.8220000000000001 0.5178217828125 0.836 0.5554455453125 0.8130000000000001 0.5603960390625 0.798 0.575247525 0.774 0.6366336640625 0.774 0.666336634375 0.794 0.678217821875 0.845 0.6514851484374999 0.857 0.653465346875 0.867 0.633663365625 0.89 0.624752475 0.8960000000000001 0.5613861390625 0.95 0.5198019796875 0.9480000000000001 0.50594059375 0.962 0.48613861406250003
0 0.534 0.325742575 0.511 0.297029703125 0.489 0.29306930625 0.475 0.308910890625 0.457 0.3009900984375 0.442 0.3079207921875 0.44800000000000006 0.3455445546875 0.46799999999999997 0.3772277234375 0.45 0.40693069375 0.45 0.4643564359375 0.457 0.475247525 0.472 0.4762376234375 0.493 0.415841584375 0.5 0.4702970296875 0.517 0.47326732656250003 0.53 0.4603960390625 0.526 0.4009900984375 0.512 0.38514851562499997 0.532 0.3574257421875 0.534 0.325742575
0 0.39609375 0.3296875 0.0703125 0.140625
0 0.1890625 0.515625 0.1328125 0.1296875
0 0.08828125 0.284375 0.0828125 0.1703125
0 0.825 0.1984375 0.0703125 0.1265625
0 0.68671875 0.28671875 0.075 0.165625
0 0.703125 0.4515625 0.0484375 0.14375
0 0.92890625 0.40546875 0.10625 0.13125
0 0.37109375 0.11640625 0.0671875 0.09375
0 0.27265625 0.2625 0.075 0.13125
0 0.22421875 0.1234375 0.0796875 0.1078125