0 0.8017241374999999 0.34913793125 0.8327586203124999 0.4198275859375 0.8655172406249999 0.5215517234375 0.90258620625 0.5672413796875 0.915517240625 0.5698275859375 0.9198275859375 0.563793103125 0.936206896875 0.5646551718749999 0.9413793109374999 0.5422413796875001 0.9258620687500001 0.438793103125 0.9034482765625 0.35258620625 0.8836206890625 0.32241379375 0.85086206875 0.31034482812499997 0.8267241375 0.313793103125 0.8068965515625001 0.32672413749999996 0.8017241374999999 0.34913793125
0 0.712068965625 0.33017241406250003 0.7017241375000001 0.35086206875000003 0.710344828125 0.409482759375 0.7913793109375 0.5318965515625 0.8448275859375001 0.585344828125 0.85086206875 0.57413793125 0.8594827593750001 0.57758620625 0.8655172406249999 0.5715517234374999 0.862068965625 0.5198275859375 0.813793103125 0.3732758625 0.7982758624999999 0.3422413796875 0.7784482765625 0.3206896546875 0.7543103453125 0.313793103125 0.7284482765625 0.3189655171875 0.712068965625 0.33017241406250003
0 0.5844827593749999 0.4836206890625 0.6017241375 0.48706896562499996 0.6172413796875 0.459482759375 0.62413793125 0.3767241375 0.6051724140625 0.3543103453125 0.6086206890625 0.3232758625 0.5801724140625 0.3189655171875 0.5689655171875 0.325 0.5827586203124999 0.3577586203125 0.57413793125 0.3836206890625 0.57586206875 0.45603448281250003 0.5844827593749999 0.4836206890625
0 0.5241379312500001 0.40603448281250004 0.5327586203125 0.4232758625 0.52586206875 0.438793103125 0.536206896875 0.4577586203125 0.5310344828125 0.4836206890625 0.5534482765625001 0.488793103125 0.5689655171875 0.45086206874999996 0.57413793125 0.3767241375 0.562068965625 0.3560344828125 0.563793103125 0.3215517234375 0.5336206890625 0.312068965625 0.5206896546875 0.3163793109375 0.5241379312500001 0.338793103125 0.534482759375 0.3543103453125 0.52586206875 0.3698275859375 0.5241379312500001 0.40603448281250004
0 0.48103448281250005 0.45086206874999996 0.490517240625 0.46896551718749996 0.5051724140625 0.4698275859375 0.515517240625 0.4577586203125 0.52241379375 0.425 0.52586206875 0.364655171875 0.5189655171875 0.34741379375000003 0.5034482765625 0.338793103125 0.5068965515625 0.31465517187500003 0.4836206890625 0.31034482812499997 0.487931034375 0.3422413796875 0.47586206875 0.35948275937499996 0.48103448281250005 0.45086206874999996
0 0.4431034484375 0.46637931093749996 0.45258620625 0.47586206875 0.462068965625 0.475 0.47241379375000003 0.46637931093749996 0.47758620625 0.44913793125 0.47413793125000003 0.36293103437499996 0.46034482812500005 0.3456896546875 0.47413793125000003 0.3181034484375 0.435344828125 0.312068965625 0.42586206875 0.325 0.4310344828125 0.35086206875000003 0.42413793125000004 0.3732758625 0.4431034484375 0.46637931093749996
0 0.37413793125 0.3715517234375 0.4051724140625 0.4732758625 0.4293103453125 0.47844827656250005 0.436206896875 0.4698275859375 0.43793103437500003 0.4456896546875 0.42413793125000004 0.3698275859375 0.41034482812500006 0.3456896546875 0.4310344828125 0.31465517187500003 0.3922413796875 0.312068965625 0.386206896875 0.3181034484375 0.387931034375 0.3422413796875 0.37413793125 0.3577586203125 0.37413793125 0.3715517234375
0 0.32931034531250003 0.3422413796875 0.32241379375 0.3801724140625 0.3431034484375 0.43706896562499997 0.375 0.48448275937499996 0.3913793109375 0.4836206890625 0.3965517234375 0.475 0.3948275859375 0.438793103125 0.37413793125 0.3681034484375 0.3517241375 0.3422413796875 0.3534482765625 0.325 0.34741379375000003 0.31551724062500003 0.33017241406250003 0.3068965515625 0.311206896875 0.3068965515625 0.31034482812499997 0.3181034484375 0.32931034531250003 0.3422413796875
0 0.23965517187500002 0.34741379375000003 0.2706896546875 0.44051724062500003 0.287931034375 0.45258620625 0.3017241375 0.4439655171875 0.3034482765625 0.41465517187499995 0.29482758593749997 0.35258620625 0.27586206875 0.3232758625 0.2793103453125 0.287068965625 0.275 0.2810344828125 0.22672413749999998 0.286206896875 0.22413793124999998 0.30258620625 0.2431034484375 0.32672413749999996 0.23965517187500002 0.34741379375000003
0 0.2206896546875 0.42155172343749997 0.2439655171875 0.4517241375 0.2534482765625 0.45086206874999996 0.2689655171875 0.43017241406249995 0.24482758593749998 0.3560344828125 0.237931034375 0.340517240625 0.21551724062500002 0.325 0.21724137968749999 0.2939655171875 0.20086206875 0.284482759375 0.185344828125 0.286206896875 0.17241379375000002 0.31465517187500003 0.187931034375 0.337068965625 0.2206896546875 0.42155172343749997
0 0.20258620624999998 0.45 0.213793103125 0.44913793125 0.22758620624999998 0.4318965515625 0.187931034375 0.34741379375000003 0.163793103125 0.3284482765625 0.1456896546875 0.289655171875 0.10603448281250001 0.29482758593749997 0.1 0.3043103453125 0.137931034375 0.335344828125 0.136206896875 0.35258620625 0.17758620625 0.425 0.20258620624999998 0.45
0 0.036206896875 0.312931034375 0.08448275937500001 0.34913793125 0.11379310312499999 0.41465517187499995 0.1543103453125 0.4568965515625 0.165517240625 0.4577586203125 0.17586206875 0.45431034531250003 0.1810344828125 0.435344828125 0.136206896875 0.35258620625 0.11637931093750001 0.339655171875 0.09913793125 0.337931034375 0.0663793109375 0.289655171875 0.054310345312499994 0.2931034484375 0.05258620625 0.3 0.042241379687500004 0.29827586250000004 0.036206896875 0.312931034375
0 0.0689655171875 0.4336206890625 0.0956896546875 0.4672413796875 0.1189655171875 0.4681034484375 0.12758620625 0.461206896875 0.12413793125000001 0.435344828125 0.08448275937500001 0.3577586203125 0.0698275859375 0.34482758593749996 0.0448275859375 0.340517240625 0.028448276562500003 0.2965517234375 0.0008620687499999999 0.2965517234375 0 0.32672413749999996 0.027586206250000002 0.35086206875000003 0.0689655171875 0.4336206890625
0 0.07413793125 0.46637931093749996 0.06206896562500001 0.425 0.027586206250000002 0.35948275937499996 0.0008620687499999999 0.34137931093749996 0 0.4232758625 0.0439655171875 0.47758620625 0.06034482812500001 0.47844827656250005 0.0681034484375 0.47758620625 0.07413793125 0.46637931093749996
0 0.07241379375 0.7267241375 0.063793103125 0.7439655171874999 0.065517240625 0.7715517234375 0.1448275859375 0.8698275859375 0.164655171875 0.8896551718750001 0.1793103453125 0.8905172406249999 0.187931034375 0.8784482765625 0.1793103453125 0.8267241375 0.12758620625 0.740517240625 0.112931034375 0.72413793125 0.0931034484375 0.7163793109375 0.0948275859375 0.6663793109375 0.0732758625 0.6465517234375 0.058620689062499995 0.659482759375 0.06034482812500001 0.6939655171875 0.07241379375 0.7267241375
0 0.0931034484375 0.6818965515625 0.1206896546875 0.711206896875 0.1206896546875 0.7318965515625 0.13275862031250002 0.74913793125 0.1456896546875 0.765517240625 0.15517241406249999 0.764655171875 0.165517240625 0.80258620625 0.186206896875 0.8370689656250001 0.211206896875 0.862068965625 0.2293103453125 0.8646551718750001 0.237931034375 0.8594827593750001 0.23965517187500002 0.8336206890625 0.21551724062500002 0.7853448281250001 0.21206896562500002 0.762931034375 0.175 0.7034482765625001 0.139655171875 0.6939655171875 0.12758620625 0.640517240625 0.10603448281250001 0.639655171875 0.0913793109375 0.6543103453125 0.0931034484375 0.6818965515625
0 0.13275862031250002 0.664655171875 0.17758620625 0.6956896546875 0.24137931093749998 0.8301724140625 0.259482759375 0.8517241375 0.2689655171875 0.85258620625 0.284482759375 0.8405172406249999 0.284482759375 0.8163793109374999 0.2586206890625 0.7336206890625 0.23965517187500002 0.6956896546875 0.21637931093749999 0.67758620625 0.1922413796875 0.6810344828125 0.162931034375 0.634482759375 0.14913793125000002 0.639655171875 0.13103448281250002 0.6543103453125 0.13275862031250002 0.664655171875
0 0.23620689687500002 0.6681034484375 0.24137931093749998 0.70086206875 0.27241379375 0.775 0.3034482765625 0.8198275859375 0.32586206875 0.8060344828125 0.32586206875 0.764655171875 0.2931034484375 0.6732758624999999 0.2715517234375 0.6551724140624999 0.2586206890625 0.6560344828125 0.2517241375 0.6198275859375 0.23362068906250003 0.5965517234375 0.2077586203125 0.6017241375 0.20517241406250003 0.614655171875 0.23620689687500002 0.6681034484375
0 0.289655171875 0.65086206875 0.29482758593749997 0.6801724140625 0.339655171875 0.79741379375 0.34741379375000003 0.8051724140625 0.363793103125 0.8043103453124999 0.37413793125 0.79741379375 0.37586206875 0.7836206890625 0.362068965625 0.69741379375 0.3431034484375 0.6456896546875 0.3172413796875 0.635344828125 0.31551724062500003 0.585344828125 0.29741379375 0.5827586203124999 0.24224137968749998 0.5965517234375 0.2431034484375 0.6077586203124999 0.289655171875 0.65086206875
0 0.3551724140625 0.6732758624999999 0.37586206875 0.725 0.40862068906250004 0.7818965515625 0.4181034484375 0.7913793109375 0.436206896875 0.7922413796875001 0.44482758593750005 0.7853448281250001 0.44655172343749994 0.764655171875 0.413793103125 0.65086206875 0.39913793124999997 0.634482759375 0.3793103453125 0.6301724140625 0.3560344828125 0.586206896875 0.3232758625 0.587931034375 0.3189655171875 0.59741379375 0.3586206890625 0.640517240625 0.3551724140625 0.6732758624999999
0 0.41206896562499995 0.6232758625 0.43793103437500003 0.6543103453125 0.43793103437500003 0.6853448281250001 0.44655172343749994 0.7146551718749999 0.5086206890625 0.79741379375 0.52758620625 0.8008620687500001 0.539655171875 0.7905172406250001 0.537931034375 0.775 0.4931034484375 0.662931034375 0.47672413750000003 0.65 0.459482759375 0.6482758625 0.42586206875 0.59741379375 0.4181034484375 0.5896551718749999 0.4043103453125 0.5896551718749999 0.4017241375 0.59913793125 0.41206896562499995 0.6232758625
0 0.537931034375 0.75086206875 0.562931034375 0.77586206875 0.5844827593749999 0.787068965625 0.5982758625 0.7767241375 0.6 0.759482759375 0.5431034484375 0.6543103453125 0.5267241375 0.6431034484375 0.5043103453125 0.6431034484375 0.461206896875 0.587931034375 0.42155172343749997 0.5896551718749999 0.46465517187499994 0.6431034484375 0.48965517187499996 0.6560344828125 0.537931034375 0.75086206875
0 0.57758620625 0.712931034375 0.6267241375 0.7568965515625 0.663793103125 0.7732758625 0.67586206875 0.7577586203125 0.6706896546875 0.7456896546875 0.6 0.6491379312500001 0.575 0.6310344828125001 0.54741379375 0.6310344828125001 0.50258620625 0.586206896875 0.488793103125 0.587931034375 0.4793103453125 0.60258620625 0.539655171875 0.6456896546875 0.57758620625 0.712931034375
0 0.6017241375 0.65258620625 0.67758620625 0.761206896875 0.687068965625 0.77241379375 0.7051724140625 0.775 0.7172413796875 0.762931034375 0.715517240625 0.7456896546875 0.6603448281250001 0.6422413796875001 0.6439655171875 0.6293103453125 0.6206896546875 0.6232758625 0.611206896875 0.57586206875 0.561206896875 0.57758620625 0.57241379375 0.60258620625 0.6 0.6301724140625 0.6017241375 0.65258620625
0 0.7189655171875 0.759482759375 0.7336206890625 0.77758620625 0.75 0.7784482765625 0.761206896875 0.77586206875 0.763793103125 0.7663793109375 0.7189655171875 0.6422413796875001 0.7060344828125 0.62586206875 0.6827586203125 0.6163793109375 0.6732758624999999 0.57241379375 0.6422413796875001 0.57241379375 0.6603448281250001 0.6232758625 0.662068965625 0.64741379375 0.7189655171875 0.759482759375
0 0.7793103453125 0.7698275859375 0.8 0.775 0.813793103125 0.7681034484375 0.813793103125 0.74913793125 0.77241379375 0.6422413796875001 0.7482758625 0.6232758625 0.7413793109375 0.5715517234374999 0.6836206890625001 0.57241379375 0.684482759375 0.585344828125 0.7206896546875 0.635344828125 0.75 0.7232758625 0.7793103453125 0.7698275859375