0 0.5599123328125 0.21963775000000002 0.536235 0.22813425 0.5285306671875001 0.24710025 0.524172 0.2562545 0.524172 0.27979375 0.5407346671875 0.30006374999999996 0.567758 0.30987175 0.5912946671875 0.30921775 0.618318 0.30202524999999997 0.6348806671875 0.27913975 0.631394 0.25167725 0.6078573328125 0.22944575 0.5843206671875001 0.22094550000000002 0.5599123328125 0.21963775000000002
0 0.5206850000000001 0.288294 0.5058656671875 0.28502475 0.47535533281250003 0.29417875000000004 0.460536 0.308564 0.4535623328125 0.32752625 0.45617733281249995 0.34845000000000004 0.4709966671875 0.36479675 0.4962766671875 0.3759125 0.536376 0.36741225 0.5538103328124999 0.35433475 0.564271 0.338642 0.558169 0.31510275 0.5433496671875 0.29744825 0.5206850000000001 0.288294
0 0.447692 0.32533975000000004 0.4259603328125 0.3054165 0.396538 0.2994405 0.36800866718749997 0.3054165 0.3466793328125 0.3168875 0.3390326671875 0.33530125 0.341045 0.356734 0.3559353328125 0.3823925 0.3824966671875 0.397486 0.39094766718749996 0.40714575000000003 0.4142893328125 0.40744749999999996 0.437631 0.40020274999999994 0.448497 0.38420375 0.4537286671875 0.3573375 0.447692 0.32533975000000004
0 0.30925199999999997 0.37061975 0.306435 0.3506965 0.29355699999999996 0.333792 0.2778616671875 0.3211135 0.260154 0.31175575 0.23761733281250003 0.308737 0.21838766718749997 0.30751325 0.1929463328125 0.324434 0.18610466718750002 0.33439575 0.1853 0.35220575 0.18892199999999998 0.36850675 0.202605 0.38209075000000003 0.21347100000000002 0.39688225 0.24043433281249998 0.40442900000000004 0.2665933328125 0.40654199999999996 0.2907396671875 0.399901 0.303618 0.38752425 0.30925199999999997 0.37061975
0 0.3897406671875 0.40893274999999996 0.3776673328125 0.39444325 0.3607646671875 0.38659475 0.3270283328125 0.384467 0.3048253328125 0.390519 0.2843006671875 0.40712149999999997 0.2730323328125 0.42493175 0.2722273328125 0.449383 0.28510566718749997 0.4687025 0.299191 0.476853 0.32052033281250003 0.47956975 0.3434596671875 0.4801735 0.3676063328125 0.4732305 0.3833013328125 0.45511850000000004 0.3917526671875 0.43036525000000003 0.3897406671875 0.40893274999999996
0 0.5096683328125 0.437912 0.484717 0.41919625 0.455741 0.4095365 0.437178 0.40710050000000003 0.42153333281250005 0.41014025 0.40785033281249994 0.41949825 0.401009 0.43066725000000006 0.3989966671875 0.45119425 0.404631 0.46990999999999994 0.42113100000000003 0.48832375 0.4396433328125 0.49737975 0.46781433281249996 0.504021 0.4915583328125 0.49888925000000006 0.511278 0.48681450000000004 0.5197293328125 0.458741 0.5096683328125 0.437912
0 0.6868203328125 0.35673875 0.681991 0.33228749999999996 0.6666983328125 0.31447725000000004 0.6353463328125 0.30260950000000003 0.6143806671875 0.30270450000000004 0.5970756671874999 0.306327 0.5801733328124999 0.31809975 0.5685023328125001 0.340438 0.5713196671875 0.36337975 0.5846 0.36911525 0.596271 0.3730395 0.6067343328125 0.38300125 0.6115636671875 0.387831 0.6357103328125 0.3911515 0.6671006671875 0.38179375000000004 0.6868203328125 0.35673875
0 0.5121606671875 0.372711 0.4936483328125 0.39384175 0.492001 0.41502225 0.5077336671875 0.4394235 0.5270509999999999 0.4518 0.5596486671875 0.45421500000000004 0.5829903328125 0.44787575 0.609149 0.43157500000000004 0.61921 0.408633 0.6111613328125001 0.38931375 0.5906366671875001 0.37089975000000003 0.5693073328125 0.36606974999999997 0.5431486671875 0.36516424999999997 0.5121606671875 0.372711
0 0.7378136671875 0.41950025 0.7205086671875 0.397766 0.6999839999999999 0.386295 0.6794596671875001 0.38086125000000004 0.6509383328125 0.38748475 0.632374 0.392936 0.6219103328125 0.40833125 0.6166786671875 0.4213115 0.6174836671875 0.438518 0.6291543328125 0.449989 0.6436423328124999 0.45844125 0.653301 0.46961025 0.6754353328125 0.475044 0.7023986671875 0.47685500000000003 0.7293623328125001 0.467799 0.7406306671875 0.44455524999999996 0.7378136671875 0.41950025
0 0.5985686671875 0.44348025 0.563154 0.4540455 0.5503453328125001 0.46896525 0.5442389999999999 0.49117525000000006 0.5538976671875 0.5092872500000001 0.5663733328125 0.528003 0.5985686671875 0.539474 0.6231176671875 0.539474 0.652496 0.5249842499999999 0.6593376671875 0.5023442499999999 0.6573253328125 0.4742705 0.6363983328125 0.45434725 0.6203006671875 0.446197 0.5985686671875 0.44348025
0 0.737166 0.57573825 0.761378 0.5569715000000001 0.769449 0.5388105000000001 0.7659516671875 0.513183 0.7559976671874999 0.49461825 0.7412013328125 0.4827125 0.7199486671875001 0.47706225 0.688984 0.4791655 0.6755596671874999 0.48533575000000007 0.6639916671874999 0.49582899999999996 0.6578043328125001 0.5059185 0.6545759999999999 0.516008 0.6516166671875 0.52347425 0.6516166671875 0.53316025 0.6526926671875 0.545066 0.6618396671875 0.5547519999999999 0.6739456671874999 0.56605225 0.689011 0.57755425 0.7051523328125 0.58239725 0.737166 0.57573825
0 0.4589623328125 0.52065125 0.4390896671875 0.5076685000000001 0.4047523328125 0.503657 0.364728 0.51776625 0.3448556671875 0.5288255000000001 0.337804 0.5509442499999999 0.3416503328125 0.56777375 0.36216400000000004 0.595182 0.3974216671875 0.601433 0.430756 0.59566275 0.44998766718749994 0.586046 0.467296 0.5658505 0.467296 0.54036575 0.4589623328125 0.52065125
0 0.6370036671875 0.53889175 0.61649 0.53889175 0.5914253328125 0.5427142500000001 0.57354 0.547547 0.5600776671875 0.56678075 0.5600776671875 0.58505275 0.5677703328125 0.60621 0.589566 0.6196735 0.6107206671875 0.6254435 0.6370036671875 0.62207775 0.6600813328124999 0.608614 0.6722613328125 0.58649525 0.668415 0.56245325 0.6498246671875 0.541777 0.6370036671875 0.53889175
0 0.18384866718749998 0.36285525 0.1537193328125 0.35035325 0.11141033281249998 0.34746825000000003 0.087488 0.35644149999999997 0.0729473328125 0.36910625 0.067178 0.38545474999999996 0.069101 0.40276525 0.082563 0.42103725000000003 0.0998713328125 0.433539 0.136411 0.44363675 0.1569246671875 0.44267500000000004 0.1812846671875 0.436905 0.2037213328125 0.42536474999999996 0.2114136671875 0.40468849999999995 0.200516 0.3801655 0.18384866718749998 0.36285525
0 0.12855733281249998 0.487831 0.139455 0.5051415 0.1555876671875 0.5204815 0.190739 0.5296645 0.22279133281250002 0.52726025 0.24009966718750003 0.51764325 0.24715133281249999 0.49840975 0.2663826671875 0.478695 0.256767 0.46282724999999997 0.2381766671875 0.44792125 0.2080473328125 0.4359 0.1683023328125 0.43974675 0.138173 0.45849975 0.12855733281249998 0.487831
0 0.2848013328125 0.63903575 0.3001866671875 0.622687 0.3123666671875 0.59575975 0.3030033328125 0.5763635 0.28544233281250003 0.56162 0.26621100000000003 0.5572922499999999 0.2450563328125 0.5558497499999999 0.2232606671875 0.5572922499999999 0.20082399999999997 0.5683517499999999 0.1790283328125 0.58998975 0.1790283328125 0.60970425 0.18928533281249998 0.6303805 0.21556799999999998 0.646729 0.254031 0.64480575 0.2848013328125 0.63903575
0 0.6330336671875 0.6622125 0.6002383328125 0.657482 0.56957 0.66413575 0.5522616671875 0.6771185 0.5458510000000001 0.6896205 0.5413636671875001 0.70885425 0.5490563328125 0.739628 0.572775 0.75741925 0.6131613328125 0.76222775 0.64906 0.76078525 0.676625 0.7295305 0.6759839999999999 0.69635225 0.6529063328125 0.67231 0.6330336671875 0.6622125
0 0.4041793328125 0.6944287499999999 0.3759733328125 0.6896205 0.3510736671875 0.6905305 0.3246893328125 0.7069307499999999 0.31122733281250003 0.72520275 0.306099 0.737224 0.306099 0.755015 0.31507366718749996 0.7718445 0.3394336671875 0.78819325 0.371486 0.7891549999999999 0.4061026671875 0.782904 0.4285393328125 0.76367025 0.4362316671875 0.74058975 0.4330266671875 0.7165477499999999 0.4041793328125 0.6944287499999999
0 0.530466 0.5852775 0.5016186671875 0.58479675 0.46484033281250003 0.58477575 0.45354 0.5992219999999999 0.4554633328125 0.61797475 0.45866866718750005 0.6396127500000001 0.47405366718749997 0.65499975 0.49456733281250004 0.67038675 0.518286 0.6771185 0.5503383328125 0.67808025 0.5746983328125 0.663655 0.5888013328125 0.65019125 0.584955 0.623745 0.5580309999999999 0.596337 0.530466 0.5852775
0 0.7198629999999999 0.6096735 0.720414 0.623232 0.7256323328125001 0.6375625 0.746787 0.6620855 0.7826856671875 0.6692980000000001 0.8205076671875 0.6620855 0.8365336671874999 0.6414092499999999 0.8339693328125 0.6067885000000001 0.8121740000000001 0.57793775 0.786532 0.5635125000000001 0.7384533328125 0.56880175 0.7224269999999999 0.59188225 0.7198629999999999 0.6096735
0 0.404467 0.7789302499999999 0.3967406671875 0.8046975 0.404467 0.83230375 0.416006 0.8500949999999999 0.4352373328125 0.86452025 0.4679306671875 0.86500125 0.49998333281249996 0.8524992499999999 0.5166506671875 0.8270145 0.5166506671875 0.7962405 0.4993423328125 0.77700675 0.471777 0.76210075 0.44292999999999993 0.75777325 0.404467 0.7789302499999999
0 0.3948513328125 0.81307 0.3730556671875 0.8010490000000001 0.3435673328125 0.79864475 0.310233 0.80489575 0.2826676671875 0.831823 0.2756163328125 0.8496142499999999 0.2768983328125 0.86788625 0.2961296671875 0.89240925 0.324336 0.904911 0.362799 0.90010275 0.39741533281249997 0.8794264999999999 0.40510799999999997 0.85826925 0.40510799999999997 0.8395165 0.3948513328125 0.81307
0 0 0.229 0.0033333328125 0.23275 0.014333332812499999 0.24 0.0203333328125 0.2455 0.0256666671875 0.24825 0.038333332812499996 0.2515 0.051000000000000004 0.25125000000000003 0.0846666671875 0.24575 0.11233333281249999 0.238 0.143 0.23349999999999999 0.17733333281250002 0.227 0.1993333328125 0.221 0.21033333281250002 0.21600000000000003 0.213 0.21175000000000002 0.2136666671875 0.20099999999999998 0.21000000000000002 0.18825 0.1846666671875 0.136 0.178 0.126 0.16299999999999998 0.1085 0.148 0.09925 0.11033333281249999 0.08549999999999999 0.0873333328125 0.081 0.061 0.08025 0.046 0.08225 0.0276666671875 0.0875 0.0053333328125 0.09975 0 0.10500000000000001 0 0.229
0 0.1896666671875 0.141 0.20033333281250001 0.1615 0.20800000000000002 0.17175 0.2176666671875 0.18025 0.229 0.18575 0.24066666718750002 0.1885 0.2513333328125 0.1875 0.267 0.18425 0.2916666671875 0.184 0.318 0.1815 0.3543333328125 0.17350000000000002 0.36633333281249997 0.17250000000000001 0.38166666718750003 0.1695 0.3946666671875 0.16525 0.4056666671875 0.1575 0.41200000000000003 0.1505 0.41600000000000004 0.14075 0.417 0.125 0.4146666671875 0.11374999999999999 0.4056666671875 0.08925 0.3996666671875 0.08199999999999999 0.395 0.073 0.3823333328125 0.062 0.37733333281250003 0.06 0.364 0.058499999999999996 0.343 0.060750000000000005 0.331 0.0605 0.2916666671875 0.063 0.2656666671875 0.07125000000000001 0.2146666671875 0.079 0.20400000000000001 0.08275 0.1993333328125 0.086 0.1923333328125 0.0965 0.186 0.11225 0.1863333328125 0.1285 0.1896666671875 0.141
0 0.45533333281250005 0.13925 0.4613333328125 0.14850000000000002 0.46733333281249995 0.15275 0.4803333328125 0.15525 0.49533333281249997 0.15525 0.5166666671875 0.15275 0.5549999999999999 0.14425 0.5936666671874999 0.1405 0.608 0.13799999999999998 0.625 0.13274999999999998 0.6396666671875 0.1255 0.646 0.11274999999999999 0.6483333328125 0.1 0.6486666671875 0.08775 0.646 0.07525 0.637 0.05475 0.6323333328125 0.03925 0.6243333328125 0.026750000000000003 0.6093333328125 0.01075 0.5996666671875001 0.0052499999999999995 0.5916666671875 0.0035000000000000005 0.5820000000000001 0.004 0.5690000000000001 0.00625 0.5043333328124999 0.020499999999999997 0.46799999999999997 0.03125 0.4563333328125 0.038 0.4493333328125 0.050249999999999996 0.44733333281250004 0.059250000000000004 0.44333333281250004 0.0875 0.44400000000000006 0.10275000000000001 0.4463333328125 0.11625 0.45533333281250005 0.13925
0 0.0363333328125 0.55525 0.041999999999999996 0.56025 0.05 0.564 0.0773333328125 0.56425 0.118 0.55575 0.1273333328125 0.55175 0.134 0.5417500000000001 0.1403333328125 0.52225 0.1403333328125 0.5175 0.128 0.4765 0.1243333328125 0.47300000000000003 0.1193333328125 0.4715 0.10066666718749999 0.46849999999999997 0.0886666671875 0.46849999999999997 0.0616666671875 0.47050000000000003 0.0486666671875 0.47300000000000003 0.036 0.47750000000000004 0.0206666671875 0.487 0.0146666671875 0.49775 0.0116666671875 0.5075000000000001 0.012 0.51725 0.0166666671875 0.5295 0.02 0.5345 0.028999999999999998 0.5435 0.0363333328125 0.55525
0 0.10700000000000001 0.653 0.1136666671875 0.6559999999999999 0.141 0.65325 0.16399999999999998 0.6485000000000001 0.1786666671875 0.64675 0.184 0.644 0.1856666671875 0.64 0.1863333328125 0.633 0.1813333328125 0.61825 0.1816666671875 0.60375 0.1856666671875 0.5905 0.194 0.57675 0.199 0.5715 0.1993333328125 0.5685 0.188 0.5582499999999999 0.18 0.5549999999999999 0.1646666671875 0.5525 0.137 0.55175 0.1246666671875 0.55275 0.10333333281249998 0.55625 0.0903333328125 0.561 0.0816666671875 0.56875 0.0763333328125 0.58375 0.0743333328125 0.5934999999999999 0.07466666718750001 0.607 0.0803333328125 0.6205 0.08966666718750001 0.63525 0.10133333281250001 0.6485000000000001 0.10700000000000001 0.653
0 0.096 0.728 0.1086666671875 0.73575 0.1366666671875 0.7462500000000001 0.1506666671875 0.74875 0.1663333328125 0.7474999999999999 0.1866666671875 0.7422500000000001 0.20099999999999998 0.737 0.2173333328125 0.7342500000000001 0.22000000000000003 0.732 0.2176666671875 0.72175 0.21033333281250002 0.714 0.2066666671875 0.7082499999999999 0.20366666718749998 0.6980000000000001 0.20366666718749998 0.693 0.20600000000000002 0.6809999999999999 0.21033333281250002 0.6705 0.2153333328125 0.6639999999999999 0.22233333281249998 0.65925 0.22200000000000003 0.6565000000000001 0.2173333328125 0.6527499999999999 0.20600000000000002 0.6465 0.191 0.6425 0.185 0.64225 0.14566666718750002 0.64775 0.128 0.653 0.1156666671875 0.65825 0.10200000000000001 0.666 0.0856666671875 0.67775 0.0803333328125 0.6837500000000001 0.07766666718750001 0.6952499999999999 0.0793333328125 0.70625 0.0816666671875 0.712 0.0883333328125 0.72175 0.096 0.728
0 0.1876666671875 0.83725 0.20099999999999998 0.83675 0.225 0.8327500000000001 0.24700000000000003 0.8307499999999999 0.259 0.82775 0.2626666671875 0.8255000000000001 0.266 0.8215 0.277 0.7955 0.282 0.76925 0.279 0.749 0.2763333328125 0.74425 0.2703333328125 0.7405 0.257 0.73675 0.231 0.73375 0.2206666671875 0.73375 0.1916666671875 0.73675 0.1586666671875 0.74725 0.1546666671875 0.7497499999999999 0.1516666671875 0.7537499999999999 0.145 0.7695000000000001 0.144 0.78575 0.15 0.8022500000000001 0.158 0.8140000000000001 0.173 0.83025 0.1803333328125 0.835 0.1876666671875 0.83725
0 0.20400000000000001 0.951 0.2153333328125 0.951 0.22000000000000003 0.95 0.255 0.9369999999999999 0.2616666671875 0.93225 0.2676666671875 0.9259999999999999 0.2743333328125 0.9125 0.2783333328125 0.8865000000000001 0.2743333328125 0.8625 0.2733333328125 0.8435 0.2706666671875 0.83625 0.2666666671875 0.8320000000000001 0.2616666671875 0.83025 0.2526666671875 0.82925 0.177 0.841 0.1656666671875 0.8470000000000001 0.1566666671875 0.86 0.1543333328125 0.875 0.16299999999999998 0.9125 0.1696666671875 0.9179999999999999 0.17533333281250002 0.9252499999999999 0.1813333328125 0.9305 0.189 0.9407500000000001 0.2006666671875 0.9497500000000001 0.20400000000000001 0.951
0 0.0533333328125 0.876 0.062333332812499996 0.883 0.0736666671875 0.8875 0.0883333328125 0.8877499999999999 0.101 0.8852499999999999 0.135 0.875 0.1463333328125 0.8705 0.1543333328125 0.8640000000000001 0.1756666671875 0.837 0.175 0.8335000000000001 0.1686666671875 0.8227499999999999 0.1426666671875 0.78425 0.1376666671875 0.7805 0.12833333281249998 0.77675 0.11699999999999999 0.7735000000000001 0.11299999999999999 0.77325 0.10033333281250001 0.7765 0.0873333328125 0.78175 0.05 0.78975 0.033 0.79925 0.0276666671875 0.8087500000000001 0.025333332812499998 0.82175 0.025 0.8335000000000001 0.0293333328125 0.8442500000000001 0.033 0.84975 0.0426666671875 0.8595 0.0533333328125 0.876
0 0.0426666671875 0.95 0.048 0.96225 0.0516666671875 0.9664999999999999 0.0653333328125 0.97675 0.0736666671875 0.9807499999999999 0.08333333281250001 0.982 0.0956666671875 0.982 0.1143333328125 0.9795 0.12933333281249998 0.97525 0.1373333328125 0.9710000000000001 0.147 0.9675 0.156 0.9630000000000001 0.159 0.95975 0.16299999999999998 0.95 0.1613333328125 0.9390000000000001 0.1623333328125 0.924 0.1556666671875 0.8880000000000001 0.1506666671875 0.87225 0.1453333328125 0.8699999999999999 0.1403333328125 0.8692500000000001 0.121 0.8775000000000001 0.10033333281250001 0.8835000000000001 0.087 0.88575 0.0773333328125 0.8862500000000001 0.0596666671875 0.8845000000000001 0.0533333328125 0.8855000000000001 0.051000000000000004 0.8875 0.049333332812500005 0.9109999999999999 0.044666667187499995 0.9244999999999999 0.0426666671875 0.9375 0.0426666671875 0.95
0 0.73984375 0.05234375 0.2 0.1046875
0 0.04921875 0.74140625 0.0984375 0.0984375
0 0.0578125 0.4296875 0.115625 0.0859375
0 0.05234375 0.6375 0.1046875 0.0984375