0 0.2656666671875 0.7105 0.2883333328125 0.7255 0.3136666671875 0.73725 0.3636666671875 0.753 0.378 0.756 0.4166666671875 0.7615000000000001 0.44333333281250004 0.76325 0.5086666671875 0.761 0.5176666671875 0.7595 0.5416666671875 0.75275 0.5543333328125 0.7464999999999999 0.5773333328125 0.738 0.5856666671874999 0.73175 0.5956666671875 0.7264999999999999 0.6046666671875001 0.71825 0.615 0.7135 0.6193333328125 0.70925 0.6293333328124999 0.7025 0.65 0.6835 0.6756666671875 0.6335 0.687 0.5962500000000001 0.6916666671875 0.55925 0.6903333328125 0.53175 0.6816666671875 0.49225 0.673 0.47325 0.661 0.45425000000000004 0.6546666671875 0.44725000000000004 0.6493333328124999 0.43899999999999995 0.6433333328125 0.43375 0.6373333328124999 0.42575 0.6306666671875 0.4205 0.627 0.41600000000000004 0.6166666671875001 0.41 0.5983333328125 0.394 0.5903333328125 0.38875000000000004 0.5786666671875 0.38475000000000004 0.5683333328125 0.37875000000000003 0.5599999999999999 0.37575 0.5173333328124999 0.36875 0.506 0.3655 0.4933333328125 0.36625 0.4703333328125 0.37374999999999997 0.42800000000000005 0.383 0.366 0.384 0.3536666671875 0.38475000000000004 0.3396666671875 0.387 0.3293333328125 0.38975 0.302 0.40075000000000005 0.2823333328125 0.41125 0.26233333281250004 0.42350000000000004 0.24333333281249997 0.43875000000000003 0.2296666671875 0.4525 0.2126666671875 0.47325 0.20099999999999998 0.4925 0.1973333328125 0.502 0.1903333328125 0.5285 0.1873333328125 0.5507500000000001 0.187 0.5715 0.189 0.59275 0.1923333328125 0.609 0.2006666671875 0.63525 0.21433333281250003 0.659 0.221 0.6655 0.2253333328125 0.6719999999999999 0.2323333328125 0.678 0.2383333328125 0.6855 0.2463333328125 0.6915 0.2526666671875 0.6990000000000001 0.2656666671875 0.7105
0 0.6736666671875 0.9782500000000001 0.6849999999999999 0.97325 0.6993333328125 0.9630000000000001 0.7096666671875 0.9494999999999999 0.7153333328125 0.93575 0.7183333328125 0.91275 0.7176666671875 0.88225 0.7136666671875 0.8615 0.709 0.84975 0.6963333328125 0.8307499999999999 0.6836666671875 0.8205 0.671 0.81525 0.6593333328125001 0.81275 0.595 0.8150000000000001 0.5820000000000001 0.8162499999999999 0.572 0.8205 0.5546666671875 0.833 0.542 0.85075 0.5373333328125 0.86025 0.5333333328125 0.87325 0.528 0.8985 0.5276666671875 0.9125 0.5293333328125 0.924 0.532 0.93625 0.537 0.95 0.545 0.96175 0.5513333328125001 0.9662499999999999 0.5606666671875 0.97 0.5846666671875 0.975 0.6083333328125 0.9782500000000001 0.645 0.982 0.6596666671875 0.9814999999999999 0.6736666671875 0.9782500000000001
0 0.8390000000000001 0.9945 0.857 0.9897500000000001 0.8826666671875 0.97675 0.899 0.96325 0.9096666671875001 0.9492499999999999 0.9216666671875 0.92325 0.9276666671875 0.9012499999999999 0.9266666671875001 0.884 0.922 0.8605 0.916 0.8484999999999999 0.9033333328125 0.8320000000000001 0.8853333328125 0.82025 0.8596666671875001 0.8109999999999999 0.8483333328124999 0.8082499999999999 0.8323333328125001 0.8085000000000001 0.7983333328125 0.81175 0.7826666671875 0.81775 0.754 0.8397500000000001 0.74 0.8539999999999999 0.73 0.868 0.7266666671875 0.87475 0.7230000000000001 0.8869999999999999 0.7216666671875 0.90025 0.7203333328125 0.923 0.7203333328125 0.9375 0.7216666671875 0.94425 0.7233333328125 0.95 0.7273333328125 0.9570000000000001 0.7313333328125 0.9630000000000001 0.7373333328125 0.96875 0.7556666671875 0.9810000000000001 0.796 0.99375 0.8066666671875 0.9957499999999999 0.818 0.9964999999999999 0.8390000000000001 0.9945
0 0.902404 0.77276375 0.910404 0.76301375 0.9220706671875 0.7417637499999999 0.9297373328124999 0.71801375 0.9327373328125 0.69951375 0.9327373328125 0.69201375 0.9297373328124999 0.68001375 0.9237373328125 0.66826375 0.9167373328125 0.66001375 0.8997373328125 0.64476375 0.8887373328124999 0.63776375 0.8720706671875 0.63201375 0.8467373328125 0.62526375 0.8357373328125 0.62376375 0.821404 0.62376375 0.815404 0.62476375 0.8037373328124999 0.62776375 0.780404 0.63926375 0.7677373328125 0.6470137499999999 0.738404 0.66851375 0.7297373328125001 0.67976375 0.7264039999999999 0.68726375 0.720404 0.70501375 0.718404 0.72226375 0.7180706671875 0.74576375 0.7197373328125 0.75651375 0.7320706671874999 0.78126375 0.7390706671875 0.79026375 0.745404 0.79576375 0.7604040000000001 0.8017637499999999 0.7977373328125 0.80751375 0.8210706671875 0.80751375 0.8457373328125 0.80401375 0.8610706671875 0.79876375 0.8867373328125 0.78501375 0.902404 0.77276375
0 0.9269999999999999 0.63106675 0.9363333328125 0.62756675 0.9550000000000001 0.61706675 0.9636666671875 0.61081675 0.9710000000000001 0.60256675 0.9793333328125 0.59006675 0.9853333328125 0.57656675 0.9903333328124999 0.55156675 0.9896666671875 0.52731675 0.9856666671875001 0.51131675 0.9803333328124999 0.49956674999999995 0.9673333328125 0.48306675 0.9543333328125 0.47356675 0.9296666671875 0.46081675000000005 0.9106666671875001 0.45756674999999997 0.8633333328124999 0.45781675 0.8486666671875 0.46056675 0.8253333328125001 0.46956675 0.8116666671875 0.47856675 0.7936666671875 0.49706675 0.7853333328125001 0.51281675 0.7823333328125 0.52431675 0.782 0.52981675 0.784 0.54131675 0.7963333328125 0.57881675 0.8026666671875 0.5920667500000001 0.806 0.59656675 0.8206666671875 0.61006675 0.834 0.6188167499999999 0.8460000000000001 0.62356675 0.8633333328124999 0.62881675 0.8853333328125 0.63231675 0.914 0.63256675 0.9269999999999999 0.63106675
0 0.7999486671875 0.341711 0.811282 0.33121100000000003 0.8239486671874999 0.312461 0.8269486671875 0.301461 0.8269486671875 0.287211 0.8246153328125001 0.275211 0.8206153328125 0.263961 0.8129486671875 0.24971100000000002 0.7996153328125 0.23496100000000003 0.7796153328125001 0.221461 0.768282 0.215961 0.7559486671875 0.21371099999999998 0.7439486671875 0.212961 0.7069486671874999 0.21321099999999998 0.6906153328125 0.21621100000000001 0.6796153328125001 0.22046100000000002 0.6636153328125001 0.23071100000000003 0.6526153328125 0.239711 0.646282 0.24821100000000001 0.6436153328125 0.253961 0.6309486671875 0.288211 0.630282 0.294711 0.6299486671875 0.300711 0.632282 0.31371099999999996 0.6386153328125 0.328211 0.654282 0.34296099999999996 0.6709486671875 0.353961 0.681282 0.357211 0.721282 0.35796100000000003 0.757282 0.360961 0.7706153328124999 0.357711 0.7819486671875 0.350711 0.7936153328125 0.345961 0.7999486671875 0.341711
0 0.5437369999999999 0.3496195 0.558737 0.3443695 0.5864036671874999 0.3303695 0.6067370000000001 0.3151195 0.6164036671875001 0.3051195 0.6294036671875001 0.2871195 0.640737 0.2581195 0.6434036671875 0.2491195 0.6450703328125 0.23611949999999998 0.6430703328125 0.2236195 0.6374036671875001 0.2083695 0.6304036671875 0.1963695 0.612737 0.1818695 0.6027370000000001 0.17661949999999998 0.5854036671875 0.1698695 0.5600703328125001 0.1656195 0.5470703328125001 0.1651195 0.5280703328125 0.1666195 0.509737 0.16961949999999998 0.496737 0.1731195 0.4854036671875 0.17836950000000001 0.4774036671875 0.1841195 0.45973699999999995 0.2041195 0.4504036671875 0.21861950000000002 0.4440703328125 0.2356195 0.4414036671875 0.2503695 0.44107033281249997 0.2641195 0.442737 0.2773695 0.445737 0.28661949999999997 0.46240366718750003 0.3236195 0.4660703328125 0.3358695 0.4710703328125 0.3383695 0.4780703328125 0.3401195 0.48640366718749994 0.3448695 0.4950703328125 0.3473695 0.5170703328124999 0.3513695 0.5344036671875 0.35161950000000003 0.5437369999999999 0.3496195
0 0.968 0.44775 0.9789999999999999 0.441 0.9886666671875 0.4305 0.9943333328125 0.41675000000000006 0.9983333328124999 0.39425 0.9966666671875 0.3685 0.993 0.35675 0.984 0.34125 0.9716666671875 0.32875 0.9586666671874999 0.32 0.9410000000000001 0.31175 0.925 0.30874999999999997 0.9003333328125 0.30825 0.873 0.31 0.8586666671875 0.314 0.8373333328125 0.32475 0.825 0.3345 0.808 0.35350000000000004 0.8009999999999999 0.368 0.7996666671875 0.38 0.8019999999999999 0.39049999999999996 0.8223333328125 0.442 0.8266666671875 0.446 0.8366666671875 0.449 0.8560000000000001 0.4575 0.8623333328125 0.45899999999999996 0.8776666671875001 0.45999999999999996 0.9263333328125001 0.45975 0.9359999999999999 0.4585 0.9586666671874999 0.45175 0.968 0.44775
0 0.025 0.22075 0.034999999999999996 0.231 0.06 0.25025 0.0743333328125 0.2565 0.088 0.25925 0.1406666671875 0.2645 0.151 0.265 0.1563333328125 0.26425 0.16899999999999998 0.26075 0.19766666718749998 0.24825 0.2076666671875 0.24 0.2133333328125 0.23224999999999998 0.2193333328125 0.21949999999999997 0.22233333281249998 0.20550000000000002 0.22000000000000003 0.17825 0.2153333328125 0.159 0.21000000000000002 0.14750000000000002 0.20366666718749998 0.14075 0.1973333328125 0.1315 0.1896666671875 0.126 0.1853333328125 0.12025 0.17333333281250002 0.11299999999999999 0.16933333281250001 0.10874999999999999 0.15 0.10049999999999999 0.14566666718750002 0.0975 0.136 0.09425 0.10400000000000001 0.088 0.091 0.08399999999999999 0.0866666671875 0.08399999999999999 0.0783333328125 0.088 0.0546666671875 0.09425 0.0396666671875 0.1 0.024666667187499998 0.11225 0.0156666671875 0.12425 0.0083333328125 0.1375 0.0053333328125 0.15025 0.0053333328125 0.17575000000000002 0.009333332812500001 0.194 0.019 0.21225 0.025 0.22075
0 0.1516666671875 0.88225 0.153 0.88475 0.1566666671875 0.8872500000000001 0.16399999999999998 0.88975 0.16799999999999998 0.89275 0.17333333281250002 0.89925 0.1816666671875 0.9047499999999999 0.189 0.9119999999999999 0.2133333328125 0.9317500000000001 0.2293333328125 0.9397500000000001 0.2383333328125 0.9425000000000001 0.255 0.9445 0.2666666671875 0.94725 0.2783333328125 0.9480000000000001 0.34199999999999997 0.93925 0.35 0.9352499999999999 0.36 0.9279999999999999 0.37333333281250003 0.9157500000000001 0.38166666718750003 0.9035 0.39 0.8869999999999999 0.3943333328125 0.8630000000000001 0.393 0.8505 0.3903333328125 0.8460000000000001 0.3856666671875 0.84175 0.3543333328125 0.82125 0.3333333328125 0.8 0.32766666718750004 0.7915 0.3223333328125 0.7865 0.317 0.784 0.304 0.7835 0.2783333328125 0.78725 0.251 0.794 0.21400000000000002 0.808 0.20433333281250002 0.8135 0.1843333328125 0.82175 0.17433333281250002 0.82925 0.1553333328125 0.83675 0.1583333328125 0.844 0.1586666671875 0.84975 0.151 0.87325 0.1516666671875 0.88225
0 0.31796875 0.18046875 0.2 0.18125
0 0.721875 0.43046875 0.1734375 0.1484375
0 0.6234375 0.740625 0.1875 0.1359375
0 0.11953125 0.94609375 0.1953125 0.1078125