0 0.8 0.45859375 0.15625 0.3421875
0 0.08203125 0.503125 0.075 0.20625
0 0.59609375 0.5203125 0.159375 0.428125
0 0.02734375 0.5734375 0.040625 0.20625
0 0.34140625 0.5890625 0.09375 0.3234375
0 0.215625 0.63671875 0.090625 0.3484375
0 0.3953125 0.6375 0.0765625 0.309375
0 0.14765625 0.6421875 0.065625 0.2984375
0 0.48125 0.64296875 0.1015625 0.5109375
0 0.28125 0.6546875 0.0890625 0.4109375
0 0.07890625 0.6953125 0.0484375 0.171875
0 0.9453125 0.74140625 0.109375 0.5171875
0 0.0203125 0.7734375 0.040625 0.15
0 0.725 0.81328125 0.2109375 0.3734375