0 0.56328125 0.228125 0.2265625 0.175
0 0.2765625 0.184375 0.228125 0.14375
0 0.44453125 0.11796875 0.2390625 0.1953125
0 0.5109375 0.49375 0.2484375 0.1390625
0 0.809375 0.5 0.29375 0.1828125
0 0.33125 0.7796875 0.2015625 0.1515625
0 0.40625 0.875 0.275 0.1890625
0 0.8419811328125 0.6911764703125 0.8042452828125001 0.671568628125 0.7877358484375 0.6503267968750001 0.7924528296875 0.6421568625 0.8231132078125001 0.633986928125 0.8136792453125 0.6045751640625 0.7594339625 0.5866013078125001 0.6863207546875 0.5849673203125 0.650943396875 0.598039215625 0.625 0.6323529406249999 0.641509434375 0.6797385625000001 0.655660378125 0.687908496875 0.6816037734375 0.689542484375 0.7028301890625 0.6748366015625 0.724056603125 0.6748366015625 0.8042452828125001 0.7189542484375 0.849056603125 0.722222221875 0.853773584375 0.705882353125 0.8419811328125 0.6911764703125
0 0.7853773578125 0.4526143796875 0.7948113203125 0.44771241875 0.7948113203125 0.421568628125 0.757075471875 0.40196078437500005 0.731132075 0.37581699375 0.731132075 0.364379084375 0.74528301875 0.3611111109375 0.742924528125 0.3267973859375 0.7594339625 0.313725490625 0.7594339625 0.2908496734375 0.733490565625 0.27450980468749997 0.6650943390624999 0.2728758171875 0.608490565625 0.2810457515625 0.5400943390624999 0.3267973859375 0.5283018875 0.3578431375 0.5283018875 0.3986928109375 0.5613207546875 0.4232026140625 0.617924528125 0.44771241875 0.6627358484375 0.4509803921875 0.6910377359375001 0.43300653593750005 0.7051886796875 0.43300653593750005 0.731132075 0.44934640468750003 0.7853773578125 0.4526143796875
0 0.30188679218750003 0.64379085 0.3396226421875 0.64379085 0.356132075 0.6372549015625 0.356132075 0.6307189546874999 0.3325471703125 0.562091503125 0.363207546875 0.545751634375 0.375 0.5032679734375 0.3278301890625 0.4771241828125 0.2995283015625 0.4754901953125 0.21226415156249998 0.49346405156250006 0.1721698109375 0.5228758171875 0.14858490625 0.5686274515624999 0.17452830156250002 0.5931372546875 0.20047169843749998 0.5866013078125001 0.238207546875 0.58986928125 0.28301886718749997 0.5751633984375 0.3066037734375 0.5751633984375 0.3066037734375 0.6013071890624999 0.29009433906250004 0.6307189546874999 0.30188679218750003 0.64379085
0 0.228773584375 0.7026143796875 0.261792453125 0.6421568625 0.2971698109375 0.6209150328125 0.3136792453125 0.598039215625 0.3113207546875 0.578431371875 0.2995283015625 0.5735294125 0.252358490625 0.5866013078125001 0.1627358484375 0.59150326875 0.14150943437500002 0.581699346875 0.11556603750000001 0.5849673203125 0.0849056609375 0.614379084375 0.0660377359375 0.6470588234375 0.0683962265625 0.689542484375 0.0825471703125 0.7107843140625 0.11320754687500001 0.7254901953124999 0.1533018875 0.73202614375 0.228773584375 0.7026143796875
0 0.766509434375 0.777777778125 0.7075471703125 0.740196078125 0.6886792453125 0.741830065625 0.6721698109375 0.7647058828125 0.6580188671875 0.76633986875 0.5731132078125001 0.740196078125 0.5094339625 0.73366013125 0.492924528125 0.7467320265625 0.488207546875 0.7728758171875 0.516509434375 0.794117646875 0.5471698109375 0.8627450984375 0.608490565625 0.903594771875 0.650943396875 0.9052287578125 0.6863207546875 0.8986928109375001 0.7169811328125 0.87581699375 0.7594339625 0.8267973859375 0.7712264156249999 0.8022875812500001 0.766509434375 0.777777778125
0 0.5683962265625 0.741830065625 0.6698113203125 0.76960784375 0.6957547171875 0.73366013125 0.6957547171875 0.715686275 0.5966981125 0.6813725484375001 0.5872641515625 0.669934640625 0.5801886796875 0.6176470593750001 0.5518867921874999 0.5931372546875 0.478773584375 0.581699346875 0.4386792453125 0.59150326875 0.393867925 0.6192810453125001 0.386792453125 0.6307189546874999 0.372641509375 0.7352941171875 0.39150943437499997 0.776143790625 0.41981132031249996 0.7810457515625 0.4599056609375 0.7712418296875 0.488207546875 0.759803921875 0.488207546875 0.7434640515625001 0.5094339625 0.7369281046875 0.5683962265625 0.741830065625
0 0.36084905625 0.4705882359375 0.396226415625 0.454248365625 0.386792453125 0.4150326796875 0.39858490625 0.3888888890625 0.41037735781249995 0.385620915625 0.44339622656250005 0.3921568625 0.46462264218750005 0.349673203125 0.44103773593750006 0.292483659375 0.4245283015625 0.276143790625 0.38915094375 0.2647058828125 0.3160377359375 0.259803921875 0.25 0.27777777812500004 0.1816037734375 0.3169934640625 0.1603773578125 0.34150326875000003 0.155660378125 0.3692810453125 0.1721698109375 0.3921568625 0.20047169843749998 0.40032679687500006 0.238207546875 0.40032679687500006 0.26415094375 0.3888888890625 0.27830188749999996 0.3921568625 0.3396226421875 0.46241830000000006 0.36084905625 0.4705882359375