0 0.1619170984375 0.6471153843749999 0.1450777203125 0.7009615390625 0.141191709375 0.7625 0.1554404140625 0.816346153125 0.1742227984375 0.846153846875 0.2079015546875 0.871153846875 0.23963730625 0.8759615390625 0.2869170984375 0.8615384609375001 0.31800518125 0.834615384375 0.340673575 0.7990384609375 0.35880829062499997 0.733653846875 0.345854921875 0.652884615625 0.32059585468749996 0.6115384609375 0.28173575156249997 0.578846153125 0.233808290625 0.56923076875 0.187176165625 0.6115384609375 0.1619170984375 0.6471153843749999
0 0.26036269375 0.39519230781250003 0.23316062187500003 0.46634615312500005 0.23056994843749998 0.5259615390625 0.24028497343750002 0.56923076875 0.27266839374999996 0.5730769234374999 0.2985751296875 0.5865384609375 0.31800518125 0.60576923125 0.347797928125 0.653846153125 0.35880829062499997 0.6548076921875 0.3905440421875 0.6326923078125 0.41709844531250007 0.5932692312500001 0.427461140625 0.558653846875 0.43134715 0.5086538468749999 0.41709844531250007 0.447115384375 0.3860103625 0.39326923125 0.3594559578125 0.3615384609375 0.3270725390625 0.346153846875 0.27266839374999996 0.3769230765625 0.26036269375 0.39519230781250003
0 0.1496113984375 0.28076923125 0.130181346875 0.31538461562500003 0.118523315625 0.3230769234375 0.0932642484375 0.3605769234375 0.07901554375 0.402884615625 0.072538859375 0.45673076874999996 0.0777202078125 0.49519230781249995 0.08484455937499999 0.509615384375 0.1120466328125 0.49615384687499997 0.118523315625 0.49615384687499997 0.130181346875 0.5134615390625 0.1444300515625 0.509615384375 0.15025906718749998 0.547115384375 0.159326425 0.566346153125 0.177461140625 0.5682692312500001 0.2079015546875 0.559615384375 0.22797927499999998 0.5451923078124999 0.23056994843749998 0.4701923078125 0.2512953375 0.3990384609375 0.23834196875 0.3625 0.222150259375 0.3365384609375 0.1962435234375 0.32115384687500004 0.174870465625 0.2798076921875 0.1625647671875 0.271153846875 0.1496113984375 0.28076923125
0 0.27396373125 0.3730769234375 0.32318652812500004 0.346153846875 0.345207253125 0.35 0.3762953375 0.3769230765625 0.409326425 0.4259615390625 0.42616580312499996 0.46826923125000003 0.4326424875 0.4701923078125 0.46502590625 0.402884615625 0.4676165796875 0.34326923125 0.4546632125 0.29711538437499996 0.425518134375 0.24423076875 0.4073834203125 0.2230769234375 0.37759067343749997 0.209615384375 0.3167098453125 0.253846153125 0.2927461140625 0.2875 0.279792746875 0.3240384609375 0.27396373125 0.3730769234375
0 0.3257772015625 0.11923076875000001 0.2933937828125 0.146153846875 0.277202071875 0.172115384375 0.26165803125 0.23173076875 0.2629533671875 0.2798076921875 0.279792746875 0.31826923125 0.29145077656249996 0.2875 0.311528496875 0.2576923078125 0.37759067343749997 0.2076923078125 0.4073834203125 0.221153846875 0.4242227984375 0.24230769218749998 0.424870465625 0.20865384687500002 0.409326425 0.16826923124999998 0.38536269375 0.1365384609375 0.3503886015625 0.11538461562499999 0.3257772015625 0.11923076875000001
0 0.39766839374999996 0.0548076921875 0.4235751296875 0.13365384687499998 0.438471503125 0.153846153125 0.45595854999999996 0.158653846875 0.459844559375 0.127884615625 0.46955958593749997 0.10769230781250001 0.48769429999999997 0.10769230781250001 0.5252590671874999 0.1269230765625 0.53497409375 0.1240384609375 0.5595854921875001 0.066346153125 0.5608808296875 0.0240384609375 0.55634715 0 0.4002590671875 0.0048076921875 0.39766839374999996 0.0548076921875
0 0.6729274609375 0.0019230765625 0.6198186531250001 0.03076923125 0.5816062171875 0.09326923125 0.5744818656249999 0.15576923125 0.49935233125 0.1134615390625 0.46696891249999994 0.1115384609375 0.459844559375 0.1375 0.46502590625 0.21057692343749998 0.481865284375 0.2605769234375 0.5 0.2798076921875 0.527849740625 0.23461538437499999 0.54598445625 0.225 0.586139896875 0.22692307656250002 0.6327720203125 0.25 0.7027202078125 0.140384615625 0.7461139890624999 0.1125 0.7487046625 0.0701923078125 0.7422279796875 0.04326923125 0.7422279796875 0.014423076562500001 0.6729274609375 0.0019230765625
0 0.8037564765624999 0.1365384609375 0.790803109375 0.134615384375 0.7752590671874999 0.11730769218749999 0.7376943 0.11923076875000001 0.710492228125 0.134615384375 0.6826424875 0.1701923078125 0.6632124359375 0.2144230765625 0.6606217609375 0.2605769234375 0.68134715 0.33173076875 0.7027202078125 0.353846153125 0.7370466328124999 0.3644230765625 0.76036269375 0.2951923078125 0.8031088078125 0.241346153125 0.8082901546875 0.20865384687500002 0.8154145078124999 0.19615384687499998 0.823186528125 0.1980769234375 0.836139896875 0.22692307656250002 0.840673575 0.21826923125 0.8367875640625 0.19326923125 0.8238341968749999 0.1625 0.8037564765624999 0.1365384609375
0 0.5304404140625001 0.23461538437499999 0.49870466249999995 0.291346153125 0.494818653125 0.347115384375 0.5012953375 0.3759615390625 0.5110103625 0.396153846875 0.5744818656249999 0.3980769234375 0.5984455953125 0.41057692343749996 0.61334196875 0.3923076921875 0.6625647671875 0.4 0.676165803125 0.3894230765625 0.6826424875 0.36634615312499996 0.6632124359375 0.302884615625 0.6301813468749999 0.25576923125 0.6003886015625 0.23461538437499999 0.5770725390625 0.22692307656250002 0.54468911875 0.22692307656250002 0.5304404140625001 0.23461538437499999
0 0.727979275 0.5105769234374999 0.743523315625 0.4759615390625 0.7422279796875 0.4625 0.7117875640625 0.42115384687499996 0.6405440421875 0.396153846875 0.6198186531250001 0.396153846875 0.6003886015625 0.41923076875 0.578367875 0.4 0.5382124359375 0.396153846875 0.47862694375 0.4076923078125 0.46308290156250004 0.4173076921875 0.4455958546875 0.4490384609375 0.44689119218749995 0.4990384609375 0.470854921875 0.55576923125 0.4799222796875 0.5673076921875 0.5025906734375 0.5759615390625 0.516839378125 0.5240384609375 0.5356217609375 0.490384615625 0.5641191703125 0.465384615625 0.597797928125 0.45 0.6224093265625 0.459615384375 0.6444300515625 0.48076923125000004 0.6632124359375 0.5105769234374999 0.6832901546875 0.565384615625 0.7143782390625 0.5673076921875 0.727979275 0.5105769234374999
0 0.5246113984375 0.5105769234374999 0.5077720203125 0.558653846875 0.5051813468749999 0.6144230765625001 0.5136010359375 0.628846153125 0.56930051875 0.6519230765625 0.57901554375 0.6701923078124999 0.584196890625 0.7125 0.60233160625 0.7182692312500001 0.6392487046875 0.703846153125 0.67098445625 0.672115384375 0.6839378234375 0.6298076921875 0.6839378234375 0.5932692312500001 0.66968911875 0.5317307687499999 0.654145078125 0.49711538437499997 0.6275906734375 0.4634615390625 0.5990932640625 0.45384615312500004 0.5589378234375 0.47115384687499995 0.5246113984375 0.5105769234374999
0 0.57901554375 0.6798076921875 0.5654145078124999 0.6519230765625 0.5123057 0.628846153125 0.4889896375 0.6269230765625 0.450129534375 0.6384615390625 0.42292746093750005 0.659615384375 0.40867875624999994 0.659615384375 0.3847150265625 0.6817307687499999 0.3834196890625 0.7048076921875001 0.3717616578125 0.7394230765625001 0.3717616578125 0.7740384609375 0.39896373125 0.8432692312500001 0.44365285 0.8923076921875 0.48121761718749995 0.8980769234375 0.4915803109375 0.8846153843750001 0.5090673578125 0.9394230765625 0.5330310875000001 0.975 0.55634715 0.996153846875 0.7512953375 0.9990384609375 0.7525906734375 0.9894230765625001 0.7422279796875 0.9644230765625 0.73963730625 0.8836538468749999 0.7305699484375 0.8490384609375001 0.711139896875 0.808653846875 0.6781088078125 0.753846153125 0.6586787562499999 0.734615384375 0.641839378125 0.7269230765625 0.58095855 0.7230769234375 0.57901554375 0.6798076921875
0 0.7551813468749999 0.7605769234374999 0.7512953375 0.791346153125 0.7551813468749999 0.833653846875 0.772020725 0.8894230765625 0.802461140625 0.934615384375 0.8413212437500001 0.9634615390624999 0.8737046625 0.975 0.9067357515625 0.9740384609375001 0.94365285 0.9519230765625 0.9637305703125 0.916346153125 0.9805699484374999 0.8701923078125 0.98834196875 0.791346153125 0.971502590625 0.733653846875 0.9449481859375 0.7 0.9009067359375 0.68076923125 0.8413212437500001 0.68076923125 0.7830310875000001 0.7115384609375 0.7551813468749999 0.7605769234374999
0 0.73963730625 0.3798076921875 0.7474093265625 0.427884615625 0.7636010359375 0.4519230765625 0.8141191703124999 0.4230769234375 0.8555699484374999 0.4269230765625 0.881476684375 0.40576923125000003 0.8944300515625001 0.415384615625 0.9015544046875 0.44134615312500003 0.9145077718750001 0.45288461562500004 0.9339378234375 0.3875 0.92098445625 0.316346153125 0.897020725 0.278846153125 0.8413212437500001 0.24038461562500002 0.8218911921875 0.20192307656250003 0.812823834375 0.20192307656250003 0.8044041453125 0.241346153125 0.7655440421875 0.2875 0.7461139890624999 0.3355769234375 0.73963730625 0.3798076921875
0 0.8801813468749999 0.4115384609375 0.8607512953124999 0.43076923125000005 0.81800518125 0.425 0.7843264249999999 0.4384615390625 0.7480569953125 0.47307692343749996 0.7292746109375 0.5105769234374999 0.721502590625 0.5548076921875 0.7253886015625 0.6048076921875001 0.7487046625 0.6875 0.767487046875 0.721153846875 0.7733160625 0.7201923078125 0.8257772015624999 0.6826923078125 0.8542746109375001 0.6769230765625001 0.921632125 0.6826923078125 0.93134715 0.666346153125 0.9417098453125 0.6163461531250001 0.9404145078124999 0.541346153125 0.92098445625 0.477884615625 0.8950777203125 0.44134615312500003 0.8905440421874999 0.4134615390625 0.8801813468749999 0.4115384609375
0 1 0.3375 0.9928756484375001 0.3365384609375 0.9682642484375 0.34807692343749996 0.9352331609375 0.391346153125 0.9222797921874999 0.4240384609375 0.9158031093749999 0.4625 0.9391191703124999 0.5259615390625 0.9443005187500001 0.597115384375 0.9682642484375 0.6192307687499999 1 0.63173076875 1 0.3375
0 0.9591968906250001 0.353846153125 1 0.333653846875 0.9967616578125 0.1730769234375 0.9462435234375001 0.171153846875 0.915155440625 0.184615384375 0.8886010359375 0.216346153125 0.8756476687499999 0.2509615390625 0.9235751296875 0.31826923125 0.9391191703124999 0.38173076875 0.9591968906250001 0.353846153125
0 0.8147668390625 0.091346153125 0.8056994812499999 0.13365384687499998 0.8341968906250001 0.18173076875 0.8419689124999999 0.20865384687500002 0.8419689124999999 0.23365384687500002 0.8516839375 0.24423076875 0.8730569953125 0.2509615390625 0.8834196890625 0.22211538437499997 0.9060880828125001 0.18846153906250002 0.9514248703125 0.16923076875 0.953367875 0.1394230765625 0.948186528125 0.1105769234375 0.9242227984375001 0.0673076921875 0.9009067359375 0.05 0.8698186531250001 0.044230768749999996 0.8296632125000001 0.065384615625 0.8147668390625 0.091346153125
0 0.8031088078125 0.12596153906250002 0.8173575124999999 0.08173076875 0.8335492234374999 0.059615384375000004 0.86463730625 0.044230768749999996 0.8879533671875001 0.046153846875 0.8886010359375 0.0009615390624999999 0.7661917093749999 0 0.7590673578125 0.033653846875 0.76165803125 0.077884615625 0.779145078125 0.11538461562499999 0.8031088078125 0.12596153906250002
0 0.14637305625000002 0.58173076875 0.12888601093750002 0.55 0.0796632125 0.5384615390625 0.0667098453125 0.55576923125 0.0550518140625 0.5480769234375 0 0.58173076875 0.0012953374999999999 0.8490384609375001 0.026554404687499998 0.8115384609375 0.060880829687500006 0.7875 0.056994818749999995 0.7586538468749999 0.0246113984375 0.7182692312500001 0.038860103125 0.6875 0.102979275 0.6788461531250001 0.1211139890625 0.6634615390625 0.1437823828125 0.6298076921875 0.14896373125 0.6125 0.14637305625000002 0.58173076875
0 0.1852331609375 1 0.1852331609375 0.9432692312500001 0.1735751296875 0.85673076875 0.1496113984375 0.815384615625 0.1275906734375 0.796153846875 0.097797928125 0.7826923078125 0.06930051875 0.7865384609375 0.029145078125 0.8115384609375 0.0012953374999999999 0.852884615625 0.0006476687499999999 1 0.1852331609375 1
0 0.43393782343750004 1 0.43134715 0.9432692312500001 0.4183937828125 0.9125 0.38536269375 0.8673076921874999 0.3542746109375 0.8519230765625 0.299870465625 0.8634615390624999 0.27525906718750004 0.8846153843750001 0.2487046625 0.9394230765625 0.24222797968749998 0.9894230765625001 0.2428756484375 1 0.43393782343750004 1
0 0.11139896406250001 0.1894230765625 0.11787564843750001 0.227884615625 0.107512953125 0.2451923078125 0.10492227968750001 0.266346153125 0.1126943 0.322115384375 0.130181346875 0.3134615390625 0.1483160625 0.278846153125 0.1664507765625 0.26923076875 0.197538859375 0.32115384687500004 0.23316062187500003 0.3451923078125 0.243523315625 0.322115384375 0.2512953375 0.2798076921875 0.243523315625 0.23557692343749997 0.25388601093749996 0.19326923125 0.25 0.15480769218749998 0.232512953125 0.1365384609375 0.1962435234375 0.134615384375 0.16904144999999998 0.1423076921875 0.119818653125 0.171153846875 0.11139896406250001 0.1894230765625
0 0.0123057 0.028846153125000003 0 0.047115384375 0.0012953374999999999 0.18173076875 0.0382124359375 0.2230769234375 0.060880829687500006 0.2259615390625 0.102979275 0.20576923125 0.1126943 0.17980769218749998 0.13341968906249999 0.1490384609375 0.1437823828125 0.1125 0.1437823828125 0.0875 0.1347150265625 0.05673076875000001 0.11463730624999999 0.03076923125 0.09002590625 0.0173076921875 0.027849740625 0.01923076875 0.0123057 0.028846153125000003
0 0.197538859375 0 0.186528496875 0.047115384375 0.187823834375 0.0798076921875 0.19559585468750001 0.10673076875000001 0.21049222812499999 0.13076923125 0.23898963750000002 0.1384615390625 0.254533678125 0.159615384375 0.268134715625 0.158653846875 0.279792746875 0.10096153906250001 0.31865285 0.0375 0.31476683906249997 0.014423076562500001 0.30634715 0 0.197538859375 0