0 0.76171875 0.29296875 0.0640625 0.1078125
0 0.54765625 0.3375 0.0796875 0.11875
0 0.66171875 0.465625 0.0671875 0.1171875
0 0.36953125 0.53125 0.0625 0.090625
0 0.203125 0.58828125 0.0734375 0.1140625
0 0.4953125 0.66015625 0.078125 0.1125
0 0.7953125 0.75234375 0.0671875 0.103125
0 0.53203125 0.82421875 0.078125 0.109375
0 0.971875 0.8265625 0.05625 0.115625
0 0.6296875 0.84921875 0.0734375 0.10625
0 0.16015625 0.0890625 0.0796875 0.1171875
0 0.3640625 0.93828125 0.065625 0.1046875
0 0.10625 0.146875 0.06875 0.10625
0 0.92109375 0.16484375 0.0703125 0.13125
0 0.18046875 0.1875 0.0796875 0.1078125
0 0.5421875 0.22421875 0.078125 0.121875
0 0.12421875 0.259375 0.0859375 0.1203125
0 0.48046875 0.27734375 0.0703125 0.13125