0 0.61015625 0.8734375 0.215625 0.2203125
0 0.74296875 0.85625 0.1421875 0.15
0 0.7546875 0.74453125 0.240625 0.1484375
0 0.55859375 0.684375 0.25 0.265625
0 0.3296875 0.77109375 0.1890625 0.2296875
0 0.284375 0.88515625 0.1859375 0.175
0 0.25390625 0.62578125 0.203125 0.20625
0 0.41875 0.5671875 0.18125 0.1828125
0 0.6421875 0.55078125 0.23125 0.146875
0 0.72578125 0.534375 0.1859375 0.1609375
0 0.7390625 0.42578125 0.2234375 0.1234375
0 0.64609375 0.3890625 0.1296875 0.1609375
0 0.53515625 0.378125 0.1296875 0.10625
0 0.484375 0.29140625 0.125 0.0953125
0 0.3296875 0.3640625 0.184375 0.14375