0 0.12833333281249998 0.34950000000000003 0.16399999999999998 0.33925 0.1906666671875 0.335 0.1973333328125 0.33199999999999996 0.20099999999999998 0.32875 0.215 0.30375 0.217 0.29175 0.21633333281249997 0.277 0.20866666718750002 0.25175000000000003 0.20299999999999999 0.24100000000000002 0.1963333328125 0.233 0.183 0.22225 0.1643333328125 0.211 0.154 0.20600000000000002 0.12933333281249998 0.19875 0.10500000000000001 0.195 0.0853333328125 0.19475 0.0636666671875 0.1985 0.034999999999999996 0.20800000000000002 0.026000000000000002 0.2125 0.020999999999999998 0.21625 0.0083333328125 0.22949999999999998 0.002 0.24075000000000002 0.0013333328125 0.24625 0.002 0.26825 0 0.2785 0.0006666671875 0.31525 0.0026666671875 0.3185 0.007666667187499999 0.3225 0.025 0.33075 0.0513333328125 0.33925 0.07466666718750001 0.351 0.0816666671875 0.352 0.094 0.352 0.1146666671875 0.35150000000000003 0.12833333281249998 0.34950000000000003
0 0.3883333328125 0.281 0.397 0.2745 0.41600000000000004 0.2555 0.42433333281249996 0.24175 0.4296666671875 0.22675 0.43 0.215 0.4256666671875 0.20024999999999998 0.40933333281250006 0.17575000000000002 0.3963333328125 0.162 0.3783333328125 0.15 0.3693333328125 0.14525 0.3543333328125 0.14075 0.331 0.13725 0.303 0.1375 0.2776666671875 0.141 0.2636666671875 0.14525 0.24700000000000003 0.154 0.23333333281250002 0.16499999999999998 0.22200000000000003 0.17975000000000002 0.2126666671875 0.19824999999999998 0.21000000000000002 0.2105 0.2116666671875 0.22949999999999998 0.21833333281249998 0.253 0.2226666671875 0.26075 0.2296666671875 0.26775000000000004 0.24133333281249997 0.2765 0.2556666671875 0.2835 0.2833333328125 0.29175 0.304 0.29474999999999996 0.3186666671875 0.2935 0.3416666671875 0.28775 0.37733333281250003 0.28475 0.3883333328125 0.281
0 0.532 0.236 0.549 0.231 0.5683333328125 0.22174999999999997 0.5836666671875 0.209 0.5906666671874999 0.20024999999999998 0.5966666671875 0.1885 0.6006666671875001 0.176 0.601 0.16175 0.5956666671875 0.13825 0.5886666671875 0.12375 0.5780000000000001 0.1085 0.5583333328125 0.08775 0.5429999999999999 0.07875 0.5313333328125001 0.07575 0.5136666671875 0.075 0.4603333328125 0.07925 0.4476666671875 0.08249999999999999 0.44299999999999995 0.08499999999999999 0.434 0.09275 0.42033333281249996 0.10900000000000001 0.40933333281250006 0.12525 0.4066666671875 0.13774999999999998 0.40599999999999997 0.1655 0.40700000000000003 0.16924999999999998 0.41 0.17825 0.4233333328125 0.20074999999999998 0.42833333281249997 0.2145 0.43166666718749996 0.21974999999999997 0.43666666718749997 0.22374999999999998 0.45533333281250005 0.23174999999999998 0.476 0.23650000000000002 0.5046666671875 0.2395 0.5196666671875 0.2385 0.532 0.236
0 0.7216666671875 0.17525 0.7453333328125 0.172 0.7513333328125 0.16975 0.7646666671875 0.1585 0.771 0.1505 0.7796666671875 0.144 0.7866666671875 0.1345 0.79 0.1275 0.7906666671875 0.11125 0.7863333328125 0.09075 0.7706666671875 0.0625 0.761 0.050249999999999996 0.7483333328125 0.042249999999999996 0.734 0.03575 0.7196666671874999 0.03225 0.6973333328125 0.02975 0.671 0.02975 0.655 0.03175 0.643 0.0355 0.6273333328125 0.04375 0.618 0.050749999999999997 0.6053333328125 0.057999999999999996 0.5933333328125 0.0685 0.5866666671874999 0.078 0.5833333328125 0.0875 0.5823333328125 0.09475 0.5820000000000001 0.10124999999999999 0.5846666671875 0.11474999999999999 0.593 0.13799999999999998 0.5966666671875 0.15475 0.6016666671875 0.16399999999999998 0.6083333328125 0.16825 0.622 0.17350000000000002 0.6356666671875 0.18025 0.6693333328125 0.18825 0.6809999999999999 0.18625 0.6936666671875 0.18175 0.7216666671875 0.17525
0 0.26033333281250004 0.4725 0.27 0.46449999999999997 0.279 0.45549999999999996 0.2833333328125 0.44925 0.2903333328125 0.43174999999999997 0.29100000000000004 0.41375 0.288 0.39675 0.2806666671875 0.38 0.272 0.36775 0.265 0.36175 0.24900000000000003 0.352 0.227 0.34275 0.217 0.34025 0.20233333281250002 0.33825 0.17433333281250002 0.33725 0.1556666671875 0.3395 0.1406666671875 0.34325 0.1226666671875 0.351 0.1106666671875 0.36 0.098 0.3775 0.0956666671875 0.38575 0.095 0.39525 0.0966666671875 0.40525 0.11100000000000002 0.44025 0.118 0.46725000000000005 0.1213333328125 0.47175 0.1316666671875 0.48125 0.141 0.48624999999999996 0.1536666671875 0.48949999999999994 0.16499999999999998 0.49050000000000005 0.19766666718749998 0.48200000000000004 0.254 0.4755 0.26033333281250004 0.4725
0 0.4483333328125 0.40599999999999997 0.46399999999999997 0.392 0.46966666718749994 0.38225 0.47466666718750006 0.36875 0.4766666671875 0.353 0.472 0.33799999999999997 0.45999999999999996 0.31675 0.44400000000000006 0.303 0.418 0.29325 0.404 0.29100000000000004 0.3863333328125 0.2905 0.378 0.29125 0.36633333281249997 0.29425 0.3543333328125 0.29474999999999996 0.3363333328125 0.2975 0.3173333328125 0.2985 0.3083333328125 0.30274999999999996 0.292 0.31575000000000003 0.2846666671875 0.32475 0.277 0.3395 0.2726666671875 0.35525 0.273 0.368 0.2786666671875 0.37875000000000003 0.2896666671875 0.40549999999999997 0.298 0.41574999999999995 0.31433333281250003 0.42400000000000004 0.32766666718750004 0.42874999999999996 0.34199999999999997 0.43150000000000005 0.3546666671875 0.43150000000000005 0.387 0.425 0.42033333281249996 0.4205 0.43333333281249997 0.4165 0.4483333328125 0.40599999999999997
0 0.6583333328125 0.366 0.665 0.35975 0.6786666671875 0.34125 0.687 0.3165 0.6876666671875 0.304 0.6813333328125 0.29100000000000004 0.6716666671875 0.27799999999999997 0.6593333328125001 0.26549999999999996 0.6376666671875 0.25225 0.6196666671875 0.24575 0.5866666671874999 0.23825 0.5596666671875 0.23775 0.5456666671875 0.23900000000000002 0.523 0.24300000000000002 0.5146666671875 0.24525000000000002 0.508 0.2485 0.48966666718749996 0.26325 0.48 0.27425 0.47366666718749995 0.28450000000000003 0.46900000000000003 0.29525 0.46266666718750005 0.3035 0.461 0.31074999999999997 0.4613333328125 0.318 0.47300000000000003 0.34049999999999997 0.4796666671875 0.36 0.48566666718749996 0.3685 0.5036666671875001 0.38 0.5133333328125 0.38375 0.5433333328125001 0.39125 0.562 0.393 0.5953333328125 0.38975 0.6283333328125 0.3765 0.6473333328125 0.37075 0.6583333328125 0.366
0 0.7856666671875 0.31725 0.796 0.31325 0.818 0.30025 0.8380000000000001 0.29075 0.8446666671875 0.27775 0.8480000000000001 0.26575000000000004 0.8486666671875 0.24975 0.8456666671875 0.23399999999999999 0.8373333328125 0.21549999999999997 0.827 0.20024999999999998 0.808 0.188 0.7726666671875 0.178 0.7626666671875 0.17675000000000002 0.7213333328125 0.17775000000000002 0.6966666671875 0.1825 0.6813333328125 0.1875 0.669 0.19724999999999998 0.6526666671875 0.21400000000000002 0.645 0.22875 0.6423333328124999 0.2455 0.6423333328124999 0.25325000000000003 0.6443333328125 0.25625 0.6639999999999999 0.27275 0.6743333328125 0.2835 0.6796666671875 0.29 0.6876666671875 0.30325 0.6936666671875 0.31 0.7046666671875 0.3165 0.7216666671875 0.32075 0.7383333328125 0.3215 0.772 0.3195 0.7856666671875 0.31725
0 1 0.156 0.9966666671875 0.14150000000000001 0.9880000000000001 0.1305 0.9816666671875 0.12525 0.9723333328124999 0.121 0.9586666671874999 0.11274999999999999 0.9503333328125001 0.10974999999999999 0.921 0.10325 0.906 0.10200000000000001 0.873 0.10625 0.857 0.11125 0.8416666671874999 0.12125 0.8283333328125 0.13474999999999998 0.8173333328125001 0.14925 0.8103333328125 0.16499999999999998 0.8099999999999999 0.17625 0.8150000000000001 0.188 0.8173333328125001 0.19125 0.8276666671875 0.2 0.8380000000000001 0.213 0.8456666671875 0.22799999999999998 0.8543333328125 0.24100000000000002 0.8596666671875001 0.24525000000000002 0.8806666671875 0.2535 0.8949999999999999 0.257 0.9073333328125001 0.258 0.9343333328125001 0.257 0.9490000000000001 0.25525000000000003 0.9789999999999999 0.24100000000000002 1 0.22875 1 0.156
0 0.2926666671875 0.614 0.3043333328125 0.6115 0.3183333328125 0.60375 0.3286666671875 0.59275 0.333 0.58425 0.33599999999999997 0.572 0.3356666671875 0.5582499999999999 0.333 0.54825 0.32799999999999996 0.536 0.318 0.518 0.306 0.5042500000000001 0.298 0.5002500000000001 0.29100000000000004 0.49349999999999994 0.2783333328125 0.48825 0.266 0.48650000000000004 0.254 0.48600000000000004 0.2496666671875 0.487 0.24100000000000002 0.49024999999999996 0.2296666671875 0.49824999999999997 0.2173333328125 0.501 0.2026666671875 0.49974999999999997 0.1906666671875 0.492 0.1806666671875 0.49275 0.17366666718749998 0.495 0.159 0.504 0.15 0.5125 0.13633333281249999 0.52825 0.1286666671875 0.5429999999999999 0.1266666671875 0.55225 0.1266666671875 0.55925 0.131 0.5715 0.1373333328125 0.5832499999999999 0.1513333328125 0.601 0.1636666671875 0.6125 0.1806666671875 0.619 0.1903333328125 0.621 0.20566666718749999 0.6207499999999999 0.2293333328125 0.623 0.25233333281250003 0.6235 0.2816666671875 0.61925 0.2926666671875 0.614
0 0.4956666671875 0.5585 0.5086666671875 0.55375 0.5193333328125 0.54525 0.533 0.5315000000000001 0.54 0.519 0.5426666671875 0.507 0.5406666671875 0.49325 0.5309999999999999 0.46849999999999997 0.522 0.45525000000000004 0.5106666671875 0.4455 0.5003333328124999 0.43899999999999995 0.4716666671875 0.42750000000000005 0.4443333328125 0.42125 0.4296666671875 0.41925 0.41566666718749995 0.42000000000000004 0.392 0.42400000000000004 0.37 0.43075 0.355 0.43775000000000003 0.337 0.4525 0.3266666671875 0.46399999999999997 0.3193333328125 0.47850000000000004 0.3156666671875 0.49450000000000005 0.3153333328125 0.504 0.3166666671875 0.50875 0.337 0.54525 0.343 0.55325 0.3493333328125 0.5582499999999999 0.37266666718749997 0.5700000000000001 0.391 0.576 0.40433333281249995 0.5780000000000001 0.4266666671875 0.57675 0.441 0.5740000000000001 0.4773333328125 0.562 0.4956666671875 0.5585
0 0.7573333328125 0.493 0.7726666671875 0.47925000000000006 0.78 0.46900000000000003 0.7863333328125 0.4535 0.788 0.4385 0.787 0.42975 0.7836666671875 0.421 0.773 0.403 0.7616666671875 0.391 0.7456666671875001 0.38025000000000003 0.732 0.37374999999999997 0.7096666671875 0.36775 0.6863333328125 0.36475 0.6716666671875 0.3645 0.6583333328125 0.36675 0.6313333328125 0.3735 0.6186666671875 0.37825000000000003 0.603 0.38675000000000004 0.5906666671874999 0.397 0.5766666671875 0.4135 0.5676666671875 0.42874999999999996 0.5633333328125001 0.44225000000000003 0.5633333328125001 0.45575 0.568 0.46849999999999997 0.5780000000000001 0.48324999999999996 0.5933333328125 0.49924999999999997 0.6076666671875001 0.50925 0.6216666671875 0.514 0.6443333328125 0.51925 0.6603333328125001 0.51925 0.7246666671875001 0.509 0.7326666671875001 0.5065000000000001 0.74 0.5015 0.7573333328125 0.493
0 0.9373333328125 0.44299999999999995 0.945 0.43975 0.9526666671875 0.4325 0.9666666671874999 0.41500000000000004 0.974 0.394 0.9746666671875 0.381 0.97 0.36675 0.9573333328125001 0.34075 0.9480000000000001 0.32799999999999996 0.9369999999999999 0.31675 0.9156666671875 0.30274999999999996 0.899 0.29500000000000004 0.877 0.29 0.8613333328125 0.2895 0.8380000000000001 0.29175 0.825 0.296 0.8099999999999999 0.30325 0.7963333328125 0.3155 0.7823333328125 0.33599999999999997 0.7736666671875 0.35275 0.769 0.3675 0.7653333328125 0.38525 0.7643333328125 0.39075000000000004 0.7653333328125 0.39425 0.7793333328125 0.41600000000000004 0.7893333328125001 0.43624999999999997 0.7953333328125 0.44375 0.8003333328125001 0.4465 0.828 0.45625 0.858 0.46075 0.8646666671875 0.46075 0.8766666671875001 0.45899999999999996 0.9043333328125 0.45 0.9373333328125 0.44299999999999995
0 1 0.462 0.9946666671875001 0.45925000000000005 0.9673333328125 0.4495 0.9386666671875 0.44400000000000006 0.9256666671874999 0.44400000000000006 0.9186666671875001 0.445 0.899 0.4495 0.8833333328125 0.45475000000000004 0.8663333328125 0.46275000000000005 0.8513333328125 0.47450000000000003 0.8403333328124999 0.485 0.8240000000000001 0.507 0.82 0.517 0.819 0.52325 0.8186666671875 0.533 0.8206666671875 0.5467500000000001 0.828 0.56325 0.8373333328125 0.57475 0.8476666671875 0.581 0.8543333328125 0.588 0.8643333328124999 0.59425 0.8726666671875 0.597 0.8976666671875 0.59925 0.9093333328125001 0.6012500000000001 0.9356666671875 0.6092500000000001 0.9490000000000001 0.61175 0.966 0.6065 0.9866666671875001 0.60325 1 0.5972500000000001 1 0.462
0 0.808 0.6315000000000001 0.8166666671874999 0.6195 0.8216666671875 0.607 0.8196666671875 0.59325 0.8089999999999999 0.5665 0.8029999999999999 0.55525 0.791 0.542 0.7756666671875 0.53125 0.7593333328125 0.523 0.7393333328125 0.5165 0.7230000000000001 0.51325 0.705 0.51375 0.6719999999999999 0.52125 0.6563333328125001 0.5277499999999999 0.6396666671875 0.5387500000000001 0.629 0.548 0.6183333328125 0.5615 0.614 0.5705 0.6076666671875001 0.5925 0.6073333328125 0.5965 0.6113333328125 0.60875 0.6203333328125 0.62225 0.6343333328125 0.6519999999999999 0.6386666671875 0.6555 0.6523333328125 0.6615 0.6716666671875 0.66725 0.736 0.6705 0.747 0.66875 0.7683333328125 0.66125 0.7826666671875 0.65325 0.808 0.6315000000000001
0 0.5963333328125 0.714 0.609 0.70275 0.6273333328125 0.682 0.632 0.66075 0.6313333328125 0.6455 0.6283333328125 0.6335 0.6183333328125 0.615 0.5993333328125 0.59275 0.5726666671875 0.57075 0.5636666671875 0.56575 0.5456666671875 0.56025 0.5223333328125 0.5555 0.5046666671875 0.5555 0.4766666671875 0.5605 0.45366666718750004 0.5690000000000001 0.4376666671875 0.57775 0.42133333281249996 0.59075 0.40766666718750005 0.608 0.4006666671875 0.6245 0.3993333328125 0.63925 0.40133333281250005 0.6537499999999999 0.4033333328125 0.6599999999999999 0.41333333281250006 0.6795 0.4296666671875 0.70075 0.446 0.7144999999999999 0.45766666718750004 0.72025 0.4723333328125 0.7230000000000001 0.5083333328124999 0.7252500000000001 0.541 0.731 0.5559999999999999 0.729 0.5963333328125 0.714
0 0.36633333281249997 0.7715 0.375 0.7665 0.3876666671875 0.75675 0.40099999999999997 0.74875 0.40499999999999997 0.74475 0.41100000000000003 0.7342500000000001 0.41166666718749995 0.72025 0.40766666718750005 0.70075 0.398 0.6765 0.3843333328125 0.654 0.36833333281249997 0.64125 0.34700000000000003 0.631 0.33166666718750004 0.6255 0.307 0.61975 0.292 0.6195 0.2716666671875 0.6235 0.2363333328125 0.63575 0.2256666671875 0.64125 0.2106666671875 0.65475 0.20233333281250002 0.66625 0.197 0.68075 0.1953333328125 0.692 0.1963333328125 0.70925 0.20866666718750002 0.7375 0.2173333328125 0.7502500000000001 0.2363333328125 0.765 0.259 0.77625 0.27799999999999997 0.78175 0.3043333328125 0.786 0.32799999999999996 0.7875 0.337 0.78575 0.352 0.7809999999999999 0.359 0.7777499999999999 0.36633333281249997 0.7715
0 0 0.825 0.024 0.8385 0.0336666671875 0.8414999999999999 0.0633333328125 0.8477499999999999 0.07766666718750001 0.84975 0.0893333328125 0.8494999999999999 0.1076666671875 0.84375 0.136 0.83775 0.151 0.8327500000000001 0.16299999999999998 0.8252499999999999 0.2033333328125 0.79625 0.21033333281250002 0.784 0.21433333281250003 0.7705 0.21433333281250003 0.7575000000000001 0.2126666671875 0.74725 0.2046666671875 0.7230000000000001 0.1946666671875 0.7065 0.1836666671875 0.696 0.1776666671875 0.6917500000000001 0.1623333328125 0.68525 0.154 0.6795 0.1173333328125 0.66875 0.10033333281250001 0.6667500000000001 0.0876666671875 0.66875 0.072 0.67325 0.0503333328125 0.67725 0.0363333328125 0.6809999999999999 0.022 0.68825 0.0096666671875 0.6925 0.003 0.697 0 0.7005 0 0.73925 0.002 0.746 0.0023333328125 0.7537499999999999 0 0.7769999999999999 0 0.825
0 0.3423333328125 0.9470000000000001 0.36066666718749996 0.9369999999999999 0.3723333328125 0.925 0.38166666718750003 0.908 0.3866666671875 0.8877499999999999 0.3883333328125 0.85925 0.38366666718750003 0.8435 0.3716666671875 0.8172499999999999 0.36266666718749996 0.805 0.3493333328125 0.7955 0.335 0.78975 0.3173333328125 0.786 0.2743333328125 0.7815000000000001 0.2496666671875 0.7809999999999999 0.238 0.783 0.2096666671875 0.7927500000000001 0.1853333328125 0.8067500000000001 0.16699999999999998 0.82175 0.159 0.8322499999999999 0.1563333328125 0.8387499999999999 0.1536666671875 0.85075 0.152 0.87475 0.15 0.88325 0.1496666671875 0.8872500000000001 0.1533333328125 0.89975 0.1623333328125 0.9182499999999999 0.17099999999999999 0.93025 0.1873333328125 0.94275 0.211 0.953 0.2276666671875 0.9574999999999999 0.264 0.962 0.2793333328125 0.96125 0.30533333281249997 0.9577500000000001 0.3243333328125 0.95325 0.3423333328125 0.9470000000000001
0 0.4313333328125 0.8887499999999999 0.4543333328125 0.8942500000000001 0.47933333281249996 0.89375 0.5173333328124999 0.88825 0.5306666671875 0.8845000000000001 0.5463333328125 0.8782500000000001 0.5686666671875 0.865 0.5846666671875 0.851 0.5973333328125 0.8345 0.601 0.8252499999999999 0.6023333328125 0.8089999999999999 0.587 0.77 0.5796666671875 0.756 0.5753333328125 0.752 0.568 0.74825 0.563 0.74 0.5596666671875 0.73725 0.549 0.732 0.5333333328125 0.7285 0.48666666718749996 0.72325 0.46699999999999997 0.72275 0.45499999999999996 0.72375 0.4273333328125 0.7295 0.41166666718749995 0.7365 0.3826666671875 0.75625 0.3643333328125 0.7715 0.357 0.7805 0.35 0.7855000000000001 0.3493333328125 0.7875 0.352 0.79475 0.36 0.8022500000000001 0.3643333328125 0.8109999999999999 0.3713333328125 0.82075 0.37733333281250003 0.837 0.38366666718750003 0.8480000000000001 0.388 0.86075 0.3923333328125 0.867 0.40133333281250005 0.8755000000000001 0.4166666671875 0.88325 0.4313333328125 0.8887499999999999
0 0.7586666671875 0.8342499999999999 0.7753333328124999 0.8247500000000001 0.7906666671875 0.8109999999999999 0.7996666671875 0.798 0.8053333328125 0.78725 0.8086666671874999 0.7737499999999999 0.808 0.7515 0.8036666671875 0.735 0.79 0.70875 0.784 0.7015 0.7733333328125 0.6912499999999999 0.7496666671875001 0.67675 0.7323333328125 0.6705 0.7133333328125 0.6679999999999999 0.6813333328125 0.667 0.6693333328125 0.66825 0.6393333328125 0.67675 0.628 0.68225 0.614 0.69325 0.6016666671875 0.70925 0.5866666671874999 0.7565000000000001 0.5866666671874999 0.77225 0.5900000000000001 0.78625 0.5953333328125 0.8 0.6023333328125 0.8105 0.6253333328124999 0.82875 0.64 0.83725 0.6583333328125 0.8435 0.671 0.8452500000000001 0.6843333328125001 0.8455 0.7363333328125 0.8412499999999999 0.7466666671875 0.8394999999999999 0.7586666671875 0.8342499999999999
0 0.9373333328125 0.77325 0.9496666671874999 0.769 0.966 0.76025 0.9823333328125001 0.7485 0.993 0.735 0.9996666671875 0.7190000000000001 1 0.69725 0.9966666671875 0.669 0.9923333328125 0.6537499999999999 0.9873333328125 0.64525 0.974 0.631 0.9436666671875 0.6105 0.9259999999999999 0.603 0.9006666671874999 0.597 0.883 0.5965 0.851 0.60175 0.8336666671874999 0.608 0.8236666671874999 0.613 0.8126666671875 0.622 0.8063333328125 0.63075 0.792 0.646 0.7846666671875 0.65625 0.7823333328125 0.666 0.7823333328125 0.6835 0.7843333328125001 0.69675 0.7896666671875 0.7055 0.7956666671875 0.722 0.8013333328125001 0.7315 0.808 0.74725 0.8150000000000001 0.75325 0.8496666671875 0.77125 0.8633333328124999 0.7747499999999999 0.8846666671875001 0.77675 0.924 0.775 0.9373333328125 0.77325
0 0.8089999999999999 0.9782500000000001 0.8176666671874999 0.97475 0.8266666671875 0.9682499999999999 0.8320000000000001 0.962 0.837 0.9497500000000001 0.8390000000000001 0.93825 0.8393333328124999 0.92425 0.8363333328125 0.9119999999999999 0.8296666671875 0.8967499999999999 0.819 0.8825 0.8073333328125001 0.8710000000000001 0.7866666671875 0.857 0.7753333328124999 0.8525 0.747 0.84375 0.73 0.8432499999999999 0.6676666671875 0.8472500000000001 0.6566666671875 0.8487500000000001 0.6406666671875 0.8535 0.6306666671875 0.8595 0.616 0.8727499999999999 0.6073333328125 0.8869999999999999 0.6023333328125 0.90725 0.602 0.91275 0.605 0.9244999999999999 0.612 0.9349999999999999 0.6346666671875 0.9824999999999999 0.6436666671875 0.9904999999999999 0.6563333328125001 0.9970000000000001 0.6653333328125 1 0.72 0.99975 0.7603333328125 0.992 0.772 0.9890000000000001 0.7863333328125 0.98375 0.8089999999999999 0.9782500000000001
0 0.91640625 0.8515625 0.1671875 0.159375
0 0.14921875 0.14453125 0.2015625 0.1234375
0 0.33515625 0.08828125 0.2171875 0.0984375