0 0.288948665625 0.9596354171874999 0.2907419859375 0.953559028125 0.296570275 0.9422743062500001 0.29813943125 0.93648726875 0.30441605 0.9225983796874999 0.3093476796875 0.9063946765625 0.3129343203125 0.8991608796874999 0.31383097968749996 0.8933738421875 0.316745125 0.8878761578125 0.317641784375 0.8829571765625 0.3212284234375 0.8757233796874999 0.3216767546875 0.869646990625 0.32795337343750003 0.8543113421875 0.329522528125 0.840422453125 0.336247478125 0.8219039359375 0.337368303125 0.8109085640625 0.3398341171875 0.8083043984374999 0.3411791078125 0.801359953125 0.344093253125 0.7981770828125 0.3449899125 0.789496528125 0.345550325 0.7887731484375 0.34924904687499997 0.7912326390625 0.3508182015625 0.7848668984375 0.3510423671875 0.7793692125 0.3532840171875 0.7735821765625001 0.3555256671875 0.7594039359375 0.3575431515625 0.7550636578125001 0.3595606359375 0.7443576390625 0.36471643125000003 0.70211226875 0.367182246875 0.6945891203125 0.3685272359375 0.6833043984375 0.371217215625 0.675202546875 0.3721138765625 0.6671006937499999 0.3750280203125 0.6589988421874999 0.3763730109375 0.648003471875 0.37861466093749996 0.6425057875 0.3804079796875 0.6286168984375 0.38332212499999996 0.6164641203125 0.3839946203125 0.606047453125 0.390943734375 0.5788483796875 0.399910334375 0.5319733796875 0.4037211390625 0.516059028125 0.40641111875 0.5099826390625 0.4077561078125 0.49956597187499996 0.414032728125 0.4778645828125 0.415153553125 0.4651331015625 0.41874019218749997 0.45008680625 0.4209818421875 0.42780671249999996 0.4221026671875 0.403790509375 0.4212060078125 0.37890625 0.41425689375 0.330584490625 0.4077561078125 0.3140914359375 0.4066352828125 0.2990451390625 0.40192781875000005 0.2839988421875 0.402824478125 0.2706886578125 0.402151984375 0.2634548609375 0.4000224171875 0.2598379625 0.3928491375 0.257233796875 0.3883658375 0.2601273140625 0.37648509375 0.26273148125 0.36886348281250003 0.2676504625 0.36056937968749997 0.2754629625 0.3529477703125 0.27633101875 0.3491369640625 0.279803240625 0.3251513109375 0.28472222187499996 0.3208921765625 0.2867476859375 0.31573638125 0.2907986109375 0.306433534375 0.302228009375 0.295673615625 0.31727430624999997 0.287827840625 0.33116319375000003 0.27684375625 0.35257523125 0.266980496875 0.3751446765625 0.2647388484375 0.378327546875 0.262945528125 0.3846932875 0.260703878125 0.3878761578125 0.25308226875 0.40784143593750005 0.2515131140625 0.4153645828125 0.24568482343750003 0.42867476875 0.229096615625 0.47323495312499997 0.21990585 0.502459490625 0.21676754062499998 0.5094039359375 0.21587088125 0.516059028125 0.20892176718750002 0.5354456015625 0.20802510624999998 0.5418113421874999 0.20578345625 0.5452835640625 0.20152432187499997 0.5588831015625 0.20017933124999998 0.566984953125 0.197041021875 0.5765335640625 0.19636852656249998 0.5823206015625 0.1932302171875 0.5915798609375 0.192557721875 0.59765625 0.189643578125 0.6034432875 0.1887469171875 0.608940971875 0.1853844421875 0.6184895828125 0.1844877828125 0.6257233796875 0.17798699843750002 0.645978009375 0.1768661734375 0.652922453125 0.17529701875 0.655815971875 0.1726070390625 0.6668113421874999 0.16991705937499998 0.6725983796875 0.16498542968750002 0.6888020828125 0.16296794375 0.6916956015625 0.16095045937500002 0.69921875 0.152208025 0.7186053234374999 0.157027571875 0.7265625 0.1601658828125 0.7268518515625 0.1607262953125 0.7284432875 0.15624299531250002 0.7322048609375 0.15332885000000002 0.7391493062500001 0.1561309125 0.741608796875 0.157027571875 0.741608796875 0.1584846453125 0.7385706015625 0.1627437796875 0.7342303234374999 0.163752521875 0.72945601875 0.1794440703125 0.7254050921874999 0.1881865046875 0.7262731484375 0.1894194125 0.723234953125 0.1847119484375 0.7188946765625001 0.18975566093750001 0.715277778125 0.194238959375 0.7086226859375 0.1978256 0.707465278125 0.1999551671875 0.702690971875 0.20242098125000002 0.7012442125 0.2039901375 0.6888020828125 0.207128446875 0.687065971875 0.2079130234375 0.6834490734374999 0.211723828125 0.6857638890625 0.214525890625 0.68359375 0.213853396875 0.68070023125 0.211611746875 0.67867476875 0.2118359109375 0.676359953125 0.2157587984375 0.6736111109375 0.2163192109375 0.67578125 0.21867294375 0.6779513890625 0.2211387578125 0.6776620375 0.2236045734375 0.6756365734374999 0.2239408203125 0.676359953125 0.224613315625 0.68359375 0.22371665468750002 0.6966145828125 0.22080251093749997 0.7024016203125 0.2140775609375 0.7258391203125 0.20242098125000002 0.7342303234374999 0.2030934765625 0.7391493062500001 0.1988343421875 0.7486979171875 0.1979376828125 0.7596932875 0.1954718671875 0.7643229171875 0.193678546875 0.7785011578125001 0.19009190781250002 0.7949942125 0.189643578125 0.8097511578125 0.1882985875 0.819878471875 0.1867294328125 0.824797453125 0.187401928125 0.8302951390625 0.18605693750000002 0.8352141203125001 0.1858327734375 0.8493923609375 0.18426361875 0.854890046875 0.181797803125 0.8812210640625 0.1802286484375 0.8846932875 0.17888365781249999 0.8948206015625001 0.17888365781249999 0.9118923609375 0.1768661734375 0.9237557875 0.17753866875 0.932146990625 0.1766420078125 0.942853009375 0.17865949375 0.9717881937499999 0.17865949375 0.99117476875 0.18034073125 0.9979745375 0.1978256 0.999421296875 0.2023089 0.9982638890625 0.2045505484375 0.9962384265625 0.20813718906249998 0.9959490734375 0.22494956250000003 0.999421296875 0.2602555484375 0.999565971875 0.2718000453125 0.9982638890625 0.2741537765625 0.9920428234375 0.27684375625 0.988859953125 0.27863707656250003 0.98336226875 0.2808787265625 0.98046875 0.2819995515625 0.9772858796874999 0.2822237171875 0.9717881937499999 0.28446536718750004 0.9694733796874999 0.28648285156250003 0.9625289359375 0.288948665625 0.9596354171874999
0 0.0942613765625 0.3049768515625 0.09392512812500001 0.309172453125 0.0948217890625 0.3097511578125 0.09639094375 0.3088831015625 0.0942613765625 0.3049768515625
0 0.089890159375 0.75390625 0.092131809375 0.7492766203125 0.096615109375 0.7443576390625 0.0968392734375 0.737702546875 0.098296346875 0.7352430562500001 0.10244339843750001 0.731915509375 0.1037883875 0.7252604171875 0.10715086250000001 0.7188946765625001 0.107375028125 0.7122395828125 0.1102891734375 0.7029803234374999 0.1093925125 0.6934317125 0.1109616671875 0.6838831015625 0.1109616671875 0.6778067125 0.1067025328125 0.6592881937499999 0.10177090312499999 0.65234375 0.0990809234375 0.6413483796875 0.095045953125 0.6329571765625001 0.095494284375 0.6277488421874999 0.0976238515625 0.6261574078125001 0.107711275 0.6276041671875 0.12004034999999999 0.6438078703125 0.1218336703125 0.644965278125 0.123739071875 0.6390335640625 0.12575655624999998 0.636140046875 0.12822237187500002 0.6277488421874999 0.13136068125 0.622540509375 0.1387581265625 0.5930266203125 0.1409997765625 0.575665509375 0.14458641562500002 0.566984953125 0.1466039 0.5574363421874999 0.1495180453125 0.5510706015625 0.15489800468749998 0.5221354171875 0.15624299531250002 0.5065104171875 0.1555705 0.5013020828125 0.156467159375 0.49696180625 0.156467159375 0.48625578750000004 0.1555705 0.48046875 0.15781214999999998 0.466290509375 0.158932975 0.43938078750000004 0.16162295468750001 0.41710069375 0.16162295468750001 0.378327546875 0.1596054703125 0.3395543984375 0.154673840625 0.2877604171875 0.1526563546875 0.2741608796875 0.152208025 0.2637442125 0.15019054062499998 0.2536168984375 0.14862138593750002 0.23741319375 0.143465590625 0.21310763906250002 0.13651647656250002 0.1960358796875 0.1273257125 0.1795428234375 0.111297915625 0.1603009265625 0.091571396875 0.142071759375 0.085406859375 0.1329571765625 0.078681909375 0.1184895828125 0.07195696093750001 0.1115451390625 0.07072405312499999 0.1067708328125 0.06713741250000001 0.1082175921875 0.0622057828125 0.10792824062499999 0.059964134375 0.109375 0.0590674734375 0.11140046249999999 0.057610401562500003 0.11038773125000001 0.0553687515625 0.10054976874999999 0.058619143750000005 0.09664351875 0.063438690625 0.096209490625 0.061421206250000006 0.094184028125 0.061197040625 0.0910011578125 0.0652320109375 0.086371528125 0.063999103125 0.08304398125 0.0590674734375 0.0813078703125 0.059515803125 0.0804398140625 0.0648957640625 0.078703703125 0.0666890828125 0.07552083281250001 0.06870656875 0.077546296875 0.0734140328125 0.078703703125 0.078121496875 0.077546296875 0.0823806328125 0.0784143515625 0.083389375 0.07595486093750001 0.0823806328125 0.073784721875 0.0778973328125 0.074652778125 0.07162071249999999 0.0726273140625 0.07061197031250001 0.0710358796875 0.0745348578125 0.066840278125 0.07700067187500001 0.06828703750000001 0.0810356421875 0.06828703750000001 0.0861914375 0.065972221875 0.088208921875 0.0625 0.0906747359375 0.0622106484375 0.09493387187499999 0.063946759375 0.09919300625000001 0.063078703125 0.10042591406250001 0.061487268750000004 0.0942613765625 0.0587384265625 0.09022640625 0.059317129687500005 0.088769334375 0.05598958281250001 0.0864156015625 0.0543981484375 0.0823806328125 0.059027778125 0.08047522968750001 0.05598958281250001 0.0810356421875 0.0506365734375 0.072965703125 0.04774305625 0.0709482171875 0.0457175921875 0.067361578125 0.0494791671875 0.061533289062499996 0.0506365734375 0.059739968750000004 0.054108796875 0.05525666875 0.055266203125 0.0534633484375 0.0584490734375 0.0486438015625 0.06119791718749999 0.0466263171875 0.0652488421875 0.04685048125 0.07161458281250001 0.0455054921875 0.07913773125 0.0434880078125 0.08376736093750001 0.041470521875 0.085503471875 0.040349696875 0.091290509375 0.039228871875 0.09273726875 0.038108046875 0.11617476874999999 0.039228871875 0.13179976875 0.0372113875 0.13671875 0.039116790624999995 0.140046296875 0.0429275953125 0.1385995375 0.0439363375 0.1399016203125 0.0439363375 0.1482928234375 0.0450571625 0.1563946765625 0.047298812499999995 0.16102430625 0.048195471875 0.16883680625 0.0511096171875 0.17578125 0.052006276562499995 0.1824363421875 0.048980050000000004 0.1875 0.044832996874999996 0.1911168984375 0.0432638421875 0.19574652812499999 0.040125532812499996 0.199797453125 0.039453037499999996 0.20413773124999998 0.036987221875 0.2102141203125 0.0356422328125 0.2214988421875 0.033624748437500004 0.22439236093749998 0.031831428125 0.2359664359375 0.032055592187499996 0.3103298609375 0.0331764171875 0.322771990625 0.0325039234375 0.349103009375 0.0334005828125 0.3635706015625 0.032952253125 0.3904803234375 0.0356422328125 0.42578125 0.0354180671875 0.46137152812500004 0.0345214078125 0.46484375 0.033624748437500004 0.4807581015625 0.0334005828125 0.5001446765625001 0.0334005828125 0.5221354171875 0.034745573437499996 0.5293692125 0.0345214078125 0.5418113421874999 0.0365388921875 0.5516493062500001 0.0365388921875 0.5646701390625 0.038108046875 0.5808738421874999 0.044832996874999996 0.6106770828125 0.04909213125 0.6179108796875 0.05424792656250001 0.6297743062500001 0.06590450625 0.643084490625 0.0652320109375 0.6453993062500001 0.062093701562500006 0.6482928234374999 0.058843309375 0.6571180562500001 0.0550325046875 0.657696759375 0.0514458640625 0.6657986109375 0.0471867296875 0.6666666671875 0.0461779875 0.6682581015625 0.045953821875 0.6737557875 0.0434880078125 0.6827256937499999 0.0434880078125 0.6940104171875 0.0393409546875 0.6956018515625 0.037883882812500005 0.698640046875 0.037659717187500004 0.7038483796875 0.039228871875 0.7131076390625 0.038332212500000004 0.7174479171875 0.0387805421875 0.7281539359375 0.040349696875 0.7342303234374999 0.040798028125000003 0.7498553234374999 0.0434880078125 0.7654803234374999 0.0421430171875 0.7692418984375 0.0416946875 0.77445023125 0.038332212500000004 0.7796585640625 0.038556378125 0.7848668984375 0.035530149999999996 0.7890625 0.0314951796875 0.788483796875 0.0304864375 0.7897858796875 0.031831428125 0.7955729171875 0.029589778125 0.8045428234375 0.030262273437499997 0.8152488421875 0.0314951796875 0.8177083328125001 0.0356422328125 0.8201678234375 0.043151759375 0.8136574078125 0.0460659046875 0.8125 0.0517821109375 0.8033854171874999 0.06366285625 0.789496528125 0.06848240312500001 0.780671296875 0.0765523421875 0.774884259375 0.079130240625 0.76953125 0.08451020000000001 0.7637442125 0.08630351875 0.758246528125 0.089890159375 0.75390625
0 0.3060972875 0.0358796296875 0.304640215625 0.040943287499999995 0.3062093703125 0.044994212500000005 0.307554359375 0.040075231249999996 0.3060972875 0.0358796296875
0 0.20880968437499997 0 0.20242098125000002 0.0056423609375 0.19838601250000001 0.033709490625 0.19636852656249998 0.06640625 0.19479937187500002 0.06929976875 0.193678546875 0.07595486093750001 0.1923335578125 0.1164641203125 0.1927818875 0.1329571765625 0.19166106249999998 0.13671875 0.192557721875 0.14019097187500001 0.1923335578125 0.150896990625 0.19042815468750002 0.1487268515625 0.1880744234375 0.14887152812499999 0.1871777625 0.1520543984375 0.1894194125 0.1549479171875 0.1898677421875 0.15726273125 0.18695359843749998 0.16015625 0.18628110312499999 0.1621817125 0.1887469171875 0.17578125 0.188522753125 0.17867476875 0.18695359843749998 0.1815682875 0.188522753125 0.18967013906250002 0.188522753125 0.1980613421875 0.18695359843749998 0.20124421250000002 0.1882985875 0.2110821765625 0.1880744234375 0.22526041718749998 0.1849361125 0.23741319375 0.185160278125 0.25824652812500004 0.1865052671875 0.2675057875 0.18762609218749998 0.2868923609375 0.187401928125 0.3010706015625 0.188522753125 0.3083043984375 0.18762609218749998 0.315827546875 0.1898677421875 0.3479456015625 0.1891952484375 0.385271990625 0.1905402375 0.42230902812500004 0.19009190781250002 0.43070023125 0.1912127328125 0.4353298609375 0.19166106249999998 0.44979745312499997 0.1954718671875 0.46571180625 0.1956960328125 0.48104745312499997 0.20174848750000002 0.5013020828125 0.2079130234375 0.5118634265625001 0.21206007656249998 0.5134548609375 0.215646715625 0.5094039359375 0.2185608609375 0.5013020828125 0.21923335625 0.4963831015625 0.22169917031250003 0.49233217656250006 0.2252858109375 0.48104745312499997 0.22707912968750002 0.471209490625 0.2315624296875 0.4636863421875 0.2349249046875 0.4503761578125 0.23761488437499997 0.44574652812500004 0.238735709375 0.43561921249999996 0.241201525 0.4309895828125 0.24187401875 0.4254918984375 0.24310692656250002 0.4236111109375 0.24725397968750001 0.4211516203125 0.24837480312500002 0.41420717656250006 0.2515131140625 0.4049479171875 0.2515131140625 0.40002893593750005 0.2546514234375 0.3948206015625 0.25644474375000004 0.3864293984375 0.2591347234375 0.38382523125 0.260703878125 0.379484953125 0.262945528125 0.3768807875 0.2647388484375 0.3713831015625 0.269222146875 0.364728009375 0.273705446875 0.3534432875 0.2898453265625 0.3230613421875 0.3071060296875 0.2981770828125 0.3227975796875 0.278790509375 0.3214525890625 0.2556423609375 0.3212284234375 0.211371528125 0.3234700734375 0.18359375 0.3239184046875 0.1497395828125 0.325487559375 0.1193576390625 0.32593588906250004 0.072771990625 0.3245908984375 0.014322917187500001 0.3234700734375 0.004774306250000001 0.3206680109375 0.000578703125 0.2733692 0 0.2706792203125 0.0011574078125 0.2695583953125 0 0.20880968437499997 0
0 0.16946872968749999 0.24667245312500002 0.168796234375 0.24811921250000002 0.1701412234375 0.253327546875 0.1690203984375 0.2591145828125 0.16520959375 0.2634548609375 0.16408876875 0.26866319375000003 0.1647612640625 0.27387152812500004 0.16655458437499998 0.27821180624999997 0.167675409375 0.2883391203125 0.1723828734375 0.30425347187499996 0.17529701875 0.3190104171875 0.18034073125 0.3269675921875 0.1844877828125 0.3302951390625 0.18628110312499999 0.32855902812500004 0.18762609218749998 0.3230613421875 0.1878502578125 0.2825520828125 0.1867294328125 0.2637442125 0.1867294328125 0.2423321765625 0.1847119484375 0.23625578749999998 0.1828065453125 0.235821759375 0.181237390625 0.2381365734375 0.17563326562499998 0.2384259265625 0.16946872968749999 0.24667245312500002
0 0.1561309125 0 0.155346334375 0.002459490625 0.154449675 0.061487268750000004 0.156691325 0.075665509375 0.155794665625 0.0817418984375 0.1571396546875 0.090422453125 0.157587984375 0.101996528125 0.158932975 0.10633680625 0.155346334375 0.1115451390625 0.156467159375 0.1155960640625 0.1560188296875 0.13671875 0.1569154890625 0.1413483796875 0.1584846453125 0.2136863421875 0.1602779640625 0.22236689843750002 0.1607262953125 0.23046875 0.16218336718749998 0.23234953749999998 0.165433759375 0.23249421250000002 0.17854741093749998 0.2228009265625 0.1859448546875 0.21932870312500002 0.18762609218749998 0.2160011578125 0.1891952484375 0.17578125 0.1927818875 0.13498263906250002 0.192557721875 0.11241319375 0.194126878125 0.0979456015625 0.194126878125 0.08376736093750001 0.1972651875 0.0606192125 0.200403496875 0.014612268749999999 0.202645146875 0.005353009375 0.20186056875 0 0.1561309125 0
0 0.3406186953125 0 0.33938578750000004 0.00390625 0.33647164375 0.024450231250000003 0.336247478125 0.04296875 0.334005828125 0.080584490625 0.3310916828125 0.0953414359375 0.33064335312500004 0.116753471875 0.32907419843749997 0.1312210640625 0.3292983640625 0.15726273125 0.3281775390625 0.176359953125 0.3292983640625 0.1867766203125 0.32907419843749997 0.218315971875 0.32974669375 0.22265625 0.3281775390625 0.2437789359375 0.3299708578125 0.2677951390625 0.32974669375 0.278790509375 0.3316520953125 0.2809606484375 0.3344541578125 0.2813946765625 0.345774490625 0.2786458328125 0.3648285140625 0.2688078703125 0.3665097515625 0.2637442125 0.36908764843749997 0.26128472187499996 0.384106703125 0.258391203125 0.38814167187500004 0.25491898125 0.39621161250000003 0.2540509265625 0.3990136734375 0.2484085640625 0.40058282968750003 0.1847511578125 0.39744451875000003 0.121672453125 0.399910334375 0.1066261578125 0.40058282968750003 0.074797453125 0.40641111875 0.0212673609375 0.4066352828125 0.0036168984374999997 0.4051782109375 0 0.3406186953125 0
0 0.5726294546874999 0 0.5713965484375 0.0018807875000000003 0.5608607937500001 0.055700231249999996 0.55637749375 0.0710358796875 0.55189419375 0.096209490625 0.5503250390625001 0.101128471875 0.5496525437499999 0.10923032343750001 0.5420309343749999 0.15234375 0.5418067703125 0.1624710640625 0.5395651203125 0.17230902812499999 0.5404617796875 0.1780960640625 0.5412463578125 0.17881944375 0.5452813265625001 0.1750578703125 0.5680340734375 0.1468460640625 0.571284465625 0.141203703125 0.5849585296875001 0.12586805625 0.58742434375 0.121527778125 0.5925801390625 0.11921296249999999 0.59358888125 0.121672453125 0.580363146875 0.14163773125 0.5743106921875001 0.15407986093749998 0.5637749390625 0.16883680625 0.5601882984375 0.17578125 0.5523425234375 0.1867766203125 0.5339609953125 0.21657986093749998 0.52813270625 0.2281539359375 0.5274602109375001 0.23307291718749998 0.5288052000000001 0.23828125 0.5254427265625 0.25303819375000003 0.5238735703125 0.2718460640625 0.5238735703125 0.2785011578125 0.5256668906249999 0.2813946765625 0.5297018609374999 0.27300347187499996 0.5317193453125 0.26171875 0.537547634375 0.2521701390625 0.5404617796875 0.2437789359375 0.5438242546875001 0.23828125 0.5494283796875 0.22439236093749998 0.5564895765625 0.2164351859375 0.567921990625 0.21180555625 0.5728536203125 0.21267361093749998 0.5800269 0.21875 0.5845102 0.22048611093749998 0.5906747359375 0.20442708281250002 0.5951580359374999 0.19748263906250002 0.5965030265625 0.19227430625 0.5994171703125 0.18706597187500001 0.6086079359375 0.1563946765625 0.6173503703125001 0.1344039359375 0.6199282671875 0.1304976859375 0.6275498765624999 0.12297453750000001 0.6315848468749999 0.1223958328125 0.6353956515625 0.1290509265625 0.6368527234375 0.12717013906250002 0.6402151984375 0.11704282343750001 0.6404393640625 0.106047453125 0.6388702078125 0.10054976874999999 0.6373010531250001 0.0860821765625 0.635059403125 0.078559028125 0.633266084375 0.065827546875 0.6195920203124999 0.04296875 0.6166778749999999 0.035734953125 0.616902040625 0.032262731249999996 0.6197041015625 0.0309606484375 0.629903609375 0.045862268750000004 0.6334902484375 0.053096064062500004 0.6409997765625 0.0627893515625 0.6427930953125001 0.0636574078125 0.6481730546875 0.0627893515625 0.6498542921875 0.060908564062500004 0.6514234484375 0.0565682875 0.6532167671875 0.0403645828125 0.6574759015625 0.025318287499999998 0.661510871875 0.005353009375 0.66184711875 0 0.5726294546874999 0
0 0.7454606593750001 0 0.7428827609375 0.0030381937500000003 0.73907195625 0.014901620312499999 0.7204662625 0.0973668984375 0.710603003125 0.127459490625 0.7049988796875 0.15726273125 0.70578345625 0.1588541671875 0.7089217671875 0.1600115734375 0.7317865953125 0.1565393515625 0.7412015249999999 0.1565393515625 0.752858103125 0.1582754625 0.7732571171875 0.15798611093749998 0.7766195921875 0.1594328703125 0.77852499375 0.1627604171875 0.7771800046874999 0.16710069375 0.7710154671875 0.17274305625 0.7526339390625 0.1817129625 0.7405290296875 0.1851851859375 0.7183366953125 0.194733796875 0.71362923125 0.1993634265625 0.7073526109375 0.20804398124999998 0.70242098125 0.21180555625 0.6973772703125001 0.2180266203125 0.6917731453125 0.23249421250000002 0.6906523203125 0.2579571765625 0.6906523203125 0.2785011578125 0.691997309375 0.2996238421875 0.6931181343749999 0.3039641203125 0.694463125 0.3054108796875 0.6981618468749999 0.3023726859375 0.704886796875 0.2931134265625 0.710490921875 0.2873263890625 0.7141896437499999 0.28081597187499996 0.7202420984375 0.2585358796875 0.7215870875 0.2449363421875 0.7238287375 0.2345196765625 0.7287603671875 0.2180266203125 0.7294328625000001 0.21223958281250002 0.7332436671875 0.2038483796875 0.735933646875 0.20732060156249998 0.7327953375 0.2472511578125 0.7332436671875 0.25043402812500004 0.734476575 0.25086805624999997 0.7373907203125001 0.250578703125 0.7491593812499999 0.2336516203125 0.7872674281250001 0.18359375 0.7892849140625 0.1720196765625 0.7916386453125 0.1695601859375 0.7963461109375001 0.1686921296875 0.804079803125 0.15726273125 0.8099080921875 0.1399016203125 0.81573638125 0.11530671249999999 0.8186505265624999 0.1080729171875 0.8258238062500001 0.07913773125 0.8392737046875001 0.0099826390625 0.841291190625 0.005353009375 0.8405066124999999 0 0.7454606593750001 0
0 0.916274378125 0 0.9135843984375001 0.0008680562500000001 0.911230665625 0.0036168984374999997 0.9083165203125001 0.010271990625000001 0.8971082718750001 0.0455729171875 0.8948666218750001 0.06119791718749999 0.8894866625000001 0.07682291718749999 0.8861241874999999 0.0953414359375 0.8657251734375 0.177228009375 0.8641560187499999 0.1873553234375 0.8646043484374999 0.191984953125 0.86695808125 0.194733796875 0.8860121046874999 0.1973379625 0.886348353125 0.19835069375 0.885339609375 0.19965277812499999 0.8795113203125 0.20138888906250002 0.874355525 0.2008101859375 0.8619143687499999 0.202690971875 0.8665097515625 0.2042824078125 0.8707688859375 0.2042824078125 0.8741313609375 0.2063078703125 0.8792871546875001 0.20601851875000002 0.882985878125 0.20760995312500002 0.862698946875 0.20891203749999998 0.8605693796875 0.211371528125 0.8565344093749999 0.22207754687499998 0.850033625 0.2527488421875 0.8473436453125001 0.2721354171875 0.845326159375 0.27821180624999997 0.8399462 0.3190104171875 0.8363595609375001 0.3381076390625 0.834566240625 0.3595196765625 0.8309796015625001 0.3791956015625 0.8300829406249999 0.3893229171875 0.82806545625 0.3956886578125 0.82806545625 0.40610532343749994 0.8271687968749999 0.4098668984375 0.8276171265625001 0.42578125 0.82470298125 0.439959490625 0.82470298125 0.44632523125 0.8264963015625 0.4552951390625 0.8305312703125001 0.4894386578125 0.8332212515625 0.4949363421875 0.8381528812499999 0.5007233796875 0.8431965921875 0.51273148125 0.8548531718750001 0.517071759375 0.8611297921875 0.5164930562500001 0.86303519375 0.51461226875 0.86303519375 0.5169270828125 0.8619143687499999 0.518084490625 0.8616902046874999 0.5215567125 0.8596727187500001 0.5261863421874999 0.861017709375 0.5313946765625001 0.8598968843750001 0.534577546875 0.8548531718750001 0.538483796875 0.8472315625 0.540509259375 0.8435328406249999 0.5470196765625001 0.84218785 0.552228009375 0.8410670250000001 0.56148726875 0.84218785 0.5672743062500001 0.8410670250000001 0.5724826390625 0.8431965921875 0.57523148125 0.8513786140624999 0.5759548609375 0.8606814609375 0.5723379625 0.868975565625 0.56539351875 0.8786146609375001 0.5613425921874999 0.8899349921875 0.5516493062500001 0.9011432421875 0.523003471875 0.905626540625 0.5076678234374999 0.9168347906250001 0.4822048609375 0.9215422546875001 0.4674479171875 0.92669805 0.46079282343749994 0.9296121953125001 0.45500578750000004 0.9414929390625 0.4153645828125 0.9466487328125 0.393084490625 0.949562878125 0.38585069375000003 0.9506837031250001 0.3800636578125 0.9585294781249999 0.3615451390625 0.9621161171875 0.3496817125 0.9670477468750001 0.3297164359375 0.970410221875 0.30946180624999997 0.97803183125 0.2834201390625 0.9820668015624999 0.2735821765625 0.9984308453124999 0.21426504687499998 1 0.202690971875 0.9998879171875 0 0.9741089437499999 0 0.9689531499999999 0.0020254624999999997 0.9646940140625 0 0.916274378125 0
0 0.673391615625 0.8722511578125 0.6783232453125 0.8566261578125 0.6772024203125 0.85054976875 0.6783232453125 0.8456307875 0.684599865625 0.83695023125 0.6895314953125 0.822771990625 0.693566465625 0.808015046875 0.7027572296875 0.7649016203125 0.7061197046875 0.754484953125 0.716207128125 0.711371528125 0.7276395421874999 0.6511863421874999 0.7363819765625 0.6234085640625 0.74131360625 0.6034432875 0.7457969062500001 0.577690971875 0.74803855625 0.5721932875 0.7531943515624999 0.5528067125 0.7538668453125 0.54586226875 0.75308226875 0.54398148125 0.749943959375 0.545428240625 0.7461331546875 0.545428240625 0.7349249046875 0.5402199078125001 0.7339161625 0.53804976875 0.7348128218750001 0.531684028125 0.7338040796875 0.5309606484375 0.7310020171875 0.531684028125 0.7327953375 0.53804976875 0.7306657703125 0.540509259375 0.7284241203125 0.5399305562500001 0.7271912125 0.5374710640625 0.7280878734375 0.53226273125 0.7275274609375 0.53125 0.725734140625 0.5303819437499999 0.7216991703125 0.5309606484375 0.7176642015625 0.5271990734374999 0.713292984375 0.531684028125 0.713292984375 0.5368923609375 0.710042590625 0.5390625 0.7092580140625 0.5412326390625 0.70970634375 0.5519386578125001 0.71362923125 0.5538194437499999 0.7159829640625001 0.5574363421874999 0.7137413140625 0.5617766203125 0.70410221875 0.572771990625 0.701188075 0.5774016203125 0.6996189187499999 0.5823206015625 0.7036538890624999 0.5866608796875 0.7047747140625 0.5918692125 0.706007621875 0.593171296875 0.71362923125 0.5896990734374999 0.721026675 0.59085648125 0.7238287375 0.5924479171875 0.7134050656250001 0.5949074078125001 0.7109392515625 0.5975115734374999 0.706007621875 0.600115740625 0.7025330640624999 0.6046006937499999 0.700963909375 0.6106770828125 0.6990585078125 0.6140046296875 0.665657925 0.63773148125 0.66408876875 0.640046296875 0.6551221703125 0.6452546296875 0.6527684375 0.6482928234374999 0.6520959421875 0.6624710640625 0.649630128125 0.6671006937499999 0.647388478125 0.6780960640625 0.6433535078125 0.6888020828125 0.6411118578125 0.69140625 0.6393185390625 0.69632523125 0.63192109375 0.705584490625 0.6191436890625 0.7440682875 0.612194575 0.7570891203125 0.6037883875000001 0.769097221875 0.5928043046875 0.780671296875 0.5840618703125 0.785590278125 0.576328178125 0.7949942125 0.5743106921875001 0.7999131937499999 0.5743106921875001 0.8103298609375 0.5687065687499999 0.817853009375 0.567361578125 0.8233506937499999 0.5666890828125 0.830584490625 0.5608607937500001 0.8563368062500001 0.5592916390625 0.87109375 0.5570499890625 0.8806423609375 0.54909213125 0.8885995375 0.5181573640625 0.886284721875 0.5155794671875 0.8841145828125001 0.5138982296875 0.8752893515625001 0.505940371875 0.8858506937499999 0.49697377343750004 0.903790509375 0.48598968906250006 0.9217303234375 0.48195471875000007 0.9318576390625 0.47567809843750003 0.9411168984374999 0.4736606140625 0.9466145828125001 0.46872898437500005 0.9544270828125001 0.461107375 0.9735243062500001 0.46088320937500005 0.9781539359375 0.46245236562500003 0.9862557875 0.4626765296875 0.9949363421875 0.4641336015625 0.9979745375 0.46682358281249997 0.999421296875 0.504259134375 0.999421296875 0.5168123734375001 0.9976851859375 0.5378838828125 0.9976851859375 0.5477471421875 0.999421296875 0.5609728765625001 0.999421296875 0.5733019500000001 0.9973958328125001 0.5716207125 0.9923321765625 0.5722932078125 0.9894386578125 0.573526115625 0.9881365734375 0.5766644249999999 0.9881365734375 0.5824927140625 0.9979745375 0.5849585296875001 0.999421296875 0.5926922218749999 0.999565971875 0.6037883875000001 0.999421296875 0.6089441828125 0.9982638890625 0.6144362250000001 0.9908854171874999 0.6195920203124999 0.976996528125 0.62743779375 0.9628182875 0.6316969296875 0.9593460640625 0.6565792421875 0.908709490625 0.6588208921875001 0.90234375 0.665994171875 0.8893229171874999 0.673391615625 0.8722511578125
0 0.41100650156249996 0 0.4082044390625 0.0050636578125 0.4068594484375 0.0354456015625 0.4048419640625 0.055410879687500005 0.4034969734375 0.060908564062500004 0.4023761484375 0.0779803234375 0.40304864374999994 0.0921585640625 0.4077561078125 0.137297453125 0.4091010984375 0.16189236093749998 0.4115669125 0.17751736093749998 0.4102219234375 0.21484375 0.410670253125 0.22294560156249998 0.4077561078125 0.2423321765625 0.40753194375 0.2559317125 0.40809235624999995 0.2598379625 0.4119031609375 0.2589699078125 0.413472315625 0.2615740734375 0.4159381296875 0.26273148125 0.4182918625 0.2599826390625 0.4198610171875 0.25390625 0.42008518281249996 0.24782986093749998 0.41896435781249997 0.24320023124999998 0.42053351250000004 0.23249421250000002 0.4197489359375 0.22077546250000002 0.41694687343750003 0.22207754687499998 0.41649854218750004 0.22786458281250002 0.4156018828125 0.22844328749999998 0.4158260484375 0.2180266203125 0.4198610171875 0.2125289359375 0.4159381296875 0.21151620312500002 0.41537771875 0.2102141203125 0.4147052234375 0.202690971875 0.41649854218750004 0.1925636578125 0.41291190312500003 0.182146990625 0.4147052234375 0.177228009375 0.4156018828125 0.17086226875 0.4195247703125 0.1681134265625 0.423559740625 0.16840277812499999 0.424792646875 0.1711516203125 0.425240978125 0.17578125 0.424792646875 0.20992476875000002 0.4256893078125 0.22005208281250002 0.4250168125 0.2536168984375 0.4238959875 0.261140046875 0.4209818421875 0.2649016203125 0.4176193671875 0.2732928234375 0.4176193671875 0.28804976875 0.41425689375 0.29586226875 0.41380856250000003 0.299334490625 0.415153553125 0.324797453125 0.41784353281250003 0.3343460640625 0.419636853125 0.35199652812500004 0.421878503125 0.3635706015625 0.423671821875 0.3933738421875 0.424792646875 0.40031828750000004 0.42591347187500006 0.4367766203125 0.4283792875 0.450665509375 0.4277067921875 0.45500578750000004 0.4279309578125 0.47178819375 0.4295001125 0.5177951390625 0.43106926718749994 0.530815971875 0.43398341250000005 0.5363136578125001 0.4353284015625 0.5418113421874999 0.44048419687499996 0.5432581015625 0.44339834062500005 0.5421006937499999 0.44451916562499993 0.536603009375 0.44922663125 0.5313946765625001 0.4516924453125 0.5253182875 0.45931405468750003 0.5125868062500001 0.46200403437500004 0.4958043984375 0.4671598296875 0.4830729171875 0.47007397500000003 0.4723668984375 0.4716431296875 0.46889467656250006 0.47444519218750003 0.4670138890625 0.47926473906249994 0.4596354171875 0.4837480390625 0.450665509375 0.4868863484375 0.43590856406249995 0.49136964843750003 0.4211516203125 0.49674960781250005 0.395109953125 0.498542928125 0.39019097187499996 0.4989912578125 0.37456597187499996 0.49630127812499997 0.369646990625 0.49921542187499995 0.36414930624999997 0.49921542187499995 0.3543113421875 0.5012329078125 0.3340567125 0.5084061875 0.309172453125 0.5088545171875001 0.30367476875 0.5106478375 0.2987557875 0.51356198125 0.2825520828125 0.5162519609375 0.2591145828125 0.518941940625 0.21223958281250002 0.5254427265625 0.13671875 0.5256668906249999 0.12109375 0.5274602109375001 0.09678819375 0.5272360453125 0.055121528125 0.52656355 0.051649306250000006 0.5272360453125 0.0455729171875 0.5263393859375001 0.030815971874999997 0.52701188125 0.0235821765625 0.5256668906249999 0.0050636578125 0.52308899375 0 0.43252633906250004 0 0.43140551406250005 0.0017361109374999999 0.4291638640625 0 0.41100650156249996 0
0 0.5957184484375 0.7751736109375 0.612194575 0.75390625 0.616902040625 0.7443576390625 0.62407531875 0.724103009375 0.6373010531250001 0.6734664359375 0.6379735484375 0.6668113421874999 0.639542703125 0.663628471875 0.6399910328125 0.6561053234374999 0.6392064562499999 0.6539351859375 0.63640439375 0.652922453125 0.6392064562499999 0.649016203125 0.643241425 0.649884259375 0.64593140625 0.6446759265625001 0.6574759015625 0.6378761578125001 0.6548980046875 0.6354166671875 0.6510872 0.634259259375 0.6472763953125 0.6368634265625001 0.6427930953125001 0.6365740734374999 0.6421205999999999 0.6414930562500001 0.6358439812500001 0.641203703125 0.6341627437499999 0.6390335640625 0.634498990625 0.63773148125 0.6418964359375 0.6359953703125 0.6424568484375001 0.6326678234374999 0.6482851375 0.62601273125 0.6498542921875 0.61820023125 0.6494059625 0.6121238421874999 0.650750953125 0.6077835640625 0.6503026234375 0.6022858796875 0.6552342531249999 0.5878182875 0.6543375921875 0.582609953125 0.6550100875 0.575665509375 0.6590450578125 0.57913773125 0.659269221875 0.5750868062500001 0.6579242328125 0.5710358796875 0.6570275718749999 0.56148726875 0.6606142125 0.5461516203125 0.6612867062500001 0.5374710640625 0.6639766875 0.531684028125 0.6666666671875 0.507378471875 0.67025330625 0.4914641203125 0.6704774718750001 0.4807581015625 0.6756332656249999 0.45008680625 0.6765299265625 0.43706597187499996 0.6794440703125 0.42028356406249995 0.6819098859375 0.3942418984375 0.6850481953124999 0.3508391203125 0.68482403125 0.3360821765625 0.6861690203124999 0.323640046875 0.6861690203124999 0.31351273125 0.6870656796875 0.3088831015625 0.68482403125 0.2918113421875 0.6828065453125001 0.284577546875 0.68258238125 0.27821180624999997 0.684599865625 0.26866319375000003 0.6843757 0.2634548609375 0.6863931859375 0.2585358796875 0.68482403125 0.25303819375000003 0.6863931859375 0.2515914359375 0.6872898453125 0.2472511578125 0.6881865046875 0.23799189843750002 0.687738175 0.2327835640625 0.688859 0.2281539359375 0.6879623406250001 0.22178819375 0.6895314953125 0.21773726875000002 0.687738175 0.21281828749999998 0.6884106703125 0.19429976875 0.6861690203124999 0.19227430625 0.687738175 0.190827546875 0.6884106703125 0.1824363421875 0.6902039906249999 0.17751736093749998 0.6902039906249999 0.1720196765625 0.694238959375 0.1477141203125 0.6978256 0.1320891203125 0.6993947546875 0.11617476874999999 0.695359784375 0.10141782343750001 0.695359784375 0.09071180625 0.694463125 0.08810763906249999 0.690316071875 0.08854166718749999 0.686281103125 0.07899305625 0.6824702984375 0.079571759375 0.6810132249999999 0.0779803234375 0.6796682359374999 0.0710358796875 0.678435328125 0.0703125 0.6737278640625 0.06944444375 0.6708137187500001 0.070891203125 0.658932975 0.070891203125 0.6569154890625 0.0749421296875 0.652992603125 0.077690971875 0.652544271875 0.0860821765625 0.6500784578125 0.089265046875 0.6494059625 0.09244791718749999 0.6505267875 0.101996528125 0.6520959421875 0.106047453125 0.6509751171875 0.1115451390625 0.6534409328125 0.1184895828125 0.6538892625 0.13671875 0.6509751171875 0.1413483796875 0.6494059625 0.1563946765625 0.642905178125 0.1824363421875 0.6393185390625 0.205584490625 0.636628559375 0.2171585640625 0.6348352390625001 0.23307291718749998 0.6312485984375 0.242621528125 0.6269894640625 0.24782986093749998 0.6236269890624999 0.2556423609375 0.6180228640625 0.261140046875 0.615781215625 0.26663773125 0.6097287609375 0.2747395828125 0.60815960625 0.2796585640625 0.6043488 0.285734953125 0.60143465625 0.2883391203125 0.6002017484375 0.2928240734375 0.5996413359375 0.283709490625 0.60143465625 0.2727141203125 0.6030038109375 0.253327546875 0.60255548125 0.22092013906250002 0.6032279765624999 0.21484375 0.6030038109375 0.202690971875 0.6002017484375 0.19618055625 0.598968840625 0.1995081015625 0.596166778125 0.2019675921875 0.5920197265625 0.2081886578125 0.5861914374999999 0.22294560156249998 0.5855189421875 0.22786458281250002 0.5801389828125 0.2420428234375 0.5767765078125 0.255353009375 0.5718448781250001 0.2677951390625 0.5648957640625001 0.293547453125 0.5590674734375 0.310040509375 0.5559291640625 0.3239293984375 0.5514458640625 0.33695023125 0.549876709375 0.34476273125 0.5478592250000001 0.349103009375 0.5413584390625 0.3763020828125 0.5308226859375 0.41362847187499996 0.529926025 0.42086226875 0.52477023125 0.43851273125 0.5223044156250001 0.4524016203125 0.5167002921875 0.474103009375 0.513786146875 0.49117476875 0.5117686625 0.49667245312499997 0.5066128671875 0.5241608796875 0.5001120828125 0.55078125 0.495180453125 0.5800057875 0.48352387343750003 0.6581307875 0.4826272140625 0.7038483796875 0.48442053281249997 0.7139756937499999 0.48890383281250005 0.7293113421874999 0.49226630781249997 0.7541956015625 0.4945079578125 0.76461226875 0.507061196875 0.8106192125 0.5088545171875001 0.835503471875 0.5131136515625 0.8499710640625 0.5140103109374999 0.8615451390625 0.5164761265625 0.870515046875 0.51692445625 0.8820891203125001 0.521071509375 0.88570601875 0.547635059375 0.8870081015625001 0.5499887921875 0.886284721875 0.55749831875 0.8757233796874999 0.5606366281249999 0.85054976875 0.5635507734375 0.841290509375 0.5655682578125 0.8210358796874999 0.5709482171875 0.8103298609375 0.5722932078125 0.79788773125 0.5804752296875 0.7829861109375 0.5878726750000001 0.7800925921874999 0.5957184484375 0.7751736109375