0 0.4511111109375 0.8761755484375 0.46333333281250005 0.8526645765625 0.5 0.83855799375 0.4966666671875 0.799373040625 0.377777778125 0.7978056421875 0.45222222187499994 0.752351096875 0.4711111109375 0.7194357359375 0.467777778125 0.705329153125 0.372222221875 0.7742946703125 0.31222222187500004 0.79623824375 0.29444444375 0.81818181875 0.272222221875 0.815047021875 0.24333333281249997 0.771159875 0.19444444375 0.7492163015625 0.0011111109375000002 0.768025078125 0.0011111109375000002 0.9373040749999999 0.25444444375 0.9373040749999999 0.27444444375 0.8965517234375 0.29 0.89028213125 0.297777778125 0.8918495296875 0.307777778125 0.9247648906249999 0.32555555625 0.9373040749999999 0.4911111109375 0.9326018812499999 0.4888888890625 0.9043887140625 0.4511111109375 0.8761755484375
0 0.3166666671875 0.642633228125 0.42222222187499997 0.6818181812499999 0.34444444375 0.62539185 0.39 0.6050156734375001 0.41555555625 0.5501567390625001 0.4066666671875 0.4435736671875 0.39 0.4075235109375 0.25444444375 0.5517241375 0.207777778125 0.5109717875 0.1766666671875 0.507836990625 0.0011111109375000002 0.5297805640625 0.0011111109375000002 0.7617554859375 0.1611111109375 0.7429467078124999 0.207777778125 0.721003134375 0.262222221875 0.6598746078125 0.2866666671875 0.7978056421875 0.2988888890625 0.8056426328124999 0.3111111109375 0.7884012546875 0.3133333328125 0.6786833859375 0.33555555625 0.6974921625 0.3166666671875 0.642633228125
0 0.26777777812500003 0.17554858906249998 0.2611111109375 0.153605015625 0.22999999999999998 0.17554858906249998 0.192222221875 0.18181818125 0.18777777812500002 0.1912225703125 0.2166666671875 0.188087775 0.22444444375 0.195924765625 0.21777777812500002 0.2021943578125 0.232222221875 0.2100313484375 0.2411111109375 0.200626959375 0.2811111109375 0.2100313484375 0.2766666671875 0.18181818125 0.2866666671875 0.164576803125 0.26777777812500003 0.17554858906249998
0 0.2 0.44043887187499997 0.1988888890625 0.40125391875 0.21111111093749999 0.39028213125 0.1911111109375 0.34952978125 0.1866666671875 0.2899686515625 0.19444444375 0.27272727343750003 0.212222221875 0.27272727343750003 0.2633333328125 0.2884012546875 0.26777777812500003 0.30721003125 0.2711111109375 0.2931034484375 0.25666666718750003 0.2601880875 0.18555555625 0.21316614375 0.16 0.23040752343749998 0.16 0.271159875 0.13 0.3887147328125 0.11000000000000001 0.35109717812499996 0.08555555625 0.3322884015625 0.047777778124999996 0.3322884015625 0.0011111109375000002 0.35109717812499996 0.0011111109375000002 0.52664576875 0.11000000000000001 0.507836990625 0.1288888890625 0.48432601875000003 0.13888888906250002 0.429467084375 0.17444444374999998 0.44827586249999996 0.18111111093750001 0.47021943593750004 0.21000000000000002 0.479623825 0.2166666671875 0.50470219375 0.222222221875 0.4780564265625 0.2 0.44043887187499997
0 0.27999999999999997 0.189655171875 0.29555555624999996 0.164576803125 0.29 0.137931034375 0.16555555625 0.19435736718750002 0.107777778125 0.153605015625 0.0033333328125 0.16614420000000002 0.0011111109375000002 0.35109717812499996 0.058888889062500005 0.3291536046875 0.10333333281249998 0.335423196875 0.13444444375 0.3166144203125 0.157777778125 0.2774294671875 0.1611111109375 0.228840125 0.19 0.247648903125 0.23444444375 0.216300940625 0.3 0.21159874531249998 0.27999999999999997 0.189655171875
0 0.3333333328125 0.145768025 0.34555555625 0.0940438875 0.397777778125 0.15517241406249999 0.42444444375 0.2272727265625 0.43222222187500003 0.228840125 0.43555555625000003 0.2021943578125 0.40444444375 0.1238244515625 0.49444444374999996 0.14106583125 0.5066666671875 0.1144200625 0.5 0.1050156734375 0.5111111109375 0.0893416921875 0.5111111109375 0.061128526562499994 0.522222221875 0.0454545453125 0.50555555625 0.0313479625 0.507777778125 0.0219435734375 0.49444444374999996 0.018808778125 0.49444444374999996 0 0.37 0.0031347968750000004 0.33444444375 0.0313479625 0.307777778125 0.0031347968750000004 0.25 0 0.2033333328125 0.006269592187500001 0.0033333328125 0.0815047015625 0.0011111109375000002 0.16614420000000002 0.1011111109375 0.15047021875 0.14777777812499998 0.1786833859375 0.18555555625 0.1786833859375 0.212222221875 0.137931034375 0.22777777812500002 0.1598746078125 0.287777778125 0.137931034375 0.29555555624999996 0.158307209375 0.29 0.184952978125 0.3333333328125 0.145768025
0 0.977777778125 0.83855799375 0.97 0.8244514109375001 0.9322222218749999 0.84952978125 0.9166666671874999 0.8369905953125001 0.8811111109375 0.8683385578125 0.8577777781249999 0.8040752343750001 0.8300000000000001 0.7931034484375 0.86 0.86990595625 0.8488888890625 0.8761755484375 0.86 0.8887147328125 0.8566666671875 0.9373040749999999 0.872222221875 0.9373040749999999 0.887777778125 0.9028213171875 0.9077777781249999 0.9059561125 0.912222221875 0.9216300937499999 0.9099999999999999 0.89028213125 0.977777778125 0.83855799375
0 0.4911111109375 0.898119121875 0.4911111109375 0.9231974921875 0.5011111109375 0.9373040749999999 0.8400000000000001 0.9294670843749999 0.8311111109375 0.83855799375 0.7988888890625 0.815047021875 0.7211111109375 0.8463949843749999 0.54555555625 0.8432601875 0.47222222187499996 0.877742946875 0.4911111109375 0.898119121875
0 0.44666666718750003 0.7100313484375 0.37666666718749997 0.6833855796875 0.35111111093749997 0.71316614375 0.34444444375 0.7695924765625 0.36555555625 0.7742946703125 0.43666666718749997 0.7272727265625 0.44666666718750003 0.7100313484375
0 0.7811111109375 0.8213166140625001 0.8 0.77586206875 0.8188888890625 0.75548589375 0.8222222218749999 0.7821316609375 0.8511111109374999 0.8040752343750001 0.8444444437499999 0.8134796234375001 0.8744444437500001 0.9059561125 0.8800000000000001 0.8887147328125 0.8566666671875 0.799373040625 1 0.810344828125 0.9966666671875 0.79623824375 0.9455555562500001 0.78683385625 0.93444444375 0.7648902828125 0.902222221875 0.7570532921875001 0.9 0.7382445140625 0.9400000000000001 0.688087775 0.9688888890625 0.6159874609375 0.9677777781250001 0.6050156734375001 0.9588888890625 0.6081504703125 0.9277777781250001 0.6551724140624999 0.9144444437500001 0.6489028218749999 0.9400000000000001 0.5783699062500001 0.9455555562500001 0.5141065828125 0.9333333328125001 0.559561128125 0.9 0.6191222578125 0.8388888890624999 0.6708463953125 0.8211111109375 0.705329153125 0.7833333328125 0.6489028218749999 0.7411111109374999 0.626959246875 0.632222221875 0.6238244515625 0.4588888890625 0.645768025 0.42888888906249995 0.6598746078125 0.44888888906249996 0.684952978125 0.447777778125 0.70846395 0.467777778125 0.7021943578125 0.4733333328125 0.7194357359375 0.447777778125 0.7617554859375 0.3933333328125 0.79153605 0.49888888906249995 0.79623824375 0.50555555625 0.8369905953125001 0.7433333328125 0.8401253921875 0.7811111109375 0.8213166140625001
0 0.872222221875 0.5799373046875 0.8866666671875001 0.5689655171875 0.8744444437500001 0.5485893421875 0.847777778125 0.5454545453125 0.8300000000000001 0.507836990625 0.7833333328125 0.49529780625 0.7733333328125 0.528213165625 0.7633333328125 0.5297805640625 0.74555555625 0.48902821249999995 0.707777778125 0.47648902812499994 0.7033333328125 0.4858934171875 0.6833333328125 0.48275862031249994 0.5811111109375 0.5235109718750001 0.44333333281250004 0.5579937296875 0.41444444375 0.5736677109375 0.37333333281250003 0.622257053125 0.372222221875 0.633228840625 0.407777778125 0.658307209375 0.6188888890625 0.6238244515625 0.752222221875 0.626959246875 0.7877777781249999 0.6520376171875 0.807777778125 0.6520376171875 0.847777778125 0.6206896546875 0.8766666671875001 0.617554859375 0.8866666671875001 0.5909090906250001 0.872222221875 0.5799373046875
0 0.42111111093750003 0.5485893421875 0.6011111109375 0.5141065828125 0.7166666671875 0.46394984375000003 0.7633333328125 0.413793103125 0.7677777781249999 0.5141065828125 0.777777778125 0.487460815625 0.7855555562500001 0.35109717812499996 0.7966666671875 0.3605015671875 0.9788888890624999 0.3636363640625 0.9911111109374999 0.3338558 0.9833333328125 0.3166144203125 0.8433333328125 0.3228840125 0.8433333328125 0.31034482812499997 0.92444444375 0.2899686515625 0.9233333328125 0.27586206875 0.8522222218750001 0.27586206875 0.9066666671875 0.21159874531249998 0.8966666671875 0.19749216249999998 0.792222221875 0.27586206875 0.7855555562500001 0.294670846875 0.6966666671875 0.2507836984375 0.5700000000000001 0.2695924765625 0.33444444375 0.35109717812499996 0.29444444375 0.3793103453125 0.26888888906249997 0.4184952984375 0.2666666671875 0.48432601875000003 0.2833333328125 0.5109717875 0.3011111109375 0.492163009375 0.31222222187500004 0.4984326015625 0.32999999999999996 0.46394984375000003 0.367777778125 0.4357366765625 0.38555555625000004 0.40125391875 0.3966666671875 0.40438871406250004 0.41333333281250006 0.45611285312499994 0.42111111093750003 0.5485893421875
0 0.32777777812500003 0.2257053296875 0.3088888890625 0.268025078125 0.3066666671875 0.29937304062500003 0.3233333328125 0.31034482812499997 0.33888888906250003 0.27586206875 0.3588888890625 0.27586206875 0.37666666718749997 0.2539184953125 0.42111111093750003 0.23824451406249997 0.42444444375 0.22413793124999998 0.40888888906250004 0.1833855796875 0.39444444375 0.17554858906249998 0.32777777812500003 0.2257053296875
0 0.727777778125 0.2539184953125 0.7677777781249999 0.27899686562500003 0.777777778125 0.268025078125 0.7888888890625 0.20532915312500002 0.8055555562500001 0.184952978125 0.81444444375 0.28526645781250004 0.8088888890625 0.2931034484375 0.81555555625 0.29937304062500003 0.8044444437499999 0.315047021875 0.8433333328125 0.3291536046875 0.9366666671875 0.326018809375 0.9744444437500001 0.3134796234375 0.9577777781249999 0.30564263281250004 0.9800000000000001 0.2899686515625 0.9577777781249999 0.22413793124999998 0.9888888890624999 0.2147335421875 0.982222221875 0.11755485937500001 0.9622222218750001 0.0454545453125 0.92555555625 0.0219435734375 0.8833333328125 0.059561128124999994 0.882222221875 0.03605015625 0.8633333328124999 0 0.8033333328125 0.0031347968750000004 0.75444444375 0.04702194375 0.7322222218750001 0.0846394984375 0.5633333328125001 0.0971786828125 0.5211111109375001 0.11285266406250001 0.49000000000000005 0.153605015625 0.4766666671875 0.1442006265625 0.43 0.153605015625 0.42444444375 0.1708463953125 0.43666666718749997 0.19749216249999998 0.44666666718750003 0.16144200625 0.4566666671875 0.1567398125 0.4688888890625 0.180250784375 0.477777778125 0.236677115625 0.5011111109375 0.24451410624999997 0.5211111109375001 0.27899686562500003 0.6677777781249999 0.2507836984375 0.727777778125 0.2539184953125
0 0.18555555625 0.3793103453125 0.17444444374999998 0.335423196875 0.1688888890625 0.3526645765625 0.1666666671875 0.377742946875 0.18555555625 0.3793103453125