0 0.48671875 0.75390625 0.2609375 0.26875
0 0.303125 0.703125 0.18125 0.2734375
0 0.1140625 0.6140625 0.196875 0.2734375
0 0.49453125 0.4796875 0.2765625 0.2875
0 0.23671875 0.4328125 0.25 0.26875
0 0.12734375 0.3828125 0.203125 0.2125
0 0.21796875 0.20546875 0.2875 0.1640625
0 0.44453125 0.25 0.409375 0.1796875
0 0.4359375 0.09140625 0.3203125 0.1609375
0 0.659375 0.14921875 0.265625 0.1046875
0 0.7046875 0.29453125 0.2609375 0.171875
0 0.734375 0.4515625 0.203125 0.171875
0 0.75546875 0.575 0.265625 0.1875
0 0.8484375 0.6921875 0.1859375 0.1984375
0 0.57734375 0.046875 0.21875 0.0859375
0 0.83515625 0.1171875 0.2125 0.13125
0 0.8109375 0.2125 0.14375 0.1203125
0 0.85625 0.34140625 0.1390625 0.115625
0 0.9015625 0.4609375 0.1546875 0.1234375
0 0.93359375 0.56875 0.090625 0.1015625