0 0.24933333281249997 0.26349999999999996 0.2613333328125 0.282 0.2803333328125 0.303 0.2883333328125 0.315 0.308 0.33475 0.3286666671875 0.34725 0.3466666671875 0.35150000000000003 0.361 0.35724999999999996 0.368 0.359 0.44166666718750003 0.36 0.491 0.35575 0.501 0.35350000000000004 0.5083333328124999 0.35075 0.5203333328124999 0.34375 0.5346666671875 0.33325 0.5389999999999999 0.32825000000000004 0.5509999999999999 0.3205 0.5546666671875 0.31575000000000003 0.5643333328125 0.31 0.5686666671875 0.30325 0.5780000000000001 0.29674999999999996 0.5873333328125 0.28700000000000003 0.5916666671875 0.277 0.5933333328125 0.24575 0.593 0.2395 0.5886666671875 0.22799999999999998 0.5833333328125 0.22149999999999997 0.5743333328125 0.21549999999999997 0.5643333328125 0.20299999999999999 0.558 0.19025 0.5589999999999999 0.1775 0.5549999999999999 0.16499999999999998 0.5389999999999999 0.1375 0.5263333328125 0.12475 0.5083333328124999 0.11674999999999999 0.4956666671875 0.11325 0.4686666671875 0.10275000000000001 0.4483333328125 0.09675 0.40433333281249995 0.086 0.385 0.08325 0.3643333328125 0.08199999999999999 0.3536666671875 0.08249999999999999 0.3406666671875 0.08499999999999999 0.33166666718750004 0.09025 0.3133333328125 0.10500000000000001 0.2843333328125 0.13474999999999998 0.2513333328125 0.17925 0.24533333281249997 0.1905 0.2423333328125 0.20125 0.24 0.22225 0.24133333281249997 0.24075000000000002 0.24933333281249997 0.26349999999999996
0 0.599 0.3105 0.607 0.32975 0.615 0.34275 0.619 0.353 0.6376666671875 0.36 0.6663333328125 0.374 0.6873333328125 0.3875 0.6953333328125 0.39475 0.705 0.40075000000000005 0.709 0.40499999999999997 0.7223333328125 0.4085 0.756 0.41050000000000003 0.7846666671875 0.40875000000000006 0.8006666671874999 0.40625 0.8220000000000001 0.40049999999999997 0.849 0.396 0.858 0.3935 0.8699999999999999 0.38675000000000004 0.883 0.38225 0.8866666671875001 0.38 0.89 0.3705 0.8953333328124999 0.366 0.8966666671875 0.35350000000000004 0.9153333328125 0.32599999999999996 0.9183333328125001 0.31875 0.921 0.306 0.9203333328125 0.2925 0.9176666671874999 0.27625 0.9146666671875 0.26549999999999996 0.908 0.2505 0.9023333328125 0.22425 0.8956666671875 0.20299999999999999 0.8949999999999999 0.18975 0.892 0.18075000000000002 0.8866666671875001 0.176 0.8693333328125 0.17024999999999998 0.8593333328125 0.16499999999999998 0.836 0.15975 0.8186666671875 0.15325 0.8029999999999999 0.149 0.7856666671875 0.146 0.7453333328125 0.14125000000000001 0.722 0.13999999999999999 0.6823333328125 0.148 0.6666666671875 0.1565 0.6593333328125001 0.16175 0.6436666671875 0.1755 0.6306666671875 0.192 0.6233333328125 0.20575000000000002 0.6043333328125 0.23525000000000001 0.5963333328125 0.253 0.5936666671874999 0.26425 0.5940000000000001 0.29100000000000004 0.599 0.3105
0 0.42533333281249996 0.45575 0.425 0.46950000000000003 0.42699999999999994 0.48025 0.4266666671875 0.49400000000000005 0.429 0.506 0.437 0.5287499999999999 0.44566666718750003 0.5415 0.4476666671875 0.553 0.45066666718750004 0.561 0.45499999999999996 0.5645 0.45999999999999996 0.5785 0.46299999999999997 0.5815 0.46966666718749994 0.5825 0.4876666671875 0.581 0.5186666671875 0.58025 0.607 0.5912499999999999 0.619 0.5915 0.6353333328125 0.5900000000000001 0.6576666671875 0.58425 0.6723333328125001 0.57625 0.6849999999999999 0.56425 0.6940000000000001 0.55325 0.7023333328125 0.5467500000000001 0.7150000000000001 0.5309999999999999 0.726 0.5065000000000001 0.728 0.49524999999999997 0.726 0.47925000000000006 0.7256666671875001 0.45925000000000005 0.72 0.434 0.7096666671875 0.41100000000000003 0.6956666671875 0.39325 0.6763333328125001 0.37925 0.665 0.3735 0.6546666671875 0.3665 0.645 0.36225 0.6353333328125 0.35975 0.618 0.35775 0.5993333328125 0.35375 0.567 0.35325 0.5596666671875 0.35425 0.5426666671875 0.354 0.5216666671875 0.35525 0.5073333328125 0.359 0.49133333281249997 0.36475 0.479 0.3725 0.45866666718750004 0.391 0.44800000000000006 0.40625 0.43899999999999995 0.4165 0.4273333328125 0.44400000000000006 0.42533333281249996 0.45575
0 0.352 0.75 0.3543333328125 0.76775 0.3603333328125 0.78525 0.3713333328125 0.796 0.37933333281250003 0.8119999999999999 0.393 0.82025 0.4063333328125 0.83025 0.422 0.8494999999999999 0.4286666671875 0.8539999999999999 0.4363333328125 0.85725 0.4533333328125 0.8637499999999999 0.4703333328125 0.86875 0.49400000000000005 0.8724999999999999 0.518 0.8744999999999999 0.54 0.8744999999999999 0.5726666671875 0.86825 0.6323333328125 0.86025 0.6446666671875 0.8552500000000001 0.669 0.85 0.6863333328125 0.83825 0.7 0.8234999999999999 0.7093333328125 0.8074999999999999 0.7190000000000001 0.78425 0.726 0.76025 0.7316666671875 0.7245 0.7316666671875 0.71825 0.7233333328125 0.68525 0.7146666671874999 0.6665 0.709 0.65825 0.692 0.64 0.6853333328125 0.63125 0.6769999999999999 0.625 0.6733333328125 0.6207499999999999 0.669 0.6184999999999999 0.653 0.6134999999999999 0.6446666671875 0.60875 0.635 0.607 0.632 0.605 0.626 0.5972500000000001 0.618 0.59325 0.611 0.59075 0.5980000000000001 0.588 0.5596666671875 0.5845 0.5426666671875 0.58075 0.5196666671875 0.57875 0.503 0.57875 0.4813333328125 0.57975 0.47400000000000003 0.5822499999999999 0.4526666671875 0.5940000000000001 0.42800000000000005 0.6042500000000001 0.40433333281249995 0.62 0.3896666671875 0.62575 0.376 0.63875 0.3673333328125 0.65425 0.3623333328125 0.6685 0.3556666671875 0.7085 0.352 0.75
0 0 0.68275 0.0056666671875 0.68125 0.007666667187499999 0.68525 0.0056666671875 0.6955 0.0026666671875 0.70175 0.0023333328125 0.70775 0.007666667187499999 0.7405 0.031 0.76775 0.048 0.7837500000000001 0.0733333328125 0.7985 0.0983333328125 0.8099999999999999 0.1266666671875 0.8210000000000001 0.1476666671875 0.8252499999999999 0.17466666718749999 0.82725 0.2106666671875 0.8314999999999999 0.225 0.8314999999999999 0.238 0.833 0.2636666671875 0.8307499999999999 0.2836666671875 0.82175 0.3026666671875 0.8150000000000001 0.3136666671875 0.808 0.3203333328125 0.79975 0.327 0.78075 0.3343333328125 0.7655000000000001 0.34199999999999997 0.75525 0.351 0.74675 0.3633333328125 0.66325 0.362 0.64225 0.3593333328125 0.62625 0.356 0.618 0.3496666671875 0.60775 0.337 0.5945 0.3173333328125 0.57975 0.2906666671875 0.567 0.2746666671875 0.562 0.264 0.56425 0.25833333281250004 0.5635 0.24133333281249997 0.5565 0.2246666671875 0.5525 0.20400000000000001 0.55125 0.16599999999999998 0.5509999999999999 0.1336666671875 0.5547500000000001 0.10500000000000001 0.5605 0.07666666718750001 0.5705 0.054000000000000006 0.5825 0.047 0.5875 0.038333332812499996 0.59475 0.0196666671875 0.614 0.007000000000000001 0.6315000000000001 0 0.648 0 0.68275
0 0.81328125 0.48515625 0.2046875 0.19375
0 0.21171875 0.3640625 0.271875 0.2234375
0 0.153125 0.1078125 0.29375 0.2015625
0 0.07578125 0.30234375 0.1453125 0.290625
0 0.16953125 0.51875 0.24375 0.0984375
0 0.3828125 0.56953125 0.1703125 0.109375
0 0.2921875 0.846875 0.271875 0.1765625
0 0.60390625 0.890625 0.3640625 0.21875
0 0.740625 0.67265625 0.184375 0.2265625
0 0.42265625 0.41953125 0.190625 0.1953125
0 0.96328125 0.4421875 0.0734375 0.115625
0 0.82265625 0.85234375 0.1359375 0.1546875
0 0.93828125 0.89765625 0.1234375 0.1640625
0 0.90625 0.95703125 0.103125 0.0859375
0 0.89375 0.77578125 0.08125 0.1
0 0.95234375 0.76484375 0.0953125 0.121875
0 0.9015625 0.66953125 0.1671875 0.1125
0 0.984375 0.62109375 0.03125 0.1015625
0 0.97265625 0.5375 0.0546875 0.078125