0 0.09765625 0.6828125 0.184375 0.25
0 0.28125 0.240625 0.2515625 0.3109375
0 0.296875 0.59921875 0.2421875 0.3296875
0 0.40078125 0.57421875 0.2078125 0.31875
0 0.5359375 0.47265625 0.1796875 0.2375
0 0.51171875 0.1875 0.1953125 0.3
0 0.7296875 0.2375 0.196875 0.2265625
0 0.7703125 0.48359375 0.221875 0.2890625
0 0.86953125 0.2890625 0.184375 0.2578125
0 0.85859375 0.55703125 0.184375 0.2421875
0 0.6203125 0.65703125 0.1828125 0.26875
0 0.453125 0.76640625 0.1828125 0.2234375
0 0.82734375 0.7953125 0.1484375 0.184375