0 0.2859477125 0.11046511562500001 0.27450980468749997 0.0755813953125 0.2483660125 0.0377906984375 0.2271241828125 0.023255814062499998 0.1764705875 0.0174418609375 0.13888888906250002 0.0494186046875 0.1111111109375 0.11337209374999999 0.1045751640625 0.1947674421875 0.117647059375 0.2674418609375 0.132352940625 0.29360465156250004 0.18464052343749998 0.3372093015625 0.20588235312499997 0.33139534843749996 0.23856209218750002 0.2877906984375 0.2892156859375 0.2703488375 0.2826797390625 0.2151162796875 0.2859477125 0.11046511562500001
0 0.46568627500000004 0.12209302343749999 0.439542484375 0.0610465109375 0.3888888890625 0.0290697671875 0.3594771234375 0.023255814062499998 0.330065359375 0.0348837203125 0.3006535953125 0.0872093015625 0.28431372499999996 0.1482558140625 0.28431372499999996 0.22093023281250002 0.2990196078125 0.2732558140625 0.312091503125 0.2877906984375 0.348039215625 0.3110465109375 0.40032679687500006 0.3197674421875 0.4607843140625 0.26162790625 0.4673202609375 0.235465115625 0.46568627500000004 0.12209302343749999
0 0.6421568625 0.12209302343749999 0.6176470593750001 0.031976743749999995 0.6045751640625 0.0087209296875 0.5294117640625 0 0.5032679734375 0.0348837203125 0.5 0.06395348906250001 0.4689542484375 0.125 0.4673202609375 0.2151162796875 0.48039215625000004 0.255813953125 0.51960784375 0.2790697671875 0.544117646875 0.3139534890625 0.578431371875 0.316860465625 0.6388888890625 0.24418604687499998 0.6454248359375 0.19767441875 0.6421568625 0.12209302343749999
0 0.6928104578125 0 0.66013071875 0.0377906984375 0.6405228765625 0.09302325624999999 0.651960784375 0.24418604687499998 0.7189542484375 0.290697675 0.7516339875 0.290697675 0.795751634375 0.2529069765625 0.8169934640625 0.183139534375 0.813725490625 0.11337209374999999 0.7990196078125 0.026162790624999998 0.7794117640625 0 0.6928104578125 0
0 0.8578431375 0 0.830065359375 0.0348837203125 0.813725490625 0.084302325 0.8186274515624999 0.15697674374999998 0.8088235296875 0.2412790703125 0.8709150328125 0.2587209296875 0.9248366015625 0.3052325578125 0.9852941171875 0.2296511625 0.9967320265625 0.17732558125 0.9967320265625 0.0813953484375 0.9754901953124999 0.0377906984375 0.9444444437499999 0 0.8578431375 0
0 0.9281045750000001 0.3662790703125 0.918300653125 0.316860465625 0.8954248359375001 0.27616279062500004 0.8627450984375 0.2529069765625 0.8186274515624999 0.2470930234375 0.777777778125 0.2732558140625 0.741830065625 0.3372093015625 0.7385620921875 0.4912790703125 0.759803921875 0.53197674375 0.7892156859375 0.540697675 0.8202614374999999 0.5726744187499999 0.8513071890624999 0.5697674421875 0.8954248359375001 0.5377906984374999 0.9166666671874999 0.5029069765624999 0.9313725484375001 0.4447674421875 0.9281045750000001 0.3662790703125
0 0.73039215625 0.316860465625 0.705882353125 0.27616279062500004 0.668300653125 0.2529069765625 0.633986928125 0.25 0.6078431375 0.2674418609375 0.5751633984375 0.328488371875 0.5669934640625 0.3662790703125 0.5653594765625 0.48255813906249995 0.58823529375 0.546511628125 0.62581699375 0.5639534890625 0.686274509375 0.558139534375 0.7140522875 0.5348837203125 0.741830065625 0.4651162796875 0.741830065625 0.360465115625 0.73039215625 0.316860465625
0 0.560457515625 0.45348837187499996 0.562091503125 0.3982558140625 0.55228758125 0.33139534843749996 0.5326797390625 0.29360465156250004 0.49673202656250004 0.26162790625 0.4689542484375 0.26162790625 0.4150326796875 0.296511628125 0.39379084999999997 0.33139534843749996 0.382352940625 0.3953488375 0.383986928125 0.4563953484375 0.3888888890625 0.5029069765624999 0.41013071874999996 0.546511628125 0.45751634062499996 0.5813953484375001 0.491830065625 0.5813953484375001 0.534313725 0.546511628125 0.545751634375 0.5203488375 0.560457515625 0.45348837187499996
0 0.3692810453125 0.360465115625 0.3186274515625 0.2877906984375 0.2647058828125 0.2732558140625 0.2205882359375 0.30232558125 0.19607843125 0.3546511625 0.187908496875 0.46220930156250006 0.20588235312499997 0.5348837203125 0.23856209218750002 0.5726744187499999 0.26797385625 0.5813953484375001 0.3169934640625 0.5755813953125 0.3709150328125 0.53197674375 0.383986928125 0.48837209374999996 0.383986928125 0.4360465109375 0.3692810453125 0.360465115625
0 0.1911764703125 0.4796511625 0.19444444375 0.3779069765625 0.1830065359375 0.34302325625 0.14379085 0.296511628125 0.0866013078125 0.2848837203125 0.045751634375 0.3110465109375 0.021241829687499998 0.3517441859375 0.009803921875 0.3953488375 0.008169934375 0.5 0.027777778125000003 0.5755813953125 0.0392156859375 0.5901162796875 0.0735294125 0.6162790703125001 0.12254902031249999 0.6220930234375001 0.19607843125 0.5436046515624999 0.1993464046875 0.5232558140625 0.1911764703125 0.4796511625
0 0.25 0.5755813953125 0.2189542484375 0.558139534375 0.19444444375 0.558139534375 0.1633986921875 0.5755813953125 0.12581699375 0.6220930234375001 0.09477124218750001 0.7122093015625001 0.1013071890625 0.8430232562500001 0.1111111109375 0.86337209375 0.1568627453125 0.8982558140625001 0.2140522875 0.8982558140625001 0.258169934375 0.8575581390625 0.2794117640625 0.816860465625 0.2794117640625 0.619186046875 0.25 0.5755813953125
0 0.4787581703125 0.75 0.4787581703125 0.6686046515624999 0.46241830000000006 0.6046511625 0.436274509375 0.5610465109375 0.3986928109375 0.540697675 0.364379084375 0.540697675 0.32516339843750003 0.5697674421875 0.2859477125 0.6337209296874999 0.2794117640625 0.665697675 0.2794117640625 0.7732558140625 0.2875817 0.816860465625 0.313725490625 0.860465115625 0.3529411765625 0.88662790625 0.3790849671875 0.889534884375 0.43137254843750006 0.8575581390625 0.46405228750000005 0.8110465109374999 0.4787581703125 0.75
0 0.66013071875 0.639534884375 0.6552287578125 0.619186046875 0.6225490203125 0.566860465625 0.5931372546875 0.546511628125 0.55228758125 0.540697675 0.5130718953125 0.566860465625 0.490196078125 0.6075581390625 0.48039215625000004 0.651162790625 0.48039215625000004 0.776162790625 0.490196078125 0.8139534890625001 0.5212418296875 0.8546511625000001 0.5506535953125 0.8720930234375001 0.596405228125 0.8720930234375001 0.6388888890625 0.8313953484375001 0.65849673125 0.7848837203125 0.66013071875 0.639534884375
0 0.8529411765624999 0.65697674375 0.8333333328125001 0.5959302328125 0.8088235296875 0.5552325578125 0.7875816999999999 0.5377906984374999 0.73039215625 0.53197674375 0.689542484375 0.5523255812500001 0.6633986921874999 0.6075581390625 0.6666666671875 0.7325581390625 0.6748366015625 0.7848837203125 0.6911764703125 0.8226744187499999 0.7369281046875 0.848837209375 0.7647058828125 0.8575581390625 0.8039215687500001 0.8517441859374999 0.830065359375 0.816860465625 0.8529411765624999 0.7587209296874999 0.8529411765624999 0.65697674375
0 1 0.5348837203125 0.9705882359375 0.51162790625 0.937908496875 0.505813953125 0.9052287578125 0.5290697671875 0.848039215625 0.6220930234375001 0.8594771234374999 0.6860465109375 0.8578431375 0.7732558140625 0.8774509796875 0.8139534890625001 0.9150326796874999 0.8313953484375001 0.9477124187499999 0.8720930234375001 0.9771241828124999 0.8779069765624999 1 0.860465115625 1 0.5348837203125
0 0.053125 0.17890625 0.10625 0.30625
0 0.0453125 0.753125 0.090625 0.315625
0 0.27734375 0.92578125 0.1953125 0.1484375
0 0.48046875 0.9140625 0.203125 0.171875
0 0.67265625 0.90546875 0.2265625 0.1890625
0 0.88828125 0.909375 0.2109375 0.18125
0 0.96171875 0.36484375 0.0765625 0.2640625
0 0.08984375 0.92890625 0.1796875 0.1421875