0 0.7625 0.3875 0.1953125 0.1125
0 0.240625 0.4375 0.1796875 0.1125
0 0.70390625 0.5421875 0.2515625 0.1734375
0 0.30234375 0.54375 0.1796875 0.115625
0 0.896875 0.56875 0.165625 0.128125
0 0.1125 0.575 0.2109375 0.1546875
0 0.44375 0.58046875 0.2171875 0.1046875
0 0.3203125 0.6734375 0.184375 0.14375
0 0.53125 0.69609375 0.175 0.1578125
0 0.89921875 0.6984375 0.16875 0.1609375
0 0.10859375 0.728125 0.2171875 0.178125
0 0.70078125 0.746875 0.215625 0.1734375
0 0.38203125 0.821875 0.25625 0.184375
0 0.5265625 0.0828125 0.2046875 0.1046875
0 0.74453125 0.91640625 0.2828125 0.1578125
0 0.81953125 0.09296875 0.1328125 0.115625
0 0.08671875 0.09296875 0.1484375 0.1078125
0 0.52109375 0.93203125 0.2046875 0.1359375
0 0.26640625 0.93359375 0.2 0.1234375
0 0.66484375 0.13125 0.184375 0.115625
0 0.24375 0.146875 0.1125 0.1
0 0.9015625 0.17734375 0.184375 0.115625
0 0.43125 0.2296875 0.16875 0.1125
0 0.6546875 0.24296875 0.2046875 0.1390625
0 0.240625 0.2546875 0.2109375 0.1390625
0 0.8578125 0.2640625 0.1796875 0.15
0 0.38515625 0.353125 0.2203125 0.1265625
0 0.1328125 0.3546875 0.190625 0.13125
0 0.60078125 0.35859375 0.1484375 0.1