0 0.475 0.209375 0.2953125 0.26875
0 0.6359375 0.31796875 0.3515625 0.2046875
0 0.73828125 0.11484375 0.3234375 0.21875
0 0.93359375 0.50859375 0.1328125 0.2265625
0 0.83046875 0.76015625 0.3390625 0.26875
0 0.50234375 0.66328125 0.3375 0.2703125
0 0.22421875 0.5328125 0.38125 0.35
0 0.1390625 0.165625 0.278125 0.271875
0 0.31171875 0.79453125 0.303125 0.2234375
0 0.5859375 0.8796875 0.35625 0.2140625
0 0.16484375 0.8484375 0.2796875 0.20625
0 0.4390625 0.92890625 0.3046875 0.1421875
0 0.0921875 0.67578125 0.184375 0.2046875
0 0.54765625 0.4921875 0.309375 0.225
0 0.2703125 0.30625 0.296875 0.1625
0 0.89140625 0.39296875 0.2171875 0.246875
0 0.83125 0.59765625 0.3375 0.1390625
0 0.8859375 0.91953125 0.228125 0.1609375