0 0.7016666671875 0.41331658281249994 0.6791666671875001 0.3869346734375 0.6658333328125 0.3869346734375 0.635 0.40577889375 0.6208333328125 0.4673366828125 0.5974999999999999 0.4623115578125 0.58 0.47361809062500004 0.5841666671875 0.48743718593749996 0.61 0.4886934671875 0.5983333328125 0.5339195984375 0.6091666671875 0.530150753125 0.6133333328125 0.5389447234375 0.5883333328125 0.5816582921875 0.5916666671875 0.59673366875 0.5766666671875 0.6570351765625 0.5541666671875001 0.673366834375 0.5416666671875 0.7097989953125 0.5508333328125 0.731155778125 0.6008333328125001 0.7638190953125 0.6375 0.7663316578125 0.6541666671875 0.7839195984375 0.675 0.7851758796875 0.6975 0.7788944718749999 0.7133333328125 0.755025125 0.7233333328125 0.7223618093749999 0.7233333328125 0.69472361875 0.75 0.679648240625 0.7516666671875 0.6394472359375001 0.7483333328125 0.5816582921875 0.735 0.5439698500000001 0.7066666671874999 0.5062814078125 0.7016666671875 0.41331658281249994
0 0.4658333328125 0.6105527640624999 0.4375 0.6130653265625 0.41 0.6595477390625 0.4016666671875 0.724874371875 0.385 0.75 0.3933333328125 0.7575376890625 0.3883333328125 0.770100503125 0.3608333328125 0.776381909375 0.34500000000000003 0.79522613125 0.3516666671875 0.8932160796874999 0.3633333328125 0.9484924625 0.3891666671875 0.9874371859375 0.4141666671875 1 0.5483333328125 0.9987437187499999 0.5833333328125 0.9585427140625 0.5933333328125 0.9183417078125 0.6 0.825376884375 0.595 0.770100503125 0.5891666671875 0.7587939703125001 0.5425 0.7613065328124999 0.49833333281250003 0.69723618125 0.4916666671875 0.6494974874999999 0.4808333328125 0.623115578125 0.4658333328125 0.6105527640624999
0 0.2975 0.6281407031249999 0.2575 0.6055276375 0.2058333328125 0.6281407031249999 0.2 0.6419597984375 0.205 0.674623115625 0.2 0.6871859296875 0.12833333281249998 0.7575376890625 0.1316666671875 0.825376884375 0.1066666671875 0.870603015625 0.1258333328125 0.94472361875 0.14416666718749999 0.9597989953124999 0.17250000000000001 0.9623115578125001 0.1891666671875 0.9824120609375001 0.2216666671875 0.9861809046875001 0.32166666718750003 0.8932160796874999 0.32999999999999996 0.8680904515625001 0.32999999999999996 0.8404522609375 0.33999999999999997 0.827889446875 0.33999999999999997 0.8002512562499999 0.3583333328125 0.770100503125 0.34500000000000003 0.70477386875 0.32 0.672110553125 0.315 0.65201005 0.2975 0.6281407031249999
0 0.1616666671875 0.5640703515625 0.1433333328125 0.47361809062500004 0.1258333328125 0.45477386875 0.1058333328125 0.4597989953125 0.0991666671875 0.477386934375 0.0908333328125 0.477386934375 0.042499999999999996 0.4648241203125 0.0008333328124999999 0.43467336718749994 0 0.744974875 0.0125 0.74623115625 0.027500000000000004 0.7638190953125 0.05 0.7650753765625 0.0658333328125 0.7613065328124999 0.11416666718749999 0.7185929640625 0.1341666671875 0.6783919593750001 0.135 0.7349246234375 0.145 0.7349246234375 0.1483333328125 0.6997487437500001 0.1366666671875 0.65201005 0.1458333328125 0.65326633125 0.16 0.624371859375 0.1616666671875 0.5640703515625
0 0.6975 0.1633165828125 0.6666666671875 0.11683417031250001 0.6416666671875 0.0565326640625 0.6441666671874999 0.0351758796875 0.6725 0.020100503125 0.6791666671875001 0.0025125625 0.5291666671875 0.005025125 0.45999999999999996 0.126884421875 0.45499999999999996 0.177135678125 0.46333333281250005 0.25753768906249996 0.48666666718749996 0.3077889453125 0.49000000000000005 0.3454773875 0.5358333328125 0.37185929687499997 0.5425 0.38944723593749997 0.5633333328125001 0.40075376875 0.5783333328125 0.3856783921875 0.5733333328125 0.36055276406250003 0.5783333328125 0.3379396984375 0.6258333328125001 0.3015075375 0.6741666671875 0.298994975 0.7458333328125 0.3366834171875 0.7541666671875 0.3366834171875 0.7633333328125 0.3153266328125 0.7766666671875 0.23743718593750002 0.6975 0.1633165828125
0 0.78 0.224874371875 0.795 0.227386934375 0.8375 0.201005025 0.8466666671875 0.1846733671875 0.835 0.1595477390625 0.8233333328124999 0.0665829140625 0.825 0.00125628125 0.7041666671875 0 0.7016666671875 0.013819095312499998 0.74 0.069095478125 0.7533333328125 0.10175879375 0.78 0.224874371875
0 1 0.00125628125 0.9891666671875001 0 0.9791666671874999 0.022613065625 0.9574999999999999 0.0376884421875 0.9025000000000001 0.0603015078125 0.8241666671875001 0.027638190624999996 0.8266666671875 0.07914572812500001 0.8383333328125 0.10175879375 0.835 0.1319095484375 0.9041666671874999 0.24623115625 0.9191666671875 0.25376884375 0.9466666671875 0.2424623109375 0.9800000000000001 0.39824120625 1 0.43592964843750004 1 0.00125628125
0 0.8991666671875 0.25125628125 0.8591666671875 0.201005025 0.8441666671875 0.1959799 0.8241666671875001 0.21608040156250002 0.78 0.23743718593750002 0.76 0.33291457343749997 0.7216666671875 0.3630653265625 0.71 0.3932160796875 0.7083333328125 0.420854271875 0.7283333328125 0.4610552765625 0.7233333328125 0.49371859218749997 0.7416666671875001 0.5540201 0.7641666671875 0.5879396984375 0.8341666671875 0.577889446875 0.8408333328125 0.5879396984375 0.86 0.5891959796874999 0.9141666671875001 0.5653266328125001 0.9324999999999999 0.530150753125 0.975 0.49120602968749993 0.9866666671875001 0.45854271406249997 0.9866666671875001 0.43592964843750004 0.945 0.3932160796875 0.9616666671875 0.36055276406250003 0.9616666671875 0.3429648234375 0.9433333328125 0.272613065625 0.8991666671875 0.25125628125
0 0.9275 0.5577889453125 0.8891666671875 0.5829145734375001 0.8758333328125 0.6055276375 0.8708333328125001 0.5954773875 0.8408333328125 0.5929648234375 0.8308333328125 0.5829145734375001 0.7625 0.5954773875 0.755 0.6168341703125 0.7583333328124999 0.6620603015625 0.75 0.7324120609375 0.7666666671875 0.827889446875 0.7908333328125 0.8618090453124999 0.8074999999999999 0.8718592968750001 0.8291666671875 0.9120603015625001 0.8916666671875 0.9233668343750001 0.9108333328124999 0.9070351765625 0.9199999999999999 0.8831658296875 0.9199999999999999 0.8228643218749999 0.9408333328125 0.8115577890625 0.9583333328125001 0.7876884421875 0.9766666671875001 0.729899496875 0.9683333328125 0.6997487437500001 0.9716666671875 0.6344221109375 0.9633333328125 0.59924623125 0.9275 0.5577889453125
0 0.6 0.8806532656250001 0.5808333328125 0.9949748749999999 0.775 0.9987437187499999 0.805 0.928391959375 0.8 0.875628140625 0.7558333328125 0.8115577890625 0.7333333328125 0.7927135671875 0.7241666671875 0.75125628125 0.6908333328125 0.7864321609375 0.6575 0.7889447234375 0.6341666671875 0.773869346875 0.605 0.7851758796875 0.6 0.8806532656250001
0 0.9366666671875 1 0.9516666671875 0.9937185921875 0.9225 0.9698492468750001 0.9108333328124999 0.977386934375 0.8925000000000001 0.929648240625 0.8525 0.9170854265624999 0.8275 0.9170854265624999 0.8074999999999999 0.9321608046875 0.7816666671875 0.9937185921875 0.7875 1 0.9366666671875 1
0 1 0.90577889375 0.9724999999999999 0.8994974875 0.9483333328124999 0.9384422109375 0.95 0.9685929640625 0.9658333328125 1 1 1 1 0.90577889375
0 0.375 1 0.38166666718750003 0.9937185921875 0.3533333328125 0.9484924625 0.3375 0.90201005 0.2958333328125 0.9271356781250001 0.25833333281250004 0.9912060296874999 0.2608333328125 1 0.375 1
0 0.1916666671875 1 0.1966666671875 0.9912060296874999 0.17250000000000001 0.9698492468750001 0.1308333328125 0.9673366828125 0.11333333281249999 0.9133165828124999 0.1008333328125 0.90201005 0.0775 0.9145728640625 0.03 0.9861809046875001 0.0341666671875 1 0.1916666671875 1
0 0 0.9334170859375 0.0091666671875 0.9497487437500001 0.0433333328125 0.9610552765625 0.060833332812499995 0.9472361812500001 0.07416666718750001 0.9170854265624999 0.10166666718749999 0.89824120625 0.10833333281249999 0.8530150750000001 0.12833333281249998 0.8228643218749999 0.1233333328125 0.755025125 0.1108333328125 0.728643215625 0.0641666671875 0.7663316578125 0.0108333328125 0.7613065328124999 0 0.775125628125 0 0.9334170859375
0 0.16583333281249998 0.32160804062500004 0.15 0.36055276406250003 0.1433333328125 0.4610552765625 0.16999999999999998 0.569095478125 0.2008333328125 0.5929648234375 0.2141666671875 0.6180904515625001 0.24416666718750002 0.603015075 0.2916666671875 0.6168341703125 0.3125 0.6080402015625 0.3283333328125 0.5866834171875001 0.33166666718750004 0.5138190953125 0.3466666671875 0.49371859218749997 0.3566666671875 0.4610552765625 0.34500000000000003 0.36055276406250003 0.3325 0.33919597968750004 0.3125 0.326633165625 0.21916666718750002 0.3040201 0.16583333281249998 0.32160804062500004
0 0.4858333328125 0.3567839203125 0.4491666671875 0.376884421875 0.4375 0.4045226125 0.40083333281250005 0.427135678125 0.37 0.47613065312499997 0.36666666718749996 0.5163316578125 0.3416666671875 0.6042713562500001 0.3416666671875 0.624371859375 0.3616666671875 0.6871859296875 0.3775 0.7060301499999999 0.39249999999999996 0.7085427140625 0.40499999999999997 0.69723618125 0.41166666718749995 0.65201005 0.4341666671875 0.6130653265625 0.46749999999999997 0.6105527640624999 0.4883333328125 0.6344221109375 0.5 0.69723618125 0.5183333328125 0.7123115578125 0.5325 0.7035175875 0.5716666671875 0.6369346734375 0.5866666671874999 0.5917085421875 0.5900000000000001 0.5288944718749999 0.5683333328125 0.49120602968749993 0.5716666671875 0.45603014999999997 0.5583333328125 0.4334170859375 0.5566666671875 0.4082914578125 0.5258333328125 0.374371859375 0.4858333328125 0.3567839203125
0 0.095 0.471105528125 0.11416666718749999 0.45226130624999994 0.1358333328125 0.45728643281250003 0.1416666671875 0.44597990000000004 0.1533333328125 0.3404522609375 0.14666666718750002 0.29522613125 0.1108333328125 0.2361809046875 0.0008333328124999999 0.23366834218750002 0.0016666671875 0.428391959375 0.0408333328125 0.4623115578125 0.095 0.471105528125
0 0 0.227386934375 0.0183333328125 0.227386934375 0.0391666671875 0.21608040156250002 0.0791666671875 0.22613065312499997 0.1 0.2072864328125 0.10500000000000001 0.069095478125 0.1183333328125 0.026381909375000002 0.11416666718749999 0 0 0.00125628125 0 0.227386934375
0 0.2975 0.0025125625 0.1691666671875 0 0.1258333328125 0.020100503125 0.10833333281249999 0.0590452265625 0.1116666671875 0.129396984375 0.10333333281249998 0.1620603015625 0.10333333281249998 0.19723618125 0.1166666671875 0.23492462343749998 0.1591666671875 0.298994975 0.21916666718750002 0.29648241249999996 0.24583333281250003 0.3115577890625 0.275 0.3103015078125 0.3091666671875 0.2839195984375 0.32999999999999996 0.24497487499999998 0.3366666671875 0.2148241203125 0.3491666671875 0.20854271406249997 0.38166666718750003 0.1494974875 0.38166666718750003 0.09422110624999999 0.3583333328125 0.0314070359375 0.3358333328125 0.015075376562500001 0.31416666718749997 0.020100503125 0.2975 0.0025125625
0 0.4516666671875 0.1545226125 0.4583333328125 0.12437185937499999 0.4441666671875 0.1105527640625 0.3891666671875 0.0954773875 0.3866666671875 0.1620603015625 0.33999999999999997 0.222361809375 0.305 0.3128140703125 0.32083333281250004 0.329145728125 0.3458333328125 0.3316582921875 0.3691666671875 0.3592964828125 0.3891666671875 0.3567839203125 0.40083333281250005 0.3919597984375 0.425 0.40577889375 0.4375 0.3994974875 0.4483333328125 0.37060301562500003 0.46666666718750005 0.3555276375 0.4583333328125 0.3505025125 0.4716666671875 0.327889446875 0.4733333328125 0.29271356718749997 0.46166666718749994 0.2625628140625 0.46166666718749994 0.224874371875 0.4533333328125 0.20226130625 0.4516666671875 0.1545226125
0 0.46166666718749994 0.11683417031250001 0.515 0.0314070359375 0.5258333328125 0 0.32999999999999996 0.00125628125 0.36666666718749996 0.0339195984375 0.36833333281249997 0.0615577890625 0.3825 0.0879396984375 0.42083333281249996 0.1005025125 0.4325 0.0954773875 0.43916666718749997 0.10804020156250001 0.46166666718749994 0.11683417031250001