0 0.3828125 0.61015625 0.115625 0.153125
0 0.48125 0.46171875 0.1125 0.2625
0 0.20234375 0.40078125 0.1109375 0.1453125
0 0.28125 0.71171875 0.153125 0.19375
0 0.3640625 0.84765625 0.08125 0.1078125
0 0.7421875 0.26953125 0.1328125 0.1375
0 0.69609375 0.5921875 0.0546875 0.090625
0 0.6625 0.8515625 0.0859375 0.140625
0 0.56875 0.721875 0.05625 0.1015625
0 0.453125 0.7453125 0.0578125 0.0828125
0 0.86875 0.76484375 0.0515625 0.1125
0 0.8 0.58984375 0.0828125 0.1359375
0 0.8390625 0.39609375 0.0375 0.08125
0 0.9046875 0.471875 0.1015625 0.1203125
0 0.96953125 0.7515625 0.0609375 0.125
0 0.9140625 0.04921875 0.0734375 0.0984375
0 0.62109375 0.0453125 0.059375 0.090625
0 0.67734375 0.08984375 0.0671875 0.1296875
0 0.76640625 0.02578125 0.08125 0.0515625
0 0.11171875 0.6921875 0.1328125 0.1640625
0 0.05078125 0.33203125 0.1015625 0.15
0 0.1421875 0.2203125 0.1171875 0.146875
0 0.47734375 0.81015625 0.06875 0.159375
0 0.79140625 0.72578125 0.0734375 0.15625
0 0.928125 0.73984375 0.078125 0.0828125