0 0.290862290625 0.7036613265625 0.328185328125 0.7356979406249999 0.3481338484375 0.7276887875 0.3667953671875 0.694508009375 0.3629343625 0.6212814640625 0.35070785 0.590389015625 0.3391248390625 0.5812356984375 0.324967825 0.5812356984375 0.3146718140625 0.5972540046875 0.29407979375000004 0.5995423343749999 0.2870012875 0.6258581234375 0.290862290625 0.7036613265625
0 0.2129987125 0.6178489703125 0.1898326890625 0.6178489703125 0.1737451734375 0.6418764296874999 0.166023165625 0.6647597249999999 0.1634491640625 0.6990846687500001 0.171171171875 0.7379862703125 0.1949806953125 0.7780320359374999 0.227799228125 0.7837528609375 0.24131274062500002 0.780320365625 0.2612612609375 0.7471395875 0.275418275 0.70594965625 0.275418275 0.669336384375 0.2580437578125 0.6178489703125 0.2425997421875 0.61098398125 0.2271557265625 0.6224256296874999 0.227799228125 0.6006864984375 0.21943371875 0.594965675 0.2129987125 0.6178489703125
0 0.0984555984375 0.7505720828125 0.1010296015625 0.739130434375 0.090733590625 0.739130434375 0.07850707812499999 0.7631578953125 0.0669240671875 0.8157894734375001 0.0669240671875 0.8729977109375 0.08172458125 0.9176201374999999 0.0952380953125 0.92105263125 0.1293436296875 0.8878718531249999 0.15508365468750002 0.8924485125 0.1673101671875 0.8729977109375 0.17760617812499999 0.818077803125 0.1737451734375 0.776887871875 0.1640926640625 0.7551487421874999 0.1074646078125 0.7299771171875 0.102960103125 0.7356979406249999 0.11583011562500001 0.7402746 0.0984555984375 0.7505720828125
0 0.1608751609375 0.8867276890625 0.1608751609375 0.9118993140624999 0.175675675 0.922196796875 0.1917631921875 0.9691075515625001 0.196911196875 0.9691075515625001 0.2297297296875 0.9450800921875 0.25675675625 0.938215103125 0.2676962671875 0.916475971875 0.26898326875 0.8890160187499999 0.258687259375 0.8363844390624999 0.23745173749999998 0.7871853546875001 0.197554696875 0.784897025 0.17760617812499999 0.7997711671875 0.1763191765625 0.8432494281249999 0.1608751609375 0.8867276890625
0 0.27734877812500003 1 0.38095238125 0.9988558359375 0.3925353921875 0.9782608703125 0.3951093953125 0.9393592671875 0.3873873875 0.8707093828125 0.3764478765625 0.8489702515625 0.3545688546875 0.8375286046875001 0.3146718140625 0.8489702515625 0.296653796875 0.8649885578125 0.2741312734375 0.909610984375 0.26898326875 0.966819221875 0.27734877812500003 1
0 0.384813384375 0.8592677343749999 0.396396396875 0.9439359265625 0.4047619046875 0.9565217390624999 0.427927928125 0.9565217390624999 0.43371943437500005 0.9874141875 0.4427284421875 0.9988558359375 0.4414414421875 0.9462242562500001 0.458815959375 0.9450800921875 0.47490347499999996 0.9187643015625 0.478764478125 0.8363844390624999 0.46653796718749996 0.7917620140625 0.4459459453125 0.784897025 0.43050193124999997 0.7574370703125 0.4176319171875 0.7574370703125 0.396396396875 0.786041190625 0.384813384375 0.8592677343749999
0 0.3519948515625 0.7871853546875001 0.34491634531250004 0.8318077796875001 0.3835263828125 0.8501144171874999 0.3951093953125 0.786041190625 0.3867438875 0.773455378125 0.377734878125 0.773455378125 0.3519948515625 0.7871853546875001
0 0.2664092671875 0.875286040625 0.28056628125 0.8867276890625 0.3005148 0.8581235703125 0.34362934375 0.8295194515625001 0.34491634531250004 0.78832951875 0.33976833906250004 0.7700228828125 0.3262548265625 0.739130434375 0.2953667953125 0.707093821875 0.27477477499999997 0.71167048125 0.25997425937499996 0.7540045765625 0.2612612609375 0.8478260875 0.2664092671875 0.875286040625
0 0.1853281859375 1 0.1917631921875 0.975972540625 0.184041184375 0.9393592671875 0.1731016734375 0.9199084671875 0.16023166093750002 0.9176201374999999 0.14993565 0.8924485125 0.13963963906250002 0.8878718531249999 0.12419562343749999 0.8924485125 0.1023166015625 0.9153318078125 0.08108108124999999 0.9530892453125 0.07593307656250001 0.9736842109375001 0.0830115828125 1 0.1853281859375 1
0 0 0.916475971875 0.00579150625 0.9267734546874999 0.01801801875 0.9279176203124999 0.035392535937500004 0.9199084671875 0.043758043749999996 0.9050343249999999 0.047619046875 0.8707093828125 0.060489060937500005 0.8432494281249999 0.0669240671875 0.8043478265624999 0.052767053125 0.7242562921875 0.039253539062499995 0.69336384375 0.0302445296875 0.68649885625 0.016087515625 0.68649885625 0 0.6990846687500001 0 0.916475971875
0 0.0289575296875 0.6842105265625 0.052767053125 0.710526315625 0.0707850703125 0.6670480546875 0.07979407968749999 0.62356979375 0.08108108124999999 0.570938215625 0.07593307656250001 0.5389016015625 0.06885456875 0.5217391296875 0.0521235515625 0.5057208234375 0.0263835265625 0.48970251718749996 0.0006435 0.48970251718749996 0 0.694508009375 0.0289575296875 0.6842105265625
0 0.1293436296875 0.393592678125 0.090733590625 0.416475971875 0.0489060484375 0.4931350109375 0.07593307656250001 0.5343249421875 0.0823680828125 0.5892448515625001 0.0920205921875 0.60411899375 0.11454311406249999 0.6144164765625 0.134491634375 0.58581235625 0.1422136421875 0.58581235625 0.1512226515625 0.5995423343749999 0.1615186609375 0.594965675 0.1801801796875 0.5549199078125 0.1879021875 0.504576659375 0.18661518593749998 0.46796338750000005 0.1634491640625 0.413043478125 0.1486486484375 0.39588100625 0.1293436296875 0.393592678125
0 0.1821106828125 0.393592678125 0.166023165625 0.4038901609375 0.166023165625 0.4176201375 0.18661518593749998 0.4610983984375 0.1898326890625 0.49885583593750005 0.21814671875 0.48970251718749996 0.23101673125 0.508009153125 0.253539253125 0.51601830625 0.2612612609375 0.470251715625 0.2574002578125 0.42219679687499995 0.24646074687500003 0.400457665625 0.222651221875 0.3993135015625 0.23101673125 0.3729977109375 0.24324324375 0.3695652171875 0.240025740625 0.35926773437500004 0.22072072031249998 0.368421053125 0.20398970468750002 0.40503432500000003 0.1821106828125 0.393592678125
0 0.23680823750000002 0.3077803203125 0.2380952375 0.3535469109375 0.24453024375000001 0.3649885578125 0.247104246875 0.397025171875 0.2709137703125 0.44393592656249997 0.2767052765625 0.4427917625 0.303088803125 0.4118993140625 0.3178893171875 0.3855835234375 0.325611325 0.355835240625 0.3178893171875 0.30091533125000003 0.29472329531249997 0.23913043437499998 0.2799227796875 0.2219679640625 0.258687259375 0.2459954234375 0.2625482625 0.264302059375 0.240025740625 0.2906178484375 0.23680823750000002 0.3077803203125
0 0.2760617765625 0.48741418750000004 0.303088803125 0.491990846875 0.3127413125 0.520594965625 0.3268983265625 0.5366132718750001 0.3571428578125 0.5194508015625 0.37451737500000004 0.4862700234375 0.3732303734375 0.413043478125 0.365508365625 0.3855835234375 0.35070785 0.3661327234375 0.3391248390625 0.3661327234375 0.31853281875 0.3867276890625 0.290218790625 0.425629290625 0.2728442734375 0.463386728125 0.2760617765625 0.48741418750000004
0 0.1138996140625 0.7276887875 0.1518661515625 0.7425629296875 0.1634491640625 0.7082379859375 0.166023165625 0.64874141875 0.1454311453125 0.59153318125 0.1332046328125 0.5881006859375 0.11904761875 0.6178489703125 0.0894465890625 0.6086956515625 0.07850707812499999 0.6395881 0.0862290859375 0.726544621875 0.090733590625 0.734553775 0.1138996140625 0.7276887875
0 0.21171171093750002 0.615560640625 0.21814671875 0.594965675 0.227799228125 0.6006864984375 0.22844272812500002 0.615560640625 0.25997425937499996 0.6144164765625 0.2664092671875 0.5732265453125 0.2625482625 0.5434782609375 0.2516087515625 0.5171624718750001 0.23101673125 0.5102974828125 0.21814671875 0.48970251718749996 0.2052767046875 0.48970251718749996 0.1879021875 0.5068649890625 0.18146718125 0.5549199078125 0.18725868750000002 0.615560640625 0.21171171093750002 0.615560640625
0 0.2870012875 0.6121281468750001 0.296653796875 0.5972540046875 0.3133848140625 0.5972540046875 0.32432432499999997 0.5800915328125 0.321750321875 0.5343249421875 0.3043758046875 0.4942791765625 0.2927927921875 0.4851258578125 0.27477477499999997 0.491990846875 0.2612612609375 0.51601830625 0.2664092671875 0.5732265453125 0.2870012875 0.6121281468750001
0 0.0019305015625000002 0.35926773437500004 0 0.4862700234375 0.046332046875 0.49771167031249997 0.07850707812499999 0.43363844374999994 0.074646075 0.4038901609375 0.05598455625 0.37757437031249996 0.0019305015625000002 0.35926773437500004
0 0.034105534375 0.2540045765625 0.0006435 0.251716246875 0 0.3581235703125 0.019948520312500002 0.35926773437500004 0.0643500640625 0.38100686562499997 0.074646075 0.335240275 0.072072071875 0.289473684375 0.034105534375 0.2540045765625
0 0.043758043749999996 0.1887871859375 0.050193049999999996 0.23913043437499998 0.064993565625 0.2723112125 0.083655084375 0.2757437078125 0.091377090625 0.232265446875 0.1023166015625 0.2128146453125 0.12998712968749998 0.19565217343750002 0.12483912500000001 0.124713959375 0.13127413125 0.1201373 0.1177606171875 0.09839816875 0.0830115828125 0.09610983906250001 0.0637065640625 0.1098398171875 0.047619046875 0.13844393593749998 0.043758043749999996 0.1887871859375
0 0.04440154375 0.0572082375 0.034105534375 0.0594965671875 0.024453025 0.099542334375 0.034749034375 0.1498855828125 0.043758043749999996 0.1521739125 0.061132560937500004 0.11212814687499999 0.08751608749999999 0.090389015625 0.04440154375 0.0572082375
0 0.07722007656249999 0.32608695625 0.09330759375 0.3478260875 0.12998712968749998 0.36270022812499997 0.1377091375 0.29633867343750003 0.147361646875 0.2723112125 0.1737451734375 0.23913043437499998 0.1512226515625 0.2082379859375 0.11261261250000001 0.20594965625 0.090090090625 0.2368421046875 0.084942084375 0.2665903890625 0.08751608749999999 0.29405034375 0.07850707812499999 0.305491990625 0.07722007656249999 0.32608695625
0 0.1512226515625 0.267734553125 0.140283140625 0.289473684375 0.13127413125 0.330663615625 0.13127413125 0.3649885578125 0.140926640625 0.38901601874999997 0.1583011578125 0.3947368421875 0.2052767046875 0.38901601874999997 0.23680823750000002 0.35125858125 0.23680823750000002 0.29405034375 0.253539253125 0.2665903890625 0.234877734375 0.20594965625 0.21943371875 0.19450800937499998 0.191119690625 0.20137299843749998 0.17503217499999998 0.2254004578125 0.165379665625 0.25858123593750004 0.1512226515625 0.267734553125
0 0.8854568859375 0.975972540625 0.9015444015625 1 1 0.9988558359375 0.9987129984375 0.9324942796875 0.95688545625 0.8581235703125 0.940154440625 0.8421052625 0.9234234234375001 0.8421052625 0.9086229093749999 0.8592677343749999 0.9073359078125 0.8821510296874999 0.8996139 0.8867276890625 0.8906048906249999 0.9370709375 0.8803088796875 0.9530892453125 0.8854568859375 0.975972540625
0 0.790862290625 0.805491990625 0.7824967828125 0.8203661328124999 0.7831402828125 0.8489702515625 0.81917631875 0.8718535468749999 0.8449163453124999 0.9267734546874999 0.871943371875 0.9473684203125 0.8828828828124999 0.9462242562500001 0.8918918921874999 0.9302059500000001 0.8970398968750001 0.8798627 0.8867438875 0.834096109375 0.8629343625000001 0.7757437078125 0.8359073359375 0.7757437078125 0.8378378375000001 0.7585812359374999 0.83075933125 0.7505720828125 0.81853281875 0.7700228828125 0.8153153156249999 0.789473684375 0.790862290625 0.805491990625
0 1 0.8272311218749999 0.9768339765625 0.7242562921875 0.9517374515625001 0.6956521734375001 0.9195624203125 0.7002288328125 0.9015444015625 0.713958809375 0.8957528953124999 0.7585812359374999 0.9073359078125 0.80663615625 0.9234234234375001 0.835240275 0.9581724578124999 0.8581235703125 0.98198198125 0.9027459953125 1 0.875286040625 1 0.8272311218749999
0 0.752895753125 0.710526315625 0.7799227796875 0.7700228828125 0.785070784375 0.7997711671875 0.7915057921875001 0.802059496875 0.808880309375 0.79405034375 0.8281853281249999 0.7505720828125 0.85006435 0.7528604125 0.864864865625 0.7173913046875 0.8584298578125 0.6716247140625 0.821750321875 0.6086956515625 0.8075933078125 0.61098398125 0.7882882890625 0.6338672765625 0.76833976875 0.6647597249999999 0.752895753125 0.710526315625
0 0.9202059203124999 0.694508009375 0.9240669234375 0.6762013734375001 0.9214929218749999 0.59839816875 0.9002573999999999 0.574370709375 0.8693693687499999 0.5766590390624999 0.8622908625000001 0.6006864984375 0.8610038609374999 0.6716247140625 0.8951093953125 0.6842105265625 0.9111969109375 0.7036613265625 0.9202059203124999 0.694508009375
0 0.8011583015625 0.61098398125 0.8204633203125 0.606407321875 0.84427284375 0.6350114421875 0.8481338484375 0.6144164765625 0.86872586875 0.570938215625 0.8700128703125 0.5343249421875 0.8603603609375 0.5125858125 0.8462033468750001 0.5148741421875 0.8410553406249999 0.49656750625 0.8268983265625 0.491990846875 0.8018018015624999 0.5183066359375 0.790218790625 0.5663615562500001 0.8011583015625 0.61098398125
0 0.8005148 0.6144164765625 0.7889317890624999 0.5640732265625 0.7574002578125001 0.5263157890625 0.746460746875 0.5663615562500001 0.746460746875 0.5846681921875 0.7200772203125 0.5995423343749999 0.7129987125 0.61670480625 0.7406692406250001 0.6681922203124999 0.7619047625 0.6762013734375001 0.8005148 0.6144164765625
0 0.628056628125 0.5137299765625001 0.6647361640625 0.533180778125 0.6821106828125 0.5594965671875001 0.6956241953125 0.606407321875 0.7117117109375 0.6075514875 0.746460746875 0.5823798625000001 0.746460746875 0.5663615562500001 0.7567567562499999 0.54118993125 0.7567567562499999 0.5 0.7187902187499999 0.4393592671875 0.6866151859375 0.4393592671875 0.6698841703125 0.4233409609375 0.6583011578125 0.4233409609375 0.6306306312500001 0.470251715625 0.628056628125 0.5137299765625001
0 0.6602316609375001 0.3855835234375 0.6647361640625 0.42105263125 0.6891891890624999 0.4393592671875 0.7187902187499999 0.4370709375 0.7387387390625 0.463386728125 0.752895753125 0.4313501140625 0.752895753125 0.40846681875 0.7425997421874999 0.3604119 0.7303732296875001 0.33638443906250004 0.7136422140625001 0.32265446249999996 0.6981981984375001 0.32265446249999996 0.6859716859375 0.3375286046875 0.6827541828125 0.3524027453125 0.665379665625 0.3649885578125 0.6602316609375001 0.3855835234375
0 0.6827541828125 0.3478260875 0.6981981984375001 0.32265446249999996 0.714929215625 0.32265446249999996 0.7277992281250001 0.33180777968749997 0.7419562421875 0.3569794046875 0.75032175 0.355835240625 0.7580437578125 0.3421052625 0.7580437578125 0.314645309375 0.7425997421874999 0.264302059375 0.725225225 0.23112128125 0.7020592015625 0.22425629218749998 0.6788931781249999 0.251716246875 0.66924066875 0.2757437078125 0.6679536671874999 0.30091533125000003 0.6763191765625 0.343249428125 0.6827541828125 0.3478260875
0 0.6731016734375 0.3489702515625 0.6647361640625 0.292906178125 0.640283140625 0.28832951875 0.6081081078125 0.2974828375 0.6010296015625001 0.3077803203125 0.6023166015625 0.330663615625 0.6106821109375 0.3478260875 0.635135134375 0.34553775781249996 0.6602316609375001 0.38100686562499997 0.6731016734375 0.3489702515625
0 0.6595881593749999 0.219679634375 0.6364221359375 0.21510297500000003 0.6422136421875 0.2574370703125 0.6357786359375 0.2871853546875 0.665379665625 0.289473684375 0.6769626765625001 0.2528604125 0.674388675 0.23913043437499998 0.6595881593749999 0.219679634375
0 0.752895753125 0.4038901609375 0.7541827546875 0.429061784375 0.7921492921875 0.5011441640625 0.8030888031250001 0.504576659375 0.827541828125 0.47940503437500004 0.84298584375 0.4038901609375 0.8513513515625 0.4027459953125 0.8519948515625 0.3947368421875 0.8410553406249999 0.384439359375 0.8397683390624999 0.400457665625 0.808880309375 0.35469107499999997 0.7895752890625001 0.3478260875 0.7580437578125 0.38100686562499997 0.752895753125 0.4038901609375
0 0.834620334375 1 0.8391248390625 0.9782608703125 0.8391248390625 0.9187643015625 0.8178893171875 0.8741418765625 0.7947232953125 0.8535469109375 0.7779922781249999 0.8535469109375 0.74967825 0.881006865625 0.7297297296874999 0.9622425625 0.7419562421875 1 0.774774775 1 0.834620334375 1
0 0.691119690625 0.8867276890625 0.7104247109374999 0.9622425625 0.7168597171875 0.9645308921875 0.7277992281250001 0.9588100687500001 0.734877734375 0.941647596875 0.7400257406249999 0.8707093828125 0.73101673125 0.8249427921875 0.7187902187499999 0.8077803203125 0.7046332046875 0.805491990625 0.6898326890625001 0.8363844390624999 0.6898326890625001 0.8615560640625001 0.6988416984375 0.8729977109375 0.691119690625 0.8867276890625
0 0.709137709375 1 0.7104247109374999 0.9622425625 0.702702703125 0.9233409609375001 0.6917631921875 0.90846681875 0.6705276703124999 0.9004576656250001 0.6788931781249999 0.8855835234375 0.6956241953125 0.881006865625 0.6956241953125 0.8672768874999999 0.672458171875 0.8695652171875 0.6544401546875 0.90160183125 0.63127413125 0.9061784890625001 0.61904761875 0.925629290625 0.6177606171875001 0.9782608703125 0.624839125 1 0.709137709375 1
0 0.615186615625 0.9576659031249999 0.6126126125 0.9004576656250001 0.60553410625 0.8832951937500001 0.578507078125 0.8604119000000001 0.55662805625 0.855835240625 0.525096525 0.8913043484375001 0.5238095234375 0.9050343249999999 0.5669240671875 1 0.597168596875 0.9988558359375 0.615186615625 0.9576659031249999
0 0.559845559375 1 0.5637065640625 0.9965675062500001 0.540540540625 0.9347826093749999 0.5102960109375 0.8947368421874999 0.497425996875 0.90160183125 0.48841698906250003 0.9244851265625 0.4639639640625 0.9496567499999999 0.45431145468749995 0.975972540625 0.45624195624999997 1 0.559845559375 1
0 0.48133848125 0.8157894734375001 0.48391248437499995 0.834096109375 0.497425996875 0.8581235703125 0.515444015625 0.87643020625 0.5302445296875 0.8798627 0.552767053125 0.855835240625 0.56949806875 0.8535469109375 0.575289575 0.8203661328124999 0.559845559375 0.7128146453124999 0.552767053125 0.697940503125 0.539897040625 0.6910755156249999 0.5270270265625 0.69336384375 0.516087515625 0.73112128125 0.4851994859375 0.776887871875 0.48133848125 0.8157894734375001
0 0.42664092656249997 0.739130434375 0.4510939515625 0.7711670484375001 0.47490347499999996 0.7814645312499999 0.516087515625 0.7242562921875 0.5353925359375 0.64874141875 0.5366795359375 0.6052631578125001 0.53153153125 0.577803203125 0.50643500625 0.5469107546875 0.47812097812500004 0.549199084375 0.44208494218750005 0.5812356984375 0.4131274125 0.678489703125 0.4169884171875 0.7173913046875 0.42664092656249997 0.739130434375
0 0.6074646078125 0.64874141875 0.5958815953125 0.570938215625 0.58108108125 0.5377574375 0.54375804375 0.5629290625000001 0.5353925359375 0.5823798625000001 0.5353925359375 0.6807780328125 0.5624195624999999 0.6922196796875 0.5990990984375 0.665903890625 0.6074646078125 0.64874141875
0 0.534105534375 0.5663615562500001 0.572072071875 0.5377574375 0.577863578125 0.511441646875 0.5701415703125 0.43363844374999994 0.5604890609375001 0.40732265468750006 0.546332046875 0.39588100625 0.503861003125 0.40732265468750006 0.49292149218750003 0.4405034328125 0.49935650000000004 0.4931350109375 0.5148005140625 0.5480549203125 0.534105534375 0.5663615562500001
0 0.453024453125 0.5594965671875001 0.48069498125 0.542334096875 0.496782496875 0.511441646875 0.496782496875 0.47254004531250005 0.48712998750000003 0.4393592671875 0.4639639640625 0.4279176203125 0.435006434375 0.4519450796875 0.428571428125 0.48398169375 0.44530244531249996 0.5320366125 0.44787644843749996 0.5572082375 0.453024453125 0.5594965671875001
0 0.37966537968749997 0.5732265453125 0.3732303734375 0.6006864984375 0.3758043765625 0.6098398171875 0.3803088796875 0.61098398125 0.3854568859375 0.5926773453124999 0.389961390625 0.62356979375 0.40090090156249997 0.6384439359375 0.409266409375 0.637299771875 0.4324324328125 0.6075514875 0.446589446875 0.5594965671875001 0.446589446875 0.5389016015625 0.435006434375 0.5137299765625001 0.4324324328125 0.49084668125 0.421492921875 0.4782608703125 0.3828828828125 0.48741418750000004 0.359073359375 0.525171625 0.3603603609375 0.545766590625 0.37966537968749997 0.5732265453125
0 0.39060489062500003 0.4782608703125 0.42471042499999995 0.4771167046875 0.43951093906249994 0.44164759687500005 0.45688545625000004 0.42677345468750005 0.45559845625 0.3901601828125 0.4356499359375 0.3569794046875 0.39060489062500003 0.36384439375 0.38095238125 0.3901601828125 0.3835263828125 0.41075514843749994 0.37837837812499997 0.4405034328125 0.3835263828125 0.46796338750000005 0.39060489062500003 0.4782608703125
0 0.391248390625 0.32608695625 0.3925353921875 0.3421052625 0.39961389999999997 0.35469107499999997 0.4169884171875 0.3535469109375 0.43629343593750003 0.330663615625 0.45045045000000006 0.2757437078125 0.446589446875 0.223112128125 0.43951093906249994 0.2082379859375 0.42277992343750004 0.1967963390625 0.40604890625 0.19908466875 0.3880308875 0.2173913046875 0.3758043765625 0.2620137296875 0.3770913765625 0.305491990625 0.391248390625 0.32608695625
0 0.325611325 0.3695652171875 0.3481338484375 0.36384439375 0.3706563703125 0.387871853125 0.37837837812499997 0.3489702515625 0.37837837812499997 0.314645309375 0.371943371875 0.2826086953125 0.353281853125 0.2723112125 0.3455598453125 0.2837528609375 0.333976834375 0.265446225 0.322393821875 0.2723112125 0.31531531562500004 0.29405034375 0.325611325 0.3329519453125 0.325611325 0.3695652171875
0 0.3178893171875 0.191075515625 0.2960102953125 0.22997711718749997 0.31531531562500004 0.2826086953125 0.328828828125 0.265446225 0.3455598453125 0.2791762015625 0.371299871875 0.2745995421875 0.37966537968749997 0.2276887875 0.3886743890625 0.2093821515625 0.3873873875 0.19565217343750002 0.36872586875 0.1716247140625 0.3416988421875 0.153318078125 0.32368082343750004 0.16247139531250002 0.3178893171875 0.191075515625
0 0.35649935625 0.1521739125 0.3616473609375 0.10411899375 0.34298584375 0.0732265453125 0.3018018015625 0.077803203125 0.28185328125 0.10869565156250001 0.2824967828125 0.118993134375 0.3204633203125 0.165903890625 0.3326898328125 0.153318078125 0.35649935625 0.1521739125
0 0.503217503125 0.24370709375000002 0.51866151875 0.2093821515625 0.521235521875 0.16132723124999998 0.490990990625 0.118993134375 0.475546975 0.11441647656250001 0.4620334625 0.13844393593749998 0.4620334625 0.1750572078125 0.45688545625000004 0.191075515625 0.46718146718750003 0.2002288328125 0.48198198124999997 0.2402746 0.503217503125 0.24370709375000002
0 0.49935650000000004 0.29405034375 0.5167310171875 0.30663615625 0.527670528125 0.32608695625 0.5540540546875 0.31350114375000004 0.5727155734375 0.273455378125 0.5765765765624999 0.24370709375000002 0.5675675671875 0.22082379843750002 0.5675675671875 0.2002288328125 0.5579150578125 0.1876430203125 0.547619046875 0.1876430203125 0.5205920203125001 0.210526315625 0.503217503125 0.2597254 0.49935650000000004 0.29405034375
0 0.459459459375 0.42219679687499995 0.47747747812499997 0.42677345468750005 0.4948519953125 0.4027459953125 0.51866151875 0.3901601828125 0.522522521875 0.32608695625 0.5141570140625 0.30434782656250003 0.5 0.2974828375 0.4510939515625 0.29977116718749997 0.4414414421875 0.3169336390625 0.43629343593750003 0.346681921875 0.45688545625000004 0.3924485125 0.459459459375 0.42219679687499995
0 0.5714285718750001 0.4405034328125 0.5791505796875 0.44508009218750005 0.5958815953125 0.429061784375 0.5945945953125 0.3993135015625 0.584298584375 0.3581235703125 0.5579150578125 0.318077803125 0.5296010296875 0.32723112187500003 0.522522521875 0.3443935921875 0.522522521875 0.3924485125 0.54375804375 0.393592678125 0.559202059375 0.40503432500000003 0.5714285718750001 0.4405034328125
0 0.653796653125 0.3695652171875 0.6325611328125 0.34553775781249996 0.6081081078125 0.3524027453125 0.5894465890625 0.37414187656250003 0.5997426 0.42677345468750005 0.6113256109375 0.45881006874999997 0.6229086234375 0.470251715625 0.658944659375 0.4199084671875 0.653796653125 0.3695652171875
0 0.6241956234375 0.5274599546875 0.6203346203125 0.48169336406249996 0.6003860999999999 0.44622425625 0.5797940796875001 0.44622425625 0.5740025734375 0.454233409375 0.577863578125 0.5091533187499999 0.5881595875000001 0.5274599546875 0.5900900906250001 0.5469107546875 0.6048906046875 0.5480549203125 0.6241956234375 0.5274599546875
0 0.6113256109375 0.6350114421875 0.6274131281249999 0.6636155609375 0.6615186609375 0.6716247140625 0.6801801796875 0.656750571875 0.6872586875 0.6395881 0.6898326890625001 0.6006864984375 0.6859716859375 0.5732265453125 0.6737451734375 0.5469107546875 0.6518661515625 0.524027459375 0.628700128125 0.524027459375 0.6023166015625 0.5572082375 0.5984555984375 0.586956521875 0.6113256109375 0.6350114421875
0 0.640926640625 0.8226544625000001 0.6396396390625 0.7723112125 0.6229086234375 0.7173913046875 0.591377090625 0.6796338671875 0.5630630625 0.6956521734375001 0.5585585578125001 0.7082379859375 0.5765765765624999 0.8203661328124999 0.602960103125 0.8146453093750001 0.6332046328125001 0.8363844390624999 0.640926640625 0.8226544625000001
0 0.6634491640625 0.739130434375 0.6801801796875 0.7551487421874999 0.6924066921875001 0.7540045765625 0.709781209375 0.723112128125 0.7490347484375001 0.715102975 0.7361647359375 0.6647597249999999 0.7136422140625001 0.624713959375 0.7007722000000001 0.615560640625 0.6917631921875 0.615560640625 0.6859716859375 0.6510297484375 0.6512226515624999 0.6922196796875 0.653796653125 0.7173913046875 0.6634491640625 0.739130434375
0 0.4446589453125 0.0549199078125 0.421492921875 0.0640732265625 0.4131274125 0.0881006859375 0.4169884171875 0.1338672765625 0.45559845625 0.1590389015625 0.472329471875 0.11098398125 0.46846846875 0.07894736875 0.4446589453125 0.0549199078125
0 0.40090090156249997 0.0526315796875 0.3803088796875 0.0526315796875 0.3603603609375 0.099542334375 0.364864865625 0.11670480624999999 0.39897039843750004 0.15675057187500002 0.41055341093750003 0.13844393593749998 0.4131274125 0.07894736875 0.40090090156249997 0.0526315796875
0 0.2792792796875 0.0629290625 0.2619047625 0.0274599546875 0.23873873906249998 0.025171624999999996 0.2129987125 0.0480549203125 0.203346203125 0.06979405 0.20592020625 0.1224256296875 0.2303732296875 0.1475972546875 0.2767052765625 0.11098398125 0.2792792796875 0.0629290625
0 0.3050193046875 0.0011441640625 0.328828828125 0.0686498859375 0.3629343625 0.0812356984375 0.3770913765625 0.056064073437499994 0.3770913765625 0.033180778125 0.3674388671875 0.0022883296875 0.3050193046875 0.0011441640625
0 0.397039896875 0.00915331875 0.3732303734375 0.0102974828125 0.3803088796875 0.0526315796875 0.39961389999999997 0.0526315796875 0.4131274125 0.06750572031249999 0.42728442656250004 0.0469107546875 0.421492921875 0.020594965625 0.397039896875 0.00915331875
0 0.5289575296875 0.02860411875 0.5238095234375 0.0011441640625 0.44208494218750005 0 0.435006434375 0.049199084375 0.4736164734375 0.074370709375 0.490990990625 0.0572082375 0.5180180187500001 0.06636155625 0.5289575296875 0.02860411875
0 0.5289575296875 0.1338672765625 0.5289575296875 0.09725400468749999 0.522522521875 0.0766590390625 0.50643500625 0.0594965671875 0.48198198124999997 0.06636155625 0.4736164734375 0.08352402812500001 0.4736164734375 0.11327231093750001 0.48841698906250003 0.11670480624999999 0.5199485203124999 0.1521739125 0.5289575296875 0.1338672765625
0 0.5881595875000001 0.172768878125 0.6003860999999999 0.1578947375 0.6119691125 0.164759725 0.6241956234375 0.131578946875 0.6229086234375 0.099542334375 0.5952380953125 0.070938215625 0.583655084375 0.070938215625 0.5727155734375 0.0881006859375 0.5637065640625 0.12929061718749998 0.5714285718750001 0.165903890625 0.5881595875000001 0.172768878125
0 0.6016731015625 0.28832951875 0.615186615625 0.29405034375 0.634491634375 0.2826086953125 0.6422136421875 0.2551487421875 0.6396396390625 0.22997711718749997 0.6081081078125 0.16247139531250002 0.5978120984374999 0.160183065625 0.5888030890625 0.1762013734375 0.5759330765625 0.1716247140625 0.56885456875 0.2048054921875 0.5701415703125 0.2254004578125 0.6016731015625 0.28832951875
0 0.5701415703125 0.191075515625 0.5714285718750001 0.165903890625 0.5604890609375001 0.1327231125 0.5424710421875 0.11670480624999999 0.5302445296875 0.1201373 0.5199485203124999 0.19336384375 0.5238095234375 0.2048054921875 0.5501930500000001 0.185354690625 0.5701415703125 0.191075515625
0 0.56949806875 0.036613271875 0.5450450453125 0.0526315796875 0.5328185328124999 0.0926773453125 0.5360360359375 0.11441647656250001 0.5624195624999999 0.1338672765625 0.5740025734375 0.08581235625 0.5855855859375 0.06979405 0.56949806875 0.036613271875
0 0.6866151859375 0.11441647656250001 0.6737451734375 0.11670480624999999 0.6705276703124999 0.124713959375 0.674388675 0.15675057187500002 0.7001286999999999 0.20251716250000001 0.7168597171875 0.191075515625 0.7194337187500001 0.1430205953125 0.6866151859375 0.11441647656250001
0 0.6647361640625 0.11670480624999999 0.6261261265625 0.10755148750000001 0.6177606171875001 0.17734553749999998 0.635135134375 0.2128146453125 0.658944659375 0.21624713906249998 0.674388675 0.17963386718750002 0.671814671875 0.12929061718749998 0.6647361640625 0.11670480624999999
0 0.6866151859375 0.11441647656250001 0.671171171875 0.118993134375 0.674388675 0.15675057187500002 0.696911196875 0.20137299843749998 0.7052767046875 0.2002288328125 0.71814671875 0.1842105265625 0.7194337187500001 0.14073226562500002 0.6866151859375 0.11441647656250001
0 0.6274131281249999 0.0274599546875 0.5990990984375 0.0320366125 0.603603603125 0.074370709375 0.624839125 0.1052631578125 0.63191763125 0.10411899375 0.6422136421875 0.0766590390625 0.6396396390625 0.044622425 0.6274131281249999 0.0274599546875
0 0.8262548265625 0.22997711718749997 0.8127413125 0.1967963390625 0.790862290625 0.19450800937499998 0.76833976875 0.21853546875 0.7734877734375 0.248283753125 0.790862290625 0.2723112125 0.8133848140625 0.2757437078125 0.8211068218750001 0.2665903890625 0.8262548265625 0.22997711718749997
0 0.8018018015624999 0.1704805484375 0.7979407984375 0.1430205953125 0.7792792796875 0.12356979374999999 0.7599742593750001 0.1304347828125 0.7451737453125 0.1704805484375 0.753539253125 0.1967963390625 0.7696267703124999 0.21167048125000001 0.7960102953125 0.1922196796875 0.8018018015624999 0.1704805484375
0 0.86872586875 0.165903890625 0.871299871875 0.14073226562500002 0.8552123546875 0.10755148750000001 0.8397683390624999 0.1052631578125 0.8211068218750001 0.12929061718749998 0.81853281875 0.1498855828125 0.8243243250000001 0.1670480546875 0.8371943375 0.16247139531250002 0.8571428578125 0.1750572078125 0.86872586875 0.165903890625
0 0.8069498062499999 0.145308925 0.81853281875 0.1338672765625 0.822393821875 0.11327231093750001 0.8114543109374999 0.0686498859375 0.7574002578125001 0.0549199078125 0.7425997421874999 0.07894736875 0.741312740625 0.1018306640625 0.7483912484374999 0.1304347828125 0.75611325625 0.1350114421875 0.7779922781249999 0.12356979374999999 0.8069498062499999 0.145308925
0 0.6956241953125 0 0.675675675 0.042334096875 0.6731016734375 0.0629290625 0.6898326890625001 0.08352402812500001 0.6898326890625001 0.11327231093750001 0.7117117109375 0.1224256296875 0.7271557265624999 0.037757437500000005 0.7374517375 0.017162471874999998 0.734234234375 0 0.6956241953125 0
0 0.7593307593749999 0.037757437500000005 0.7676962671875 0.0549199078125 0.8133848140625 0.06521739062500001 0.8249678250000001 0.024027459374999997 0.821750321875 0 0.7567567562499999 0.0011441640625 0.7593307593749999 0.037757437500000005
0 0.8725868718750001 0.0469107546875 0.8803088796875 0.0263157890625 0.8758043765625001 0 0.8236808234374999 0.0011441640625 0.8249678250000001 0.0263157890625 0.8301158296875 0.0354691078125 0.8249678250000001 0.049199084375 0.8320463328125 0.061784896874999995 0.8455598453125001 0.0606407328125 0.8725868718750001 0.0469107546875
0 0.8738738734375 0.12929061718749998 0.8886743890625001 0.1098398171875 0.8976833984375 0.11212814687499999 0.903474903125 0.09725400468749999 0.903474903125 0.074370709375 0.89382239375 0.0549199078125 0.8526383531249999 0.0572082375 0.8365508359374999 0.08352402812500001 0.8397683390624999 0.102974828125 0.85649935625 0.10755148750000001 0.8738738734375 0.12929061718749998
0 0.9498069499999999 0.2002288328125 0.9613899609375001 0.17963386718750002 0.9678249671874999 0.1475972546875 0.9581724578124999 0.1212814640625 0.9337194343749999 0.11441647656250001 0.90604890625 0.1430205953125 0.909266409375 0.169336384375 0.93114543125 0.169336384375 0.940797940625 0.181922196875 0.94401544375 0.20137299843749998 0.9498069499999999 0.2002288328125
0 0.8983268984375 0.17734553749999998 0.90669240625 0.22425629218749998 0.9356499359375 0.2254004578125 0.9420849421874999 0.1887871859375 0.9350064343750001 0.17391304375 0.9182754187500001 0.1670480546875 0.8983268984375 0.17734553749999998
0 0.9459459453125 0.2597254 0.9382239374999999 0.23455377500000002 0.9131274125 0.22425629218749998 0.8963963968750001 0.23798627031250003 0.8918918921874999 0.2459954234375 0.89317889375 0.273455378125 0.9266409265625001 0.3032036609375 0.9459459453125 0.29405034375 0.9459459453125 0.2597254
0 0.8268983265625 0.2745995421875 0.8635778640625 0.29633867343750003 0.8770913765625 0.2745995421875 0.8918918921874999 0.273455378125 0.889961390625 0.2448512578125 0.8758043765625001 0.2288329515625 0.85649935625 0.2219679640625 0.8384813390625 0.2219679640625 0.827541828125 0.2368421046875 0.8249678250000001 0.2574370703125 0.8326898328125001 0.2665903890625 0.8268983265625 0.2745995421875
0 0.940797940625 0.4405034328125 0.9601029593750001 0.4199084671875 0.975546975 0.37643020625 0.9742599750000001 0.3421052625 0.9620334625 0.318077803125 0.9259974265625001 0.3157894734375 0.9202059203124999 0.3237986265625 0.9266409265625001 0.3489702515625 0.9227799234375 0.4313501140625 0.9285714281249999 0.44164759687500005 0.940797940625 0.4405034328125
0 0.9253539249999999 0.37414187656250003 0.9208494203124999 0.3295194515625 0.8758043765625001 0.31350114375000004 0.8584298578125 0.339816934375 0.8577863578124999 0.3798627 0.865508365625 0.37757437031249996 0.8732303734375 0.3913043484375 0.9015444015625 0.393592678125 0.91891891875 0.4244851265625 0.9253539249999999 0.37414187656250003
0 0.871943371875 0.52860411875 0.8867438875 0.529748284375 0.91891891875 0.5022883296875 0.9214929218749999 0.454233409375 0.9176319171875 0.429061784375 0.90669240625 0.3981693359375 0.8873873874999999 0.38901601874999997 0.8745173749999999 0.393592678125 0.8629343625000001 0.37757437031249996 0.8365508359374999 0.438215103125 0.833976834375 0.488558353125 0.871943371875 0.52860411875
0 0.9221364218750001 0.594965675 0.9337194343749999 0.5881006859375 0.9639639640625 0.6052631578125001 0.975546975 0.5892448515625001 0.98198198125 0.49542334062500004 0.9620334625 0.457665903125 0.9465894468749999 0.455377575 0.9375804375 0.47139588125 0.9234234234375001 0.4599542328125 0.91891891875 0.504576659375 0.89446589375 0.5183066359375 0.8983268984375 0.5686498859375 0.9221364218750001 0.594965675
0 0.80566280625 0.314645309375 0.7998713000000001 0.2791762015625 0.775418275 0.2631578953125 0.7516087515625001 0.273455378125 0.753539253125 0.28832951875 0.765122265625 0.286041190625 0.7786357781250001 0.3032036609375 0.7882882890625 0.34553775781249996 0.796653796875 0.3443935921875 0.80566280625 0.314645309375
0 0.73166023125 0.219679634375 0.7271557265624999 0.232265446875 0.75032175 0.2757437078125 0.7734877734375 0.2597254 0.76833976875 0.223112128125 0.758687259375 0.2128146453125 0.73166023125 0.219679634375
0 1 0.602974828125 0.9890604890624999 0.5995423343749999 0.983912484375 0.606407321875 0.9774774781250001 0.5972540046875 0.9697554703125 0.615560640625 0.9530244531250001 0.6086956515625 0.9427284421875 0.6178489703125 0.9356499359375 0.637299771875 0.940797940625 0.6716247140625 0.9800514796875 0.732265446875 1 0.7334096109375 1 0.602974828125
0 0.7200772203125 0.8077803203125 0.7297297296874999 0.8203661328124999 0.7425997421874999 0.8821510296874999 0.7760617765625 0.8455377578125001 0.7824967828125 0.8135011437499999 0.7799227796875 0.7745995421874999 0.75611325625 0.7276887875 0.7393822390625 0.7185354687500001 0.7110682109375001 0.723112128125 0.6975546968749999 0.7471395875 0.69369369375 0.7837528609375 0.703346203125 0.8032036609375 0.7200772203125 0.8077803203125
0 0.2509652515625 0.2368421046875 0.25611325625000003 0.24370709375000002 0.2799227796875 0.219679634375 0.29407979375000004 0.23112128125 0.3140283140625 0.1842105265625 0.3114543109375 0.1590389015625 0.2863577859375 0.1212814640625 0.24388674375 0.1327231125 0.23294723281250002 0.1498855828125 0.2393822390625 0.20251716250000001 0.2522522515625 0.223112128125 0.2509652515625 0.2368421046875