0 0.709375 0.3125 0.2046875 0.175
0 0.86953125 0.33125 0.2375 0.18125
0 0.60703125 0.2203125 0.1859375 0.15
0 0.4796875 0.184375 0.1640625 0.1375
0 0.36796875 0.146875 0.175 0.1375
0 0.2578125 0.0828125 0.1484375 0.134375
0 0.7578125 0.1578125 0.1671875 0.1796875
0 0.875 0.08828125 0.1359375 0.13125
0 0.88203125 0.2125 0.16875 0.134375
0 0.33984375 0.621875 0.1125 0.1078125
0 0.46015625 0.66328125 0.159375 0.121875
0 0.49609375 0.80859375 0.184375 0.13125
0 0.69140625 0.91796875 0.15625 0.1203125
0 0.38984375 0.86953125 0.178125 0.109375
0 0.28984375 0.81953125 0.159375 0.1484375
0 0.2015625 0.75078125 0.121875 0.1109375
0 0.13515625 0.85625 0.1765625 0.128125
0 0.23125 0.9625 0.1484375 0.075
0 0.209375 0.65 0.1765625 0.109375
0 0.07265625 0.61015625 0.13125 0.109375
0 0.746875 0.76640625 0.1203125 0.128125
0 0.63125 0.71640625 0.1484375 0.1171875
0 0.84765625 0.8265625 0.146875 0.1234375
0 0.871875 0.7421875 0.15625 0.1234375
0 0.75234375 0.675 0.15625 0.11875
0 0.65625 0.61875 0.1515625 0.10625
0 0.57421875 0.590625 0.1609375 0.1109375
0 0.46171875 0.5453125 0.1625 0.1140625
0 0.5421875 0.47109375 0.15 0.0984375
0 0.303125 0.44921875 0.1390625 0.09375
0 0.3859375 0.48828125 0.1171875 0.0953125
0 0.278125 0.528125 0.134375 0.115625
0 0.134375 0.4734375 0.1015625 0.0765625
0 0.2140625 0.4234375 0.09375 0.0953125
0 0.14140625 0.39609375 0.115625 0.0796875
0 0.0921875 0.35859375 0.1234375 0.0875
0 0.06875 0.2953125 0.121875 0.09375
0 0.1390625 0.29140625 0.0828125 0.071875
0 0.2125 0.32890625 0.090625 0.10625
0 0.28046875 0.35859375 0.1140625 0.10625
0 0.39609375 0.3890625 0.090625 0.0875