0 0.15078125 0.20234375 0.1859375 0.209375
0 0.4828125 0.44296875 0.28125 0.3359375
0 0.628125 0.803125 0.2796875 0.371875
0 0.2515625 0.59609375 0.21875 0.3484375
0 0.26875 0.8890625 0.253125 0.221875
0 0.5546875 0.153125 0.203125 0.2
0 0.36328125 0.15390625 0.246875 0.184375
0 0.7546875 0.1796875 0.19375 0.146875
0 0.828125 0.3078125 0.18125 0.225
0 0.8453125 0.5640625 0.1890625 0.0875
0 0.875 0.77734375 0.25 0.4453125
0 0.15625 0.4234375 0.2421875 0.1984375
0 0.075 0.58515625 0.13125 0.25625
0 0.08671875 0.9265625 0.146875 0.146875
0 0.0984375 0.109375 0.196875 0.1125
0 0.057777778125 0.1866666671875 0.0666666671875 0.3066666671875 0.08444444375 0.32444444375 0.177777778125 0.32 0.24444444375000002 0.24 0.23555555625000002 0.142222221875 0.19555555625 0.1066666671875 0.15555555625 0.102222221875 0.0888888890625 0.13333333281249998 0.057777778125 0.1866666671875
0 0.28444444375 0.4266666671875 0.257777778125 0.4266666671875 0.17333333281250002 0.48444444375 0.13333333281249998 0.5599999999999999 0.16 0.72 0.21777777812500002 0.7911111109375 0.29333333281249996 0.782222221875 0.31555555625 0.76444444375 0.35555555625 0.72 0.377777778125 0.6533333328125 0.3688888890625 0.5555555562500001 0.3288888890625 0.462222221875 0.28444444375 0.4266666671875
0 0.43555555625000003 1 0.40444444375 0.88444444375 0.35111111093749997 0.8044444437499999 0.3066666671875 0.777777778125 0.18222222187499998 0.777777778125 0.15111111093750001 0.8222222218749999 0.14666666718750002 0.8755555562499999 0.19555555625 1 0.43555555625000003 1
0 0.622222221875 0.6133333328125 0.5733333328125 0.6133333328125 0.51555555625 0.657777778125 0.4933333328125 0.7066666671874999 0.502222221875 0.862222221875 0.5555555562500001 0.96 0.64444444375 0.9911111109374999 0.6799999999999999 0.9866666671875001 0.7244444437500001 0.95555555625 0.76 0.8977777781249999 0.7688888890625 0.782222221875 0.6888888890625 0.662222221875 0.622222221875 0.6133333328125
0 0.9866666671875001 1 1 0.9866666671875001 0.9911111109374999 0.75555555625 0.8977777781249999 0.617777778125 0.8088888890625 0.6 0.76444444375 0.6266666671875 0.7288888890624999 0.6933333328125 0.76444444375 0.7688888890625 0.76444444375 0.8711111109375 0.8800000000000001 1 0.9866666671875001 1
0 0.41777777812499994 0.28444444375 0.35111111093749997 0.3288888890625 0.342222221875 0.43555555625000003 0.3688888890625 0.4933333328125 0.5333333328125 0.64444444375 0.5911111109375 0.6133333328125 0.6133333328125 0.577777778125 0.617777778125 0.4711111109375 0.56444444375 0.36444444374999996 0.51555555625 0.31555555625 0.462222221875 0.28444444375 0.41777777812499994 0.28444444375
0 0.5466666671875 0.3466666671875 0.577777778125 0.40444444375 0.6311111109375 0.44444444375 0.7022222218749999 0.42222222187499997 0.7288888890624999 0.39555555625 0.7466666671875 0.3111111109375 0.7022222218749999 0.24444444375000002 0.6266666671875 0.2311111109375 0.5555555562500001 0.28444444375 0.5466666671875 0.3466666671875
0 0.64444444375 0.057777778125 0.577777778125 0.0533333328125 0.497777778125 0.08444444375 0.462222221875 0.1288888890625 0.462222221875 0.20444444375 0.5066666671875 0.2533333328125 0.59555555625 0.2533333328125 0.64 0.2311111109375 0.657777778125 0.2 0.662222221875 0.13333333281249998 0.6799999999999999 0.12 0.6711111109375001 0.08444444375 0.64444444375 0.057777778125
0 0.79555555625 0.2533333328125 0.8444444437499999 0.16 0.7866666671875 0.1111111109375 0.71555555625 0.102222221875 0.657777778125 0.1288888890625 0.64 0.2311111109375 0.75555555625 0.27555555625 0.79555555625 0.2533333328125
0 0.30222222187500003 0.2311111109375 0.4 0.21777777812500002 0.4711111109375 0.2311111109375 0.4533333328125 0.1288888890625 0.3466666671875 0.07555555625 0.2711111109375 0.0711111109375 0.2 0.102222221875 0.2 0.11555555625 0.30222222187500003 0.2311111109375