0 0.5573770484375 0.5909090906250001 0.5792349734375 0.5909090906250001 0.7131147546875 0.5599999999999999 0.7950819671875 0.5672727265625 0.991803278125 0.54181818125 1 0.390909090625 0.8497267765625001 0.429090909375 0.822404371875 0.45454545468749996 0.7677595625 0.45454545468749996 0.7049180328125 0.5254545453125 0.5765027328125 0.5709090906250001 0.5573770484375 0.5909090906250001
0 0.6202185796874999 0.3636363640625 0.6147540984375001 0.349090909375 0.450819671875 0.34181818124999996 0.3306010921875 0.3636363640625 0.3469945359375 0.38181818125 0.2595628421875 0.3854545453125 0.27322404375 0.3945454546875 0.23770491875 0.41454545468750004 0.172131146875 0.4 0.11748633906249999 0.450909090625 0.00546448125 0.45636363593749996 0.0245901640625 0.48 0.1666666671875 0.4836363640625 0.2459016390625 0.5 0.2841530046875 0.48909090937500005 0.2131147546875 0.4672727265625 0.2322404375 0.44000000000000006 0.2431693984375 0.4727272734375 0.407103825 0.49090909062500004 0.59836065625 0.49090909062500004 0.69125683125 0.4763636359375 0.7868852453125 0.40545454531249997 0.734972678125 0.37818181875 0.6202185796874999 0.3636363640625
0 0.30874316875 0.250909090625 0.22677595625000002 0.250909090625 0.2322404375 0.28363636406250003 0.0245901640625 0.29454545468750004 0.00546448125 0.3036363640625 0.00546448125 0.409090909375 0.0765027328125 0.409090909375 0.2486338796875 0.34181818124999996 0.28688524531250004 0.3054545453125 0.3005464484375 0.31818181874999996 0.2841530046875 0.3472727265625 0.3032786890625 0.349090909375 0.368852459375 0.309090909375 0.5109289625 0.309090909375 0.5245901640625 0.2927272734375 0.363387978125 0.27999999999999997 0.30874316875 0.250909090625
0 0.31420765 0.05818181875 0.28142076562499996 0.07272727343749999 0.22677595625000002 0.0654545453125 0.2513661203125 0.10363636406250001 0.23770491875 0.1454545453125 0.2158469953125 0.1236363640625 0.008196721875 0.1272727265625 0.00546448125 0.2127272734375 0.0819672125 0.2127272734375 0.188524590625 0.2 0.23770491875 0.1672727265625 0.2595628421875 0.18181818125 0.2540983609375 0.16363636406249998 0.30874316875 0.16 0.363387978125 0.1127272734375 0.50546448125 0.05818181875 0.5136612015625001 0.0345454546875 0.34153005468750003 0.090909090625 0.31420765 0.05818181875
0 0.7322404375 0.17636363593749999 0.7131147546875 0.189090909375 0.5491803281250001 0.18181818125 0.3907103828125 0.1454545453125 0.3497267765625 0.16181818125 0.3497267765625 0.20909090937500002 0.3852459015625 0.21090909062500002 0.40163934375 0.2363636359375 0.592896175 0.24727272656250002 0.69125683125 0.22181818125000002 0.734972678125 0.23272727343750002 0.7486338796875 0.26 0.7950819671875 0.22181818125000002 0.904371584375 0.21818181874999998 0.9644808749999999 0.24363636406250003 0.9781420765625001 0.2236363640625 0.9153005468750001 0.2 0.811475409375 0.189090909375 0.8060109296875 0.1745454546875 0.6967213109375 0.130909090625 0.677595628125 0.13999999999999999 0.7322404375 0.17636363593749999
0 0.6612021859375 0.23454545468750002 0.6557377046874999 0.249090909375 0.6939890703125 0.26 0.7459016390625 0.33818181875 0.863387978125 0.350909090625 0.8661202187500001 0.33090909062499996 0.9972677593749999 0.3454545453125 1 0.2927272734375 0.8989071031250001 0.290909090625 0.8606557374999999 0.3054545453125 0.8360655734375 0.28545454531250003 0.85519125625 0.24363636406250003 0.76229508125 0.27272727343750003 0.7076502734375001 0.23272727343750002 0.6612021859375 0.23454545468750002
0 0.368852459375 0.7454545453125 0.45901639375 0.750909090625 0.6092896171875 0.7163636359375001 0.73770491875 0.6054545453125 0.6202185796874999 0.5963636359375 0.538251365625 0.6145454546875 0.5163934421875 0.5563636359374999 0.461748634375 0.5563636359374999 0.41256830625 0.5745454546875 0.35519125625000003 0.6272727265625 0.3387978140625 0.6927272734375001 0.368852459375 0.7454545453125
0 0.9863387984375 0.549090909375 0.816939890625 0.5709090906250001 0.6830601093750001 0.6454545453125 0.68579235 0.6581818187499999 0.7158469953125 0.6599999999999999 0.6994535515625 0.6636363640625 0.7158469953125 0.7436363640625 0.63387978125 0.8418181812500001 0.6612021859375 0.8745454546874999 0.677595628125 0.8709090906249999 0.6612021859375 0.8309090906250001 0.6748633875000001 0.8363636359375001 0.6830601093750001 0.809090909375 0.6967213109375 0.8145454546875 0.7404371578125 0.78181818125 0.822404371875 0.77818181875 0.8661202187500001 0.7527272734375 1 0.750909090625 0.9863387984375 0.549090909375
0 0.42076502656250003 0.8527272734375 0.42622950781249996 0.8345454546875001 0.35519125625000003 0.7945454546875 0.32786885312499997 0.7145454546875001 0.2923497265625 0.6872727265624999 0.1612021859375 0.629090909375 0.00546448125 0.609090909375 0.0136612015625 0.7745454546875 0.2486338796875 0.81818181875 0.31420765 0.8072727265624999 0.42076502656250003 0.8527272734375
0 0.5737704921875 0.6599999999999999 0.5874316937499999 0.6472727265625 0.508196721875 0.6527272734375 0.5601092890625 0.650909090625 0.5573770484375 0.6818181812499999 0.584699453125 0.6963636359375001 0.5628415296875 0.7 0.595628415625 0.7 0.7240437156249999 0.6036363640625 0.6639344265625 0.5963636359375 0.54098360625 0.6236363640625 0.5792349734375 0.6272727265625 0.543715846875 0.6436363640625 0.6284153 0.6454545453125 0.59836065625 0.6472727265625 0.59836065625 0.6618181812499999 0.592896175 0.650909090625 0.5737704921875 0.6599999999999999
0 0.4234972671875 0.5454545453125 0.44808743125 0.5145454546875 0.00546448125 0.4854545453125 0.008196721875 0.58181818125 0.27322404375 0.609090909375 0.3497267765625 0.5763636359375 0.35792349687499997 0.549090909375 0.4234972671875 0.5454545453125
0 0.05191256875 0.850909090625 0.027322404687500003 0.8636363640625 0.0109289625 0.9181818187499999 0.0628415296875 0.9563636359375 0.1502732234375 0.9672727265625 0.3032786890625 0.9454545453125001 0.3497267765625 0.969090909375 0.41803278749999995 0.9163636359374999 0.543715846875 0.8872727265625 0.5628415296875 0.8636363640625 0.5327868859375 0.8545454546875 0.5109289625 0.8727272734374999 0.41256830625 0.8836363640625 0.352459015625 0.850909090625 0.270491803125 0.8872727265625 0.13387978125 0.850909090625 0.05191256875 0.850909090625
0 0.75625 0.89921875 0.4859375 0.1984375
0 0.75625 0.09765625 0.4875 0.1953125