0 0.29 0.7344999999999999 0.3096666671875 0.7495 0.3283333328125 0.762 0.3423333328125 0.769 0.3546666671875 0.7737499999999999 0.3896666671875 0.78225 0.41100000000000003 0.7845 0.4563333328125 0.7845 0.532 0.7735000000000001 0.5833333328125 0.7675 0.6193333328125 0.7605000000000001 0.6363333328125 0.7555 0.6483333328125 0.75075 0.6663333328125 0.74075 0.6849999999999999 0.7285 0.6953333328125 0.7195 0.7036666671875 0.71425 0.7193333328125 0.6995 0.735 0.68075 0.7456666671875001 0.659 0.758 0.62175 0.7676666671875 0.58525 0.773 0.5425 0.7743333328124999 0.50825 0.7693333328125 0.44175000000000003 0.7663333328124999 0.42374999999999996 0.7606666671875 0.40575 0.749 0.38125 0.7376666671875001 0.36324999999999996 0.7196666671874999 0.3415 0.7036666671875 0.32625000000000004 0.678 0.30474999999999997 0.6153333328125 0.26075 0.5956666671875 0.25125000000000003 0.5786666671875 0.24575 0.4966666671875 0.23424999999999999 0.47400000000000003 0.23349999999999999 0.429 0.23925000000000002 0.3916666671875 0.24575 0.3233333328125 0.2625 0.304 0.2705 0.2893333328125 0.275 0.264 0.28875 0.24900000000000003 0.29874999999999996 0.24466666718750002 0.30375 0.231 0.3145 0.213 0.33675 0.188 0.37775 0.1793333328125 0.40325 0.177 0.41550000000000004 0.1766666671875 0.45575 0.183 0.54575 0.1903333328125 0.5782499999999999 0.1963333328125 0.5885 0.2006666671875 0.60825 0.2073333328125 0.6207499999999999 0.2136666671875 0.64225 0.2213333328125 0.6519999999999999 0.22400000000000003 0.659 0.23333333281250002 0.6725 0.264 0.70975 0.29 0.7344999999999999
0 0.8039999999999999 0.975 0.8076666671874999 0.9630000000000001 0.8083333328125001 0.9494999999999999 0.8043333328125 0.93675 0.7853333328125001 0.89925 0.7753333328124999 0.8835000000000001 0.764 0.8714999999999999 0.7546666671875 0.8647500000000001 0.7503333328124999 0.85975 0.7323333328125 0.8472500000000001 0.7173333328125 0.8407500000000001 0.709 0.83575 0.6706666671875 0.8324999999999999 0.6573333328125 0.8324999999999999 0.6443333328125 0.83375 0.6073333328125 0.8402499999999999 0.5946666671874999 0.8435 0.5813333328125 0.85 0.5696666671874999 0.869 0.5660000000000001 0.88375 0.5660000000000001 0.91325 0.5626666671875 0.9369999999999999 0.563 0.95075 0.5656666671874999 0.9625 0.5683333328125 0.96775 0.5793333328125 0.9875 0.5873333328125 0.9957499999999999 0.5896666671874999 1 0.7876666671875 0.99975 0.7916666671875 0.99275 0.7969999999999999 0.9872500000000001 0.8039999999999999 0.975
0 1 0.784 0.9866666671875001 0.776 0.9623333328125 0.766 0.9490000000000001 0.7635 0.9233333328125 0.772 0.9153333328125 0.77675 0.906 0.77975 0.874 0.78675 0.844 0.791 0.8273333328125 0.79575 0.8150000000000001 0.8022500000000001 0.8093333328125001 0.81075 0.8009999999999999 0.8175000000000001 0.7923333328125 0.8307499999999999 0.7813333328125001 0.8712500000000001 0.7813333328125001 0.8872500000000001 0.8116666671875 0.9494999999999999 0.818 0.9564999999999999 0.8306666671875 0.966 0.8406666671874999 0.9712500000000001 0.8480000000000001 0.97675 0.8763333328125 0.9880000000000001 0.8843333328125 0.99 0.9116666671875 0.99475 0.9456666671875 0.998 0.9630000000000001 0.9970000000000001 0.9953333328125 0.9877499999999999 1 0.985 1 0.8885 0.9986666671875 0.88475 1 0.8724999999999999 1 0.784
0 0.8483333328124999 0.7877500000000001 0.8763333328125 0.78525 0.9006666671874999 0.77975 0.9246666671874999 0.772 0.9363333328125 0.765 0.9576666671874999 0.74825 0.9693333328125 0.73375 0.9746666671875 0.72175 0.9776666671875001 0.7112499999999999 0.9776666671875001 0.69475 0.9720000000000001 0.66925 0.9596666671875 0.6457499999999999 0.9470000000000001 0.6315000000000001 0.9253333328125001 0.6165 0.9029999999999999 0.605 0.885 0.6 0.8606666671875001 0.5974999999999999 0.798 0.5945 0.7723333328125 0.59775 0.7673333328124999 0.6002500000000001 0.7606666671875 0.60625 0.749 0.6335 0.739 0.6625 0.728 0.6839999999999999 0.718 0.69625 0.7146666671874999 0.7070000000000001 0.7143333328125 0.7095 0.7186666671874999 0.7224999999999999 0.7196666671874999 0.735 0.7236666671875 0.74275 0.7273333328125 0.747 0.736 0.753 0.7436666671875 0.761 0.759 0.7715 0.7813333328125001 0.7805 0.7976666671875 0.7845 0.8246666671874999 0.7877500000000001 0.8483333328124999 0.7877500000000001
0 0.915 0.587 0.9266666671875001 0.5855 0.9383333328125 0.5822499999999999 0.9630000000000001 0.5715 0.9783333328125 0.5565 0.985 0.5465 0.9916666671875 0.5315000000000001 0.9963333328124999 0.5105000000000001 0.9949999999999999 0.48525 0.991 0.4715 0.9823333328125001 0.45549999999999996 0.9646666671874999 0.43775000000000003 0.9503333328125001 0.42725 0.9366666671875 0.41925 0.9253333328125001 0.4145 0.8823333328125 0.4035 0.8643333328124999 0.40099999999999997 0.8493333328125001 0.40125 0.8323333328125001 0.40325 0.7776666671875 0.41500000000000004 0.774 0.41600000000000004 0.7703333328124999 0.4185 0.7683333328125 0.4245 0.768 0.43525 0.7756666671875 0.50175 0.7703333328124999 0.5700000000000001 0.7723333328125 0.5755 0.7753333328124999 0.57875 0.784 0.58375 0.799 0.58875 0.8613333328125 0.592 0.8726666671875 0.5902499999999999 0.8856666671875001 0.5862499999999999 0.8996666671875 0.58575 0.915 0.587
0 0.8463333328125 0.39775 0.859 0.39425 0.876 0.38525 0.884 0.378 0.8960000000000001 0.37124999999999997 0.9056666671875 0.36175 0.9099999999999999 0.355 0.9193333328125 0.3305 0.9193333328125 0.316 0.9133333328125 0.28900000000000003 0.9019999999999999 0.266 0.8906666671875 0.251 0.8796666671875 0.24 0.8699999999999999 0.23224999999999998 0.8560000000000001 0.22374999999999998 0.836 0.21375000000000002 0.8150000000000001 0.20575000000000002 0.7963333328125 0.20325000000000001 0.7573333328125 0.2045 0.7366666671875 0.20725 0.7213333328125 0.2125 0.701 0.22349999999999998 0.6806666671875 0.23900000000000002 0.6703333328125 0.25 0.6616666671875 0.264 0.6559999999999999 0.28525 0.6559999999999999 0.29100000000000004 0.6576666671875 0.29300000000000004 0.6656666671875 0.29825 0.6713333328125 0.30474999999999997 0.6803333328125001 0.311 0.7256666671875001 0.35375 0.7383333328125 0.3695 0.7573333328125 0.40374999999999994 0.7626666671875 0.40750000000000003 0.7726666671875 0.40925 0.8043333328125 0.40549999999999997 0.8463333328125 0.39775
0 0.6403333328125 0.21725 0.6559999999999999 0.20725 0.6673333328125 0.19475 0.674 0.18275 0.6776666671875 0.16924999999999998 0.6769999999999999 0.1505 0.669 0.11025 0.666 0.099 0.6583333328125 0.08125 0.651 0.0715 0.6336666671875 0.05825 0.6206666671875001 0.051500000000000004 0.609 0.0495 0.49466666718749996 0.05275 0.481 0.05450000000000001 0.46299999999999997 0.0595 0.4503333328125 0.06675 0.4423333328125 0.07275000000000001 0.43499999999999994 0.0795 0.425 0.09225 0.42133333281249996 0.101 0.4186666671875 0.11325 0.41600000000000004 0.14325000000000002 0.41566666718749995 0.16725 0.4183333328125 0.17925 0.42533333281249996 0.19225 0.43433333281250003 0.20350000000000001 0.45133333281250004 0.21800000000000003 0.46699999999999997 0.22949999999999998 0.4766666671875 0.23325 0.5416666671875 0.24225 0.5660000000000001 0.2435 0.5823333328125 0.24125000000000002 0.6176666671875 0.22549999999999998 0.6403333328125 0.21725
0 0.8356666671875 0.19424999999999998 0.845 0.18775 0.861 0.18 0.873 0.1705 0.8923333328125 0.15125 0.921 0.1165 0.9233333328125 0.1125 0.9273333328125 0.099 0.9306666671875 0.07675 0.9289999999999999 0.06275 0.925 0.050249999999999996 0.9199999999999999 0.04775 0.908 0.04575 0.8 0.0505 0.738 0.0485 0.6806666671875 0.048 0.6723333328125001 0.04875 0.6679999999999999 0.050749999999999997 0.6636666671875 0.05725 0.6603333328125001 0.06325 0.6573333328125 0.0735 0.6593333328125001 0.0875 0.6639999999999999 0.10175000000000001 0.6693333328125 0.12525 0.6753333328125 0.16275 0.6776666671875 0.16899999999999998 0.6896666671875 0.18175 0.7053333328125 0.19275 0.718 0.1995 0.7336666671875001 0.20550000000000002 0.788 0.20425 0.8109999999999999 0.20274999999999999 0.8356666671875 0.19424999999999998
0 0.3433333328125 0.24225 0.369 0.23199999999999998 0.3863333328125 0.22075 0.3973333328125 0.209 0.4063333328125 0.191 0.40933333281250006 0.17075 0.409 0.1395 0.40700000000000003 0.11725000000000001 0.40366666718750005 0.10275000000000001 0.3966666671875 0.08549999999999999 0.39 0.07475000000000001 0.3803333328125 0.06425 0.3673333328125 0.05775 0.355 0.05625 0.3443333328125 0.05625 0.2866666671875 0.059 0.2273333328125 0.056499999999999995 0.21633333281249997 0.056999999999999995 0.20833333281250002 0.059250000000000004 0.19866666718749998 0.066 0.1853333328125 0.07925 0.1786666671875 0.08775 0.16799999999999998 0.11325 0.1626666671875 0.13874999999999998 0.1623333328125 0.15825 0.16399999999999998 0.17575000000000002 0.16799999999999998 0.1905 0.17466666718749999 0.20350000000000001 0.186 0.2165 0.20433333281250002 0.22875 0.229 0.24 0.24066666718750002 0.244 0.2666666671875 0.24674999999999997 0.3003333328125 0.24674999999999997 0.32366666718750003 0.24575 0.3433333328125 0.24225
0 0.1516666671875 0.128 0.145 0.11274999999999999 0.13133333281249998 0.09675 0.1156666671875 0.08449999999999999 0.0976666671875 0.075 0.0633333328125 0.06475 0.047 0.06275 0.023 0.062 0.0006666671875 0.0665 0 0.25925 0.0136666671875 0.26325 0.024 0.26475 0.056333332812500005 0.26725 0.0663333328125 0.267 0.099 0.25725 0.1196666671875 0.2455 0.1396666671875 0.22974999999999998 0.1563333328125 0.2125 0.161 0.20325000000000001 0.1636666671875 0.18875 0.1516666671875 0.128
0 0.07265625 0.3546875 0.1453125 0.18125