0 0.01484375 0.13203125 0.0296875 0.0671875
0 0.93359375 0.23125 0.0546875 0.0875
0 0.69296875 0.25625 0.0484375 0.08125
0 0.85703125 0.284375 0.0671875 0.109375
0 0.51484375 0.2859375 0.046875 0.065625
0 0.278125 0.34375 0.046875 0.075
0 0.6765625 0.44375 0.0390625 0.0515625
0 0.609375 0.453125 0.0390625 0.059375
0 0.45625 0.45859375 0.0421875 0.075
0 0.515625 0.45859375 0.0453125 0.0546875
0 0.7078125 0.49609375 0.046875 0.0671875
0 0.48515625 0.50234375 0.04375 0.06875
0 0.75390625 0.50625 0.0390625 0.059375
0 0.5046875 0.534375 0.0375 0.05625
0 0.503125 0.05546875 0.046875 0.071875
0 0.7359375 0.603125 0.0296875 0.05
0 0.23828125 0.65390625 0.0453125 0.075
0 0.4953125 0.7234375 0.0484375 0.0734375
0 0.73359375 0.7609375 0.028125 0.0390625
0 0.11484375 0.0828125 0.046875 0.0734375
0 0.4421875 0.834375 0.0453125 0.075
0 0.5296875 0.1140625 0.0515625 0.0625