0 0.075 0.7551594749999999 0.088125 0.776735459375 0.104375 0.7879924953125 0.12 0.78893058125 0.140625 0.7804878046875 0.1575 0.757035646875 0.1675 0.7120075046875 0.16125 0.6819887421875 0.14937499999999998 0.66228893125 0.118125 0.6435272046875 0.091875 0.654784240625 0.075 0.6782363984375 0.06875 0.7270168859374999 0.075 0.7551594749999999
0 0.11687499999999999 0.497185740625 0.1525 0.5056285171875 0.16 0.4962476546875 0.16375 0.46622889375 0.17875000000000002 0.42870544062500004 0.17250000000000001 0.40994371406249996 0.15812500000000002 0.39587242031250003 0.145625 0.390243903125 0.128125 0.393996246875 0.10874999999999999 0.4230769234375 0.10625 0.4699812375 0.11687499999999999 0.497185740625
0 0.146875 0.390243903125 0.16875 0.3986866796875 0.1775 0.3630394 0.195 0.331144465625 0.169375 0.2851782359375 0.15687500000000001 0.27954971875 0.138125 0.2833020640625 0.121875 0.29643527187499996 0.10874999999999999 0.3198874296875 0.10874999999999999 0.37054409062500004 0.123125 0.393996246875 0.146875 0.390243903125
0 0.263125 0.2589118203125 0.27999999999999997 0.25797373281249997 0.30375 0.2166979359375 0.3 0.1660412765625 0.290625 0.15196998125 0.270625 0.1407129453125 0.238125 0.150093809375 0.22749999999999998 0.164165103125 0.21875 0.1904315203125 0.22374999999999998 0.218574109375 0.250625 0.2363977484375 0.263125 0.2589118203125
0 0.1275 0.242964353125 0.145625 0.27204502812500003 0.17875000000000002 0.28611632343750004 0.19624999999999998 0.244840525 0.21875 0.22232645468749998 0.21749999999999997 0.2073170734375 0.203125 0.1801125703125 0.190625 0.1707317078125 0.169375 0.1632270171875 0.146875 0.168855534375 0.12625 0.1960600375 0.12375 0.22607879999999997 0.1275 0.242964353125
0 0.184375 0.43151970000000006 0.206875 0.42026266406249996 0.25 0.43058161406249995 0.2625 0.4080675421875 0.26375000000000004 0.381801125 0.26 0.3592870546875 0.24937499999999999 0.3414634140625 0.22937500000000002 0.32833020625 0.213125 0.32833020625 0.1825 0.3517823640625 0.17375000000000002 0.37804878125 0.17250000000000001 0.404315196875 0.184375 0.43151970000000006
0 0.075 0.5675422140624999 0.07625 0.5938086296875 0.08499999999999999 0.618198875 0.103125 0.6360225140625 0.135 0.6369606 0.145 0.6313320828125 0.15875 0.586303940625 0.17124999999999999 0.565666040625 0.17124999999999999 0.55440900625 0.16499999999999998 0.5281425890625 0.151875 0.5084427765624999 0.115625 0.4990619140625 0.099375 0.5084427765624999 0.08375 0.531894934375 0.075 0.5675422140624999
0 0.16375 0.51500938125 0.17124999999999999 0.5356472796875 0.18812500000000001 0.5553470921875 0.2325 0.56378986875 0.26 0.541275796875 0.26875 0.5037523453125 0.26625 0.468105065625 0.25187499999999996 0.43902439062500004 0.236875 0.42589118125000003 0.22312500000000002 0.42026266406249996 0.19437500000000002 0.42589118125000003 0.16625 0.45872420312499995 0.16125 0.48123827343750003 0.16375 0.51500938125
0 0.15 0.610694184375 0.14750000000000002 0.6463414640625 0.1525 0.6651031890625 0.166875 0.6885553468750001 0.18125 0.6988742968749999 0.205625 0.6848030015625 0.228125 0.6848030015625 0.2425 0.6632270171875 0.24500000000000002 0.5994371484375 0.24 0.5844277671875 0.220625 0.5628517828125 0.206875 0.5572232640625 0.176875 0.5628517828125 0.16 0.5844277671875 0.15 0.610694184375
0 0.1625 0.74015009375 0.16125 0.7757973734375 0.16999999999999998 0.8114446531249999 0.184375 0.831144465625 0.225 0.8320825515625 0.240625 0.8198874296875 0.25375000000000003 0.7983114453125 0.26125 0.7682926828125 0.26125 0.7439024390625 0.24312499999999998 0.697936209375 0.22562500000000002 0.6848030015625 0.20812499999999998 0.6848030015625 0.184375 0.697936209375 0.17124999999999999 0.71575985 0.1625 0.74015009375
0 0.258125 0.5759849906250001 0.24625 0.597560975 0.2475 0.644465290625 0.25125000000000003 0.6726078796875 0.259375 0.686679175 0.273125 0.697936209375 0.28875 0.6988742968749999 0.305625 0.6829268296875 0.32687499999999997 0.6772983109374999 0.34249999999999997 0.6313320828125 0.340625 0.62288930625 0.325625 0.6210131328124999 0.305625 0.606003753125 0.29375 0.586303940625 0.2875 0.5600375234375 0.27937500000000004 0.5590994375 0.258125 0.5759849906250001
0 0.27125 0.7420262671875 0.27 0.772045028125 0.27875 0.8039399625 0.294375 0.825515946875 0.308125 0.8348968109375001 0.3325 0.8339587234374999 0.349375 0.8217636015625001 0.365 0.796435271875 0.37124999999999997 0.7682926828125 0.37124999999999997 0.7363977484374999 0.356875 0.7016885546875 0.32937500000000003 0.679174484375 0.315625 0.679174484375 0.296875 0.6904315203125 0.28125 0.7120075046875 0.27125 0.7420262671875
0 0.2975 0.4943714828125 0.2875 0.53377110625 0.28875 0.5694183859375 0.303125 0.6022514078125 0.323125 0.6191369609375 0.34625 0.620075046875 0.37625000000000003 0.597560975 0.38875000000000004 0.5694183859375 0.39625 0.531894934375 0.395 0.5 0.38625 0.4718574109375 0.375625 0.45966228906250006 0.354375 0.4521575984375 0.33187500000000003 0.454033771875 0.313125 0.4690431515625 0.2975 0.4943714828125
0 0.39625 0.507504690625 0.39249999999999996 0.55440900625 0.40499999999999997 0.5581613515625 0.42437500000000006 0.5497185734375 0.43875000000000003 0.5262664171875 0.445 0.5037523453125 0.44749999999999995 0.4699812375 0.428125 0.43151970000000006 0.409375 0.43714821718749997 0.381875 0.433395871875 0.36875 0.4512195125 0.39 0.4793621015625 0.39625 0.507504690625
0 0.35375 0.34240150156250004 0.355 0.3761726078125 0.36625 0.40994371406249996 0.385625 0.433395871875 0.40625 0.43621013125 0.42062499999999997 0.433395871875 0.434375 0.42026266406249996 0.44625000000000004 0.394934334375 0.45 0.37242026250000004 0.44875 0.34427767343750004 0.44000000000000006 0.31238273906249997 0.416875 0.287054409375 0.368125 0.30018761718750003 0.35875 0.31613508437500004 0.35375 0.34240150156250004
0 0.33125 0.4399624765625 0.348125 0.43151970000000006 0.36124999999999996 0.4118198875 0.35375 0.34240150156250004 0.335625 0.32457786093749996 0.306875 0.320825515625 0.28375 0.34803001875 0.27875 0.3930581609375 0.2875 0.41744840468750005 0.304375 0.4352720453125 0.33125 0.4399624765625
0 0.27749999999999997 0.3836772984375 0.28250000000000003 0.3517823640625 0.296875 0.32833020625 0.32375 0.3198874296875 0.306875 0.3039399625 0.278125 0.311444653125 0.2625 0.346153846875 0.26875 0.394934334375 0.28625 0.4155722328125 0.27749999999999997 0.3836772984375
0 0.34249999999999997 0.325515946875 0.35625 0.301125703125 0.35625 0.244840525 0.346875 0.2288930578125 0.330625 0.21951219531250002 0.311875 0.21951219531250002 0.29562499999999997 0.23076923124999998 0.28125 0.25984990625000004 0.28625 0.3030018765625 0.305625 0.3039399625 0.34249999999999997 0.325515946875
0 0.37124999999999997 0.21294559062500001 0.37625000000000003 0.1679174484375 0.364375 0.144465290625 0.346875 0.129455909375 0.321875 0.1313320828125 0.3025 0.1660412765625 0.305 0.1923076921875 0.318125 0.21763602187500003 0.3525 0.22795497187499997 0.37124999999999997 0.21294559062500001
0 0.42312500000000003 0.257035646875 0.43 0.25609756093749997 0.445 0.23921200781250002 0.45499999999999996 0.21294559062500001 0.45625 0.17166979375 0.436875 0.13696060000000002 0.406875 0.1313320828125 0.38125 0.16228893125 0.37374999999999997 0.2054409 0.381875 0.2288930578125 0.401875 0.23264540312499998 0.42312500000000003 0.257035646875
0 0.39187500000000003 0.28893058125 0.426875 0.2908067546875 0.42750000000000005 0.2711069421875 0.41187500000000005 0.24202626718750003 0.40062499999999995 0.23264540312499998 0.375625 0.2345215765625 0.35750000000000004 0.2636022515625 0.35625 0.2936210125 0.36375 0.3048780484375 0.39187500000000003 0.28893058125
0 0.515625 0.302063790625 0.54 0.3048780484375 0.5506249999999999 0.30018761718750003 0.56875 0.26172607812500004 0.56375 0.22045028125 0.5506249999999999 0.20075046875 0.531875 0.1894934328125 0.514375 0.1876172609375 0.496875 0.1969981234375 0.48624999999999996 0.22795497187499997 0.49124999999999996 0.26923076875 0.515625 0.302063790625
0 0.46125 0.2166979359375 0.46687500000000004 0.2251407125 0.48624999999999996 0.22420262656249998 0.4925 0.203564728125 0.503125 0.19136960625 0.534375 0.1894934328125 0.53 0.1697936203125 0.514375 0.153846153125 0.49812500000000004 0.14821763593749998 0.48312499999999997 0.15196998125 0.469375 0.16510318906250002 0.45999999999999996 0.186679175 0.46125 0.2166979359375
0 0.48624999999999996 0.22795497187499997 0.47062499999999996 0.2251407125 0.45187499999999997 0.2363977484375 0.43624999999999997 0.26172607812500004 0.4325 0.28424014999999997 0.45562500000000006 0.262664165625 0.490625 0.27204502812500003 0.48624999999999996 0.22795497187499997
0 0.47062499999999996 0.3545966234375 0.51 0.3517823640625 0.51 0.3048780484375 0.488125 0.27016885625 0.45562500000000006 0.262664165625 0.43 0.28799249531250004 0.42874999999999996 0.2954971859375 0.4425 0.3180112578125 0.4525 0.3630394 0.47062499999999996 0.3545966234375
0 0.44375 0.4474671671875 0.45125000000000004 0.4718574109375 0.46312499999999995 0.4859287046875 0.5 0.492495309375 0.521875 0.47654784218749996 0.53125 0.460600375 0.53625 0.40243902499999995 0.52625 0.3742964359375 0.5081249999999999 0.3545966234375 0.471875 0.3545966234375 0.458125 0.3658536578125 0.44749999999999995 0.389305815625 0.4425 0.413696059375 0.44375 0.4474671671875
0 0.505 0.586303940625 0.50625 0.55440900625 0.5237499999999999 0.5131332078125 0.5131249999999999 0.49343339531249997 0.459375 0.48780487812500006 0.445 0.5093808625 0.4425 0.546904315625 0.44625000000000004 0.56378986875 0.475 0.5900562859375 0.505 0.586303940625
0 0.3875 0.6407129453125 0.39249999999999996 0.6651031890625 0.406875 0.6885553468750001 0.43624999999999997 0.70075046875 0.45562500000000006 0.694183865625 0.47125000000000006 0.674484053125 0.48 0.6332082546875 0.475 0.605065665625 0.46187500000000004 0.5797373359375 0.446875 0.566604128125 0.428125 0.5628517828125 0.40812499999999996 0.5722326453125001 0.39375 0.5938086296875 0.3875 0.6407129453125
0 0.375 0.781425890625 0.3875 0.8095684796875 0.40437500000000004 0.8292682921875001 0.43624999999999997 0.8339587234374999 0.460625 0.8180112578125 0.47750000000000004 0.7833020640624999 0.47874999999999995 0.7645403375 0.47000000000000003 0.7101313328125001 0.460625 0.6904315203125 0.428125 0.7016885546875 0.40437500000000004 0.686679175 0.3875 0.7063789875 0.38 0.7251407125 0.375 0.781425890625
0 0.49625 0.71575985 0.5287499999999999 0.69136960625 0.5349999999999999 0.674484053125 0.5349999999999999 0.650093809375 0.504375 0.5928705437499999 0.48562500000000003 0.5872420265625 0.47125000000000006 0.5956848031249999 0.48 0.64258911875 0.46375 0.69136960625 0.473125 0.7091932453124999 0.49625 0.71575985
0 0.49124999999999996 0.7926829265625 0.5181250000000001 0.8330206375 0.55625 0.8339587234374999 0.5756249999999999 0.816135084375 0.5875 0.7908067546875001 0.585 0.74015009375 0.58 0.7251407125 0.559375 0.7016885546875 0.5393749999999999 0.694183865625 0.514375 0.6998123828125 0.49874999999999997 0.717636021875 0.49124999999999996 0.7382739218750001 0.49124999999999996 0.7926829265625
0 0.5575 0.6632270171875 0.55625 0.6894934328125 0.595625 0.75046904375 0.61 0.7514071296875 0.624375 0.742964353125 0.64375 0.71575985 0.6525000000000001 0.6894934328125 0.6537499999999999 0.6651031890625 0.64625 0.635084428125 0.631875 0.6135084421875 0.6168750000000001 0.6022514078125 0.600625 0.6022514078125 0.5650000000000001 0.6407129453125 0.5575 0.6632270171875
0 0.505 0.571294559375 0.5075000000000001 0.597560975 0.521875 0.6266416515625 0.534375 0.6378986859375 0.55625 0.6388367734375 0.586875 0.6210131328124999 0.6 0.597560975 0.6075 0.565666040625 0.59875 0.5168855531250001 0.586875 0.5009380859375 0.565625 0.48968105 0.541875 0.49530956875000004 0.524375 0.5121951218749999 0.5075000000000001 0.5506566609375 0.505 0.571294559375
0 0.65 0.5731707312500001 0.655 0.53377110625 0.635625 0.4915572234375 0.615625 0.4803001875 0.5900000000000001 0.501876171875 0.60625 0.5393996249999999 0.6075 0.571294559375 0.6012500000000001 0.5994371484375 0.6287499999999999 0.6069418390625 0.65 0.5731707312500001
0 0.555625 0.48780487812500006 0.5912499999999999 0.49812382812499995 0.614375 0.4803001875 0.62625 0.46247654843749997 0.6325000000000001 0.4399624765625 0.6275000000000001 0.389305815625 0.603125 0.3658536578125 0.564375 0.3733583484375 0.54625 0.394934334375 0.5375 0.419324578125 0.5387500000000001 0.4418386484375 0.555625 0.48780487812500006
0 0.568125 0.369606003125 0.593125 0.3639774859375 0.6212500000000001 0.3761726078125 0.63625 0.3592870546875 0.64625 0.331144465625 0.6475 0.306754221875 0.64125 0.2786116328125 0.6131249999999999 0.24765478437500002 0.591875 0.24577861093750003 0.571875 0.257035646875 0.5525 0.301125703125 0.55625 0.349906190625 0.568125 0.369606003125
0 0.645 0.49812382812499995 0.658125 0.48968105 0.665 0.47560975625 0.6775 0.4155722328125 0.660625 0.384615384375 0.631875 0.369606003125 0.6212500000000001 0.37804878125 0.63 0.39681050625 0.63375 0.4324577859375 0.6174999999999999 0.4793621015625 0.645 0.49812382812499995
0 0.64625 0.2954971859375 0.6475 0.325515946875 0.64 0.355534709375 0.66875 0.3611632265625 0.686875 0.3470919328125 0.6950000000000001 0.331144465625 0.70125 0.3030018765625 0.7 0.276735459375 0.69375 0.25609756093749997 0.6793750000000001 0.238273921875 0.663125 0.2270168859375 0.641875 0.2288930578125 0.62375 0.2485928703125 0.64625 0.2954971859375
0 0.60875 0.22232645468749998 0.61 0.2467166984375 0.6224999999999999 0.25046904375 0.646875 0.2270168859375 0.666875 0.2288930578125 0.686875 0.24765478437500002 0.6912499999999999 0.244840525 0.6912499999999999 0.2317073171875 0.6825 0.2054409 0.670625 0.1894934328125 0.6368750000000001 0.1819887421875 0.624375 0.1894934328125 0.60875 0.22232645468749998
0 0.2475 0.3348968109375 0.26125 0.3030018765625 0.25875 0.252345215625 0.248125 0.2345215765625 0.23312499999999997 0.2251407125 0.206875 0.23076923124999998 0.1875 0.267354596875 0.1875 0.31238273906249997 0.198125 0.3320825515625 0.22937500000000002 0.32833020625 0.2475 0.3348968109375
0 0.6287499999999999 0.77016885625 0.63125 0.7983114453125 0.6481250000000001 0.8292682921875001 0.67625 0.8339587234374999 0.691875 0.8330206375 0.704375 0.8217636015625001 0.71875 0.787054409375 0.7125 0.7251407125 0.698125 0.703564728125 0.683125 0.6960600375 0.665625 0.697936209375 0.650625 0.7091932453124999 0.63875 0.7288930578125 0.6287499999999999 0.77016885625
0 0.645 0.5994371484375 0.64375 0.6144465296875 0.655 0.6726078796875 0.670625 0.694183865625 0.70875 0.6988742968749999 0.725625 0.686679175 0.74125 0.6575984984375001 0.7462500000000001 0.635084428125 0.745 0.6069418390625 0.7375 0.586303940625 0.714375 0.5572232640625 0.7006249999999999 0.551594746875 0.6756249999999999 0.5553470921875 0.660625 0.566604128125 0.645 0.5994371484375
0 0.67 0.5431519703125 0.6756249999999999 0.551594746875 0.703125 0.551594746875 0.7262500000000001 0.56378986875 0.7381249999999999 0.55347091875 0.75 0.5300187625 0.75 0.5056285171875 0.7424999999999999 0.477485928125 0.714375 0.44652908125 0.693125 0.4427767359375 0.681875 0.44840525312499996 0.67125 0.460600375 0.66125 0.49061913749999997 0.67 0.5431519703125
0 0.6799999999999999 0.43621013125 0.686875 0.4446529078125 0.7056250000000001 0.4427767359375 0.73125 0.4549718578125 0.74875 0.43433395937499997 0.7537499999999999 0.4155722328125 0.7537499999999999 0.389305815625 0.7474999999999999 0.36866791718749997 0.718125 0.3395872421875 0.691875 0.3433395875 0.6775 0.3592870546875 0.66875 0.389305815625 0.6775 0.4118198875 0.6799999999999999 0.43621013125
0 0.71875 0.2954971859375 0.71875 0.31238273906249997 0.7318749999999999 0.35272044999999996 0.745625 0.3639774859375 0.77125 0.364915571875 0.781875 0.360225140625 0.80625 0.3273921203125 0.8125 0.3030018765625 0.8125 0.2748592875 0.8074999999999999 0.25422138906249997 0.7943749999999999 0.2345215765625 0.764375 0.2270168859375 0.744375 0.238273921875 0.73 0.25797373281249997 0.71875 0.2954971859375
0 0.71875 0.31050656718749997 0.7224999999999999 0.276735459375 0.740625 0.24202626718750003 0.764375 0.2270168859375 0.788125 0.23076923124999998 0.78625 0.22420262656249998 0.756875 0.208255159375 0.7268749999999999 0.2270168859375 0.7125 0.25984990625000004 0.71375 0.29924953125 0.71875 0.31050656718749997
0 0.75875 0.2054409 0.7525000000000001 0.1679174484375 0.724375 0.144465290625 0.694375 0.15196998125 0.67625 0.188555346875 0.6925 0.23921200781250002 0.7112499999999999 0.25797373281249997 0.733125 0.21951219531250002 0.75875 0.2054409
0 0.76125 0.2073170734375 0.779375 0.21575985000000003 0.811875 0.262664165625 0.8162499999999999 0.26172607812500004 0.840625 0.24953095625000002 0.8474999999999999 0.2335834890625 0.8487500000000001 0.203564728125 0.8412499999999999 0.18292682968750001 0.8243750000000001 0.16135084375 0.8106249999999999 0.1557223265625 0.7931250000000001 0.1557223265625 0.7731250000000001 0.1669793625 0.76125 0.1904315203125 0.76125 0.2073170734375
0 0.8 0.34240150156250004 0.821875 0.35272044999999996 0.849375 0.38086303906249996 0.8574999999999999 0.379924953125 0.8787499999999999 0.355534709375 0.885 0.3273921203125 0.88375 0.301125703125 0.87625 0.28236397812499997 0.8556250000000001 0.2589118203125 0.840625 0.2514071296875 0.8256249999999999 0.255159475 0.8125 0.2654784234375 0.8125 0.3048780484375 0.8 0.34240150156250004
0 0.77 0.4549718578125 0.77625 0.4718574109375 0.790625 0.4915572234375 0.81125 0.4943714828125 0.846875 0.47654784218749996 0.85875 0.443714821875 0.8525 0.389305815625 0.8393750000000001 0.36772983125 0.821875 0.3564727953125 0.8018750000000001 0.35834896875 0.785625 0.369606003125 0.775 0.38742964375 0.7675 0.42120075 0.77 0.4549718578125
0 0.835 0.5300187625 0.83625 0.565666040625 0.845 0.5675422140624999 0.8631249999999999 0.5590994375 0.8868750000000001 0.5628517828125 0.905 0.5300187625 0.905 0.47373358281250005 0.884375 0.4427767359375 0.859375 0.4352720453125 0.8574999999999999 0.45309568437500003 0.846875 0.47654784218749996 0.8150000000000001 0.4962476546875 0.835 0.5300187625
0 0.82125 0.610694184375 0.8175000000000001 0.6313320828125 0.8262499999999999 0.6669793625 0.844375 0.6848030015625 0.8875 0.6951219515625 0.9043749999999999 0.6829268296875 0.915 0.6651031890625 0.92125 0.635084428125 0.91875 0.6088180109375 0.9112500000000001 0.5900562859375 0.891875 0.566604128125 0.880625 0.560975609375 0.851875 0.5647279546874999 0.8393750000000001 0.57410881875 0.82125 0.610694184375
0 0.75 0.586303940625 0.7681250000000001 0.6116322703125 0.80625 0.6163227015625 0.82875 0.5900562859375 0.835 0.56378986875 0.835 0.53377110625 0.825 0.5093808625 0.8143750000000001 0.4990619140625 0.785625 0.497185740625 0.766875 0.51031895 0.755 0.5300187625 0.74875 0.5525328328125 0.75 0.586303940625
0 0.8150000000000001 0.787054409375 0.829375 0.8142589125 0.8418749999999999 0.825515946875 0.87375 0.8283302062500001 0.8931250000000001 0.816135084375 0.905 0.7908067546875001 0.9075 0.7551594749999999 0.9037499999999999 0.7345215765625001 0.884375 0.697936209375 0.8631249999999999 0.686679175 0.8418749999999999 0.686679175 0.826875 0.697936209375 0.8150000000000001 0.723264540625 0.8150000000000001 0.787054409375
0 0.8125 0.7213883671875 0.825 0.69136960625 0.825 0.659474671875 0.81875 0.6369606 0.791875 0.6116322703125 0.7631249999999999 0.6210131328124999 0.74875 0.644465290625 0.74375 0.6726078796875 0.785625 0.6772983109374999 0.7975 0.6894934328125 0.8125 0.7213883671875
0 0.72 0.717636021875 0.72 0.7833020640624999 0.743125 0.823639775 0.760625 0.8330206375 0.78125 0.8320825515625 0.795625 0.8217636015625001 0.81125 0.7908067546875001 0.8150000000000001 0.772045028125 0.8125 0.7288930578125 0.805 0.7045028140625 0.7893749999999999 0.6810506562499999 0.7693749999999999 0.67166979375 0.748125 0.673545965625 0.7275 0.6969981234375 0.72 0.717636021875
0 0.56375 0.22045028125 0.5700000000000001 0.25046904375 0.5775 0.252345215625 0.599375 0.24202626718750003 0.61875 0.1960600375 0.61875 0.173545965625 0.61125 0.1510318953125 0.5856250000000001 0.1275797375 0.559375 0.13696060000000002 0.54375 0.1604127578125 0.5387500000000001 0.179174484375 0.5387500000000001 0.1904315203125 0.56375 0.22045028125