0 0.29933333281249996 0.608717434375 0.292 0.636773546875 0.29133333281249996 0.6638276546874999 0.29533333281249996 0.6918837671875 0.3006666671875 0.706913828125 0.31433333281250003 0.719438878125 0.32999999999999996 0.7219438874999999 0.365 0.7074148296875 0.3863333328125 0.6903807609375 0.392 0.6738476953125 0.3933333328125 0.62975951875 0.38333333281250004 0.593687375 0.3696666671875 0.5761523046875 0.3543333328125 0.5661322640625001 0.333 0.5701402812499999 0.3203333328125 0.5791583171875 0.29933333281249996 0.608717434375
0 0.29333333281249996 0.5786573140625 0.296 0.589679359375 0.3016666671875 0.5941883765625 0.3063333328125 0.59519038125 0.32566666718750004 0.5731462921875 0.3503333328125 0.5651302609375 0.367 0.5731462921875 0.38533333281250004 0.594689378125 0.3926666671875 0.57965931875 0.3913333328125 0.5526052109374999 0.3803333328125 0.5330661328125 0.363 0.518036071875 0.3363333328125 0.5080160328125001 0.32366666718750003 0.5090180359375001 0.307 0.5200400796875 0.2946666671875 0.5425851703125 0.292 0.5566132265625 0.29333333281249996 0.5786573140625
0 0.2286666671875 0.5315631265625 0.2293333328125 0.536573146875 0.246 0.5566132265625 0.254 0.575651303125 0.25666666718750003 0.5926853703125 0.2613333328125 0.593687375 0.2723333328125 0.5871743484375 0.2873333328125 0.568637275 0.2906666671875 0.558617234375 0.29 0.5455911828125 0.2866666671875 0.5315631265625 0.2763333328125 0.51402805625 0.263 0.5060120234375 0.2476666671875 0.507014028125 0.23333333281250002 0.522545090625 0.2286666671875 0.5315631265625
0 0.1526666671875 0.55460921875 0.146 0.5716432859375 0.144 0.5886773546875 0.1453333328125 0.6217434875000001 0.1496666671875 0.62324649375 0.1583333328125 0.6152304609375 0.1756666671875 0.616232465625 0.1883333328125 0.6292585171875 0.20299999999999999 0.655310621875 0.2126666671875 0.6568136265625 0.2256666671875 0.64829659375 0.23566666718749998 0.6362725453125 0.244 0.6127254515625 0.25666666718750003 0.5956913828125 0.25 0.5646292578125001 0.233 0.5400801609375 0.207 0.524048096875 0.185 0.5250501 0.16499999999999998 0.53607214375 0.1526666671875 0.55460921875
0 0.13533333281249998 0.6838677359374999 0.143 0.6963927859375 0.1583333328125 0.7104208421875 0.1696666671875 0.7174348703125 0.1853333328125 0.720941884375 0.1926666671875 0.71392785625 0.202 0.6798597187500001 0.19866666718749998 0.6497995984375 0.189 0.6302605203125 0.17633333281250002 0.61723446875 0.1563333328125 0.616232465625 0.1426666671875 0.63276553125 0.1373333328125 0.6467935875 0.134 0.6598196390625 0.13533333281249998 0.6838677359374999
0 0.21233333281250003 0.6683366734375 0.198 0.6968937875 0.1966666671875 0.7229458921874999 0.20033333281250001 0.730460921875 0.23766666718749999 0.73747495 0.2706666671875 0.7369739484375 0.2923333328125 0.733466934375 0.29533333281249996 0.7299599203125 0.296 0.7219438874999999 0.29533333281249996 0.7049098203125 0.29 0.6838677359374999 0.2806666671875 0.6638276546874999 0.271 0.6533066125 0.255 0.6472945890624999 0.2323333328125 0.652304609375 0.21233333281250003 0.6683366734375
0 0.2396666671875 0.64829659375 0.253 0.6462925859374999 0.2663333328125 0.6503006015625 0.2873333328125 0.6658316640625 0.29 0.6598196390625 0.29333333281249996 0.62675350625 0.3026666671875 0.60170340625 0.3023333328125 0.59519038125 0.2903333328125 0.5891783562499999 0.2743333328125 0.5891783562499999 0.2576666671875 0.5971943890625 0.24266666718750002 0.6167334671875 0.238 0.636773546875 0.2396666671875 0.64829659375
0 0.38933333281250004 0.8762525046875 0.384 0.8962925859374999 0.3846666671875 0.91733466875 0.3976666671875 0.9388777562499999 0.4096666671875 0.9448897796875 0.422 0.9453907812500001 0.43499999999999994 0.9418837671875 0.4446666671875 0.9283567140625 0.45133333281250004 0.9103206406250001 0.45199999999999996 0.8902805609375 0.446 0.87024048125 0.43566666718749997 0.8557114234375 0.42366666718749996 0.8486973953125 0.41166666718749995 0.847695390625 0.40499999999999997 0.8517034062500001 0.38933333281250004 0.8762525046875
0 0.5733333328125 0.6718436875 0.5733333328125 0.6668336671875 0.5623333328125 0.6583166328125001 0.5503333328125 0.660320640625 0.5396666671875 0.6683366734375 0.528 0.6838677359374999 0.522 0.7049098203125 0.5233333328125 0.7269539078125 0.5276666671875 0.7394789578125 0.5403333328125 0.7535070140625 0.5573333328125 0.7560120234375 0.5736666671874999 0.752505009375 0.5846666671875 0.7379759515625001 0.5886666671875 0.7229458921874999 0.5886666671875 0.70791583125 0.5833333328125 0.686873746875 0.5783333328125 0.680360721875 0.5730000000000001 0.6853707421874999 0.5690000000000001 0.6843687375 0.5686666671875 0.6748497 0.5733333328125 0.6718436875
0 0.5906666671874999 0.6958917828125 0.5906666671874999 0.7169338671875 0.5953333328125 0.731963928125 0.6043333328125 0.7444889781249999 0.615 0.75150300625 0.6253333328124999 0.7510020046875 0.6396666671875 0.7464929859375 0.648 0.7369739484375 0.6546666671875 0.714929859375 0.654 0.689879759375 0.6473333328125 0.6698396796874999 0.6336666671875 0.6543086171875 0.6103333328125 0.652304609375 0.605 0.655310621875 0.5940000000000001 0.675851703125 0.5906666671874999 0.6958917828125
0 0.10200000000000001 0.46042084218749996 0.09733333281249999 0.47244488906250004 0.0953333328125 0.48947895781249995 0.0993333328125 0.5065130265625 0.1096666671875 0.5200400796875 0.1286666671875 0.5255511015625001 0.1396666671875 0.5200400796875 0.1453333328125 0.51252505 0.1513333328125 0.49549098125 0.152 0.4814629265625 0.1486666671875 0.463426853125 0.13899999999999998 0.4468937875 0.1316666671875 0.4418837671875 0.1223333328125 0.4418837671875 0.11033333281249999 0.44889779531249996 0.10200000000000001 0.46042084218749996
0 0.0466666671875 0.33316633281249997 0.058333332812500006 0.3456913828125 0.0646666671875 0.346192384375 0.08333333281250001 0.338176353125 0.0913333328125 0.28306613281250004 0.08966666718750001 0.2675350703125 0.071 0.2575150296875 0.0636666671875 0.258517034375 0.053666667187499996 0.266533065625 0.044 0.282064128125 0.0406666671875 0.30210420781249997 0.0413333328125 0.3191382765625 0.0466666671875 0.33316633281249997
0 0.2366666671875 0.1628256515625 0.23199999999999998 0.1748497 0.23133333281250001 0.1968937875 0.248 0.2219438875 0.25666666718750003 0.2530060125 0.2616666671875 0.2595190375 0.2713333328125 0.26102204375000004 0.29300000000000004 0.25150300625 0.30333333281249997 0.239979959375 0.3086666671875 0.21492985937500003 0.3086666671875 0.192885771875 0.30533333281249997 0.178857715625 0.29700000000000004 0.166332665625 0.2763333328125 0.1462925859375 0.263 0.1432865734375 0.2443333328125 0.1533066125 0.2366666671875 0.1628256515625
0 0.1786666671875 0.16082164375000002 0.1813333328125 0.1708416828125 0.1923333328125 0.18737474999999998 0.20866666718750002 0.192885771875 0.2236666671875 0.191382765625 0.23900000000000002 0.1573146296875 0.258 0.14178356718750001 0.254 0.11573146249999999 0.2403333328125 0.085170340625 0.21833333281249998 0.085170340625 0.197 0.0941883765625 0.1893333328125 0.10170340625 0.18 0.12975951875 0.1786666671875 0.16082164375000002
0 0.302 0.13777555156250001 0.29933333281249996 0.1638276546875 0.3093333328125 0.1878757515625 0.31266666718749997 0.2219438875 0.3203333328125 0.2284569140625 0.33199999999999996 0.2279559125 0.355 0.22044088125 0.367 0.20941883749999998 0.37733333281250003 0.18987975937499998 0.378 0.1708416828125 0.3693333328125 0.1447895796875 0.3576666671875 0.1282565125 0.3416666671875 0.11823647343749999 0.325 0.1152304609375 0.31233333281250003 0.12324649375 0.302 0.13777555156250001
0 0.8426666671874999 0.53757515 0.8473333328124999 0.5916833671874999 0.8550000000000001 0.6032064125 0.8673333328125 0.60771543125 0.8863333328125 0.5911823640625 0.9006666671874999 0.56262525 0.8973333328124999 0.5355711421875 0.8906666671875 0.5295591187500001 0.8876666671875 0.5190380765625 0.8823333328125 0.5160320640625 0.8703333328125 0.51402805625 0.861 0.51703406875 0.8483333328124999 0.5280561125000001 0.8426666671874999 0.53757515
0 0.942 0.5255511015625001 0.9406666671874999 0.5075150296875 0.9336666671874999 0.5010020046875 0.9286666671875 0.530561121875 0.9226666671875 0.5455911828125 0.9416666671874999 0.556112225 0.9493333328125001 0.5676352703124999 0.9493333328125001 0.55460921875 0.942 0.5255511015625001
0 0.9263333328125001 0.4989979953125 0.9163333328125001 0.5030060125 0.9006666671874999 0.5255511015625001 0.8986666671875 0.5385771546875 0.9026666671875001 0.56262525 0.9199999999999999 0.5335671343749999 0.9266666671875001 0.5135270546874999 0.9263333328125001 0.4989979953125
0 0.914 0.5736472953125 0.916 0.5966933875 0.9109999999999999 0.5881763531249999 0.9086666671874999 0.5916833671874999 0.9086666671874999 0.618737475 0.9189999999999999 0.638276553125 0.9259999999999999 0.6407815625 0.923 0.6112224453125 0.9289999999999999 0.61422845625 0.9416666671874999 0.6332665328125 0.9533333328125 0.6157314625 0.9566666671874999 0.5956913828125 0.9513333328125 0.5736472953125 0.9413333328125001 0.5566132265625 0.925 0.5480961921875 0.9199999999999999 0.5526052109374999 0.914 0.5736472953125
0 0.6723333328125001 0.3146292578125 0.662 0.3301603203125 0.6599999999999999 0.3762525046875 0.6559999999999999 0.39529058125 0.663 0.40681362656250003 0.6766666671875 0.4073146296875 0.7116666671874999 0.4018036078125 0.7496666671875001 0.386773546875 0.752 0.377254509375 0.748 0.36022044062499997 0.7486666671875 0.34218436875 0.7413333328125 0.3251503 0.725 0.3036072140625 0.7110000000000001 0.2965931859375 0.7043333328125 0.2965931859375 0.6723333328125001 0.3146292578125
0 0.6316666671875 0.1853707421875 0.6246666671875001 0.1968937875 0.6166666671875001 0.2309619234375 0.616 0.2530060125 0.6186666671875 0.2700400796875 0.6236666671875 0.2815631265625 0.6443333328125 0.293587175 0.6586666671875 0.32014028125 0.6633333328125001 0.32214428906250003 0.6703333328125 0.31362725468749997 0.6963333328125 0.30160320625 0.706 0.2910821640625 0.7166666671875 0.265030059375 0.7186666671874999 0.23597194375 0.7126666671875 0.20991983906249997 0.6976666671875 0.1863727453125 0.6776666671875 0.17334669375 0.655 0.169338678125 0.6316666671875 0.1853707421875
0 0.533 0.166332665625 0.5186666671875 0.18887775625 0.5066666671875 0.22394789531249998 0.5106666671875 0.25801603281249996 0.5206666671875 0.28306613281250004 0.5403333328125 0.3066132265625 0.5483333328125 0.311623246875 0.5566666671875 0.31112224374999997 0.5816666671874999 0.2895791578125 0.5976666671875 0.2815631265625 0.613 0.27955911875 0.6146666671875 0.271042084375 0.6133333328125 0.225951903125 0.6073333328125 0.203907815625 0.5903333328125 0.17334669375 0.577 0.1613226453125 0.561 0.1543086171875 0.533 0.166332665625
0 0.5876666671875 0.17034068125 0.6166666671875001 0.2229458921875 0.6273333328125 0.1878757515625 0.6166666671875001 0.15981963906250002 0.6036666671875001 0.1432865734375 0.5896666671874999 0.1342685375 0.5763333328125 0.131262525 0.5496666671875 0.14028056093750002 0.5406666671875 0.153807615625 0.541 0.1613226453125 0.561 0.1543086171875 0.5876666671875 0.17034068125
0 0.546 0.338176353125 0.542 0.37224448906249996 0.5516666671875 0.38977955937500003 0.5963333328125 0.403807615625 0.646 0.4083166328125 0.6526666671875 0.39929859687499997 0.658 0.3832665328125 0.6599999999999999 0.33316633281249997 0.6546666671875 0.31212424843750003 0.6443333328125 0.29458917812499996 0.6376666671875 0.2895791578125 0.615 0.2815631265625 0.593 0.2845691375 0.563 0.305611221875 0.546 0.338176353125
0 0.44800000000000006 0.28306613281250004 0.44733333281250004 0.31212424843750003 0.4823333328125 0.35270541093749996 0.5023333328125 0.3657314625 0.5093333328125 0.366232465625 0.5173333328124999 0.36022044062499997 0.5313333328125001 0.331162325 0.5313333328125001 0.318136271875 0.5273333328125 0.3031062125 0.505 0.25551102187499997 0.48566666718749996 0.247494990625 0.47300000000000003 0.24849699374999998 0.46299999999999997 0.25450901875 0.45199999999999996 0.2700400796875 0.44800000000000006 0.28306613281250004
0 0.508 0.2550100203125 0.5066666671875 0.2219438875 0.518 0.18887775625 0.501 0.1863727453125 0.4843333328125 0.1963927859375 0.47133333281249995 0.21392785625 0.466 0.2309619234375 0.4646666671875 0.24899799531250003 0.46699999999999997 0.25150300625 0.4903333328125 0.247494990625 0.508 0.2550100203125