0 0.3390625 0.4109375 0.4734375 0.2953125
0 0.44609375 0.7609375 0.1875 0.4765625
0 0.2140625 0.57578125 0.33125 0.2328125
0 0.1828125 0.83046875 0.240625 0.3390625
0 0.73203125 0.64921875 0.3921875 0.2890625
0 0.86796875 0.50859375 0.2640625 0.3828125
0 0.859375 0.91484375 0.28125 0.1703125
0 0.65859375 0.41328125 0.2375 0.3359375
0 0.63203125 0.80390625 0.2453125 0.29375
0 0.73671875 0.11796875 0.2765625 0.2359375
0 0.53359375 0.25 0.3703125 0.1703125
0 0.51328125 0.12265625 0.2671875 0.21875
0 0.28984375 0.12265625 0.321875 0.2453125