0 0.1875 0.290625 0.2890625 0.1296875
0 0.17109375 0.409375 0.2796875 0.1421875
0 0.2140625 0.53515625 0.2359375 0.11875
0 0.13203125 0.628125 0.1625 0.1125
0 0.12421875 0.7640625 0.2296875 0.1296875
0 0.21640625 0.8859375 0.2359375 0.11875
0 0.15234375 0.13203125 0.2515625 0.1546875
0 0.446875 0.1984375 0.134375 0.128125
0 0.45859375 0.32578125 0.2109375 0.140625
0 0.4875 0.425 0.159375 0.1109375
0 0.4609375 0.53046875 0.1765625 0.1234375
0 0.44921875 0.62578125 0.1484375 0.1125
0 0.50390625 0.7390625 0.1609375 0.1234375
0 0.4859375 0.84765625 0.16875 0.1
0 0.90234375 0.51953125 0.1953125 0.9578125
0 0.6796875 0.59453125 0.196875 0.684375