0 0.51015625 0.52890625 0.3296875 0.3359375
0 0.79765625 0.16015625 0.2515625 0.3203125
0 0.925 0.63046875 0.15 0.4859375
0 0.49921875 0.85078125 0.2796875 0.2921875
0 0.203125 0.5375 0.290625 0.3640625
0 0.3578125 0.3125 0.24375 0.23125
0 0.1515625 0.221875 0.1796875 0.2796875
0 0.34375 0.08984375 0.2 0.16875
0 0.79921875 0.8921875 0.3265625 0.2109375
0 0.19375 0.903125 0.34375 0.1890625
0 0.5890909093750001 0.3770491796875 0.4872727265625 0.35519125625000003 0.410909090625 0.38797814218750004 0.3672727265625 0.4426229515625 0.349090909375 0.502732240625 0.3527272734375 0.5792349734375 0.4 0.672131146875 0.4436363640625 0.6994535515625 0.5236363640625 0.7103825140625 0.5890909093750001 0.6885245906249999 0.6545454546875 0.601092896875 0.6545454546875 0.464480875 0.5890909093750001 0.3770491796875
0 0.250909090625 0.24043715781250002 0.23272727343750002 0.34426229531249997 0.24727272656250002 0.398907103125 0.27999999999999997 0.43715847031250005 0.36 0.45901639375 0.4 0.398907103125 0.46181818124999996 0.3606557375 0.46909090937500003 0.2677595625 0.41454545468750004 0.19125683124999998 0.3272727265625 0.18032786875 0.250909090625 0.24043715781250002
0 0.3745454546875 0.8852459015624999 0.3672727265625 1 0.62181818125 0.99453551875 0.62181818125 0.8087431687500001 0.57818181875 0.7158469953125 0.530909090625 0.6994535515625 0.450909090625 0.7322404375 0.40727272656249996 0.7868852453125 0.3745454546875 0.8852459015624999
0 1 0.398907103125 0.9527272734375 0.3934426234375 0.8945454546875 0.43715847031250005 0.8690909093749999 0.4808743171875 0.8436363640625 0.5683060109375 0.8436363640625 0.677595628125 0.8545454546875 0.73770491875 0.90181818125 0.8251366125 0.94181818125 0.857923496875 1 0.868852459375 1 0.398907103125
0 0.1963636359375 0.398907103125 0.14181818125 0.415300546875 0.10909090937499999 0.5191256828124999 0.06181818125000001 0.5628415296875 0.069090909375 0.6174863390625001 0.17090909062499998 0.6994535515625 0.2654545453125 0.7158469953125 0.3272727265625 0.6830601093750001 0.36 0.6120218578125 0.33818181875 0.491803278125 0.2654545453125 0.415300546875 0.1963636359375 0.398907103125
0 0.9527272734375 1 0.9345454546875 0.9398907109374999 0.86181818125 0.8251366125 0.8036363640624999 0.7868852453125 0.7272727265625 0.781420765625 0.6799999999999999 0.8032786890624999 0.6436363640625 0.8743169406250001 0.6363636359375 0.9672131140625 0.6472727265625 1 0.9527272734375 1
0 0.4654545453125 0.3606557375 0.5854545453125 0.3770491796875 0.6254545453125 0.415300546875 0.6545454546875 0.48633879843749994 0.7745454546875 0.4808743171875 0.7454545453125 0.3387978140625 0.6254545453125 0.21857923437500001 0.52 0.20218579218750002 0.4654545453125 0.26229508125 0.4654545453125 0.3606557375