0 0.3546875 0.81953125 0.1359375 0.1765625
0 0.4921875 0.809375 0.1625 0.1890625
0 0.71953125 0.73984375 0.1640625 0.184375
0 0.87578125 0.5296875 0.14375 0.228125
0 0.35390625 0.56328125 0.165625 0.2109375
0 0.28125 0.421875 0.1328125 0.1703125
0 0.3796875 0.2859375 0.1328125 0.13125
0 0.465625 0.1953125 0.184375 0.1484375
0 0.6265625 0.228125 0.1890625 0.15
0 0.5046875 0.271875 0.1484375 0.1234375
0 0.3953125 0.39140625 0.1171875 0.1828125
0 0.49453125 0.31171875 0.14375 0.1078125
0 0.60546875 0.3265625 0.1234375 0.1375
0 0.6984375 0.37109375 0.175 0.1953125
0 0.6703125 0.471875 0.1875 0.21875
0 0.4875 0.5328125 0.153125 0.1609375
0 0.6046875 0.53671875 0.1296875 0.2203125
0 0.525 0.41015625 0.1984375 0.1578125