0 0.15078125 0.353125 0.2875 0.375
0 0.38203125 0.48125 0.375 0.3015625
0 0.42109375 0.31171875 0.3078125 0.278125
0 0.69453125 0.56875 0.3359375 0.3421875
0 0.86328125 0.34609375 0.2734375 0.28125
0 0.81015625 0.21953125 0.2859375 0.2734375
0 0.53046875 0.1265625 0.3265625 0.253125
0 0.33359375 0.08203125 0.3921875 0.1640625
0 0.17734375 0.6078125 0.29375 0.225
0 0.4609375 0.6921875 0.3015625 0.2234375
0 0.7875 0.80078125 0.3734375 0.315625
0 0.55546875 0.88359375 0.2890625 0.196875
0 0.2453125 0.78125 0.3171875 0.190625
0 0.0796875 0.6671875 0.159375 0.20625
0 0.9171875 0.59765625 0.165625 0.2546875