0 0.236 0.3145 0.236 0.32525 0.23733333281250002 0.3325 0.24266666718750002 0.34550000000000003 0.24933333281249997 0.35875 0.2553333328125 0.36724999999999997 0.29 0.396 0.2926666671875 0.39675 0.301 0.4035 0.3043333328125 0.40475000000000005 0.319 0.4165 0.333 0.4255 0.346 0.43975 0.3576666671875 0.4485 0.3713333328125 0.45675 0.3843333328125 0.4615 0.4056666671875 0.46624999999999994 0.43600000000000005 0.46925 0.441 0.47074999999999995 0.445 0.47400000000000003 0.44699999999999995 0.47424999999999995 0.4603333328125 0.4715 0.49133333281249997 0.4605 0.511 0.45025000000000004 0.5173333328124999 0.445 0.5293333328125 0.42800000000000005 0.5346666671875 0.41725 0.5473333328125001 0.3775 0.5543333328125 0.36150000000000004 0.5559999999999999 0.34199999999999997 0.553 0.33075 0.5456666671875 0.31975 0.5309999999999999 0.30274999999999996 0.514 0.28775 0.49866666718749997 0.27 0.4836666671875 0.255 0.4733333328125 0.24775 0.46333333281250005 0.244 0.4463333328125 0.2405 0.4266666671875 0.2395 0.4153333328125 0.24 0.40199999999999997 0.242 0.3636666671875 0.24100000000000002 0.3193333328125 0.24300000000000002 0.29900000000000004 0.2465 0.274 0.254 0.2656666671875 0.25825 0.257 0.26549999999999996 0.244 0.2835 0.238 0.30025 0.236 0.3145
0 0.22033333281249998 0.6292500000000001 0.2196666671875 0.634 0.2213333328125 0.63775 0.2213333328125 0.65 0.2173333328125 0.669 0.2176666671875 0.68225 0.2216666671875 0.6839999999999999 0.22799999999999998 0.6825 0.2336666671875 0.683 0.24133333281249997 0.7005 0.25166666718749997 0.714 0.25466666718750003 0.7222500000000001 0.2513333328125 0.73575 0.2556666671875 0.7464999999999999 0.25466666718750003 0.75725 0.2556666671875 0.75975 0.2616666671875 0.7615000000000001 0.265 0.76475 0.2633333328125 0.76825 0.264 0.77 0.266 0.77025 0.2703333328125 0.7685 0.271 0.767 0.2766666671875 0.7675 0.286 0.7809999999999999 0.2893333328125 0.784 0.29300000000000004 0.78525 0.3096666671875 0.78675 0.321 0.784 0.33166666718750004 0.786 0.3423333328125 0.7835 0.36866666718749996 0.7805 0.37933333281250003 0.77825 0.4126666671875 0.77575 0.43166666718749996 0.7685 0.44400000000000006 0.7615000000000001 0.4653333328125 0.7525000000000001 0.4763333328125 0.746 0.48266666718750006 0.73925 0.4883333328125 0.727 0.491 0.7115 0.492 0.6837500000000001 0.4883333328125 0.6519999999999999 0.4813333328125 0.6405000000000001 0.47366666718749995 0.63175 0.458 0.6094999999999999 0.44800000000000006 0.60175 0.42833333281249997 0.59325 0.4186666671875 0.591 0.40133333281250005 0.5785 0.3933333328125 0.575 0.37033333281249997 0.5715 0.3446666671875 0.571 0.31033333281250003 0.57275 0.2986666671875 0.5765 0.28500000000000003 0.5855 0.277 0.5934999999999999 0.2696666671875 0.59875 0.2653333328125 0.6005 0.24866666718750002 0.60175 0.23500000000000001 0.60875 0.227 0.61675 0.2216666671875 0.625 0.22033333281249998 0.6292500000000001
0 0.45599999999999996 0.607 0.477 0.63425 0.48566666718749996 0.64175 0.49066666718749996 0.64775 0.49466666718749996 0.65075 0.5046666671875 0.65475 0.5133333328125 0.6599999999999999 0.5286666671875 0.6655 0.5349999999999999 0.6665 0.545 0.666 0.567 0.65825 0.5773333328125 0.65775 0.5846666671875 0.6587500000000001 0.6083333328125 0.6675 0.6333333328124999 0.6679999999999999 0.6453333328124999 0.6655 0.658 0.65725 0.6723333328125001 0.646 0.6813333328125 0.6415 0.6916666671875 0.63825 0.6973333328125 0.63475 0.7030000000000001 0.62725 0.7113333328125 0.607 0.7133333328125 0.5934999999999999 0.7093333328125 0.5690000000000001 0.7023333328125 0.54775 0.6923333328125 0.5309999999999999 0.6839999999999999 0.50875 0.6799999999999999 0.5042500000000001 0.6683333328125001 0.49625 0.6586666671875 0.48775 0.6363333328125 0.47975 0.5820000000000001 0.47024999999999995 0.5446666671875 0.46875 0.5309999999999999 0.47000000000000003 0.5186666671875 0.47325 0.504 0.47874999999999995 0.495 0.4835 0.45766666718750004 0.49824999999999997 0.45066666718750004 0.50575 0.44400000000000006 0.5185 0.4413333328125 0.52975 0.441 0.5535 0.44400000000000006 0.56975 0.45599999999999996 0.607
0 0.2506666671875 0.49050000000000005 0.2513333328125 0.49400000000000005 0.24900000000000003 0.50975 0.24900000000000003 0.52125 0.251 0.5309999999999999 0.2496666671875 0.54475 0.2403333328125 0.5622499999999999 0.22633333281249998 0.5832499999999999 0.22799999999999998 0.5915 0.2306666671875 0.59675 0.2363333328125 0.6012500000000001 0.2403333328125 0.603 0.2646666671875 0.6002500000000001 0.2846666671875 0.58475 0.29100000000000004 0.5815 0.29700000000000004 0.57675 0.3043333328125 0.5740000000000001 0.317 0.5725 0.32799999999999996 0.57275 0.352 0.57125 0.3916666671875 0.57275 0.3996666671875 0.57125 0.4046666671875 0.568 0.40800000000000003 0.5589999999999999 0.4126666671875 0.55425 0.4176666671875 0.54375 0.4233333328125 0.537 0.42766666718749996 0.5225 0.4273333328125 0.5095 0.4233333328125 0.4835 0.4193333328125 0.476 0.41166666718749995 0.4715 0.3886666671875 0.46449999999999997 0.37333333281250003 0.4585 0.3543333328125 0.44725000000000004 0.33199999999999996 0.42525 0.31033333281250003 0.41174999999999995 0.2996666671875 0.40374999999999994 0.29100000000000004 0.39875 0.27799999999999997 0.39725 0.265 0.40225 0.24066666718750002 0.40774999999999995 0.2236666671875 0.41475 0.20566666718749999 0.42824999999999996 0.196 0.44075 0.196 0.44400000000000006 0.2006666671875 0.4485 0.22799999999999998 0.45999999999999996 0.23566666718749998 0.465 0.2463333328125 0.47824999999999995 0.2506666671875 0.49050000000000005
0 0.6383333328125 1 0.6373333328124999 0.98675 0.6343333328125 0.97575 0.625 0.95975 0.6123333328125 0.94625 0.602 0.9390000000000001 0.5856666671874999 0.922 0.5736666671874999 0.913 0.5673333328125 0.9095000000000001 0.558 0.9067500000000001 0.518 0.9032500000000001 0.49633333281249997 0.897 0.49133333281249997 0.8965 0.48166666718749995 0.8985 0.4606666671875 0.9067500000000001 0.44699999999999995 0.9155 0.43499999999999994 0.9255000000000001 0.414 0.9337500000000001 0.40366666718750005 0.942 0.398 0.9497500000000001 0.3926666671875 0.9734999999999999 0.3946666671875 0.9862500000000001 0.394 1 0.4566666671875 1 0.46799999999999997 0.99875 0.483 0.999 0.5043333328124999 0.9952500000000001 0.511 0.9952500000000001 0.5186666671875 0.9962500000000001 0.5306666671875 1 0.6383333328125 1
0 0.066 0.86 0.0633333328125 0.8862500000000001 0.071 0.90025 0.088 0.9177500000000001 0.10033333281250001 0.93675 0.11200000000000002 0.94425 0.1246666671875 0.9480000000000001 0.1366666671875 0.9497500000000001 0.191 0.952 0.20800000000000002 0.943 0.2133333328125 0.9365 0.2316666671875 0.92825 0.23933333281250002 0.923 0.25233333281250003 0.9192500000000001 0.2686666671875 0.9167500000000001 0.29300000000000004 0.9105000000000001 0.2986666671875 0.906 0.301 0.89925 0.29300000000000004 0.8869999999999999 0.28500000000000003 0.88025 0.2706666671875 0.86525 0.25833333281250004 0.85025 0.25666666718750003 0.8465 0.25633333281250004 0.834 0.251 0.8247500000000001 0.24133333281249997 0.8215 0.2276666671875 0.819 0.2166666671875 0.8147500000000001 0.21033333281250002 0.8092499999999999 0.20233333281250002 0.799 0.1903333328125 0.77425 0.1866666671875 0.77125 0.1633333328125 0.7595 0.1506666671875 0.76125 0.127 0.7615000000000001 0.11100000000000002 0.76425 0.088 0.7725 0.079 0.78075 0.0763333328125 0.786 0.07033333281250001 0.8095000000000001 0.0643333328125 0.8225 0.062 0.8335000000000001 0.063 0.8484999999999999 0.066 0.86
0 0 0.6075 0.020999999999999998 0.61525 0.0286666671875 0.621 0.0426666671875 0.628 0.0533333328125 0.6315000000000001 0.10400000000000001 0.63375 0.10933333281249999 0.6325000000000001 0.12933333281249998 0.63175 0.132 0.6305 0.1406666671875 0.63125 0.149 0.62825 0.1533333328125 0.625 0.16499999999999998 0.62025 0.178 0.61175 0.1903333328125 0.60675 0.1923333328125 0.6025 0.1973333328125 0.601 0.20166666718749998 0.601 0.20366666718749998 0.5985 0.2093333328125 0.595 0.215 0.5894999999999999 0.2166666671875 0.584 0.223 0.5765 0.227 0.56875 0.24133333281249997 0.55625 0.248 0.5465 0.2483333328125 0.54225 0.24700000000000003 0.54 0.23700000000000002 0.53425 0.2336666671875 0.52925 0.2336666671875 0.5255 0.23566666718749998 0.521 0.242 0.51325 0.24533333281249997 0.50625 0.251 0.5045 0.253 0.49874999999999997 0.2536666671875 0.487 0.2526666671875 0.483 0.2506666671875 0.477 0.2436666671875 0.46699999999999997 0.231 0.45775 0.2213333328125 0.454 0.2006666671875 0.44875 0.1813333328125 0.44525 0.1566666671875 0.43775000000000003 0.1366666671875 0.4345 0.132 0.43574999999999997 0.1263333328125 0.43949999999999995 0.1226666671875 0.45475000000000004 0.11499999999999999 0.46349999999999997 0.1066666671875 0.46925 0.0926666671875 0.475 0.0743333328125 0.48025 0.0556666671875 0.49050000000000005 0.0123333328125 0.5065000000000001 0.0096666671875 0.51 0.0113333328125 0.5175 0.017 0.5265 0.018 0.5335 0.015 0.5345 0.0123333328125 0.53225 0.01 0.532 0 0.5345 0 0.6075
0 0.5573333328125 0.34775 0.5573333328125 0.3565 0.5650000000000001 0.3655 0.5690000000000001 0.368 0.5736666671874999 0.37525 0.5773333328125 0.3775 0.589 0.37725 0.5946666671874999 0.3745 0.5973333328125 0.37975 0.6073333328125 0.3865 0.629 0.3915 0.635 0.39125 0.6346666671875 0.388 0.6263333328125 0.383 0.6273333328125 0.38025000000000003 0.626 0.378 0.6256666671875 0.37225 0.6223333328125 0.371 0.621 0.368 0.622 0.36425 0.6213333328124999 0.35750000000000004 0.6116666671875 0.357 0.611 0.35625 0.616 0.35575 0.617 0.354 0.6203333328125 0.353 0.626 0.34900000000000003 0.6406666671875 0.3505 0.6950000000000001 0.351 0.7026666671874999 0.34975 0.7053333328125 0.3465 0.7056666671875 0.34275 0.7033333328125 0.33875 0.706 0.32799999999999996 0.7033333328125 0.31725 0.704 0.29625 0.7 0.27599999999999997 0.6993333328125 0.26025 0.6963333328125 0.25225 0.6873333328125 0.24275000000000002 0.6806666671875 0.2305 0.674 0.2245 0.6626666671875 0.22400000000000003 0.6573333328125 0.225 0.6483333328125 0.22825 0.643 0.23224999999999998 0.634 0.23325 0.6063333328125 0.229 0.5956666671875 0.22825 0.5593333328125001 0.22925 0.5389999999999999 0.225 0.5323333328125 0.22225 0.5126666671875 0.22325 0.5026666671875 0.227 0.48600000000000004 0.2395 0.48166666718749995 0.24575 0.4803333328125 0.252 0.493 0.26525 0.5116666671875 0.28900000000000003 0.5269999999999999 0.30074999999999996 0.549 0.32475 0.5546666671875 0.3355 0.5573333328125 0.34775
0 0.7328125 0.13359375 0.271875 0.1625
0 0.38671875 0.184375 0.2578125 0.11875
0 0.146875 0.2328125 0.2734375 0.1890625
0 0.1890625 0.353125 0.209375 0.1234375
0 0.0703125 0.40234375 0.140625 0.2125
0 0.09921875 0.65859375 0.1984375 0.15
0 0.22109375 0.06796875 0.2828125 0.1234375
0 0.5875 0.75078125 0.259375 0.1796875
0 0.36015625 0.8359375 0.2234375 0.1171875
0 0.63203125 0.9078125 0.2140625 0.1484375
0 0.29453125 0.95390625 0.228125 0.0921875
0 0.75 0.70859375 0.140625 0.1484375
0 0.9234375 0.715625 0.153125 0.1515625
0 0.75078125 0.5703125 0.1515625 0.140625
0 0.5265625 0.4265625 0.203125 0.1359375
0 0.89453125 0.51328125 0.2109375 0.1578125
0 0.90078125 0.1359375 0.1984375 0.20625
0 0.775 0.2609375 0.196875 0.16875
0 0.91796875 0.3484375 0.15 0.1890625
0 0.8578125 0.95 0.2125 0.1