0 0.4484375 0.45390625 0.146875 0.1078125
0 0.546875 0.51328125 0.128125 0.1078125
0 0.3859375 0.5375 0.1640625 0.071875
0 0.5171568625 0.5506535953125 0.4583333328125 0.562091503125 0.43382352968750004 0.58986928125 0.438725490625 0.6225490203125 0.453431371875 0.635620915625 0.48774509843749997 0.6454248359375 0.5661764703125 0.6405228765625 0.580882353125 0.6209150328125 0.580882353125 0.59150326875 0.57107843125 0.5751633984375 0.5563725484375001 0.562091503125 0.5171568625 0.5506535953125
0 0 0.5473856203125 0.0294117640625 0.5653594765625 0.078431371875 0.5588235296875 0.125 0.5326797390625 0.132352940625 0.5 0.11519607812499999 0.46405228750000005 0.117647059375 0.44281045781249995 0.1078431375 0.44117647031249996 0.0294117640625 0.4673202609375 0 0.48856209218749996 0 0.5473856203125
0 0.0686274515625 0.7173202609375 0.10539215625000001 0.722222221875 0.169117646875 0.6846405234375 0.169117646875 0.6764705875 0.12009803906250001 0.64379085 0.0759803921875 0.6388888890625 0.046568628125 0.6503267968750001 0.044117646875 0.6993464046875 0.0686274515625 0.7173202609375
0 0.438725490625 0.87581699375 0.4779411765625 0.90849673125 0.544117646875 0.8594771234374999 0.561274509375 0.8349673203125001 0.561274509375 0.7990196078125 0.5049019609375 0.7908496734375 0.4607843140625 0.8022875812500001 0.438725490625 0.831699346875 0.438725490625 0.87581699375
0 0.5686274515624999 0.831699346875 0.5073529406249999 0.8872549015625 0.5122549015625 0.9493464046875 0.5245098046875001 0.972222221875 0.544117646875 0.98202614375 0.6102941171875 0.9885620921875 0.6838235296875 0.9591503265625001 0.69607843125 0.937908496875 0.69607843125 0.91013071875 0.66176470625 0.8676470593750001 0.6029411765625 0.8545751640624999 0.5686274515624999 0.831699346875
0 0.0514705875 1 0.0735294125 0.9591503265625001 0.0735294125 0.919934640625 0.0490196078125 0.89379085 0.0024509796875 0.8872549015625 0 1 0.0514705875 1
0 0.46568627500000004 0.132352940625 0.438725490625 0.1552287578125 0.43137254843750006 0.20424836562499998 0.438725490625 0.2271241828125 0.5073529406249999 0.223856209375 0.5514705875 0.2434640515625 0.5833333328125 0.24019607812500002 0.6102941171875 0.2140522875 0.5955882359375 0.1372549015625 0.490196078125 0.12254902031249999 0.46568627500000004 0.132352940625
0 0.3333333328125 0.259803921875 0.382352940625 0.2810457515625 0.419117646875 0.2450980390625 0.4142156859375 0.2173202609375 0.39460784375 0.19771241875 0.3529411765625 0.1911764703125 0.32107843125 0.2124183 0.3186274515625 0.23692810468749997 0.3333333328125 0.259803921875
0 0 0.651960784375 0.0024509796875 0.740196078125 0.034313725 0.7205882359375 0.046568628125 0.6813725484375001 0.0392156859375 0.6552287578125 0.009803921875 0.65849673125 0 0.651960784375
0 0.6828125 0.325 0.2296875 0.1625
0 0.3015625 0.0671875 0.128125 0.0828125
0 0.45546875 0.08046875 0.1015625 0.0828125
0 0.17265625 0.10078125 0.14375 0.090625
0 0.25625 0.21484375 0.11875 0.0921875
0 0.13984375 0.32265625 0.1390625 0.10625
0 0.0515625 0.16328125 0.0984375 0.090625
0 0.04296875 0.08203125 0.0859375 0.0859375
0 0.15859375 0.57421875 0.146875 0.109375
0 0.36953125 0.65234375 0.2 0.1484375
0 0.57578125 0.734375 0.13125 0.0953125
0 0.88203125 0.58515625 0.225 0.1671875
0 0.828431371875 0.9133986921874999 0.9068627453125 0.954248365625 0.9607843140625001 0.9313725484375001 0.9705882359375 0.9133986921874999 0.965686275 0.8578431375 0.921568628125 0.83823529375 0.840686275 0.8725490203125 0.828431371875 0.8839869281249999 0.828431371875 0.9133986921874999
0 0.919117646875 0.7875816999999999 0.91176470625 0.776143790625 0.8848039218749999 0.7549019609375 0.8235294124999999 0.7385620921875 0.7622549015625 0.758169934375 0.7205882359375 0.7630718953125 0.6740196078125 0.794117646875 0.66176470625 0.812091503125 0.6666666671875 0.8431372546875 0.71323529375 0.8774509796875 0.76960784375 0.8839869281249999 0.7916666671875 0.8676470593750001 0.8504901953124999 0.87581699375 0.9142156859374999 0.8431372546875 0.919117646875 0.7875816999999999
0 0.7352941171875 0.62581699375 0.7107843140625 0.6323529406249999 0.669117646875 0.65849673125 0.6470588234375 0.689542484375 0.66176470625 0.741830065625 0.7009803921875 0.7614379078125 0.776960784375 0.7549019609375 0.8210784312499999 0.741830065625 0.8578431375 0.69771241875 0.83823529375 0.6666666671875 0.7990196078125 0.6405228765625 0.7352941171875 0.62581699375
0 0.3235294125 0.73039215625 0.30882352968750004 0.7140522875 0.2475490203125 0.686274509375 0.188725490625 0.6813725484375001 0.14460784375 0.6928104578125 0.098039215625 0.7287581703125 0.080882353125 0.7712418296875 0.08333333281250001 0.7990196078125 0.125 0.83823529375 0.1495098046875 0.8496732031249999 0.17892156875 0.8545751640624999 0.257352940625 0.8513071890624999 0.30882352968750004 0.8349673203125001 0.3235294125 0.8055555562500001 0.3235294125 0.73039215625
0 0.3431372546875 0.40032679687500006 0.294117646875 0.385620915625 0.2254901953125 0.3807189546875 0.1838235296875 0.38725490156250003 0.15441176406249998 0.40196078437500005 0.132352940625 0.44281045781249995 0.134803921875 0.5 0.1495098046875 0.509803921875 0.20588235312499997 0.5245098046875001 0.2916666671875 0.51633986875 0.36274509843749997 0.4869281046875 0.37254902031250003 0.4754901953125 0.367647059375 0.42973856250000003 0.3431372546875 0.40032679687500006
0 0.5514705875 0.3431372546875 0.5073529406249999 0.3692810453125 0.4828431375 0.4052287578125 0.51960784375 0.43300653593750005 0.5318627453125 0.46568627500000004 0.5686274515624999 0.4689542484375 0.615196078125 0.4852941171875 0.6397058828125 0.4673202609375 0.6911764703125 0.44607843125 0.6838235296875 0.3986928109375 0.6568627453125 0.367647059375 0.5514705875 0.3431372546875
0 0.7279411765625 0.4150326796875 0.7328431375 0.3594771234375 0.7622549015625 0.3431372546875 0.78676470625 0.3169934640625 0.7990196078125 0.2794117640625 0.776960784375 0.2467320265625 0.723039215625 0.22875817031249998 0.686274509375 0.2271241828125 0.6642156859375 0.23692810468749997 0.615196078125 0.23202614375000002 0.5833333328125 0.2450980390625 0.5661764703125 0.26797385625 0.5514705875 0.3186274515625 0.5857843140625 0.349673203125 0.659313725 0.3709150328125 0.6911764703125 0.41830065312500003 0.723039215625 0.42973856250000003 0.7181372546875 0.41830065312500003 0.7279411765625 0.4150326796875
0 0.875 0.3529411765625 0.8455882359375 0.3513071890625 0.8186274515624999 0.364379084375 0.8014705875000001 0.3888888890625 0.8014705875000001 0.4232026140625 0.8210784312499999 0.455882353125 0.83823529375 0.4689542484375 0.9485294124999999 0.4705882359375 0.9828431375 0.44117647031249996 0.9828431375 0.3905228765625 0.9411764703125 0.383986928125 0.921568628125 0.3905228765625 0.875 0.3529411765625
0 0.70703125 0.14609375 0.2140625 0.1453125
0 0.290625 0.3203125 0.1890625 0.115625
0 0.4671875 0.30625 0.1546875 0.1625
0 0.7328125 0.50703125 0.2 0.134375
0 0.4078125 0.9421875 0.209375 0.115625
0 0.7796875 0.95390625 0.2203125 0.0921875
0 0.16796875 0.94765625 0.19375 0.0984375