0 0.36 0.5535 0.365 0.5585 0.38166666718750003 0.56525 0.39 0.567 0.4096666671875 0.56375 0.449 0.561 0.48166666718749995 0.5615 0.5176666671875 0.5655 0.5316666671875 0.56825 0.5553333328125001 0.56325 0.561 0.55325 0.5643333328125 0.54225 0.5730000000000001 0.52825 0.5773333328125 0.51875 0.579 0.509 0.579 0.49749999999999994 0.5776666671874999 0.491 0.5730000000000001 0.48175 0.5606666671875 0.46399999999999997 0.5496666671875 0.45199999999999996 0.5443333328125 0.44775 0.5353333328125001 0.44275000000000003 0.5286666671875 0.4405 0.5133333328125 0.438 0.49800000000000005 0.43775000000000003 0.46266666718750005 0.44025 0.40933333281250006 0.45075000000000004 0.399 0.45425000000000004 0.38533333281250004 0.46075 0.37533333281250003 0.46725000000000005 0.3616666671875 0.47850000000000004 0.352 0.49074999999999996 0.3513333328125 0.49675 0.356 0.5185 0.3576666671875 0.5465 0.36 0.5535
0 0.20233333281250002 0.3065 0.229 0.31375000000000003 0.2463333328125 0.322 0.2673333328125 0.33375 0.279 0.33399999999999996 0.3153333328125 0.32875 0.3173333328125 0.32575 0.31966666718750003 0.316 0.3233333328125 0.311 0.3326666671875 0.29100000000000004 0.33199999999999996 0.2645 0.32966666718750004 0.25325000000000003 0.319 0.24025 0.3006666671875 0.22475 0.2816666671875 0.21600000000000003 0.2733333328125 0.21325 0.2646666671875 0.21150000000000002 0.252 0.211 0.1903333328125 0.21725 0.1643333328125 0.223 0.1536666671875 0.22825 0.1416666671875 0.24025 0.136 0.25275 0.13533333281249998 0.27675 0.13633333281249999 0.2805 0.1416666671875 0.28575 0.153 0.29125 0.17733333281250002 0.2975 0.20233333281250002 0.3065
0 0.3883333328125 0.422 0.3923333328125 0.4285 0.3916666671875 0.4335 0.3876666671875 0.43825000000000003 0.3856666671875 0.44349999999999995 0.387 0.45375 0.3913333328125 0.4565 0.4046666671875 0.45599999999999996 0.4153333328125 0.4525 0.45466666718750004 0.44475 0.479 0.44225000000000003 0.519 0.44075 0.5323333328125 0.44525 0.546 0.45175 0.5583333328125 0.462 0.568 0.46525 0.5696666671874999 0.465 0.572 0.46349999999999997 0.5740000000000001 0.45949999999999996 0.5776666671874999 0.4455 0.5746666671875 0.40625 0.5693333328125 0.391 0.562 0.37775 0.5509999999999999 0.362 0.5426666671875 0.35375 0.5223333328125 0.33975 0.49533333281249997 0.3265 0.48266666718750006 0.32225000000000004 0.46566666718749994 0.31825000000000003 0.4413333328125 0.3165 0.42800000000000005 0.318 0.4063333328125 0.32325 0.3866666671875 0.32475 0.3803333328125 0.3265 0.377 0.32875 0.3763333328125 0.33125 0.378 0.3395 0.386 0.35525 0.38533333281250004 0.39249999999999996 0.3866666671875 0.41475 0.3883333328125 0.422
0 0.38125 0.73046875 0.3328125 0.2234375
0 0.38359375 0.8828125 0.378125 0.153125
0 0.7765625 0.71015625 0.3953125 0.2234375
0 0.7375 0.3875 0.25625 0.115625
0 0.740625 0.49296875 0.275 0.1296875
0 0.90546875 0.18359375 0.1890625 0.096875
0 0.51015625 0.19140625 0.178125 0.0984375
0 0.503125 0.28125 0.2171875 0.11875
0 0.27578125 0.1828125 0.1796875 0.10625
0 0.85 0.91171875 0.3 0.1765625