0 0.4203125 0.34609375 0.0484375 0.0609375
0 0.4296875 0.409375 0.0484375 0.0734375
0 0.53203125 0.3359375 0.0390625 0.0578125
0 0.6046875 0.7140625 0.0390625 0.059375
0 0.3140625 0.51640625 0.0390625 0.0515625
0 0.60390625 0.39609375 0.028125 0.0453125
0 0.70390625 0.38671875 0.0359375 0.0515625
0 0.72265625 0.2921875 0.0390625 0.0609375
0 0.81015625 0.2171875 0.0359375 0.0421875
0 0.78671875 0.44296875 0.034375 0.0484375
0 0.971875 0.203125 0.0359375 0.0640625
0 0.85078125 0.02890625 0.034375 0.0515625
0 0.21328125 0.11015625 0.046875 0.0640625
0 0.27421875 0.125 0.0390625 0.0640625