0 0.3235294125 0.242647059375 0.26960784375 0.203431371875 0.2189542484375 0.1985294125 0.19771241875 0.21323529375 0.171568628125 0.2647058828125 0.1748366015625 0.3357843140625 0.20098039218750002 0.39950980468749997 0.22875817031249998 0.43137254843750006 0.3006535953125 0.453431371875 0.366013071875 0.455882353125 0.39379084999999997 0.43137254843750006 0.3954248359375 0.382352940625 0.38725490156250003 0.348039215625 0.3235294125 0.242647059375
0 0.777777778125 0.5220588234375 0.758169934375 0.4583333328125 0.7173202609375 0.41176470624999995 0.6454248359375 0.3529411765625 0.5866013078125001 0.3333333328125 0.5490196078125 0.36274509843749997 0.526143790625 0.4509803921875 0.5310457515625 0.526960784375 0.5669934640625 0.615196078125 0.614379084375 0.6666666671875 0.6633986921874999 0.6838235296875 0.73039215625 0.6642156859375 0.7369281046875 0.6495098046875001 0.7630718953125 0.6299019609375 0.7745098046875001 0.58823529375 0.777777778125 0.5220588234375
0 1 0.4583333328125 0.9607843140625001 0.455882353125 0.91013071875 0.4754901953125 0.8594771234374999 0.5171568625 0.8039215687500001 0.5931372546875 0.777777778125 0.6421568625 0.7712418296875 0.6764705875 0.7745098046875001 0.7009803921875 0.8022875812500001 0.75 0.8267973859375 0.776960784375 0.8676470593750001 0.8014705875000001 0.919934640625 0.8161764703125 0.9624183000000001 0.8161764703125 1 0.8039215687500001 1 0.4583333328125
0 0.6928104578125 1 0.7483660125 0.9828431375 0.76960784375 0.9509803921875 0.7908496734375 0.8848039218749999 0.7973856203125 0.8039215687500001 0.784313725 0.7205882359375 0.7630718953125 0.6838235296875 0.741830065625 0.669117646875 0.7189542484375 0.6666666671875 0.6666666671875 0.688725490625 0.6323529406249999 0.7181372546875 0.60620915 0.76960784375 0.59150326875 0.8186274515624999 0.58986928125 0.840686275 0.6094771234375 0.96323529375 0.6388888890625 1 0.6928104578125 1
0 0.563725490625 0.60539215625 0.542483659375 0.561274509375 0.5310457515625 0.5245098046875001 0.526143790625 0.4705882359375 0.491830065625 0.438725490625 0.455882353125 0.43382352968750004 0.4150326796875 0.4583333328125 0.383986928125 0.5171568625 0.37745097968749997 0.625 0.383986928125 0.659313725 0.41013071874999996 0.7107843140625 0.46568627500000004 0.759803921875 0.5555555562500001 0.76960784375 0.5751633984375 0.7573529406249999 0.5996732031249999 0.71323529375 0.596405228125 0.6495098046875001 0.563725490625 0.60539215625
0 0.367647059375 0.51960784375 0.33169934687499997 0.4779411765625 0.2875817 0.47303921562499995 0.23856209218750002 0.5122549015625 0.19771241875 0.5735294125 0.18464052343749998 0.6078431375 0.18464052343749998 0.6813725484375001 0.2205882359375 0.7426470593750001 0.2875817 0.740196078125 0.321895425 0.7254901953124999 0.3578431375 0.688725490625 0.37745097968749997 0.6470588234375 0.3790849671875 0.5563725484375001 0.367647059375 0.51960784375
0 0.30555555624999997 0.7475490203125 0.2271241828125 0.7450980390625 0.18464052343749998 0.7892156859375 0.16013071875 0.8529411765624999 0.1552287578125 0.91176470625 0.168300653125 0.9828431375 0.20424836562499998 1 0.3169934640625 0.9950980390625 0.33169934687499997 0.965686275 0.36274509843749997 0.8602941171875 0.35620915000000003 0.8039215687500001 0.3366013078125 0.7671568625 0.30555555624999997 0.7475490203125
0 0.598039215625 1 0.60620915 0.9607843140625001 0.60620915 0.91176470625 0.581699346875 0.8186274515624999 0.5669934640625 0.794117646875 0.5392156859375 0.7720588234375 0.4771241828125 0.7622549015625 0.41830065312500003 0.796568628125 0.364379084375 0.8651960781250001 0.34150326875000003 0.9338235296875 0.3447712421875 1 0.598039215625 1
0 0.5849673203125 0.23284313750000002 0.5669934640625 0.1936274515625 0.5375816999999999 0.1666666671875 0.49509803906250005 0.1568627453125 0.454248365625 0.1764705875 0.428104575 0.2107843140625 0.41339869218749997 0.25 0.41176470624999995 0.31617647031249996 0.437908496875 0.421568628125 0.5212418296875 0.4607843140625 0.55228758125 0.365196078125 0.562091503125 0.35049019531250003 0.6029411765625 0.3259803921875 0.596405228125 0.31617647031249996 0.5849673203125 0.23284313750000002
0 0.7026143796875 0.1666666671875 0.6421568625 0.1470588234375 0.6111111109375 0.1642156859375 0.58823529375 0.215686275 0.58823529375 0.2671568625 0.6029411765625 0.330882353125 0.707516340625 0.4044117640625 0.759803921875 0.3921568625 0.7794117640625 0.3602941171875 0.7826797390625 0.3333333328125 0.777777778125 0.2916666671875 0.7565359484374999 0.23774509843749997 0.7026143796875 0.1666666671875
0 1 0.0490196078125 0.9591503265625001 0.046568628125 0.903594771875 0.0759803921875 0.8496732031249999 0.13970588281250002 0.8267973859375 0.1911764703125 0.813725490625 0.2475490203125 0.812091503125 0.2794117640625 0.8186274515624999 0.3063725484375 0.8709150328125 0.28676470625 0.91013071875 0.28676470625 0.955882353125 0.30882352968750004 1 0.257352940625 1 0.0490196078125
0 0.9133986921874999 0.47303921562499995 0.9771241828124999 0.4509803921875 0.98202614375 0.384803921875 0.965686275 0.328431371875 0.9232026140625 0.2892156859375 0.8774509796875 0.28431372499999996 0.83823529375 0.296568628125 0.8055555562500001 0.3235294125 0.7712418296875 0.3700980390625 0.7467320265625 0.42892156875 0.7467320265625 0.4485294125 0.7712418296875 0.5049019609375 0.7728758171875 0.5661764703125 0.7875816999999999 0.5833333328125 0.8235294124999999 0.57107843125 0.87581699375 0.5049019609375 0.9133986921874999 0.47303921562499995
0 0.1484375 0.26484375 0.1859375 0.290625
0 0.08203125 0.86328125 0.1640625 0.2625
0 0.63203125 0.0828125 0.1984375 0.1609375
0 0.34296875 0.1515625 0.125 0.1609375
0 0.234375 0.5265625 0.171875 0.215625
0 0.08125 0.47890625 0.15625 0.2125
0 0.890625 0.87109375 0.21875 0.2578125