0 1 0.29800498750000004 0.9991666671875 0.2838736484375 0.9637499999999999 0.2477140484375 0.9204166671875 0.22443890312499998 0.8904166671875 0.218620115625 0.8595833328125 0.21695760625 0.8354166671875 0.22194513749999997 0.8145833328125001 0.23192020000000002 0.8029166671875 0.2402327515625 0.7741666671874999 0.271404821875 0.7641666671875 0.30049875312499996 0.7666666671875 0.3221113875 0.7795833328125 0.33499584375 0.78625 0.3366583546875 0.79875 0.3333333328125 0.8058333328125 0.3387364921875 0.8083333328125001 0.34871155468750004 0.8066666671875 0.3611803828125 0.8133333328125 0.3802992515625 0.8420833328124999 0.4156275984375 0.8554166671875001 0.42310889375 0.8679166671875 0.4247714046875 0.8845833328125 0.40980881093750005 0.8904166671875 0.40814630156250004 0.8975 0.41271820468750003 0.8991666671875 0.42103075624999997 0.9079166671875001 0.430590190625 0.9195833328124999 0.4347464671875 0.9341666671875 0.43433083906250003 0.94375 0.4339152125 0.95875 0.4272651703125 0.9804166671875001 0.4123025765625 0.9966666671875 0.3927680796875 1 0.379467996875 1 0.345386534375 1 0.3379052375 0.9933333328125 0.329592684375 1 0.31878636718750003 1 0.29800498750000004
0 0.7 0.4393183703125 0.72375 0.406483790625 0.7354166671875 0.40482127968750004 0.7383333328125 0.398586865625 0.7462500000000001 0.3931837078125 0.7595833328125 0.38902743125 0.7675 0.38196176249999997 0.7695833328125 0.37489609375 0.7783333328125 0.3728179546875 0.78625 0.3599335 0.8016666671875001 0.35702410625000003 0.8033333328125 0.345386534375 0.79875 0.3366583546875 0.78625 0.3408146296875 0.7695833328125 0.3599335 0.75625 0.36575228593750003 0.75125 0.3757273484375 0.7395833328125 0.3782211140625 0.7354166671875 0.3898586859375 0.72375 0.391521196875 0.72 0.404405653125 0.7162499999999999 0.40232751406249995 0.70875 0.40731504531249996 0.705 0.41936824531249994 0.6929166671875 0.42394014999999996 0.6870833328125 0.42975893593750003 0.67875 0.426433915625 0.6720833328125 0.4156275984375 0.61375 0.40814630156250004 0.5845833328125 0.4106400671875 0.57125 0.4156275984375 0.55125 0.44222776406250003 0.5470833328125 0.4322527015625 0.5370833328125 0.435577721875 0.515 0.45511221874999996 0.4858333328125 0.49501246875 0.47750000000000004 0.527431421875 0.4808333328125 0.5648379046875001 0.4754166671875 0.5685785531249999 0.44458333281250006 0.57605985 0.3929166671875 0.578553615625 0.39125 0.571903575 0.37625000000000003 0.57107231875 0.3745833328125 0.5652535328125 0.34625 0.564422278125 0.34208333281250003 0.553615959375 0.3291666671875 0.5532003328124999 0.33625 0.549459684375 0.2983333328125 0.547381546875 0.2975 0.5532003328124999 0.3029166671875 0.558603490625 0.3270833328125 0.5627597671875 0.3304166671875 0.569409809375 0.35625 0.57689110625 0.3779166671875 0.58104738125 0.3904166671875 0.579384871875 0.3879166671875 0.5852036578125 0.40541666718749997 0.5926849546875 0.4379166671875 0.5951787203125 0.4754166671875 0.5918536984375 0.4904166671875 0.5943474640625 0.5229166671875001 0.627597671875 0.5295833328125 0.6217788859375 0.5395833328124999 0.6259351625 0.5416666671875 0.6197007484375 0.5470833328125 0.62094763125 0.55 0.6122194515625 0.5545833328125 0.6118038234375 0.5579166671875 0.6068162921875 0.5745833328125001 0.6068162921875 0.5766666671875 0.60889443125 0.5741666671875 0.616375728125 0.5695833328125001 0.6192851203124999 0.5620833328125 0.6167913546875 0.5599999999999999 0.620532003125 0.5650000000000001 0.6238570234374999 0.5579166671875 0.6259351625 0.5545833328125 0.6342477140625 0.5420833328125 0.6342477140625 0.5416666671875 0.6421446390625001 0.55375 0.6517040734374999 0.6025 0.655444721875 0.63875 0.6541978390625001 0.6654166671875 0.642560265625 0.6891666671875 0.6238570234374999 0.7125 0.590606815625 0.7325 0.54488778125 0.7358333328125 0.49916874531250005 0.7275 0.47506234375 0.7125 0.4542809640625 0.7008333328125 0.4451371578125 0.7 0.4393183703125
0 0.5008333328125001 0.6978387359375 0.515 0.669576059375 0.5275000000000001 0.65295095625 0.54625 0.633416459375 0.5545833328125 0.6300914375 0.5570833328125 0.623441396875 0.5620833328125 0.6242726515625 0.5683333328125 0.6197007484375 0.5620833328125 0.6109725687500001 0.5520833328125 0.6118038234375 0.55125 0.617622609375 0.5470833328125 0.6159601 0.5470833328125 0.62510390625 0.5429166671875 0.6192851203124999 0.5395833328124999 0.623441396875 0.52125 0.63092269375 0.4570833328125 0.6907730671875 0.3754166671875 0.7306733171875 0.365 0.74688279375 0.3633333328125 0.773482959375 0.3675 0.7901080625 0.3741666671875 0.8009143812499999 0.4125 0.83499584375 0.42874999999999996 0.8586866171875001 0.44458333281250006 0.8678304234375 0.465 0.8707398171875 0.48541666718750004 0.8653366578125 0.4995833328125 0.8553615953125 0.5441666671875 0.81088944375 0.5516666671875 0.7975893593750001 0.5549999999999999 0.7743142140625 0.5475 0.744389028125 0.54125 0.7423108890625 0.5341666671875 0.733582709375 0.525 0.714463840625 0.5008333328125001 0.6978387359375
0 0.33458333281249997 0.8046550296874999 0.33166666718750004 0.8009143812499999 0.3366666671875 0.7651704078125 0.355 0.7177888609374999 0.3541666671875 0.6953449703125 0.34249999999999997 0.66292601875 0.33458333281249997 0.652535328125 0.3308333328125 0.655444721875 0.32999999999999996 0.6762261015625 0.33999999999999997 0.6961762265625 0.3408333328125 0.7177888609374999 0.3183333328125 0.7768079796875 0.3158333328125 0.7942643390625 0.3095833328125 0.80798005 0.28291666718749997 0.8187863671875 0.2666666671875 0.8366583546875 0.2525 0.8632585203125 0.24583333281250003 0.8857024109375 0.2483333328125 0.9231088937499999 0.2616666671875 0.9538653359374999 0.29375 0.97506234375 0.3258333328125 0.980465503125 0.36875 0.9684123031249999 0.40708333281250003 0.9459684125000001 0.4266666671875 0.9247714046875 0.4341666671875 0.8906899421875 0.43166666718749996 0.8740648375 0.42083333281249996 0.8499584375 0.39708333281249997 0.8221113875 0.3829166671875 0.8113050703125 0.36875 0.8054862843749999 0.33458333281249997 0.8046550296874999
0 0.10874999999999999 0.8628428921875001 0.0779166671875 0.8827930171875 0.0508333328125 0.9139650874999999 0.0516666671875 0.9297589359374999 0.060833332812499995 0.955527846875 0.0875 0.984621778125 0.08499999999999999 0.9887780546875 0.0883333328125 0.992103075 0.07958333281249999 0.9908561921875 0.0754166671875 0.99501246875 0.0595833328125 0.9966749796875 0.0595833328125 1 0.2341666671875 0.999584371875 0.2525 0.9771404828125 0.25666666718750003 0.9638403984374999 0.25666666718750003 0.955527846875 0.24583333281250003 0.92394015 0.24416666718750002 0.8981712390625001 0.2370833328125 0.8861180375 0.1920833328125 0.8586866171875001 0.1804166671875 0.854530340625 0.15125 0.854530340625 0.10874999999999999 0.8628428921875001
0 0.3295833328125 0.9900249375 0.31916666718750003 0.999584371875 0.4566666671875 0.999584371875 0.4404166671875 0.9775561093749999 0.42291666718750004 0.9659185375 0.40208333281249997 0.957605984375 0.3295833328125 0.9900249375
0 0.6733333328125 0.8998337484375 0.66125 0.9060681625000001 0.6487499999999999 0.9226932671875 0.6295833328125 0.928512053125 0.6129166671874999 0.928512053125 0.5966666671875 0.9256026593750001 0.5883333328125 0.9139650874999999 0.5841666671875 0.8998337484375 0.5695833328125001 0.883624271875 0.55125 0.869492934375 0.5229166671875001 0.8578553609374999 0.5095833328125 0.8578553609374999 0.49791666718750005 0.8620116375 0.46875 0.8753117203125 0.4491666671875 0.8906899421875 0.43499999999999994 0.9181213625 0.43499999999999994 0.9297589359374999 0.43166666718749996 0.9339152125 0.4325 0.9571903578125 0.46291666718749996 1 0.5733333328125 0.999584371875 0.5883333328125 0.9779717375000001 0.5916666671875 0.9613466328125 0.6004166671875 0.953449709375 0.65625 0.9459684125000001 0.6675 0.9372402328125 0.6725 0.9206151281249999 0.6791666671875001 0.9106400671875001 0.6799999999999999 0.9023275140625 0.67625 0.8927680796875 0.6733333328125 0.8998337484375
0 0.6820833328125 0.7373233578125 0.6579166671875 0.7481296765625001 0.6341666671875 0.7684954281249999 0.6208333328125 0.7934330843749999 0.6174999999999999 0.8183707390625001 0.6254166671875 0.83707398125 0.66125 0.854530340625 0.6837500000000001 0.883624271875 0.71 0.8857024109375 0.7279166671875 0.8802992515625 0.74875 0.8653366578125 0.7625 0.8507896921875 0.7716666671875 0.817539484375 0.7691666671874999 0.7793017453125 0.7616666671875 0.7601828765625 0.75125 0.7481296765625001 0.7220833328125 0.7439734 0.70625 0.7381546140624999 0.6820833328125 0.7373233578125
0 0.7270833328124999 0.883624271875 0.69625 0.8919368249999999 0.6858333328125 0.8981712390625001 0.6866666671874999 0.9497090609375001 0.6808333328125 0.980465503125 0.6845833328125 0.9891936828125001 0.7129166671875 0.9933499578125 0.7304166671875 1 0.74 0.999584371875 0.7454166671875 0.99501246875 0.7629166671875 0.9941812140625 0.7745833328125 0.9883624265625001 0.7883333328125001 0.970490440625 0.7883333328125001 0.95303408125 0.7816666671875 0.9297589359374999 0.7675 0.90897755625 0.7520833328125 0.894430590625 0.7354166671875 0.8844555281250001 0.7270833328124999 0.883624271875
0 0.8570833328124999 0.643391521875 0.8354166671875 0.6566916046875 0.8241666671875001 0.672069825 0.8233333328124999 0.6828761437499999 0.8300000000000001 0.69700748125 0.8550000000000001 0.7152950953125 0.8566666671875 0.72111388125 0.8825 0.749376559375 0.8841666671875 0.7551953453125 0.8754166671875 0.7639235249999999 0.86625 0.75893599375 0.8625 0.748545303125 0.8525 0.7377389859375 0.8533333328125 0.7302576890625 0.8454166671875001 0.7281795515625 0.8220833328125 0.7065669156250001 0.8183333328125 0.72111388125 0.8216666671875 0.744389028125 0.8333333328125001 0.7751454703125 0.8579166671875 0.7971737328125 0.8754166671875 0.8063175390625 0.9066666671875 0.807564421875 0.9487500000000001 0.7988362421875 0.9670833328124999 0.7863674140625 0.9808333328125001 0.7718204484375 0.9891666671875001 0.7560266 0.9891666671875001 0.7269326687500001 0.9766666671875001 0.684538653125 0.95375 0.6608478796874999 0.92875 0.647547796875 0.8720833328125 0.6392352453125 0.8570833328124999 0.643391521875
0 1 0.482543640625 0.9962500000000001 0.475477971875 0.9737500000000001 0.4646716546875 0.9320833328125 0.4613466328125 0.8787499999999999 0.485453034375 0.8591666671875 0.5033250203125 0.8525 0.51911886875 0.8570833328124999 0.5220282625 0.89375 0.524522028125 0.9129166671875 0.5137157109375 0.9204166671875 0.51288445625 0.9245833328125 0.5162094765624999 0.92875 0.5137157109375 0.92875 0.5187032421875 0.9383333328125 0.522443890625 0.9324999999999999 0.5407315046875001 0.9254166671874999 0.544472153125 0.9020833328125001 0.54696591875 0.8529166671875 0.5403158765625 0.8491666671875 0.5432252703125 0.8466666671875 0.5540315875 0.8474999999999999 0.5731504578125 0.86 0.5989193687500001 0.8729166671874999 0.6126350796875 0.89125 0.62510390625 0.9245833328125 0.6400665 0.9608333328124999 0.64297589375 0.9929166671875 0.63507896875 1 0.6271820453125 1 0.482543640625
0 0.7670833328125 0.6400665 0.7887500000000001 0.652535328125 0.7945833328125 0.6591853703125 0.8020833328125001 0.6566916046875 0.8074999999999999 0.6670822937499999 0.8170833328124999 0.6716541984375 0.8275 0.660432253125 0.8275 0.6512884453125001 0.8029166671875 0.623441396875 0.77625 0.6126350796875 0.7354166671875 0.6084788031249999 0.7054166671875 0.6151288453125 0.6849999999999999 0.6313383203125 0.6666666671875 0.655444721875 0.665 0.6778886125 0.6733333328125 0.704488778125 0.6799999999999999 0.7161263515625 0.6995833328125001 0.7323358265625 0.7204166671875 0.7398171234375 0.7516666671875 0.7418952625 0.7829166671875 0.7323358265625 0.7995833328125 0.7223607640624999 0.8058333328125 0.7094763093750001 0.8083333328125001 0.6945137156250001 0.8033333328125 0.6828761437499999 0.7837500000000001 0.6633416453125001 0.7629166671875 0.6517040734374999 0.75125 0.6517040734374999 0.7474999999999999 0.6471321703124999 0.7670833328125 0.6400665
0 0.2783333328125 0.542394015625 0.2791666671875 0.5357439734375 0.28291666718749997 0.5328345796875 0.30375 0.5353283453125 0.40374999999999994 0.57107231875 0.45625 0.57107231875 0.46166666718749994 0.566500415625 0.4575 0.5507065671875 0.44749999999999995 0.531587696875 0.4345833328125 0.5178719859375 0.40041666718749996 0.4979218625 0.3829166671875 0.4937655859375 0.3545833328125 0.49293433125 0.33375 0.49625935156249995 0.2920833328125 0.5137157109375 0.2558333328125 0.5382377390624999 0.24416666718750002 0.5548628421874999 0.2366666671875 0.59310058125 0.2366666671875 0.6122194515625 0.24416666718750002 0.645469659375 0.2604166671875 0.6741479640625 0.2704166671875 0.6807980046875 0.2883333328125 0.6812136328125 0.2945833328125 0.6783042390625 0.3145833328125 0.6807980046875 0.3258333328125 0.674563590625 0.3283333328125 0.6512884453125001 0.34208333281250003 0.6508728171875 0.3508333328125 0.6363258515625 0.3566666671875 0.5922693265625 0.3608333328125 0.5847880296875 0.28291666718749997 0.5502909390624999 0.2783333328125 0.542394015625
0 0.10458333281250001 0.57107231875 0.0870833328125 0.57689110625 0.0620833328125 0.59102244375 0.048333332812500004 0.6047381546875 0.0358333328125 0.6263507890625 0.029166667187500002 0.645469659375 0.027500000000000004 0.6637572734375 0.0504166671875 0.6708229421875 0.07125000000000001 0.6708229421875 0.07958333281249999 0.6758104734375 0.0883333328125 0.6862011640625 0.0958333328125 0.7094763093750001 0.0925 0.714463840625 0.1266666671875 0.724438903125 0.1670833328125 0.7007481296875 0.20375000000000001 0.6882793015625001 0.2370833328125 0.684123025 0.2408333328125 0.679551121875 0.2425 0.6521197 0.2341666671875 0.615544471875 0.21458333281250003 0.59102244375 0.19708333281249998 0.5802161265625 0.14791666718750002 0.56691604375 0.10458333281250001 0.57107231875
0 0.16125 0.40565253593749995 0.13125 0.38736492031249997 0.0954166671875 0.37738985937499997 0.07875 0.3782211140625 0.058750000000000004 0.382377390625 0.0504166671875 0.38736492031249997 0.0395833328125 0.38736492031249997 0.00041666718749999997 0.364089775 0 0.39110556875 0.0116666671875 0.40108063125 0.017499999999999998 0.41188695 0.0058333328125 0.43349958437499997 0.0033333328125 0.45594347500000004 0.0041666671875 0.4817123859375 0.013333332812500001 0.5091438078125 0.029166667187500002 0.531587696875 0.05375 0.554447215625 0.0754166671875 0.5677472984375 0.095 0.5706566921875 0.1329166671875 0.564422278125 0.17375000000000002 0.5660847875 0.20208333281250002 0.5527847046875001 0.2116666671875 0.537406484375 0.21833333281249998 0.5099750625 0.2158333328125 0.487531171875 0.20916666718750002 0.467581046875 0.1991666671875 0.44846217812500005 0.1783333328125 0.42186201093750003 0.16125 0.40565253593749995
0 0.1454166671875 0.22776392343750002 0.1279166671875 0.2352452203125 0.1125 0.24896093125 0.0983333328125 0.26724854531250003 0.0916666671875 0.2822111390625 0.09 0.3046550296875 0.1129166671875 0.3059019125 0.1266666671875 0.3179551125 0.1275 0.3221113875 0.12625 0.3258520359375 0.1208333328125 0.325436409375 0.11875 0.337489609375 0.1145833328125 0.33499584375 0.1029166671875 0.33915212031249997 0.0979166671875 0.337489609375 0.0966666671875 0.345386534375 0.1145833328125 0.36907730625 0.1404166671875 0.3840399 0.1729166671875 0.4106400671875 0.17875000000000002 0.41313383281249993 0.20249999999999999 0.41271820468750003 0.2270833328125 0.40565253593749995 0.2525 0.3811305078125 0.2616666671875 0.3653366578125 0.2683333328125 0.3420615125 0.2683333328125 0.30631753906250003 0.25666666718750003 0.28304239375 0.2195833328125 0.2418952625 0.20458333281250002 0.234413965625 0.17625 0.22693266875 0.1454166671875 0.22776392343750002
0 0 0.23898586875 0.0033333328125 0.2439734 0.0025 0.2522859515625 0.0120833328125 0.2651704078125 0.024166667187499997 0.27306733125 0.024166667187499997 0.256442228125 0.00041666718749999997 0.180382378125 0 0.23898586875
0 0 0.13092269375 0.0266666671875 0.182460515625 0.058333332812500006 0.266417290625 0.0725 0.2896924359375 0.07875 0.29509559375 0.0841666671875 0.2946799671875 0.1025 0.25893599375 0.1195833328125 0.2402327515625 0.1575 0.2223607640625 0.1516666671875 0.184123025 0.1433333328125 0.1566916046875 0.11374999999999999 0.1271820453125 0.08625000000000001 0.11221945156249999 0.0495833328125 0.1047381546875 0.028749999999999998 0.1047381546875 0.009583332812500001 0.10889443125 0 0.11429758906250001 0 0.13092269375
0 0.32083333281250004 0.16916043281249998 0.3133333328125 0.137572734375 0.3075 0.12759767187499998 0.31083333281250003 0.11429758906250001 0.2966666671875 0.093516209375 0.2875 0.063591021875 0.2370833328125 0.0016625109374999998 0.21291666718750002 0 0.2125 0.005403159375 0.22916666718749998 0.024522028125 0.2533333328125 0.071903575 0.2479166671875 0.07398171249999999 0.20625 0.071487946875 0.17875000000000002 0.0847880296875 0.16583333281249998 0.0968412296875 0.155 0.11429758906250001 0.14666666718750002 0.14089775625 0.145 0.1583541140625 0.16 0.20490440625 0.17541666718749999 0.22527015781249998 0.20875 0.23275145468749997 0.2279166671875 0.244389028125 0.2320833328125 0.243557771875 0.2370833328125 0.25103906875000004 0.2425 0.2522859515625 0.25666666718750003 0.2472984203125 0.2429166671875 0.2352452203125 0.21541666718750002 0.23275145468749997 0.21749999999999997 0.22817955156249997 0.2058333328125 0.22319202031250002 0.205 0.212385703125 0.21458333281250003 0.209476309375 0.28375 0.22443890312499998 0.3175 0.192435578125 0.32083333281250004 0.16916043281249998
0 0.43041666718749994 0 0.3929166671875 0.1878636734375 0.36375 0.18703241875 0.3270833328125 0.1961762265625 0.30125 0.2103075640625 0.2870833328125 0.22942643437500002 0.2670833328125 0.22693266875 0.2604166671875 0.22194513749999997 0.21541666718750002 0.21113882031250003 0.2079166671875 0.21197007499999998 0.2058333328125 0.2198669984375 0.21458333281250003 0.22527015781249998 0.2520833328125 0.23025768906250002 0.2783333328125 0.2423108890625 0.2725 0.271404821875 0.275 0.3021612640625 0.3066666671875 0.359517871875 0.32458333281249996 0.3740648375 0.35291666718750003 0.37905236875 0.3779166671875 0.37489609375 0.38875000000000004 0.381546134375 0.40875000000000006 0.37905236875 0.4295833328125 0.367414796875 0.45 0.34704904375 0.4583333328125 0.3337489609375 0.46375 0.31504571875 0.48375 0.3266832921875 0.49791666718750005 0.342477140625 0.5204166671875 0.3599335 0.53125 0.37905236875 0.5370833328125 0.3832086453125 0.5433333328125001 0.3827930171875 0.5475 0.374480465625 0.5383333328125001 0.34954280937500004 0.50875 0.32335827031250003 0.46749999999999997 0.29800498750000004 0.4716666671875 0.266417290625 0.46166666718749994 0.231504571875 0.44291666718749995 0.209476309375 0.4166666671875 0.19492934374999998 0.4425 0.0087281796875 0.44125 0 0.43041666718749994 0
0 0.6174999999999999 0.2780548625 0.605 0.2456359109375 0.605 0.23898586875 0.6125 0.22984206093749998 0.6141666671875 0.20407315 0.62375 0.1878636734375 0.6295833328125 0.189526184375 0.6429166671875 0.1853699078125 0.645 0.1766417296875 0.655 0.16916043281249998 0.64625 0.160432253125 0.6370833328125001 0.159600996875 0.61125 0.1787198671875 0.59375 0.180382378125 0.5529166671875 0.16292601874999998 0.5395833328124999 0.1620947625 0.5179166671875 0.1662510390625 0.49874999999999997 0.160432253125 0.47625 0.1463009140625 0.42874999999999996 0.1263507890625 0.42874999999999996 0.1396508734375 0.5008333328125001 0.1733167078125 0.4783333328125 0.2032418953125 0.4691666671875 0.22817955156249997 0.4733333328125 0.290523690625 0.47583333281250006 0.29800498750000004 0.4920833328125 0.31088944375 0.5220833328125 0.327514546875 0.53 0.32709891875 0.5379166671875 0.32502078125 0.5595833328125 0.3067331671875 0.5662499999999999 0.29509559375 0.5779166671875 0.292601828125 0.5895833328125 0.2817955109375 0.5925 0.290523690625 0.5866666671874999 0.30964256093750003 0.6025 0.3262676640625 0.6174999999999999 0.29301745625 0.6174999999999999 0.2780548625
0 0.6941666671875 0.14588528750000002 0.69625 0.1496259359375 0.6895833328125 0.1496259359375 0.68875 0.1446384046875 0.6845833328125 0.1521197 0.6804166671874999 0.1446384046875 0.6720833328125 0.14297589375 0.6616666671875 0.1583541140625 0.6616666671875 0.2098919375 0.6408333328125 0.27888611874999997 0.64625 0.28512053125 0.66125 0.2917705734375 0.6845833328125 0.312551953125 0.7120833328125 0.30507065624999996 0.7358333328125 0.3137988359375 0.7445833328125 0.3100581875 0.76 0.295511221875 0.7833333328125 0.2539484625 0.7866666671875 0.2448046546875 0.7866666671875 0.22734829531249998 0.7416666671875001 0.1500415625 0.7204166671875 0.1363258515625 0.7070833328125 0.13300083125 0.7008333328125 0.142560265625 0.6941666671875 0.14588528750000002
0 0.5316666671875 0.0236907734375 0.5233333328125 0.0486284296875 0.5233333328125 0.07107231875 0.5308333328125 0.098503740625 0.545 0.12510390625 0.5587500000000001 0.13715710781249998 0.5895833328125 0.1537822109375 0.6141666671875 0.15586034843750002 0.6370833328125001 0.15295095625 0.66625 0.13133832031249998 0.6741666671875 0.12011637500000001 0.6799999999999999 0.10515378281250001 0.6791666671875001 0.0702410640625 0.675 0.05112219375 0.6608333328125 0.0236907734375 0.63625 0.0008312546875 0.5662499999999999 0 0.5316666671875 0.0236907734375
0 0.7383333328125 0.06608478749999999 0.7375 0.1043225265625 0.7424999999999999 0.14089775625 0.7670833328125 0.174563590625 0.7879166671875 0.17788861250000002 0.7933333328125001 0.1608478796875 0.7916666671875 0.15336658281249999 0.78625 0.1537822109375 0.7849999999999999 0.1492103078125 0.7945833328125 0.1487946796875 0.7991666671875 0.15253532812499998 0.8008333328124999 0.1766417296875 0.8041666671875 0.1816292609375 0.8216666671875 0.1832917703125 0.8429166671875 0.1820448875 0.8670833328124999 0.172069825 0.8933333328125 0.138403990625 0.9041666671874999 0.1068162921875 0.9083333328125001 0.0802161265625 0.9075 0.0203657515625 0.9020833328125001 0 0.75 0.0020781375 0.7408333328125 0.039484621875 0.7383333328125 0.06608478749999999
0 1 0.0698254359375 0.9529166671875 0.071487946875 0.91625 0.0872817953125 0.9075 0.0976724859375 0.8941666671874999 0.1400665 0.8791666671874999 0.1658354109375 0.8775000000000001 0.191604321875 0.8870833328125001 0.21113882031250003 0.9525 0.2331670828125 0.95875 0.23275145468749997 0.9625 0.22817955156249997 0.9541666671875 0.2198669984375 0.9595833328125 0.21280132968749998 0.9920833328124999 0.2152950953125 0.9995833328125 0.21446384062499999 1 0.2098919375 1 0.0698254359375
0 0.6491666671874999 0.24896093125 0.6608333328125 0.2057356609375 0.6591666671875 0.17248545312500002 0.6420833328125 0.1579384875 0.6370833328125001 0.1587697421875 0.635 0.1641729015625 0.6416666671875 0.16916043281249998 0.6379166671875 0.169576059375 0.6375 0.1733167078125 0.6458333328125 0.187448046875 0.6433333328125 0.221529509375 0.6283333328125 0.270573565625 0.6220833328125 0.2776392359375 0.61875 0.2768079796875 0.61 0.2647547796875 0.6016666671875 0.2423108890625 0.5933333328125 0.2398171234375 0.5958333328125 0.23566084843750001 0.5866666671874999 0.231504571875 0.5883333328125 0.22817955156249997 0.5825 0.22402327500000002 0.5820833328125 0.21945137187500002 0.5729166671875 0.21945137187500002 0.5808333328125 0.22402327500000002 0.5758333328125 0.22817955156249997 0.5916666671875 0.26891105625 0.5900000000000001 0.285536159375 0.55375 0.312551953125 0.5416666671875 0.325436409375 0.5366666671875 0.3362427265625 0.5358333328125 0.3420615125 0.5475 0.3620116375 0.5508333328125 0.3753117203125 0.5604166671875 0.38653366562499997 0.56875 0.391521196875 0.5745833328125001 0.38902743125 0.5791666671875 0.3927680796875 0.5791666671875 0.404405653125 0.5704166671875 0.40565253593749995 0.5683333328125 0.408561928125 0.5708333328124999 0.41022443906249995 0.59375 0.40731504531249996 0.6529166671875 0.40897755625 0.6604166671875 0.40482127968750004 0.6733333328125 0.389443059375 0.6766666671875 0.34788030000000003 0.6825 0.325436409375 0.6808333328125 0.3146300921875 0.6645833328124999 0.29592684999999996 0.6333333328124999 0.28304239375 0.6491666671874999 0.24896093125
0 0.5154166671875 0.3632585203125 0.47625 0.3682460515625 0.44625000000000004 0.364089775 0.40125 0.3881961765625 0.3875 0.40024937656250004 0.3875 0.409393184375 0.40499999999999997 0.4542809640625 0.40125 0.4563591015625 0.39375 0.4522028265625 0.3758333328125 0.4351620953125 0.37374999999999997 0.42892768124999997 0.3645833328125 0.426433915625 0.3458333328125 0.4443059015625 0.335 0.467581046875 0.33625 0.492103075 0.3770833328125 0.492103075 0.39958333281249997 0.49625935156249995 0.4270833328125 0.510390690625 0.44875 0.529509559375 0.45999999999999996 0.532418953125 0.47416666718749995 0.5241064 0.47750000000000004 0.5041562765625 0.48250000000000004 0.49501246875 0.5141666671875 0.45344970937499995 0.54 0.4276807984375 0.5425 0.42103075624999997 0.5475 0.38694929375 0.5337500000000001 0.3832086453125 0.5233333328125 0.3686616796875 0.5154166671875 0.3632585203125
0 0.34125 0.39900249374999996 0.3695833328125 0.411471321875 0.3741666671875 0.4077306734375 0.36625 0.3923524515625 0.3470833328125 0.382377390625 0.3179166671875 0.3757273484375 0.30874999999999997 0.376558603125 0.2754166671875 0.3948462171875 0.2420833328125 0.40814630156250004 0.20416666718749998 0.4393183703125 0.20416666718749998 0.45344970937499995 0.2158333328125 0.480049875 0.2225 0.521612634375 0.2454166671875 0.5344970906250001 0.2525 0.53491271875 0.29125 0.5120532 0.31375000000000003 0.50290939375 0.325 0.4908561921875 0.3325 0.4692435578125 0.3341666671875 0.45012468749999995 0.32999999999999996 0.4326683296875 0.31416666718749997 0.408561928125 0.3183333328125 0.40108063125 0.3254166671875 0.39817123906249996 0.34125 0.39900249374999996
0 0.3229166671875 0.682460515625 0.3079166671875 0.686616790625 0.2483333328125 0.68703241875 0.2679166671875 0.68911055625 0.27625 0.6949293437499999 0.28375 0.6907730671875 0.29041666718750003 0.6965918531249999 0.3116666671875 0.6945137156250001 0.3029166671875 0.7024106406249999 0.29125 0.7065669156250001 0.28791666718750003 0.7115544468749999 0.28291666718749997 0.7115544468749999 0.28250000000000003 0.7061512890625 0.2754166671875 0.701579384375 0.2579166671875 0.7007481296875 0.2454166671875 0.7040731499999999 0.22833333281249998 0.7219451375 0.22916666718749998 0.7261014125 0.22125 0.7315045718750001 0.19708333281249998 0.724023275 0.1745833328125 0.721529509375 0.1633333328125 0.728595178125 0.16625 0.7356608484375 0.19624999999999998 0.7406483796875001 0.215 0.749376559375 0.20750000000000002 0.758520365625 0.2066666671875 0.778470490625 0.22000000000000003 0.812551953125 0.23125 0.8254364093750001 0.2420833328125 0.83208645 0.265 0.8341645890624999 0.28625 0.8146300921874999 0.3083333328125 0.8042394015625 0.3275 0.7502078140624999 0.3266666671875 0.7319202 0.31875 0.7248545296875 0.31124999999999997 0.726517040625 0.3116666671875 0.7177888609374999 0.3366666671875 0.6903574390625 0.33125 0.6733167078125 0.3229166671875 0.682460515625
0 0.44875 0.154613465625 0.42874999999999996 0.1413133828125 0.425 0.142560265625 0.42416666718749996 0.12510390625 0.42833333281249997 0.11679135468749999 0.4308333328125 0.1242726515625 0.4404166671875 0.130507065625 0.47625 0.14297589375 0.4879166671875 0.15045719062500001 0.4920833328125 0.15045719062500001 0.49416666718749996 0.14588528750000002 0.4925 0.10515378281250001 0.4683333328125 0.052784704687499996 0.4495833328125 0.0332502078125 0.4404166671875 0.032418953125 0.4370833328125 0.037406484375 0.4308333328125 0.0361596015625 0.43166666718749996 0.0311720703125 0.44166666718750003 0.024522028125 0.44125 0 0.4329166671875 0.0016625109374999998 0.43166666718749996 0.004571903125 0.43166666718749996 0.0120532 0.4375 0.01288445625 0.43833333281250003 0.019534496874999998 0.42750000000000005 0.0261845390625 0.42874999999999996 0.052369076562500005 0.4233333328125 0.0486284296875 0.4216666671875 0.0311720703125 0.41166666718749995 0.0187032421875 0.4091666671875 0.000415628125 0.38375 0 0.38166666718750003 0.007896925 0.37374999999999997 0.0157938484375 0.34875 0.031587696875 0.3225 0.05527847031250001 0.31416666718749997 0.068578553125 0.31 0.0868661671875 0.3133333328125 0.103491271875 0.3304166671875 0.10972568593750001 0.3325 0.113466334375 0.3333333328125 0.1217788859375 0.3275 0.1259351625 0.32999999999999996 0.132585203125 0.3275 0.14588528750000002 0.34750000000000003 0.1766417296875 0.3570833328125 0.1837073984375 0.3879166671875 0.184538653125 0.3916666671875 0.182460515625 0.395 0.17248545312500002 0.39 0.22901080624999998 0.38166666718750003 0.24896093125 0.39375 0.26101413125 0.4058333328125 0.26309226875 0.42083333281249996 0.1591853703125 0.4216666671875 0.1882793015625 0.42625 0.194513715625 0.4404166671875 0.2011637578125 0.45375 0.2011637578125 0.45958333281249997 0.1961762265625 0.47291666718750003 0.1928512046875 0.48250000000000004 0.1741479640625 0.47791666718750003 0.164588528125 0.44875 0.154613465625