0 0.11796875 0.13984375 0.1421875 0.2796875
0 0.1359375 0.41640625 0.2234375 0.3359375
0 0.1921875 0.59296875 0.290625 0.3046875
0 0.3890625 0.5765625 0.3734375 0.33125
0 0.340625 0.875 0.234375 0.25
0 0.14765625 0.86875 0.2703125 0.2625
0 0.28359375 0.1734375 0.2171875 0.334375
0 0.43828125 0.19609375 0.1375 0.3609375
0 0.5875 0.30625 0.2140625 0.5859375
0 0.7203125 0.69375 0.234375 0.534375
0 0.79921875 0.2046875 0.165625 0.36875
0 0.1554921546875 0 0.13124108437499998 0.011415525 0.0927246796875 0.0091324203125 0.07417974375 0.0388127859375 0.06276747499999999 0.0730593609375 0.0556348078125 0.12100456562499999 0.058487875 0.180365296875 0.0713266765625 0.2237442921875 0.09557774531249999 0.2534246578125 0.1326676171875 0.2557077625 0.178316690625 0.2191780828125 0.1811697578125 0.1438356171875 0.198288159375 0.0433789953125 0.198288159375 0.011415525 0.194008559375 0 0.1554921546875 0
0 0.2482168328125 0.4223744296875 0.24679030000000002 0.3401826484375 0.2553495 0.3287671234375 0.20827389375 0.2876712328125 0.189728959375 0.239726028125 0.1754636234375 0.22146118750000002 0.1069900140625 0.2831050234375 0.0599144078125 0.3744292234375 0.0185449359375 0.5136986296875 0.0185449359375 0.5616438359375 0.025677603124999997 0.5958904109375001 0.061340942187500004 0.6004566203125 0.104136946875 0.5319634703125 0.1526390875 0.47716895 0.188302425 0.45205479375 0.2325249640625 0.43835616406250005 0.2482168328125 0.4223744296875
0 0.19971469375 0.691780821875 0.20970042812499998 0.6666666671875 0.315263909375 0.506849315625 0.29386590625000003 0.488584475 0.26533523593749997 0.4452054796875 0.2282453640625 0.43835616406250005 0.158345221875 0.46803652968750004 0.1084165484375 0.5205479453125 0.07560627656249999 0.5730593609375 0.057061340625 0.6073059359374999 0.0556348078125 0.6392694062500001 0.058487875 0.691780821875 0.07417974375 0.7214611875 0.1069900140625 0.7465753421875 0.135520684375 0.7465753421875 0.20399429375000003 0.7237442921875 0.19971469375 0.691780821875
0 0.20827389375 1 0.2382310984375 0.8881278531250001 0.25249643437499997 0.8470319640625 0.26818830312499997 0.8242009124999999 0.2738944359375 0.796803653125 0.261055634375 0.7579908671875 0.2025677609375 0.7168949765625 0.09843081249999999 0.7671232875 0.061340942187500004 0.80365296875 0 0.901826484375 0 0.9817351593750001 0.015691868749999997 1 0.20827389375 1
0 0.5335235375 0.6301369859375 0.54493580625 0.59360730625 0.5192582031249999 0.5707762562500001 0.5049928671874999 0.5456621 0.4835948640625 0.47945205468749996 0.4778887296875 0.41095890468749996 0.4636233953125 0.401826484375 0.393723253125 0.4269406390625 0.33523537812500004 0.47945205468749996 0.2111269609375 0.6552511421875 0.1968616265625 0.6894977171875001 0.198288159375 0.7077625578125 0.2239657625 0.7374429218749999 0.25677603437499996 0.7579908671875 0.32524964375 0.7648401828125 0.42796005781249996 0.739726028125 0.4935805984375 0.6872146125 0.5335235375 0.6301369859375
0 0.445078459375 0.40639269375 0.4579172609375 0.390410959375 0.4522111265625 0.36757990937499996 0.41512125468749994 0.3515981734375 0.38801711875 0.3173515984375 0.37232525 0.2716894984375 0.366619115625 0.2123287671875 0.3495007125 0.20776255781250003 0.309557775 0.2557077625 0.292439371875 0.3013698625 0.26248216874999997 0.3173515984375 0.25106989999999996 0.34931506875 0.26248216874999997 0.44063926875000003 0.288159771875 0.4840182640625 0.303851640625 0.49543379062500004 0.3166904421875 0.49315068437500004 0.32382310937500003 0.47945205468749996 0.398002853125 0.424657534375 0.445078459375 0.40639269375
0 0.6205420828125 0.481735159375 0.6590584875000001 0.39726027343750003 0.690442225 0.29452054843750003 0.6947218265624999 0.248858446875 0.690442225 0.16210045625 0.6647646218750001 0.05936073125 0.63908701875 0.0205479453125 0.5877318109375 0.0068493156250000005 0.5534950078125 0.034246575 0.5164051359374999 0.11643835625000001 0.49072753281250003 0.20547945156249997 0.47503566406250003 0.3242009125 0.47503566406250003 0.43607305937499996 0.48644793125 0.5022831046875 0.5192582031249999 0.5730593609375 0.554921540625 0.598173515625 0.566333809375 0.5958904109375001 0.5905848781249999 0.5662100453125001 0.6205420828125 0.481735159375
0 0.738944365625 0.9109589046875 0.778887303125 0.853881278125 0.8031383734374999 0.8059360734375 0.8288159765625001 0.726027396875 0.8345221109375001 0.6027397265625 0.8302425109374999 0.557077625 0.817403709375 0.511415525 0.7974322390624999 0.4748858453125 0.7831669046874999 0.4634703203125 0.7360912984375 0.458904109375 0.700427959375 0.4748858453125 0.6619115546875001 0.511415525 0.6305278171875 0.5707762562500001 0.617689015625 0.6141552515625001 0.6105563484375 0.6666666671875 0.613409415625 0.7785388125 0.6048502140625 0.91780821875 0.6105563484375 0.95205479375 0.6205420828125 0.9657534249999999 0.6833095578124999 0.9566210046875 0.738944365625 0.9109589046875
0 0.6262482171875 1 0.6105563484375 0.9200913234374999 0.6148359484375 0.760273971875 0.5962910124999999 0.739726028125 0.5563480734375 0.7305936078124999 0.5007132671875001 0.7808219171874999 0.460770328125 0.8515981734375 0.42796005781249996 1 0.6262482171875 1
0 1 0.388127853125 0.98430813125 0.388127853125 0.9400855921875 0.41095890468749996 0.8858773187500001 0.4223744296875 0.8687589156250001 0.43835616406250005 0.8416547781249999 0.4840182640625 0.8245363765624999 0.5273972609375 0.8302425109374999 0.5844748859375 0.8302425109374999 0.7100456625 0.8345221109375001 0.7168949765625 0.9243937234375 0.6986301375 1 0.65068493125 1 0.388127853125
0 0.7417974328125 0 0.727532096875 0.0319634703125 0.716119828125 0.11643835625000001 0.7189728953125 0.180365296875 0.7403708984375 0.3515981734375 0.7560627671875 0.38127853906250003 0.8102710406250001 0.3744292234375 0.8373751781250001 0.34931506875 0.8659058484375001 0.308219178125 0.9015691875 0.214611871875 0.9172610562499999 0.1073059359375 0.9144079890624999 0 0.8145506421875 0.0068493156250000005 0.8031383734374999 0 0.7417974328125 0