0 0.252895753125 0.09793814375 0.21814671875 0.1185567015625 0.2046332046875 0.1365979375 0.19305019375000002 0.18298969062499998 0.20077219999999998 0.2345360828125 0.21235521249999997 0.2654639171875 0.23359073281249998 0.29381443281249997 0.26833976875 0.3041237109375 0.2760617765625 0.3144329890625 0.308880309375 0.3118556703125 0.33011582968750003 0.29381443281249997 0.34362934375 0.27061855625 0.34362934375 0.213917525 0.347490346875 0.2087628859375 0.347490346875 0.162371134375 0.34362934375 0.15206185625 0.322393821875 0.123711340625 0.303088803125 0.1082474234375 0.2760617765625 0.09793814375 0.252895753125 0.09793814375
0 0.3918918921875 0.1391752578125 0.37837837812499997 0.1469072171875 0.359073359375 0.1881443296875 0.359073359375 0.19845360781250002 0.3513513515625 0.213917525 0.347490346875 0.286082475 0.359073359375 0.3221649484375 0.372586871875 0.34020618593749996 0.3880308875 0.3505154640625 0.43629343593750003 0.34793814375 0.44208494218750005 0.345360825 0.47104247031249996 0.3015463921875 0.478764478125 0.280927834375 0.478764478125 0.213917525 0.47490347499999996 0.2087628859375 0.47490347499999996 0.19329896875000002 0.46718146718750003 0.1726804125 0.44208494218750005 0.144329896875 0.43050193124999997 0.1391752578125 0.3918918921875 0.1391752578125
0 0.584942084375 0.09793814375 0.56949806875 0.09793814375 0.559845559375 0.1108247421875 0.55598455625 0.1314432984375 0.521235521875 0.17783505156249999 0.5173745171874999 0.2087628859375 0.521235521875 0.213917525 0.525096525 0.2551546390625 0.534749034375 0.2680412375 0.5617760625 0.2680412375 0.5772200765625 0.278350515625 0.590733590625 0.296391753125 0.5945945953125 0.3118556703125 0.6003860999999999 0.31958762812499997 0.60617760625 0.31701030937499997 0.6196911203125001 0.3144329890625 0.6602316609375001 0.27061855625 0.675675675 0.2242268046875 0.675675675 0.19845360781250002 0.6640926640625 0.15721649531249998 0.6370656375 0.12113402031250001 0.6370656375 0.1108247421875 0.6274131281249999 0.09793814375 0.5888030890625 0.09278350468749999 0.584942084375 0.09793814375
0 0.677606178125 0.15979381406249998 0.671814671875 0.1675257734375 0.671814671875 0.17783505156249999 0.675675675 0.18298969062499998 0.675675675 0.2345360828125 0.6640926640625 0.27061855625 0.6853281859375 0.2731958765625 0.6891891890624999 0.278350515625 0.716216215625 0.278350515625 0.7335907328125 0.296391753125 0.741312740625 0.3221649484375 0.747104246875 0.3298969078125 0.7490347484375001 0.3273195875 0.758687259375 0.32474226875 0.7722007718749999 0.30670103125 0.783783784375 0.280927834375 0.7876447875 0.22938144375 0.7799227796875 0.2087628859375 0.7625482625 0.180412371875 0.7393822390625 0.164948453125 0.7277992281250001 0.164948453125 0.7239382234375 0.15979381406249998 0.677606178125 0.15979381406249998
0 0.6891891890624999 0.278350515625 0.6853281859375 0.2731958765625 0.666023165625 0.2731958765625 0.6583011578125 0.2835051546875 0.646718146875 0.28865979375 0.6293436296875 0.3118556703125 0.6177606171875001 0.3530927828125 0.6003860999999999 0.376288659375 0.596525096875 0.376288659375 0.5868725875 0.39432989687500003 0.5868725875 0.40463917499999996 0.5945945953125 0.40463917499999996 0.6196911203125001 0.3917525765625 0.6853281859375 0.40206185625 0.7084942078124999 0.38659793750000004 0.7258687265625 0.34278350468749996 0.7355212359375 0.34020618593749996 0.741312740625 0.3324742265625 0.741312740625 0.31701030937499997 0.7335907328125 0.29123711406249997 0.716216215625 0.278350515625 0.6891891890624999 0.278350515625
0 0.484555984375 0.298969071875 0.46911196874999994 0.30927835 0.4517374515625 0.3324742265625 0.44401544375 0.3530927828125 0.44401544375 0.3891752578125 0.4517374515625 0.4097938140625 0.46911196874999994 0.43298969062500003 0.48841698906250003 0.44329896875 0.540540540625 0.44072164999999996 0.5617760625 0.4175257734375 0.5733590734375 0.412371134375 0.5984555984375 0.36340206249999996 0.5984555984375 0.3324742265625 0.590733590625 0.3015463921875 0.5733590734375 0.278350515625 0.5579150578125 0.2680412375 0.5231660234375 0.2680412375 0.49613899687499996 0.2835051546875 0.484555984375 0.298969071875
0 0.3918918921875 0.3505154640625 0.372586871875 0.345360825 0.3416988421875 0.36597938124999996 0.328185328125 0.38402061875000004 0.328185328125 0.39432989687500003 0.308880309375 0.42010309218749997 0.308880309375 0.43556701093749994 0.3166023171875 0.46134020624999994 0.3166023171875 0.48195876249999997 0.3262548265625 0.489690721875 0.3416988421875 0.5154639171875 0.34942085 0.5154639171875 0.36872586875 0.530927834375 0.40154440156250004 0.528350515625 0.42471042499999995 0.5025773203125 0.43629343593750003 0.471649484375 0.44015444062500003 0.430412371875 0.44401544375 0.42525773125 0.44401544375 0.3994845359375 0.43629343593750003 0.3788659796875 0.42664092656249997 0.36597938124999996 0.4111969109375 0.35567010312499997 0.3957528953125 0.35567010312499997 0.3918918921875 0.3505154640625
0 0.29922780000000004 0.31958762812499997 0.2953667953125 0.3144329890625 0.2915057921875 0.31958762812499997 0.252895753125 0.298969071875 0.24131274062500002 0.298969071875 0.2142857140625 0.2731958765625 0.2046332046875 0.280927834375 0.2046332046875 0.29123711406249997 0.20077219999999998 0.296391753125 0.20077219999999998 0.3530927828125 0.21235521249999997 0.38402061875000004 0.2297297296875 0.40721649531250004 0.2799227796875 0.40721649531250004 0.283783784375 0.412371134375 0.308880309375 0.4097938140625 0.32432432499999997 0.3891752578125 0.32432432499999997 0.38402061875000004 0.359073359375 0.34278350468749996 0.359073359375 0.3273195875 0.347490346875 0.3015463921875 0.347490346875 0.29123711406249997 0.3416988421875 0.2835051546875 0.31081081093749996 0.3144329890625 0.303088803125 0.3144329890625 0.29922780000000004 0.31958762812499997
0 0.1988416984375 0.4381443296875 0.1853281859375 0.46649484531249996 0.1853281859375 0.4974226796875 0.17760617812499999 0.507731959375 0.1853281859375 0.55927835 0.1988416984375 0.5824742265625 0.21814671875 0.59793814375 0.25482625468750003 0.595360825 0.272200771875 0.5876288656249999 0.3011583015625 0.5541237109375 0.3127413125 0.5231958765625 0.3127413125 0.5025773203125 0.3166023171875 0.4974226796875 0.308880309375 0.4458762890625 0.29922780000000004 0.4278350515625 0.272200771875 0.40721649531250004 0.2297297296875 0.412371134375 0.1988416984375 0.4381443296875
0 0.2297297296875 0.67525773125 0.2046332046875 0.7087628859375 0.18918918906249999 0.75 0.18918918906249999 0.80670103125 0.2046332046875 0.8427835046875 0.23745173749999998 0.876288659375 0.2702702703125 0.873711340625 0.2953667953125 0.8608247421874999 0.308880309375 0.8427835046875 0.3204633203125 0.8221649484375 0.33976833906250004 0.7654639171875 0.33976833906250004 0.7087628859375 0.3359073359375 0.6984536078125 0.3146718140625 0.6701030921875 0.29922780000000004 0.6597938140624999 0.25675675625 0.6597938140624999 0.2297297296875 0.67525773125
0 0.415057915625 0.5618556703124999 0.3918918921875 0.5618556703124999 0.384169884375 0.5515463921875 0.353281853125 0.5515463921875 0.3455598453125 0.55670103125 0.34362934375 0.5644329890625001 0.328185328125 0.5798969078125 0.3166023171875 0.6159793812500001 0.3166023171875 0.6417525765625001 0.328185328125 0.6778350515625 0.34942085 0.7061855671874999 0.3880308875 0.7268041234375 0.44015444062500003 0.7242268046875 0.4575289578125 0.7164948453125 0.47490347499999996 0.682989690625 0.47490347499999996 0.6623711343750001 0.478764478125 0.6572164953125 0.47490347499999996 0.6211340203125 0.459459459375 0.595360825 0.44208494218750005 0.5824742265625 0.43050193124999997 0.5618556703124999 0.41891891875000004 0.55670103125 0.415057915625 0.5618556703124999
0 0.3359073359375 0.786082475 0.328185328125 0.80670103125 0.328185328125 0.837628865625 0.32432432499999997 0.8427835046875 0.328185328125 0.8530927828125 0.328185328125 0.8840206187499999 0.33204633281249996 0.8994845359375001 0.3455598453125 0.9175257734375 0.36100386093750003 0.9278350515625 0.384169884375 0.9329896906249999 0.3880308875 0.9381443296875001 0.409266409375 0.9355670109374999 0.44208494218750005 0.9278350515625 0.459459459375 0.904639175 0.46718146718750003 0.8788659796875 0.46332046406250005 0.8324742265625 0.44401544375 0.7912371140625 0.42664092656249997 0.7680412375000001 0.4111969109375 0.757731959375 0.364864865625 0.757731959375 0.34942085 0.7680412375000001 0.3359073359375 0.786082475
0 0.5231660234375 0.7731958765625 0.5077220078125 0.7628865984375001 0.46911196874999994 0.7628865984375001 0.4613899609375 0.7680412375000001 0.4517374515625 0.780927834375 0.4517374515625 0.8015463921875 0.46718146718750003 0.837628865625 0.47104247031249996 0.8840206187499999 0.48841698906250003 0.9072164953125 0.503861003125 0.9175257734375 0.534749034375 0.9226804124999999 0.5386100390624999 0.9278350515625 0.5482625484375 0.92525773125 0.584942084375 0.9226804124999999 0.6003860999999999 0.912371134375 0.6138996140625 0.894329896875 0.6216216218749999 0.873711340625 0.6216216218749999 0.8427835046875 0.6138996140625 0.8170103093750001 0.596525096875 0.7938144328125001 0.56949806875 0.7938144328125001 0.5501930500000001 0.778350515625 0.5231660234375 0.7731958765625
0 0.546332046875 0.5773195875 0.534749034375 0.5824742265625 0.50579150625 0.6159793812500001 0.49420849375 0.6417525765625001 0.49034749062499994 0.6881443296875001 0.49420849375 0.69329896875 0.4980694984375 0.739690721875 0.51930501875 0.7680412375000001 0.5540540546875 0.778350515625 0.56949806875 0.7886597937500001 0.5984555984375 0.786082475 0.6274131281249999 0.7628865984375001 0.6370656375 0.75 0.6486486484375 0.719072165625 0.652509653125 0.703608246875 0.652509653125 0.65206185625 0.6447876453125 0.6365979375 0.6447876453125 0.626288659375 0.6235521234375 0.59793814375 0.596525096875 0.5773195875 0.546332046875 0.5773195875
0 0.68146718125 0.664948453125 0.6621621625 0.67525773125 0.640926640625 0.75 0.610038609375 0.7912371140625 0.625482625 0.8530927828125 0.65057915 0.8814432984374999 0.6621621625 0.8814432984374999 0.6737451734375 0.8917525765625 0.7258687265625 0.8891752578125001 0.758687259375 0.8711340203125 0.7876447875 0.8324742265625 0.8030888031250001 0.7757731953125 0.8030888031250001 0.7345360828125 0.7953667953125 0.703608246875 0.783783784375 0.6726804125 0.7625482625 0.6391752578125 0.747104246875 0.6391752578125 0.7084942078124999 0.664948453125 0.68146718125 0.664948453125
0 0.666023165625 0.5 0.6486486484375 0.528350515625 0.6447876453125 0.5541237109375 0.640926640625 0.55927835 0.640926640625 0.595360825 0.6486486484375 0.6211340203125 0.6698841703125 0.644329896875 0.696911196875 0.6597938140624999 0.71814671875 0.6572164953125 0.747104246875 0.6391752578125 0.76833976875 0.6108247421875 0.7760617765625 0.5902061859375001 0.7760617765625 0.5438144328125001 0.7644787640625 0.5128865984375001 0.7393822390625 0.4845360828125 0.73166023125 0.4845360828125 0.7277992281250001 0.47938144375 0.69305019375 0.47938144375 0.666023165625 0.5
0 0.6196911203125001 0.3969072171875 0.615830115625 0.40206185625 0.6042471046875 0.40206185625 0.5926640921875 0.412371134375 0.5733590734375 0.4175257734375 0.5617760625 0.4278350515625 0.5501930500000001 0.4484536078125 0.54440154375 0.45103092812499995 0.54440154375 0.46134020624999994 0.540540540625 0.46649484531249996 0.540540540625 0.48711340156249994 0.5482625484375 0.5025773203125 0.55598455625 0.5386597937500001 0.565637065625 0.5515463921875 0.5772200765625 0.5515463921875 0.596525096875 0.5618556703124999 0.610038609375 0.55927835 0.6196911203125001 0.55670103125 0.6428571421875 0.536082475 0.652509653125 0.5180412375000001 0.652509653125 0.507731959375 0.6795366796875 0.47680412343749995 0.6795366796875 0.44072164999999996 0.671814671875 0.42010309218749997 0.6621621625 0.40721649531250004 0.646718146875 0.3969072171875 0.6196911203125001 0.3969072171875
0 0.7277992281250001 0.3505154640625 0.7220077218750001 0.3582474234375 0.7220077218750001 0.36340206249999996 0.7142857140625 0.373711340625 0.7142857140625 0.38402061875000004 0.6988416984375 0.40463917499999996 0.6988416984375 0.45103092812499995 0.702702703125 0.4561855671875 0.702702703125 0.46649484531249996 0.7084942078124999 0.4742268046875 0.7239382234375 0.4742268046875 0.7277992281250001 0.47938144375 0.7355212359375 0.47938144375 0.7509652515624999 0.4948453609375 0.7760617765625 0.49226804062499996 0.78185328125 0.489690721875 0.8030888031250001 0.46134020624999994 0.8030888031250001 0.45103092812499995 0.8069498062499999 0.4458762890625 0.8069498062499999 0.3788659796875 0.7895752890625001 0.345360825 0.7664092671875 0.3298969078125 0.747104246875 0.3298969078125 0.7355212359375 0.3505154640625 0.7277992281250001 0.3505154640625
0 0.3918918921875 0.536082475 0.3571428578125 0.5257731953125 0.3378378375 0.510309278125 0.32432432499999997 0.5180412375000001 0.3918918921875 0.55670103125 0.43050193124999997 0.55670103125 0.46911196874999994 0.59793814375 0.4980694984375 0.6005154640625 0.5077220078125 0.59793814375 0.5328185328124999 0.5644329890625001 0.5482625484375 0.5180412375000001 0.5328185328124999 0.47680412343749995 0.5077220078125 0.4484536078125 0.48841698906250003 0.44329896875 0.4613899609375 0.4484536078125 0.4324324328125 0.48711340156249994 0.42277992343750004 0.52061855625 0.3918918921875 0.536082475