0 0.23961538437500002 0.20041972656249998 0.23230769218749997 0.21563483749999998 0.23230769218749997 0.24081846875 0.2376923078125 0.26495278125 0.2523076921875 0.2985309546875 0.2623076921875 0.38562434375 0.2869230765625 0.5010493171875 0.2969230765625 0.5335781734375 0.308846153125 0.5540398734374999 0.328846153125 0.5708289609375 0.3469230765625 0.5724029374999999 0.36653846093750003 0.564533053125 0.3769230765625 0.553515215625 0.385384615625 0.5146904515624999 0.385384615625 0.4832109125 0.343846153125 0.3237145859375 0.32999999999999996 0.28698845781250004 0.2873076921875 0.2172088140625 0.275 0.207764953125 0.251153846875 0.198321090625 0.23961538437500002 0.20041972656249998
0 0.193846153125 0.3279118578125 0.1876923078125 0.325813221875 0.19423076875 0.3263378796875 0.195384615625 0.32161595 0.1926923078125 0.31689401875 0.1869230765625 0.317418678125 0.186153846875 0.2985309546875 0.1665384609375 0.2948583421875 0.16 0.28384050312500003 0.1615384609375 0.2785939140625 0.1465384609375 0.26757607499999997 0.1065384609375 0.256033578125 0.0834615390625 0.263378803125 0.07076923125 0.27964323125 0.0615384609375 0.300629590625 0.064615384375 0.325813221875 0.0784615390625 0.36149003125 0.095 0.3850996859375 0.148846153125 0.42707240312500006 0.16423076875 0.43022035625 0.170384615625 0.4407135359375 0.210384615625 0.476390346875 0.2826923078125 0.5351521515625 0.296153846875 0.5388247640625 0.2976923078125 0.5346274921874999 0.27923076875 0.47166841562500006 0.25923076875 0.3719832109375 0.24961538437500003 0.35781741875 0.205 0.313746065625 0.2 0.3142707234375 0.19692307656250002 0.3226652671875 0.1984615390625 0.3352570828125 0.19423076875 0.3389296953125 0.193846153125 0.3279118578125
0 0.163846153125 0.5031479531249999 0.164615384375 0.48845750312499997 0.158846153125 0.47953830000000003 0.150384615625 0.47743966406249994 0.145384615625 0.470619096875 0.16230769218750002 0.44543546718749993 0.164615384375 0.43284365156250004 0.160384615625 0.43022035625 0.1473076921875 0.4365162640625 0.11730769218749999 0.4407135359375 0.0934615390625 0.42707240312500006 0.081153846875 0.42707240312500006 0.07038461562500001 0.434417628125 0.06 0.4496327390625 0.049615384375 0.4816369359375 0.041153846875 0.48058761875 0.02423076875 0.486883525 0.0026923078125 0.50472193125 0 0.5094438609374999 0.0015384609375000001 0.6469045125 0.0623076921875 0.5828961171875 0.0776923078125 0.5556138515625 0.0826923078125 0.533053515625 0.1080769234375 0.5299055609375001 0.131153846875 0.507869884375 0.135 0.49737670468750006 0.145 0.49108079687500006 0.154615384375 0.49685204687500006 0.1580769234375 0.5162644281250001 0.163846153125 0.5031479531249999
0 0.1734615390625 0.513116475 0.1634615390625 0.5099685203125001 0.15653846093749998 0.5173137453125001 0.15307692343749998 0.5136411328125 0.153846153125 0.5083945437499999 0.1465384609375 0.5026232953124999 0.1334615390625 0.5068205671875 0.10884615312499998 0.5309548796875 0.1023076921875 0.544071353125 0.0984615390625 0.5661070296874999 0.0984615390625 0.5933892968750001 0.1030769234375 0.6164742921874999 0.124615384375 0.666841553125 0.16 0.726652675 0.2319230765625 0.8279118578125001 0.259615384375 0.8604407140625 0.2819230765625 0.8772298 0.286153846875 0.894543546875 0.2934615390625 0.906610703125 0.35923076875 0.9071353625 0.363846153125 0.9039874078125001 0.363846153125 0.8892969562499999 0.35153846093749996 0.8536201468750001 0.3430769234375 0.8378803781249999 0.3315384609375 0.8263378796874999 0.3169230765625 0.780167890625 0.24692307656249998 0.64585519375 0.22153846093750001 0.586044071875 0.195384615625 0.5377754453125 0.1734615390625 0.513116475
0 0.2815384609375 0.5818468 0.276153846875 0.6196222453125 0.27999999999999997 0.6731374609375 0.2915384609375 0.7130115421875 0.3430769234375 0.8315844703125 0.3819230765625 0.9055613843750001 0.43461538437499997 0.9071353625 0.4415384609375 0.9039874078125001 0.446153846875 0.890346275 0.43923076875 0.8368310593749999 0.3784615390625 0.6322140609375 0.36 0.5975865687499999 0.34269230781250004 0.5781741874999999 0.3226923078125 0.56977964375 0.31115384687500003 0.557187828125 0.298846153125 0.5613851000000001 0.2815384609375 0.5818468
0 0.07423076875 0.7534102828125 0.06576923125 0.752360965625 0.0626923078125 0.7460650578125 0.058846153125 0.7460650578125 0.001153846875 0.77229800625 0 0.8273871984375001 0.021153846875 0.8635886671874999 0.033846153125 0.869359915625 0.15346153906249999 0.833158446875 0.1826923078125 0.8111227703124999 0.1976923078125 0.7864637984375 0.18923076875 0.76862539375 0.149615384375 0.7124868828124999 0.12346153906249999 0.7166841546875 0.091153846875 0.732423925 0.081153846875 0.732423925 0.0776923078125 0.7497376703125 0.07423076875 0.7534102828125
0 0.649615384375 0.7019937046875 0.5573076921875 0.6600209859375 0.53576923125 0.653725078125 0.511153846875 0.6526757609375 0.5019230765625 0.645330534375 0.4834615390625 0.639034628125 0.46423076874999997 0.6474291703125 0.45 0.6636935984375001 0.45076923124999996 0.682581321875 0.458846153125 0.6967471140625 0.48269230781249994 0.71458551875 0.5026923078125 0.747114375 0.5480769234375 0.78069255 0.5896153843749999 0.7953830015625 0.61576923125 0.79643231875 0.645 0.8037775453125 0.668846153125 0.8037775453125 0.6873076921875 0.79643231875 0.7065384609375001 0.809024134375 0.7234615390625 0.8069254984375 0.7365384609375 0.8237145859374999 0.743846153125 0.8242392437499999 0.746153846875 0.821091290625 0.7446153843750001 0.788562434375 0.739615384375 0.7743966421875 0.7134615390625 0.747114375 0.701153846875 0.7492130109375 0.691153846875 0.743966421875 0.686153846875 0.7371458546875 0.686153846875 0.7287513109375 0.6826923078125 0.7229800625 0.649615384375 0.7019937046875
0 0.38076923125 0.63850996875 0.4269230765625 0.78541448125 0.44461538437500003 0.8599160546875 0.478846153125 0.8877229796874999 0.49576923125 0.89506820625 0.5176923078125 0.8966421828125 0.5226923078125 0.8961175234375001 0.545 0.8761804828124999 0.554615384375 0.8567681 0.5576923078125 0.8200419734375 0.5469230765625 0.78541448125 0.499615384375 0.7450157390625 0.425 0.6610703046874999 0.398846153125 0.639034628125 0.381153846875 0.630640084375 0.38076923125 0.63850996875
0 0.6169230765625 0.447534103125 0.6169230765625 0.47166841562500006 0.61076923125 0.48845750312499997 0.6069230765625 0.5545645328125001 0.6084615390625 0.6689401890625 0.61 0.67943336875 0.6180769234375 0.686253934375 0.683846153125 0.71930745 0.6930769234375 0.7004197265625 0.693846153125 0.6888772296875 0.673846153125 0.5010493171875 0.6630769234375 0.46327387187499997 0.6623076921875 0.4359916046875 0.6653846156250001 0.422350471875 0.6634615390625 0.41552990625 0.6480769234375 0.4165792234375 0.621153846875 0.434417628125 0.6169230765625 0.447534103125
0 0.485 0.4281217203125 0.495384615625 0.42654774375000004 0.506153846875 0.369884575 0.504615384375 0.3509968515625 0.49384615312499996 0.33735571875 0.49192307656249995 0.328436515625 0.4634615390625 0.32423924375 0.4469230765625 0.3394543546875 0.44461538437500003 0.358342078125 0.45153846093750005 0.3835257078125 0.45076923124999996 0.390870934375 0.441153846875 0.3997901359375 0.4134615390625 0.40818467968750005 0.40846153906250005 0.41395592812500004 0.38692307656249997 0.4811122765625 0.386153846875 0.519937040625 0.38076923125 0.5461699890625 0.3823076921875 0.5629590765625 0.399615384375 0.5949632734375 0.41576923125 0.6023085 0.42846153906250006 0.6028331578125 0.44192307656249996 0.5949632734375 0.4569230765625 0.5755508921875 0.47615384687500006 0.5188877234375 0.485384615625 0.47586568749999997 0.48269230781249994 0.46379853125 0.478846153125 0.4690451203125 0.475384615625 0.46642182656250003 0.47615384687500006 0.42654774375000004 0.478846153125 0.42077649531250005 0.485 0.4281217203125
0 0.36615384687499997 0.405561384375 0.368846153125 0.410283315625 0.37769230781249996 0.40975865625 0.4280769234375 0.402938090625 0.448846153125 0.3924449109375 0.45 0.3835257078125 0.443846153125 0.3677859390625 0.4415384609375 0.334207765625 0.4280769234375 0.329485834375 0.39423076875 0.3347324234375 0.3773076921875 0.328436515625 0.3465384609375 0.3263378796875 0.36615384687499997 0.405561384375
0 0.525 0.14375655781250002 0.4965384609375 0.1573976921875 0.478846153125 0.158447009375 0.44192307656249996 0.16998950625 0.37576923125 0.199370409375 0.35730769218749997 0.215110178125 0.349615384375 0.215110178125 0.34076923125 0.23976915000000001 0.3323076921875 0.252360965625 0.3284615390625 0.273347325 0.32999999999999996 0.284889821875 0.3415384609375 0.31322140625 0.34807692343749996 0.3231899265625 0.4023076921875 0.33001049375 0.44346153906249997 0.329485834375 0.48807692343750003 0.2948583421875 0.516153846875 0.26180482656250004 0.52576923125 0.24134312656249998 0.55576923125 0.223504721875 0.563846153125 0.2124868828125 0.566153846875 0.20094438593750003 0.563846153125 0.18625393437499999 0.5373076921875 0.15005246562500002 0.525 0.14375655781250002
0 0.3669230765625 0.19045120625 0.37 0.1558237140625 0.36076923125000004 0.12119622187500001 0.3419230765625 0.10283315781249999 0.32115384687500004 0.0986358859375 0.2934615390625 0.10493179374999999 0.270384615625 0.1248688359375 0.2384615390625 0.1694648484375 0.2230769234375 0.2061909765625 0.22000000000000003 0.22193074531249998 0.22076923124999998 0.24186778593749997 0.22538461562499998 0.25550891875000004 0.2330769234375 0.26075550937499997 0.23076923124999998 0.22298006250000002 0.2384615390625 0.19884575 0.2426923078125 0.1972717734375 0.25423076875 0.198321090625 0.2819230765625 0.21091290625 0.31115384687500003 0.25078698906249997 0.33423076875 0.240293809375 0.34076923125 0.23242392500000003 0.346153846875 0.21668415468750002 0.3669230765625 0.19045120625
0 0.0430769234375 0.1925498421875 0.045384615625 0.21983210937500003 0.06423076875 0.2465897171875 0.0826923078125 0.2539349421875 0.0984615390625 0.25445960156249997 0.13269230781250002 0.2371458546875 0.190384615625 0.2360965375 0.20846153906249998 0.21458551875 0.206153846875 0.1841552984375 0.1880769234375 0.16054564531249998 0.15653846093749998 0.1448058765625 0.078846153125 0.1406086046875 0.0673076921875 0.14585519375 0.056153846875 0.15897166875 0.0430769234375 0.1925498421875
0 0 0.2250786984375 0.0134615390625 0.2256033578125 0.02423076875 0.23504721874999998 0.03076923125 0.23452256093749999 0.046153846875 0.22612801718750003 0.0423076921875 0.20724029375000003 0.0430769234375 0.187303253125 0.059615384375000004 0.1521511015625 0.078846153125 0.1395592859375 0.12153846093750001 0.139034628125 0.11923076875000001 0.1159496328125 0.11038461562499999 0.10283315781249999 0.0926923078125 0.0912906609375 0.0773076921875 0.09024134375000001 0.061153846874999994 0.09653725156250001 0.0465384609375 0.10807974843749998 0.0180769234375 0.1469045125 0 0.1642182578125 0 0.2250786984375
0 0.08923076875 0.08866736562500001 0.10576923125 0.09758656875 0.11923076875000001 0.113850996875 0.12346153906249999 0.1406086046875 0.166153846875 0.146379853125 0.176153846875 0.1243441765625 0.183846153125 0.0918153203125 0.184615384375 0.06977964375 0.18 0.050891920312500005 0.171153846875 0.0346274921875 0.149615384375 0.0188877234375 0.1226923078125 0.028331584375000003 0.10769230781250001 0.0435466953125 0.09076923125 0.0792235046875 0.08923076875 0.08866736562500001
0 0.265 0.0786988453125 0.229615384375 0.0881427078125 0.2023076921875 0.109653725 0.19615384687499998 0.122245540625 0.195384615625 0.14008394531249999 0.201153846875 0.159496328125 0.2273076921875 0.1762854140625 0.233846153125 0.17576075625 0.26192307656249997 0.134312696875 0.2934615390625 0.10493179374999999 0.3334615390625 0.0986358859375 0.349615384375 0.10807974843749998 0.36423076875 0.1280167890625 0.3680769234375 0.1280167890625 0.4130769234375 0.0855194125 0.4026923078125 0.0797481640625 0.3680769234375 0.0755508921875 0.265 0.0786988453125
0 0.485 0.0713536203125 0.47115384687499995 0.0786988453125 0.4426923078125 0.08079748125 0.431153846875 0.09024134375000001 0.424615384375 0.10125918125 0.4269230765625 0.1327387203125 0.43269230781249995 0.1406086046875 0.45576923125 0.151101784375 0.4765384609375 0.1469045125 0.49884615312499997 0.1532004203125 0.5173076921875001 0.14375655781250002 0.529615384375 0.142707240625 0.549615384375 0.16054564531249998 0.611153846875 0.1678908703125 0.6430769234375 0.1673662125 0.66576923125 0.158447009375 0.679615384375 0.1469045125 0.694615384375 0.1201469046875 0.694615384375 0.1023085 0.6884615390625 0.08447009375 0.671153846875 0.0661070296875 0.655 0.0577124875 0.6173076921875 0.053515215625 0.5280769234375 0.060860440625 0.485 0.0713536203125
0 0.7234615390625 0 0.7184615390625 0.00472193125 0.713846153125 0.023609653124999998 0.7019230765625 0.0388247640625 0.6915384609374999 0.04564533125 0.6853846156250001 0.06453305312499999 0.6853846156250001 0.07502623281250001 0.693846153125 0.09391395625 0.6961538468749999 0.1117523609375 0.694615384375 0.1264428125 0.684615384375 0.146379853125 0.6823076921875 0.16631689375 0.6823076921875 0.1883525703125 0.6876923078125 0.21983210937500003 0.70076923125 0.24816369374999997 0.7030769234375 0.275445959375 0.7334615390625 0.3105981109375 0.7469230765625 0.3121720875 0.7584615390625 0.30167890937499997 0.763846153125 0.284889821875 0.7630769234375 0.2376705140625 0.766153846875 0.2061909765625 0.7607692312500001 0.1925498421875 0.76 0.1652675765625 0.765384615625 0.1159496328125 0.7865384609375 0 0.7234615390625 0
0 0.765384615625 0.20094438593750003 0.7784615390625 0.20724029375000003 0.7980769234375 0.1962224546875 0.80923076875 0.177859390625 0.8184615390625 0.14952780625 0.853846153125 0.073976915625 0.878846153125 0 0.7923076921875001 0.0026232953125 0.766153846875 0.11804826875 0.7607692312500001 0.1694648484375 0.7615384609375 0.19045120625 0.765384615625 0.20094438593750003
0 0.82576923125 0.1532004203125 0.813846153125 0.171563484375 0.80923076875 0.18625393437499999 0.7876923078125 0.21353620156250003 0.7769230765625 0.25131164687499996 0.7723076921875001 0.2859391390625 0.7730769234375 0.349947534375 0.7823076921875 0.3887722984375 0.784615384375 0.4213011546875 0.793846153125 0.447534103125 0.8034615390625 0.4606505765625 0.8119230765625 0.4658971671875 0.8246153843749999 0.46642182656250003 0.834615384375 0.43809024062499996 0.8376923078124999 0.38562434375 0.8484615390625001 0.34470094375000004 0.8469230765625 0.31322140625 0.8511538468750001 0.31899265468750004 0.853846153125 0.3142707234375 0.8484615390625001 0.23137460625 0.8484615390625001 0.150577125 0.845 0.1448058765625 0.82576923125 0.1532004203125
0 0.915 0.026232948437499997 0.8903846156249999 0.025183631249999998 0.8719230765624999 0.0377754453125 0.85923076875 0.0676810078125 0.8584615390625 0.1023085 0.8484615390625001 0.15897166875 0.8530769234375001 0.284889821875 0.85576923125 0.29275970625 0.8619230765625 0.296956978125 0.8673076921874999 0.2948583421875 0.8699999999999999 0.300629590625 0.8699999999999999 0.3279118578125 0.8626923078125 0.328436515625 0.86 0.34050367187499997 0.8684615390625 0.390870934375 0.8830769234375 0.4349422875 0.8984615390625 0.4622245546875 0.9180769234374999 0.48373557187499994 0.9430769234374999 0.48426023125000006 0.961153846875 0.475341028125 0.9784615390625 0.4370409234375 0.986153846875 0.39506820625 0.985384615625 0.3478488984375 0.9476923078124999 0.1600209859375 0.9369230765625 0.1190975859375 0.9246153843749999 0.0918153203125 0.926153846875 0.073976915625 0.9223076921875 0.039349423437499996 0.915 0.026232948437499997
0 0.9165384609375 0.5341028328124999 0.9080769234374999 0.5309548796875 0.8957692312500001 0.533053515625 0.8765384609375 0.5508919203125 0.863846153125 0.57345225625 0.845384615625 0.630115425 0.8284615390625 0.7014690453125 0.80923076875 0.75918153125 0.805384615625 0.7791185734375 0.805384615625 0.8126967468749999 0.8123076921875001 0.84207765 0.82423076875 0.8551941234375 0.84076923125 0.8588667359375 0.8465384609375001 0.8509968515624999 0.85576923125 0.858342078125 0.8696153843750001 0.8499475343749999 0.8930769234374999 0.8200419734375 0.9069230765625 0.7843651625 0.9230769234375 0.7214060859375 0.9400000000000001 0.634312696875 0.9392307687500001 0.586044071875 0.9353846156250001 0.5640083953125 0.9165384609375 0.5341028328124999
0 0.8369230765625 0.4370409234375 0.8276923078125 0.46537250781250006 0.8173076921875 0.467995803125 0.8042307687499999 0.4606505765625 0.8 0.46642182656250003 0.78923076875 0.511542496875 0.7884615390625 0.5430220359375 0.7923076921875001 0.5839454359375 0.7876923078125 0.5965372515625 0.7876923078125 0.6112277015625 0.7926923078125 0.6232948578124999 0.8119230765625 0.6411332640625 0.81923076875 0.641657921875 0.8357692312499999 0.6369359921875 0.8476923078124999 0.6196222453125 0.8515384609375 0.600734521875 0.8515384609375 0.5703043015625 0.87076923125 0.4979013640625 0.8876923078125 0.45278069218750006 0.861153846875 0.3725078703125 0.8465384609375001 0.37460650625 0.84076923125 0.38562434375 0.8369230765625 0.4370409234375
0 0.78576923125 0.6411332640625 0.781153846875 0.6411332640625 0.7415384609375 0.7014690453125 0.7457692312499999 0.7082896125 0.750384615625 0.7061909765625 0.7534615390625 0.71458551875 0.76923076875 0.7140608609375 0.76923076875 0.748688353125 0.7626923078125001 0.751311646875 0.7615384609375 0.74449108125 0.7573076921874999 0.7418677859375 0.7334615390625 0.742917103125 0.7280769234375 0.743966421875 0.7246153843750001 0.75183630625 0.7246153843750001 0.756033578125 0.7446153843750001 0.781217209375 0.7469230765625 0.8242392437499999 0.7380769234375 0.8268625390625 0.7257692312499999 0.8121720874999999 0.7196153843750001 0.809024134375 0.7096153843749999 0.8111227703124999 0.7023076921875 0.8252885624999999 0.6984615390625 0.8431269671875 0.71423076875 0.9076600203125 0.753846153125 0.9081846796875 0.769615384375 0.9076600203125 0.7723076921875001 0.902938090625 0.7838461531250001 0.8504721937499999 0.8023076921875001 0.7980062953125 0.8123076921875001 0.74449108125 0.8269230765625 0.698321090625 0.8230769234374999 0.683630640625 0.8134615390625 0.671563484375 0.786153846875 0.6521511015625 0.78576923125 0.6411332640625
0 0.684615384375 0.5849947531249999 0.71576923125 0.609653725 0.745 0.6243441765625 0.7815384609375 0.6364113328125 0.7876923078125 0.625918153125 0.786153846875 0.5954879328125 0.79076923125 0.5807974812500001 0.7876923078125 0.5514165796875 0.78923076875 0.5031479531249999 0.7334615390625 0.4658971671875 0.6965384609374999 0.4606505765625 0.6734615390625 0.4658971671875 0.67 0.4769150046875 0.684615384375 0.5849947531249999
0 0.575 0.263378803125 0.5349999999999999 0.2423924453125 0.5273076921875 0.2423924453125 0.5184615390625 0.25760755468749996 0.53 0.26810073437500004 0.52923076875 0.3111227703125 0.50923076875 0.3646379859375 0.5380769234375 0.3913955921875 0.558846153125 0.4050367265625 0.581153846875 0.41238195156249996 0.605384615625 0.4129066109375 0.628846153125 0.402938090625 0.6438461531249999 0.38562434375 0.6484615390624999 0.35309548749999997 0.6415384609375 0.3352570828125 0.6307692312500001 0.32161595 0.6303846156249999 0.3158447015625 0.6223076921875 0.3111227703125 0.6238461531249999 0.3048268625 0.615 0.289611753125 0.575 0.263378803125
0 0.5969230765625 0.22298006250000002 0.6534615390625 0.305351521875 0.690384615625 0.3357817421875 0.7146153843749999 0.3478488984375 0.7369230765625 0.316369359375 0.7023076921875 0.27754459531250003 0.70076923125 0.252360965625 0.6876923078125 0.22402938125 0.6823076921875 0.19359916093750001 0.6473076921875001 0.171038825 0.6080769234375001 0.1731374609375 0.5984615390625 0.1967471140625 0.595384615625 0.211437565625 0.5969230765625 0.22298006250000002
0 0.4865384609375 0.4291710390625 0.478846153125 0.4239244484375 0.46269230781250004 0.4281217203125 0.455384615625 0.44438614843749996 0.455384615625 0.46537250781250006 0.4834615390625 0.466946484375 0.48769230781250006 0.47166841562500006 0.4776923078125 0.519937040625 0.500384615625 0.5445960125 0.53576923125 0.5634837359375 0.5676923078125 0.5640083953125 0.585 0.5613851000000001 0.593846153125 0.5503672609375 0.6030769234375 0.5272822671874999 0.604615384375 0.5188877234375 0.595384615625 0.4769150046875 0.585384615625 0.454879328125 0.569615384375 0.4323189921875 0.5065384609375 0.38195173125 0.4976923078125 0.4275970625 0.4865384609375 0.4291710390625
0 0.6634615390625 0.158447009375 0.6773076921875 0.1469045125 0.6923076921875 0.1243441765625 0.693846153125 0.10650577187500002 0.68576923125 0.08289611718749999 0.671153846875 0.0671563484375 0.65423076875 0.0577124875 0.621153846875 0.053515215625 0.56423076875 0.056663168750000006 0.561153846875 0.0598111234375 0.5573076921875 0.056663168750000006 0.5519230765625001 0.0598111234375 0.54576923125 0.050367260937500005 0.5419230765624999 0.0545645328125 0.5380769234375 0.050367260937500005 0.5334615390625 0.0514165796875 0.531153846875 0.0419727171875 0.5269230765625 0.0435466953125 0.5284615390625 0.0498426015625 0.52576923125 0.055613851562500004 0.5242307687500001 0.0430220359375 0.5188461531249999 0.0430220359375 0.52076923125 0.048793284375 0.5169230765624999 0.0498426015625 0.5169230765624999 0.0309548796875 0.5126923078125001 0.029380903125000003 0.5030769234375 0.033053515625 0.5030769234375 0.0435466953125 0.51576923125 0.053515215625 0.5165384609375 0.060860440625 0.49923076875000005 0.0592864640625 0.5023076921875 0.0445960125 0.499615384375 0.036726128125 0.48038461562499996 0.0409234 0.46038461562500005 0.053515215625 0.4615384609375 0.06033578125 0.458846153125 0.06295907656250001 0.450384615625 0.061909759375 0.4319230765625 0.07345225625 0.428846153125 0.0797481640625 0.371153846875 0.126967471875 0.3669230765625 0.13378803749999998 0.37230769218750004 0.1600209859375 0.37076923125 0.187303253125 0.3726923078125 0.190975865625 0.39076923125 0.19045120625 0.45499999999999996 0.1615949625 0.47576923125 0.1573976921875 0.4819230765625 0.15005246562500002 0.495 0.15424973749999998 0.5226923078125 0.14375655781250002 0.5373076921875 0.1469045125 0.548846153125 0.159496328125 0.610384615625 0.166841553125 0.645 0.166841553125 0.6634615390625 0.158447009375