0 0.6984375 0.4375 0.28125 0.228125
0 0.153125 0.44921875 0.2109375 0.1125
0 0.3796875 0.48203125 0.1890625 0.146875
0 0.19453125 0.53828125 0.2828125 0.1515625
0 0.54921875 0.584375 0.303125 0.2046875
0 0.125 0.69609375 0.2265625 0.1890625
0 0.36953125 0.72109375 0.334375 0.2234375
0 0.8578125 0.8015625 0.284375 0.315625
0 0.678125 0.88125 0.1890625 0.196875
0 0.14296875 0.88984375 0.2625 0.2203125
0 0.45390625 0.090625 0.1640625 0.0890625
0 0.40546875 0.91875 0.2828125 0.1625
0 0.62890625 0.1328125 0.14375 0.1203125
0 0.7859375 0.16015625 0.1171875 0.096875
0 0.4953125 0.17734375 0.175 0.1
0 0.05 0.18515625 0.1 0.13125
0 0.32578125 0.21640625 0.19375 0.1390625
0 0.4515625 0.30703125 0.2515625 0.165625
0 0.18671875 0.3140625 0.215625 0.1421875
0 0.84765625 0.34140625 0.2828125 0.1890625