0 0.016363635937500003 0.4972727265625 0.0145454546875 0.5427272734375 0.02181818125 0.55 0.02181818125 0.5663636359375 0.040909090625 0.5836363640625 0.0672727265625 0.5936363640625 0.089090909375 0.580909090625 0.089090909375 0.5445454546875 0.10181818125 0.5336363640624999 0.130909090625 0.4427272734375 0.13999999999999999 0.43727272656249994 0.12181818124999999 0.399090909375 0.09181818124999999 0.369090909375 0.0472727265625 0.3845454546875 0.0345454546875 0.4754545453125 0.016363635937500003 0.4972727265625
0 0.1963636359375 0.4045454546875 0.17090909062499998 0.3536363640625 0.1736363640625 0.349090909375 0.18181818125 0.35727272656250003 0.17727272656249998 0.33818181875 0.1627272734375 0.3545454546875 0.139090909375 0.350909090625 0.13 0.3636363640625 0.11727272656250001 0.36181818125 0.1072727265625 0.37181818125 0.10909090937499999 0.38818181875 0.129090909375 0.40818181875 0.1345454546875 0.43545454531249994 0.14727272656249998 0.44090909062500006 0.1545454546875 0.4645454546875 0.1454545453125 0.48818181875000005 0.150909090625 0.4972727265625 0.13 0.4927272734375 0.119090909375 0.5 0.10909090937499999 0.51 0.10181818125 0.539090909375 0.1445454546875 0.55818181875 0.16999999999999998 0.5527272734374999 0.1854545453125 0.559090909375 0.1945454546875 0.55181818125 0.19818181875000002 0.5172727265625 0.1736363640625 0.5145454546875 0.16363636406249998 0.500909090625 0.17818181875 0.47181818125 0.17090909062499998 0.44818181875 0.18181818125 0.44818181875 0.17636363593749999 0.41545454531250003 0.1845454546875 0.4236363640625 0.1963636359375 0.4045454546875
0 0.130909090625 0.34090909062499997 0.1354545453125 0.349090909375 0.16 0.35 0.14727272656249998 0.33181818125 0.149090909375 0.29545454531250004 0.13181818125 0.290909090625 0.130909090625 0.34090909062499997
0 0.0072727265625 0.3172727265625 0.0054545453125 0.33181818125 0.024545454687500003 0.3454545453125 0.07181818125 0.33999999999999997 0.090909090625 0.3463636359375 0.11090909062500001 0.3427272734375 0.10909090937499999 0.299090909375 0.0936363640625 0.289090909375 0.0754545453125 0.289090909375 0.059090909375 0.2672727265625 0.04818181875 0.2672727265625 0.0436363640625 0.28454545468750003 0.050909090625 0.29363636406250004 0.024545454687500003 0.29636363593750004 0.0072727265625 0.3172727265625
0 0.86 0.5900000000000001 0.86 0.55181818125 0.8409090906250001 0.5527272734374999 0.8309090906250001 0.559090909375 0.8272727265625001 0.5700000000000001 0.8381818187500001 0.5700000000000001 0.8272727265625001 0.579090909375 0.8372727265625001 0.57818181875 0.8363636359375001 0.5918181812500001 0.849090909375 0.600909090625 0.8454545453125 0.63181818125 0.8272727265625001 0.6445454546875 0.8254545453125001 0.6609090906249999 0.8327272734375001 0.720909090625 0.8472727265625 0.740909090625 0.8454545453125 0.7772727265625 0.8718181812499999 0.7836363640624999 0.89 0.7927272734375 0.9027272734375 0.8109090906249999 0.9163636359374999 0.8118181812499999 0.9381818187500001 0.7954545453125 0.950909090625 0.7445454546875 0.93 0.7145454546875001 0.9154545453124999 0.7127272734375001 0.9054545453125 0.7027272734375 0.890909090625 0.6590909093749999 0.8781818187500001 0.6427272734375 0.8854545453125 0.6063636359375 0.8736363640624999 0.5927272734375 0.86 0.5900000000000001
0 0.8272727265625001 0.6954545453125001 0.8336363640625001 0.6890909093750001 0.84818181875 0.6927272734375001 0.8554545453125 0.6799999999999999 0.8690909093749999 0.6863636359374999 0.85818181875 0.6590909093749999 0.8818181812500001 0.619090909375 0.8790909093750001 0.610909090625 0.8772727265625001 0.6254545453125 0.86181818125 0.6245454546875 0.8690909093749999 0.6063636359375 0.8527272734375 0.5972727265625 0.860909090625 0.58 0.8318181812500001 0.57818181875 0.8281818187500001 0.5854545453125 0.80818181875 0.57818181875 0.8027272734374999 0.5890909093750001 0.7845454546874999 0.5945454546875 0.76818181875 0.57818181875 0.7554545453125 0.57818181875 0.739090909375 0.59818181875 0.719090909375 0.6036363640625 0.7036363640625 0.600909090625 0.7127272734375001 0.580909090625 0.7036363640625 0.5772727265625 0.7045454546875 0.5672727265625 0.6954545453125001 0.5672727265625 0.6818181812499999 0.5772727265625 0.6818181812499999 0.5918181812500001 0.6845454546874999 0.60181818125 0.69181818125 0.5945454546875 0.70181818125 0.600909090625 0.6745454546875 0.61181818125 0.6745454546875 0.640909090625 0.6790909093749999 0.629090909375 0.6854545453124999 0.6354545453125 0.6854545453124999 0.6554545453125 0.6963636359375001 0.6627272734375 0.6963636359375001 0.6845454546874999 0.7127272734375001 0.699090909375 0.709090909375 0.7154545453125001 0.7163636359375001 0.73 0.70181818125 0.74818181875 0.7036363640625 0.7627272734375 0.7127272734375001 0.77 0.7127272734375001 0.8281818187500001 0.7254545453125 0.8445454546875 0.7272727265625 0.8663636359375 0.739090909375 0.8727272734374999 0.7572727265625 0.8690909093749999 0.76 0.88818181875 0.7745454546875 0.8936363640625 0.7854545453124999 0.88818181875 0.79181818125 0.8709090906249999 0.8045454546874999 0.8690909093749999 0.8127272734375 0.859090909375 0.809090909375 0.8045454546874999 0.8363636359375001 0.7645454546875 0.82181818125 0.740909090625 0.8381818187500001 0.7263636359375 0.8345454546875001 0.700909090625 0.8272727265625001 0.6954545453125001
0 0.690909090625 0.479090909375 0.699090909375 0.4436363640625 0.6809090906249999 0.45636363593749996 0.66818181875 0.4472727265625 0.650909090625 0.45545454531249996 0.6618181812499999 0.4954545453125 0.6254545453125 0.5263636359375 0.6163636359375 0.5827272734375 0.6036363640625 0.5936363640625 0.6036363640625 0.61 0.5872727265625 0.6463636359375 0.5927272734375 0.6881818187500001 0.6136363640625 0.6927272734375001 0.6336363640625 0.7072727265625 0.6454545453125 0.7063636359375 0.6590909093749999 0.690909090625 0.6736363640625 0.6927272734375001 0.6890909093750001 0.6809090906249999 0.690909090625 0.66818181875 0.7127272734375001 0.64818181875 0.7145454546875001 0.6045454546875 0.7563636359375 0.5754545453125 0.770909090625 0.5463636359375 0.6963636359375001 0.5063636359375 0.690909090625 0.479090909375
0 0.51181818125 0.46181818124999996 0.479090909375 0.46363636406250003 0.45999999999999996 0.4754545453125 0.45454545468749996 0.51 0.46181818124999996 0.559090909375 0.47818181875 0.600909090625 0.500909090625 0.6272727265625 0.5163636359375 0.63 0.5609090906249999 0.62 0.5672727265625 0.5972727265625 0.5836363640625 0.5827272734375 0.5836363640625 0.5645454546875001 0.61 0.55818181875 0.630909090625 0.519090909375 0.629090909375 0.49181818125000004 0.5972727265625 0.45818181874999997 0.5227272734375 0.4436363640625 0.51181818125 0.46181818124999996
0 0.4463636359375 0.5327272734374999 0.43181818125 0.5363636359374999 0.4227272734375 0.5254545453125 0.3845454546875 0.5272727265625 0.3736363640625 0.51818181875 0.35727272656250003 0.51818181875 0.3472727265625 0.5372727265624999 0.36 0.55 0.3545454546875 0.5718181812500001 0.38181818125 0.6154545453125 0.3763636359375 0.6354545453125 0.3872727265625 0.6554545453125 0.38 0.67 0.38181818125 0.7045454546875 0.3863636359375 0.7127272734375001 0.4045454546875 0.71818181875 0.41545454531250003 0.7345454546875 0.4254545453125 0.7354545453125 0.43727272656249994 0.7272727265625 0.45727272656249995 0.7327272734375 0.46909090937500003 0.720909090625 0.45818181874999997 0.699090909375 0.4672727265625 0.6881818187500001 0.46909090937500003 0.6645454546875 0.45818181874999997 0.600909090625 0.46909090937500003 0.5845454546875 0.46181818124999996 0.5572727265624999 0.4463636359375 0.5327272734374999
0 0.3854545453125 0.4954545453125 0.4 0.47181818125 0.4236363640625 0.45545454531249996 0.41636363593750003 0.43909090937500006 0.4245454546875 0.4436363640625 0.430909090625 0.4245454546875 0.42090909062500004 0.41454545468750004 0.38818181875 0.410909090625 0.380909090625 0.39818181875 0.3663636359375 0.39272727343749997 0.32999999999999996 0.41636363593750003 0.3245454546875 0.4 0.3063636359375 0.39818181875 0.2745454546875 0.4227272734375 0.27181818125 0.43454545468749994 0.25181818125 0.43818181875000006 0.24 0.45363636406249996 0.24 0.4663636359375 0.2636363640625 0.47727272656249997 0.28181818125 0.520909090625 0.2763636359375 0.53181818125 0.27999999999999997 0.5918181812500001 0.29454545468750004 0.600909090625 0.2927272734375 0.61181818125 0.300909090625 0.62181818125 0.3145454546875 0.620909090625 0.34181818124999996 0.6154545453125 0.3463636359375 0.5872727265625 0.3954545453125 0.58 0.39818181875 0.5645454546875001 0.41454545468750004 0.5463636359375 0.4045454546875 0.529090909375 0.3936363640625 0.529090909375 0.39272727343749997 0.5554545453124999 0.38181818125 0.55181818125 0.3854545453125 0.4954545453125
0 0.24454545468750002 0.38181818125 0.2163636359375 0.41545454531250003 0.2163636359375 0.43363636406249995 0.20909090937500002 0.43909090937500006 0.2163636359375 0.47181818125 0.20181818125 0.52818181875 0.21090909062500002 0.53 0.23454545468750002 0.5227272734375 0.23454545468750002 0.51181818125 0.2272727265625 0.50818181875 0.23454545468750002 0.4972727265625 0.22909090937499998 0.4663636359375 0.250909090625 0.43545454531249994 0.2663636359375 0.430909090625 0.27272727343750003 0.42090909062500004 0.249090909375 0.3972727265625 0.24454545468750002 0.38181818125
0 0.45454545468749996 0.3754545453125 0.45454545468749996 0.3427272734375 0.4463636359375 0.33818181875 0.43 0.33818181875 0.42181818125000003 0.3536363640625 0.399090909375 0.36181818125 0.390909090625 0.3772727265625 0.4 0.41181818124999997 0.43636363593749994 0.4245454546875 0.450909090625 0.41727272656250003 0.45181818125 0.39272727343749997 0.45454545468749996 0.41363636406250004 0.46272727343750003 0.42181818125000003 0.48 0.41 0.479090909375 0.4 0.48818181875000005 0.40727272656249996 0.4945454546875 0.399090909375 0.49181818125000004 0.3763636359375 0.45454545468749996 0.3754545453125