0 0.15859375 0.0359375 0.06875 0.0703125
0 0.52578125 0.359375 0.078125 0.0984375
0 0.31875 0.375 0.071875 0.1140625
0 0.634375 0.39140625 0.0828125 0.109375
0 0.584375 0.55078125 0.0515625 0.084375
0 0.65546875 0.64296875 0.084375 0.121875
0 0.82578125 0.64765625 0.034375 0.05
0 0.90625 0.75234375 0.08125 0.1140625
0 0.95234375 0.8171875 0.0546875 0.11875
0 0.9890625 0.88203125 0.021875 0.0546875
0 0.9796875 0.9640625 0.040625 0.071875
0 0.51953125 0.2203125 0.0734375 0.1046875
0 0.409375 0.23125 0.0484375 0.1234375
0 0.46640625 0.25546875 0.0421875 0.1078125
0 0.29453125 0.2703125 0.05625 0.1125
0 0.24140625 0.2734375 0.046875 0.109375