0 0.512681159375 0.6229508203125 0.5271739125 0.6393442625 0.536231884375 0.636612021875 0.57608695625 0.5601092890625 0.6304347828125 0.3907103828125 0.6340579703125 0.352459015625 0.5923913046875 0.3060109296875 0.5815217390625 0.3060109296875 0.54710145 0.368852459375 0.5036231890625 0.5109289625 0.49637681093749997 0.592896175 0.5 0.6202185796874999 0.512681159375 0.6229508203125
0 0.4909420296875 0.398907103125 0.4583333328125 0.38797814218750004 0.4420289859375 0.4234972671875 0.42753623125000006 0.4890710375 0.42391304375 0.5163934421875 0.42753623125000006 0.6147540984375001 0.440217390625 0.6174863390625001 0.45471014531250004 0.63387978125 0.46376811562500003 0.631147540625 0.4782608703125 0.6092896171875 0.49637681093749997 0.5601092890625 0.5072463765624999 0.4890710375 0.539855071875 0.374316940625 0.539855071875 0.3469945359375 0.512681159375 0.31147540937499996 0.5036231890625 0.31420765 0.5072463765624999 0.32513661250000003 0.5036231890625 0.3852459015625 0.4909420296875 0.398907103125
0 0.41847826093749996 0.40437158437500004 0.41485507187500004 0.398907103125 0.40760869531250005 0.398907103125 0.398550725 0.4234972671875 0.3804347828125 0.50546448125 0.37318840625 0.5765027328125 0.3695652171875 0.5819672125 0.37318840625 0.6530054640625 0.39673912968749997 0.6666666671875 0.40942029062499996 0.6639344265625 0.42753623125000006 0.636612021875 0.42391304375 0.5109289625 0.42753623125000006 0.50546448125 0.42753623125000006 0.4836065578125 0.434782609375 0.461748634375 0.434782609375 0.4344262296875 0.438405796875 0.4289617484375 0.438405796875 0.41803278749999995 0.4293478265625 0.40437158437500004 0.41847826093749996 0.40437158437500004
0 0.33514492812499996 0.6065573765625001 0.32065217343749997 0.6174863390625001 0.31159420312499997 0.647540984375 0.31159420312499997 0.6639344265625 0.3079710140625 0.6693989078125 0.3079710140625 0.729508196875 0.31159420312499997 0.734972678125 0.31159420312499997 0.7459016390625 0.3242753625 0.770491803125 0.3315217390625 0.7759562843750001 0.3478260875 0.77322404375 0.3550724640625 0.7568306015624999 0.3550724640625 0.7459016390625 0.3586956515625 0.7404371578125 0.3659420296875 0.6967213109375 0.3695652171875 0.69125683125 0.3695652171875 0.6038251359375 0.364130434375 0.595628415625 0.35326087031250003 0.595628415625 0.3423913046875 0.6065573765625001 0.33514492812499996 0.6065573765625001
0 0.25 0.6584699453125 0.23188405781250002 0.69125683125 0.2173913046875 0.7404371578125 0.21376811562500003 0.7896174859375 0.22282608750000002 0.7978142078125 0.2427536234375 0.7950819671875 0.2590579703125 0.770491803125 0.262681159375 0.770491803125 0.28623188437499997 0.729508196875 0.31159420312499997 0.6530054640625 0.31159420312499997 0.6092896171875 0.30434782656250003 0.592896175 0.288043478125 0.5737704921875 0.2771739125 0.5792349734375 0.264492753125 0.6038251359375 0.25 0.6584699453125
0 0.2192028984375 0.5573770484375 0.2065217390625 0.5874316937499999 0.2065217390625 0.6092896171875 0.1992753625 0.631147540625 0.19565217343750002 0.6693989078125 0.184782609375 0.69125683125 0.184782609375 0.7131147546875 0.19746376875 0.7158469953125 0.20108695625 0.721311475 0.21376811562500003 0.718579234375 0.25 0.6530054640625 0.2681159421875 0.59836065625 0.2681159421875 0.5819672125 0.27173912968749997 0.5765027328125 0.27173912968749997 0.5491803281250001 0.2590579703125 0.5300546453125 0.25181159375 0.5300546453125 0.23913043437499998 0.5491803281250001 0.23731884062500003 0.5573770484375 0.2192028984375 0.5573770484375
0 0.309782609375 0.590163934375 0.3242753625 0.584699453125 0.33876811562500003 0.601092896875 0.340579709375 0.59836065625 0.3460144921875 0.595628415625 0.3586956515625 0.5710382515625 0.3586956515625 0.47267759531250003 0.3460144921875 0.44808743125 0.32789855 0.44808743125 0.3188405796875 0.47814207656249996 0.31159420312499997 0.4890710375 0.29710145 0.5273224046875 0.29710145 0.5710382515625 0.309782609375 0.590163934375
0 0.17934782656249998 0.7158469953125 0.163043478125 0.734972678125 0.15942029062500002 0.7513661203125 0.1521739125 0.76229508125 0.1340579703125 0.816939890625 0.1304347828125 0.8497267765625001 0.12681159375 0.85519125625 0.12681159375 0.9371584703125 0.1322463765625 0.9453551906250001 0.1467391296875 0.9453551906250001 0.1576086953125 0.9562841531249999 0.15942029062500002 0.9535519125 0.1811594203125 0.9207650265625 0.1992753625 0.8770491796875 0.1992753625 0.8661202187500001 0.2065217390625 0.8497267765625001 0.210144928125 0.7896174859375 0.21376811562500003 0.7841530046875 0.21376811562500003 0.7459016390625 0.210144928125 0.734972678125 0.1938405796875 0.7322404375 0.17934782656249998 0.7158469953125
0 0.0434782609375 0.822404371875 0.0434782609375 0.8825136609375 0.0543478265625 0.909836065625 0.0543478265625 0.9262295078125 0.08333333281250001 0.9262295078125 0.1050724640625 0.8934426234374999 0.11956521718749999 0.8442622953125 0.11956521718749999 0.7677595625 0.112318840625 0.734972678125 0.1159420296875 0.6967213109375 0.10688405781250002 0.6612021859375 0.07608695625 0.6967213109375 0.0543478265625 0.7677595625 0.04710145 0.816939890625 0.0434782609375 0.822404371875
0 0 0.9262295078125 0.007246376562499999 0.9262295078125 0.036231884375 0.8606557374999999 0.036231884375 0.8387978140625 0.0434782609375 0.8060109296875 0.0434782609375 0.7568306015624999 0.039855071874999995 0.7513661203125 0.039855071874999995 0.7131147546875 0.036231884375 0.7076502734375001 0.036231884375 0.68032786875 0.039855071874999995 0.6693989078125 0.0271739125 0.6557377046874999 0.0090579703125 0.6612021859375 0 0.68032786875 0 0.9262295078125
0 0.1467391296875 0.6174863390625001 0.1322463765625 0.64480874375 0.1213768109375 0.6502732234375 0.1159420296875 0.6584699453125 0.1159420296875 0.7459016390625 0.11956521718749999 0.7513661203125 0.11956521718749999 0.76229508125 0.139492753125 0.765027321875 0.14311594218749998 0.770491803125 0.14492753593750002 0.7677595625 0.15036231875 0.765027321875 0.15942029062500002 0.7459016390625 0.15942029062500002 0.734972678125 0.1702898546875 0.7131147546875 0.17391304375 0.69125683125 0.17753623125 0.68579235 0.17391304375 0.6639344265625 0.15942029062500002 0.636612021875 0.1539855078125 0.6174863390625001 0.1467391296875 0.6174863390625001
0 0.3061594203125 0.7431693984375001 0.2934782609375 0.76229508125 0.2681159421875 0.8497267765625001 0.264492753125 0.8934426234374999 0.260869565625 0.8989071031250001 0.260869565625 0.9644808749999999 0.264492753125 0.9699453546875001 0.264492753125 0.991803278125 0.2699275359375 1 0.31159420312499997 0.9972677593749999 0.32246376875 0.9644808749999999 0.3297101453125 0.9316939890624999 0.3297101453125 0.9153005468750001 0.3333333328125 0.909836065625 0.3333333328125 0.8934426234374999 0.336956521875 0.8879781421875 0.340579709375 0.811475409375 0.32246376875 0.7841530046875 0.315217390625 0.7568306015624999 0.3061594203125 0.7431693984375001
0 0.4710144921875 1 0.47463768125000005 0.9972677593749999 0.47463768125000005 0.9754098359375 0.4710144921875 0.9699453546875001 0.47463768125000005 0.7950819671875 0.46557970937500004 0.7868852453125 0.461956521875 0.7923497265624999 0.4438405796875 0.7923497265624999 0.438405796875 0.7841530046875 0.438405796875 0.7677595625 0.4257246375 0.765027321875 0.40942029062499996 0.7950819671875 0.40942029062499996 0.8060109296875 0.4021739125 0.8278688531249999 0.4021739125 0.85519125625 0.398550725 0.8606557374999999 0.398550725 0.9808743171875 0.4021739125 0.9863387984375 0.4021739125 1 0.4710144921875 1
0 0.5507246375 1 0.5579710140625 0.9972677593749999 0.5543478265624999 0.9863387984375 0.5543478265624999 0.9426229515625 0.54710145 0.9153005468750001 0.54710145 0.7950819671875 0.5507246375 0.7896174859375 0.5507246375 0.76229508125 0.5416666671875 0.7431693984375001 0.5199275359375 0.7431693984375001 0.49637681093749997 0.7841530046875 0.49637681093749997 0.816939890625 0.4927536234375 0.822404371875 0.4927536234375 0.9972677593749999 0.49818840625 1 0.5507246375 1
0 0.539855071875 0.68579235 0.5434782609375 0.69125683125 0.54710145 0.7404371578125 0.559782609375 0.7540983609375 0.586956521875 0.7513661203125 0.601449275 0.7021857921875 0.6195652171875 0.6038251359375 0.6413043484375 0.538251365625 0.637681159375 0.5163934421875 0.6286231890625 0.502732240625 0.6068840578125 0.502732240625 0.586956521875 0.5273224046875 0.5797101453125 0.5546448093749999 0.5434782609375 0.636612021875 0.539855071875 0.68579235
0 0.6050724640625 0.6748633875000001 0.601449275 0.7240437156249999 0.5978260875 0.729508196875 0.5978260875 0.7677595625 0.6068840578125 0.781420765625 0.6177536234375001 0.7868852453125 0.6268115937500001 0.7841530046875 0.6521739125 0.7404371578125 0.663043478125 0.6967213109375 0.684782609375 0.647540984375 0.7065217390625 0.5765027328125 0.6811594203125 0.538251365625 0.6757246375 0.5191256828124999 0.661231884375 0.5191256828124999 0.648550725 0.5327868859375 0.6195652171875 0.6147540984375001 0.6050724640625 0.6748633875000001
0 0.612318840625 0.8333333328125001 0.601449275 0.8879781421875 0.601449275 0.9153005468750001 0.625 0.9234972671874999 0.637681159375 0.9207650265625 0.6702898546875 0.8879781421875 0.6956521734375001 0.816939890625 0.6956521734375001 0.8005464484375 0.7173913046875 0.6967213109375 0.7173913046875 0.6693989078125 0.7047101453125 0.63387978125 0.6938405796875 0.63387978125 0.684782609375 0.647540984375 0.6521739125 0.7459016390625 0.612318840625 0.8333333328125001
0 0.7318840578125 0.6147540984375001 0.7282608703125 0.647540984375 0.72463768125 0.6530054640625 0.72463768125 0.6748633875000001 0.7173913046875 0.6967213109375 0.7173913046875 0.7131147546875 0.710144928125 0.729508196875 0.710144928125 0.7459016390625 0.70289855 0.7677595625 0.70289855 0.7896174859375 0.6956521734375001 0.811475409375 0.6956521734375001 0.816939890625 0.70108695625 0.8251366125 0.7083333328125 0.8251366125 0.715579709375 0.8415300546875001 0.72463768125 0.8387978140625 0.7463768109375 0.811475409375 0.760869565625 0.76229508125 0.7826086953125 0.718579234375 0.7934782609375 0.68579235 0.7934782609375 0.6693989078125 0.79710145 0.6639344265625 0.79710145 0.6147540984375001 0.7807971015625 0.595628415625 0.7445652171875 0.601092896875 0.7318840578125 0.6147540984375001
0 0.8369565218749999 0.904371584375 0.862318840625 0.8060109296875 0.898550725 0.5765027328125 0.8949275359375 0.5327868859375 0.8786231890625 0.502732240625 0.8496376812499999 0.508196721875 0.8297101453125 0.5601092890625 0.7934782609375 0.778688525 0.79710145 0.8879781421875 0.8134057968749999 0.9071038250000001 0.8369565218749999 0.904371584375
0 1 0.5163934421875 0.976449275 0.5136612015625001 0.9547101453125 0.4699453546875 0.9438405796874999 0.4699453546875 0.9293478265624999 0.4808743171875 0.9130434781250001 0.5163934421875 0.9130434781250001 0.5491803281250001 0.9347826093749999 0.5710382515625 0.9347826093749999 0.6202185796874999 0.9166666671874999 0.718579234375 0.9166666671874999 0.77322404375 0.9329710140625 0.7868852453125 0.9565217390624999 0.7841530046875 0.985507246875 0.7404371578125 1 0.68579235 1 0.5163934421875
0 0.898550725 0.5765027328125 0.8659420296875 0.8005464484375 0.8442028984375 0.8934426234374999 0.8405797093749999 0.9207650265625 0.8442028984375 0.9644808749999999 0.8550724640625 0.9699453546875001 0.8931159421875 0.9672131140625 0.9130434781250001 0.9316939890624999 0.9275362312500001 0.8715847 0.9275362312500001 0.8060109296875 0.9130434781250001 0.77322404375 0.9166666671874999 0.7131147546875 0.9311594203125001 0.647540984375 0.9347826093749999 0.5819672125 0.9184782609375001 0.5628415296875 0.898550725 0.5765027328125
0 1 0.19398907031249998 0.9945652171875 0.19125683124999998 0.985507246875 0.20491803281249998 0.9746376812499999 0.265027321875 0.9746376812499999 0.30874316875 0.9673913046875 0.3469945359375 0.960144928125 0.363387978125 0.9565217390624999 0.4234972671875 0.960144928125 0.4289617484375 0.960144928125 0.4672131140625 0.963768115625 0.47814207656249996 0.9728260875 0.491803278125 0.9945652171875 0.48633879843749994 1 0.49453551874999996 1 0.19398907031249998
0 0.9365942031250001 0 0.9311594203125001 0.008196721875 0.9311594203125001 0.0191256828125 0.9166666671874999 0.07377049218750001 0.9166666671874999 0.101092896875 0.9130434781250001 0.1065573765625 0.9130434781250001 0.13387978125 0.9094202906250001 0.1393442625 0.9094202906250001 0.172131146875 0.9057971015625 0.17759562812500002 0.9057971015625 0.2158469953125 0.9094202906250001 0.22131147499999998 0.9094202906250001 0.23770491875 0.914855071875 0.2459016390625 0.9221014500000001 0.2459016390625 0.9257246374999999 0.24043715781250002 0.9329710140625 0.24043715781250002 0.9365942031250001 0.2459016390625 0.9420289859375 0.2431693984375 0.9492753625000001 0.22677595625000002 0.9673913046875 0.20491803281249998 0.9782608703125 0.1612021859375 0.9818840578125 0.07377049218750001 0.985507246875 0.0683060109375 0.9836956515624999 0 0.9365942031250001 0
0 0.8659420296875 0.11748633906249999 0.862318840625 0.1502732234375 0.851449275 0.1666666671875 0.8478260875 0.19398907031249998 0.8442028984375 0.1994535515625 0.8442028984375 0.3032786890625 0.851449275 0.32513661250000003 0.8532608703125 0.3497267765625 0.8840579703125 0.3469945359375 0.8840579703125 0.3360655734375 0.898550725 0.3032786890625 0.9021739125 0.265027321875 0.9057971015625 0.2595628421875 0.9057971015625 0.21038251406250003 0.9021739125 0.20491803281249998 0.9057971015625 0.1994535515625 0.9057971015625 0.1120218578125 0.875 0.09836065625 0.8659420296875 0.11748633906249999
0 0.7934782609375 0.1120218578125 0.786231884375 0.1393442625 0.786231884375 0.1612021859375 0.7826086953125 0.1666666671875 0.7826086953125 0.2431693984375 0.786231884375 0.2486338796875 0.786231884375 0.28142076562499996 0.789855071875 0.28688524531250004 0.789855071875 0.3032786890625 0.8025362312500001 0.3060109296875 0.8134057968749999 0.316939890625 0.8188405796874999 0.31420765 0.8297101453125 0.3032786890625 0.8442028984375 0.2595628421875 0.8442028984375 0.17759562812500002 0.8224637687499999 0.1502732234375 0.8115942031250001 0.1120218578125 0.8115942031250001 0.09562841562499999 0.8025362312500001 0.0819672125 0.79891304375 0.0819672125 0.7934782609375 0.09562841562499999 0.7934782609375 0.1120218578125
0 0.739130434375 0.183060109375 0.739130434375 0.20491803281249998 0.735507246875 0.2158469953125 0.72463768125 0.2322404375 0.72463768125 0.27595628437499997 0.735507246875 0.2978142078125 0.735507246875 0.3032786890625 0.7445652171875 0.316939890625 0.764492753125 0.31420765 0.7699275359375 0.31147540937499996 0.786231884375 0.28142076562499996 0.786231884375 0.265027321875 0.7826086953125 0.2595628421875 0.7826086953125 0.22677595625000002 0.77536231875 0.20491803281249998 0.77536231875 0.188524590625 0.7699275359375 0.18032786875 0.7445652171875 0.1748633875 0.739130434375 0.183060109375
0 0.6322463765624999 0.0655737703125 0.625 0.0655737703125 0.612318840625 0.090163934375 0.6086956515625 0.1393442625 0.6231884062499999 0.17759562812500002 0.6268115937500001 0.20491803281249998 0.6557971015625 0.28142076562499996 0.661231884375 0.2841530046875 0.67210145 0.3060109296875 0.6793478265624999 0.31147540937499996 0.6992753625 0.30874316875 0.7047101453125 0.3005464484375 0.7192028984375 0.3060109296875 0.72463768125 0.2978142078125 0.7210144921875 0.2486338796875 0.70108695625 0.2131147546875 0.6865942031250001 0.20218579218750002 0.663043478125 0.1666666671875 0.6521739125 0.13387978125 0.6413043484375 0.0792349734375 0.6322463765624999 0.0655737703125
0 0.6467391296875 0 0.6413043484375 0.008196721875 0.6413043484375 0.07377049218750001 0.6521739125 0.1120218578125 0.6521739125 0.1284153 0.6666666671875 0.172131146875 0.6829710140625 0.1967213109375 0.711956521875 0.21857923437500001 0.7173913046875 0.2158469953125 0.7228260875 0.2076502734375 0.7336956515625 0.2076502734375 0.739130434375 0.1994535515625 0.739130434375 0.1502732234375 0.735507246875 0.14480874375 0.735507246875 0.13387978125 0.7300724640625 0.125683059375 0.7228260875 0.125683059375 0.713768115625 0.1120218578125 0.7065217390625 0.090163934375 0.7065217390625 0.07377049218750001 0.6992753625 0.0464480875 0.6992753625 0.008196721875 0.690217390625 0 0.6467391296875 0
0 0.6576086953125 0.2841530046875 0.65036231875 0.2841530046875 0.648550725 0.352459015625 0.6521739125 0.35792349687499997 0.6521739125 0.3852459015625 0.6557971015625 0.3907103828125 0.659420290625 0.4234972671875 0.6757246375 0.45901639375 0.690217390625 0.4699453546875 0.6956521734375001 0.4672131140625 0.711956521875 0.464480875 0.7282608703125 0.4344262296875 0.7282608703125 0.3852459015625 0.72463768125 0.3797814203125 0.7210144921875 0.3469945359375 0.711956521875 0.322404371875 0.7047101453125 0.316939890625 0.6829710140625 0.316939890625 0.6684782609375 0.3060109296875 0.6576086953125 0.2841530046875
0 0.57608695625 0.2486338796875 0.586956521875 0.28688524531250004 0.59963768125 0.3060109296875 0.614130434375 0.322404371875 0.6340579703125 0.32513661250000003 0.6449275359375 0.31420765 0.6413043484375 0.270491803125 0.6231884062499999 0.183060109375 0.5942028984375 0.1229508203125 0.5271739125 0.0109289625 0.5018115937500001 0 0.461956521875 0.00546448125 0.46739130468749995 0.04098360625 0.5036231890625 0.13387978125 0.57608695625 0.2486338796875
0 0.489130434375 0.1612021859375 0.4927536234375 0.1666666671875 0.4927536234375 0.17759562812500002 0.4782608703125 0.1994535515625 0.4782608703125 0.2158469953125 0.4818840578125 0.22131147499999998 0.485507246875 0.2486338796875 0.49637681093749997 0.28142076562499996 0.512681159375 0.3060109296875 0.5163043484375 0.3060109296875 0.5307971015625 0.32786885312499997 0.5434782609375 0.32513661250000003 0.5615942031250001 0.30874316875 0.5615942031250001 0.270491803125 0.5579710140625 0.265027321875 0.5543478265624999 0.2322404375 0.5434782609375 0.20491803281249998 0.5289855078125 0.183060109375 0.5289855078125 0.17759562812500002 0.49818840625 0.131147540625 0.4909420296875 0.131147540625 0.489130434375 0.1612021859375
0 0.31159420312499997 0.1502732234375 0.3188405796875 0.23770491875 0.351449275 0.34153005468750003 0.3677536234375 0.3606557375 0.37318840625 0.35792349687499997 0.40036231874999995 0.35519125625000003 0.40579710156250004 0.3469945359375 0.40579710156250004 0.3306010921875 0.40942029062499996 0.32513661250000003 0.40942029062499996 0.265027321875 0.3949275359375 0.20491803281249998 0.389492753125 0.20218579218750002 0.3677536234375 0.16393442656249999 0.33514492812499996 0.125683059375 0.31159420312499997 0.1502732234375
0 0.4166666671875 0.172131146875 0.40579710156250004 0.19398907031249998 0.40579710156250004 0.22677595625000002 0.42753623125000006 0.31420765 0.4456521734375 0.35792349687499997 0.46920289843749996 0.38797814218750004 0.5 0.3852459015625 0.5036231890625 0.3797814203125 0.5036231890625 0.31420765 0.49637681093749997 0.28142076562499996 0.4818840578125 0.2431693984375 0.4818840578125 0.2322404375 0.4492753625 0.188524590625 0.45289855 0.17759562812500002 0.4293478265625 0.142076503125 0.41847826093749996 0.142076503125 0.4166666671875 0.172131146875
0 0.15579710156249998 0.2978142078125 0.1702898546875 0.352459015625 0.1702898546875 0.368852459375 0.20289855 0.49453551874999996 0.226449275 0.54098360625 0.23913043437499998 0.538251365625 0.25 0.5163934421875 0.25 0.4344262296875 0.2427536234375 0.3852459015625 0.235507246875 0.368852459375 0.235507246875 0.352459015625 0.21376811562500003 0.265027321875 0.186594203125 0.21857923437500001 0.1684782609375 0.2131147546875 0.15579710156249998 0.2322404375 0.15579710156249998 0.2978142078125
0 0.0543478265625 0.2322404375 0.0543478265625 0.31420765 0.057971014062500006 0.3306010921875 0.090579709375 0.4398907109375 0.125 0.497267759375 0.1304347828125 0.49453551874999996 0.139492753125 0.491803278125 0.148550725 0.47814207656249996 0.148550725 0.4344262296875 0.12681159375 0.3306010921875 0.1159420296875 0.2978142078125 0.1159420296875 0.28142076562499996 0.090579709375 0.23770491875 0.0815217390625 0.2131147546875 0.0670289859375 0.2131147546875 0.0543478265625 0.2322404375
0 0 0.4836065578125 0.014492753124999999 0.5 0.034420290625 0.54098360625 0.0434782609375 0.538251365625 0.061594203125000004 0.5218579234375 0.057971014062500006 0.50546448125 0.057971014062500006 0.450819671875 0.0543478265625 0.44535519062500006 0.0543478265625 0.3469945359375 0.057971014062500006 0.34153005468750003 0.0543478265625 0.32513661250000003 0.0543478265625 0.2322404375 0.04891304375 0.224043715625 0.023550725 0.24043715781250002 0 0.28142076562499996 0 0.4836065578125
0 0.07246376875 0.3907103828125 0.06521739062500001 0.352459015625 0.059782609375 0.3497267765625 0.0543478265625 0.3797814203125 0.0543478265625 0.4289617484375 0.057971014062500006 0.4344262296875 0.06521739062500001 0.538251365625 0.08333333281250001 0.6092896171875 0.10688405781250002 0.6502732234375 0.112318840625 0.647540984375 0.137681159375 0.631147540625 0.137681159375 0.6092896171875 0.1413043484375 0.6038251359375 0.137681159375 0.592896175 0.1413043484375 0.5874316937499999 0.137681159375 0.5819672125 0.1340579703125 0.5273224046875 0.0978260875 0.461748634375 0.07971014531250001 0.40163934375 0.07246376875 0.3907103828125
0 0.148550725 0.4234972671875 0.148550725 0.47267759531250003 0.1521739125 0.47814207656249996 0.137681159375 0.5163934421875 0.1413043484375 0.5601092890625 0.148550725 0.59836065625 0.1666666671875 0.642076503125 0.17210145 0.6502732234375 0.1811594203125 0.647540984375 0.19565217343750002 0.636612021875 0.2065217390625 0.59836065625 0.20289855 0.5273224046875 0.184782609375 0.4234972671875 0.1666666671875 0.352459015625 0.15579710156249998 0.31967213125 0.14311594218749998 0.3060109296875 0.1340579703125 0.31420765 0.1304347828125 0.3360655734375 0.148550725 0.4234972671875
0 0.07608695625 0.0628415296875 0.07608695625 0.07377049218750001 0.061594203125000004 0.101092896875 0.061594203125000004 0.11748633906249999 0.057971014062500006 0.1284153 0.061594203125000004 0.13387978125 0.06521739062500001 0.1666666671875 0.090579709375 0.2322404375 0.10688405781250002 0.2513661203125 0.11413043437499999 0.2513661203125 0.1177536234375 0.25683060156250004 0.12681159375 0.2540983609375 0.139492753125 0.23497267812499997 0.1521739125 0.2322404375 0.1521739125 0.1994535515625 0.1340579703125 0.1393442625 0.12318840625000001 0.1229508203125 0.112318840625 0.090163934375 0.1050724640625 0.0792349734375 0.0978260875 0.0464480875 0.0923913046875 0.043715846875 0.07608695625 0.0628415296875
0 0.09963768125 0 0.0978260875 0.035519125 0.101449275 0.04098360625 0.101449275 0.0573770484375 0.11956521718749999 0.1120218578125 0.15036231875 0.16393442656249999 0.17210145 0.18032786875 0.1811594203125 0.17759562812500002 0.186594203125 0.1693989078125 0.20108695625 0.16393442656249999 0.20289855 0.14480874375 0.1992753625 0.1393442625 0.1992753625 0.1229508203125 0.184782609375 0.090163934375 0.184782609375 0.07377049218750001 0.1666666671875 0.008196721875 0.1576086953125 0 0.09963768125 0
0 0.1829710140625 0 0.17753623125 0.008196721875 0.17753623125 0.04098360625 0.1811594203125 0.0464480875 0.184782609375 0.0792349734375 0.1992753625 0.1065573765625 0.20289855 0.1229508203125 0.20833333281250002 0.131147540625 0.22282608750000002 0.142076503125 0.22463768125 0.1393442625 0.23731884062500003 0.12021857968750001 0.2572463765625 0.11748633906249999 0.2572463765625 0.084699453125 0.25 0.0683060109375 0.25 0.0573770484375 0.23731884062500003 0.038251365625 0.23188405781250002 0.035519125 0.23188405781250002 0.0245901640625 0.22826087031250003 0.0191256828125 0.226449275 0.00546448125 0.2192028984375 0 0.1829710140625 0
0 0.25181159375 0.23497267812499997 0.2409420296875 0.24043715781250002 0.23188405781250002 0.2540983609375 0.23188405781250002 0.2923497265625 0.22826087031250003 0.2978142078125 0.22826087031250003 0.31967213125 0.235507246875 0.34153005468750003 0.235507246875 0.35792349687499997 0.24637681093750002 0.3961748640625 0.24637681093750002 0.41803278749999995 0.25 0.4289617484375 0.27536231875 0.4289617484375 0.2826086953125 0.407103825 0.2826086953125 0.3797814203125 0.28623188437499997 0.374316940625 0.28623188437499997 0.31420765 0.2826086953125 0.30874316875 0.2826086953125 0.2595628421875 0.2789855078125 0.2540983609375 0.27536231875 0.2322404375 0.2663043484375 0.21857923437500001 0.25181159375 0.23497267812499997
0 0.2789855078125 0.4289617484375 0.27173912968749997 0.4398907109375 0.264492753125 0.4672131140625 0.264492753125 0.49453551874999996 0.273550725 0.508196721875 0.284420290625 0.508196721875 0.288043478125 0.5136612015625001 0.29710145 0.5109289625 0.31159420312499997 0.4836065578125 0.32608695625 0.4344262296875 0.32608695625 0.3797814203125 0.315217390625 0.34153005468750003 0.315217390625 0.2595628421875 0.29891304375 0.229508196875 0.28623188437499997 0.2486338796875 0.28623188437499997 0.3907103828125 0.2826086953125 0.3961748640625 0.2789855078125 0.4289617484375
0 0.49637681093749997 0.6147540984375001 0.4909420296875 0.6065573765625001 0.48369565156250005 0.6120218578125 0.46557970937500004 0.6393442625 0.461956521875 0.6393442625 0.4456521734375 0.6639344265625 0.434782609375 0.6967213109375 0.434782609375 0.7513661203125 0.4438405796875 0.765027321875 0.45471014531250004 0.765027321875 0.46557970937500004 0.781420765625 0.47463768125000005 0.778688525 0.4800724640625 0.7759562843750001 0.5072463765624999 0.734972678125 0.52536231875 0.68579235 0.52536231875 0.6693989078125 0.5217391296875 0.6584699453125 0.5163043484375 0.6557377046874999 0.5072463765624999 0.642076503125 0.5072463765624999 0.636612021875 0.5 0.631147540625 0.49637681093749997 0.6147540984375001
0 0.8170289859375 0.4426229515625 0.8025362312500001 0.45355191250000004 0.784420290625 0.47540983593749997 0.7807971015625 0.47540983593749997 0.7427536234375001 0.538251365625 0.7427536234375001 0.5491803281250001 0.7536231890625 0.5655737703125 0.7554347828125 0.5792349734375 0.789855071875 0.5765027328125 0.8134057968749999 0.5628415296875 0.8478260875 0.5109289625 0.8478260875 0.50546448125 0.8586956515624999 0.49453551874999996 0.8586956515624999 0.4836065578125 0.8496376812499999 0.464480875 0.835144928125 0.45355191250000004 0.8278985499999999 0.45355191250000004 0.8206521734375001 0.4426229515625 0.8170289859375 0.4426229515625
0 0.737318840625 0.42622950781249996 0.711956521875 0.4699453546875 0.6974637687499999 0.47540983593749997 0.6884057968749999 0.4890710375 0.684782609375 0.5163934421875 0.6938405796875 0.5245901640625 0.7047101453125 0.5464480875 0.711956521875 0.5519125687499999 0.713768115625 0.5491803281250001 0.7228260875 0.5464480875 0.7445652171875 0.5245901640625 0.788043478125 0.45901639375 0.7934782609375 0.45628415312500004 0.8079710140625 0.4234972671875 0.8061594203125001 0.3934426234375 0.7518115937500001 0.398907103125 0.7463768109375 0.407103825 0.7463768109375 0.41803278749999995 0.737318840625 0.42622950781249996
0 0.8369565218749999 0.3907103828125 0.8297101453125 0.407103825 0.8297101453125 0.4234972671875 0.8423913046875 0.43715847031250005 0.8496376812499999 0.43715847031250005 0.8532608703125 0.4426229515625 0.8586956515624999 0.4398907109375 0.8786231890625 0.4316939890625 0.8931159421875 0.40983606562499997 0.8967391296875 0.40983606562499997 0.9166666671874999 0.374316940625 0.9166666671874999 0.3469945359375 0.9039855078125001 0.316939890625 0.8822463765625 0.35519125625000003 0.8532608703125 0.3497267765625 0.8369565218749999 0.3797814203125 0.8369565218749999 0.3907103828125
0 0.87318840625 0.47267759531250003 0.8786231890625 0.4808743171875 0.8931159421875 0.491803278125 0.9094202906250001 0.4890710375 0.9257246374999999 0.4808743171875 0.9347826093749999 0.450819671875 0.9347826093749999 0.4289617484375 0.9311594203125001 0.4234972671875 0.9311594203125001 0.407103825 0.9275362312500001 0.40163934375 0.9257246374999999 0.38797814218750004 0.911231884375 0.3934426234375 0.87318840625 0.45628415312500004 0.87318840625 0.47267759531250003
0 0.42210145 0 0.40579710156250004 0.0245901640625 0.40579710156250004 0.0300546453125 0.398550725 0.035519125 0.4021739125 0.0628415296875 0.413043478125 0.09562841562499999 0.42028985468749996 0.1065573765625 0.42391304375 0.1229508203125 0.438405796875 0.14480874375 0.438405796875 0.1502732234375 0.4438405796875 0.15300546406249999 0.4583333328125 0.1748633875 0.4728260875 0.18579235 0.4818840578125 0.183060109375 0.489130434375 0.17759562812500002 0.489130434375 0.1229508203125 0.485507246875 0.11748633906249999 0.485507246875 0.101092896875 0.4818840578125 0.09562841562499999 0.4782608703125 0.0683060109375 0.46014492812499996 0.0136612015625 0.45108695625 0 0.42210145 0
0 0.3079710140625 0.008196721875 0.32246376875 0.05191256875 0.3333333328125 0.0683060109375 0.3333333328125 0.084699453125 0.351449275 0.1393442625 0.389492753125 0.19125683124999998 0.398550725 0.188524590625 0.413043478125 0.172131146875 0.4166666671875 0.1612021859375 0.4166666671875 0.13387978125 0.413043478125 0.1284153 0.413043478125 0.1065573765625 0.4021739125 0.07377049218750001 0.387681159375 0.0464480875 0.37681159375 0.002732240625 0.309782609375 0 0.3079710140625 0.008196721875
0 0.7065217390625 0.084699453125 0.710144928125 0.090163934375 0.713768115625 0.1120218578125 0.7192028984375 0.12021857968750001 0.72463768125 0.11748633906249999 0.7300724640625 0.10928961718750001 0.7481884062499999 0.10928961718750001 0.760869565625 0.084699453125 0.760869565625 0.07377049218750001 0.7681159421875 0.05191256875 0.7663043484375 0 0.70289855 0.002732240625 0.70289855 0.0573770484375 0.7065217390625 0.0628415296875 0.7065217390625 0.084699453125
0 0.8315217390624999 0 0.82608695625 0.008196721875 0.8224637687499999 0.0245901640625 0.8079710140625 0.0464480875 0.8079710140625 0.084699453125 0.8115942031250001 0.090163934375 0.8152173906250001 0.11748633906249999 0.8224637687499999 0.13387978125 0.8224637687499999 0.14480874375 0.8315217390624999 0.1584699453125 0.8405797093749999 0.15573770468749998 0.8568840578125 0.15300546406249999 0.862318840625 0.14480874375 0.862318840625 0.1284153 0.8659420296875 0.1229508203125 0.8659420296875 0.101092896875 0.8695652171875 0.09562841562499999 0.8695652171875 0.008196721875 0.864130434375 0 0.8315217390624999 0
0 0.3949275359375 0.6967213109375 0.398550725 0.69125683125 0.398550725 0.68032786875 0.3931159421875 0.672131146875 0.385869565625 0.672131146875 0.3822463765625 0.6666666671875 0.37318840625 0.6748633875000001 0.37318840625 0.68579235 0.3695652171875 0.69125683125 0.3695652171875 0.7021857921875 0.3659420296875 0.7076502734375001 0.3659420296875 0.718579234375 0.3550724640625 0.7513661203125 0.351449275 0.7841530046875 0.3478260875 0.7896174859375 0.3478260875 0.8661202187500001 0.3568840578125 0.8797814203125001 0.37681159375 0.8770491796875 0.387681159375 0.8606557374999999 0.3949275359375 0.8387978140625 0.3949275359375 0.8278688531249999 0.4021739125 0.811475409375 0.4021739125 0.8005464484375 0.40579710156250004 0.7950819671875 0.40579710156250004 0.7459016390625 0.40036231874999995 0.7431693984375001 0.3949275359375 0.729508196875 0.3949275359375 0.6967213109375
0 0.387681159375 1 0.3949275359375 0.9863387984375 0.3949275359375 0.9153005468750001 0.398550725 0.909836065625 0.398550725 0.8825136609375 0.3931159421875 0.868852459375 0.389492753125 0.868852459375 0.3786231890625 0.8852459015624999 0.364130434375 0.8852459015624999 0.34963768125 0.8743169406250001 0.336956521875 0.8989071031250001 0.336956521875 0.9153005468750001 0.3297101453125 0.9316939890624999 0.3297101453125 0.94808743125 0.32608695625 0.9535519125 0.3188405796875 0.9972677593749999 0.3242753625 1 0.387681159375 1
0 0.5978260875 0.77322404375 0.5923913046875 0.7595628421875 0.57789855 0.7759562843750001 0.5670289859375 0.7759562843750001 0.559782609375 0.770491803125 0.5507246375 0.7896174859375 0.5507246375 0.816939890625 0.54710145 0.822404371875 0.5507246375 0.8333333328125001 0.5507246375 0.9207650265625 0.5561594203125 0.9344262296875 0.5634057968749999 0.9344262296875 0.5670289859375 0.9398907109374999 0.5797101453125 0.9371584703125 0.5978260875 0.904371584375 0.5978260875 0.8934426234374999 0.601449275 0.8879781421875 0.601449275 0.8770491796875 0.6086956515625 0.85519125625 0.6086956515625 0.8278688531249999 0.612318840625 0.822404371875 0.6050724640625 0.8005464484375 0.5978260875 0.7896174859375 0.5978260875 0.77322404375
0 0.786231884375 0.822404371875 0.77536231875 0.811475409375 0.77536231875 0.8005464484375 0.7699275359375 0.7923497265624999 0.7663043484375 0.7923497265624999 0.7210144921875 0.8661202187500001 0.7173913046875 0.8879781421875 0.713768115625 0.8934426234374999 0.713768115625 0.9426229515625 0.7173913046875 0.9535519125 0.7336956515625 0.9562841531249999 0.7481884062499999 0.9672131140625 0.7572463765624999 0.9644808749999999 0.7663043484375 0.961748634375 0.7789855078125 0.9426229515625 0.7789855078125 0.9371584703125 0.789855071875 0.9153005468750001 0.789855071875 0.8934426234374999 0.7934782609375 0.8879781421875 0.7934782609375 0.8715847 0.789855071875 0.8661202187500001 0.789855071875 0.8333333328125001 0.786231884375 0.822404371875
0 0.960144928125 0.7950819671875 0.9474637687499999 0.81420765 0.9438405796874999 0.81420765 0.9384057968749999 0.8278688531249999 0.9384057968749999 0.8661202187500001 0.9456521734375001 0.8825136609375 0.9456521734375001 0.8934426234374999 0.9547101453125 0.9071038250000001 0.9565217390624999 0.904371584375 0.9583333328125001 0.8961748640625 0.9728260875 0.8961748640625 0.976449275 0.90163934375 0.9836956515624999 0.90163934375 1 0.8825136609375 0.99818840625 0.6994535515625 0.9927536234375 0.7131147546875 0.989130434375 0.7404371578125 0.960144928125 0.7896174859375 0.960144928125 0.7950819671875