0 0.31640625 0.26015625 0.303125 0.4625
0 0.471875 0.68828125 0.2640625 0.4828125
0 0.72265625 0.55 0.2609375 0.4296875
0 0.146875 0.6890625 0.2671875 0.496875
0 0.109375 0.34375 0.1796875 0.3359375
0 0.5859375 0.303125 0.1953125 0.4296875
0 0.8078125 0.1890625 0.2078125 0.378125
0 0.890625 0.40625 0.125 0.3078125
0 0.88359375 0.75703125 0.1109375 0.3375
0 0.0740740734375 0.4352941171875 0 0.48823529375 0.0235690234375 0.8235294124999999 0.0740740734375 0.894117646875 0.1616161609375 0.9588235296875001 0.24915824843749998 0.9411764703125 0.2861952859375 0.8529411765624999 0.296296296875 0.7411764703125 0.26936026874999996 0.58823529375 0.1919191921875 0.4647058828125 0.14141414218749998 0.4352941171875 0.0740740734375 0.4352941171875
0 0.44781144843750004 0.2588235296875 0.4175084171875 0.1411764703125 0.38047138125 0.0647058828125 0.26936026874999996 0.01176470625 0.225589225 0.0352941171875 0.178451178125 0.10588235312500001 0.1616161609375 0.1705882359375 0.175084175 0.31176470625 0.2053872046875 0.4470588234375 0.2390572390625 0.505882353125 0.2929292921875 0.5352941171875 0.35016835 0.5294117640625 0.383838384375 0.505882353125 0.434343434375 0.41176470624999995 0.44781144843750004 0.2588235296875
0 0.5319865312500001 0.48823529375 0.441077440625 0.4588235296875 0.38047138125 0.505882353125 0.35690235625 0.6058823531249999 0.390572390625 0.8588235296875 0.40067339999999996 0.9 0.434343434375 0.9411764703125 0.5319865312500001 0.9352941171875001 0.5824915828125 0.8647058828124999 0.602693603125 0.8 0.5959595953125 0.6058823531249999 0.572390571875 0.5411764703124999 0.5319865312500001 0.48823529375
0 0.828282828125 0.4 0.7979797984375 0.3529411765625 0.6835016828125 0.317647059375 0.6329966328125 0.3764705875 0.609427609375 0.4470588234375 0.6296296296875 0.694117646875 0.6397306390625 0.7352941171875 0.6700336703125 0.7705882359375 0.747474746875 0.7823529406249999 0.8148148140625 0.7235294125 0.8484848484375 0.6529411765625001 0.8585858578125001 0.6058823531249999 0.8518518515625001 0.48235294062499995 0.828282828125 0.4
0 0.774410775 0 0.747474746875 0.0235294125 0.7104377109375 0.10588235312500001 0.703703703125 0.305882353125 0.791245790625 0.3470588234375 0.8383838390625 0.4 0.8989898984375 0.2647058828125 0.8989898984375 0.094117646875 0.8484848484375 0 0.774410775 0
0 0.5791245796875 0.10588235312500001 0.525252525 0.1705882359375 0.5084175078125 0.22941176406250002 0.5016835015625001 0.3647058828125 0.5454545453125 0.48235294062499995 0.602693603125 0.517647059375 0.616161615625 0.42352941250000004 0.65656565625 0.3411764703125 0.696969696875 0.305882353125 0.696969696875 0.2588235296875 0.659932659375 0.1411764703125 0.5791245796875 0.10588235312500001
0 0.8148148140625 0.917647059375 0.8888888890625 0.9294117640625 0.9663299656250001 0.8647058828124999 0.9764309765625001 0.7588235296875 0.9393939390625 0.6411764703125 0.8585858578125001 0.594117646875 0.8148148140625 0.7176470593750001 0.740740740625 0.78823529375 0.8148148140625 0.917647059375