0 0.61640625 0.4328125 0.2421875 0.134375
0 0.46484375 0.52109375 0.2328125 0.14375
0 0.52421875 0.6265625 0.20625 0.178125
0 0.39453125 0.6296875 0.196875 0.1875
0 0.29140625 0.5328125 0.2546875 0.1578125
0 0.43046875 0.39921875 0.209375 0.1234375
0 0.28515625 0.41796875 0.184375 0.1078125
0 0.68359375 0.35234375 0.2703125 0.1234375
0 0.74765625 0.48515625 0.2359375 0.1578125
0 0.77421875 0.56484375 0.1671875 0.1265625
0 0.64609375 0.57890625 0.21875 0.1984375
0 0.69453125 0.6796875 0.1546875 0.125
0 0.78515625 0.4171875 0.16875 0.09375
0 0.4828125 0.30703125 0.1609375 0.1265625
0 0.53515625 0.203125 0.1109375 0.1