0 0.27109375 0.5296875 0.2953125 0.39375
0 0.1453125 0.18828125 0.2546875 0.3671875
0 0.4203125 0.18046875 0.265625 0.3609375
0 0.13828125 0.846875 0.2765625 0.30625
0 0.42109375 0.821875 0.2765625 0.35625
0 0.70546875 0.61171875 0.1609375 0.4921875
0 0.78671875 0.84375 0.1421875 0.3125
0 0.93671875 0.846875 0.1203125 0.30625
0 0.9234375 0.3390625 0.0953125 0.196875
0 0.74375 0.346875 0.1125 0.2359375
0 0.85078125 0.609375 0.1171875 0.2140625
0 0.9453125 0.628125 0.0953125 0.2515625
0 0.55625 0.390625 0.1171875 0.290625