0 0.30234375 0.17109375 0.5109375 0.3421875
0 0.21953125 0.6 0.3453125 0.5453125
0 0.74765625 0.58046875 0.2 0.384375
0 0.81640625 0.22109375 0.2734375 0.2890625
0 0.50234375 0.8140625 0.2046875 0.21875
0 0.33671875 0.38671875 0.0921875 0.1078125
0 0.45 0.61015625 0.0921875 0.1390625
0 0.59296875 0.39453125 0.1171875 0.1125
0 0.4640625 0.42578125 0.1203125 0.1421875
0 0.62578125 0.81171875 0.08125 0.1265625
0 0.0625 0.5703125 0.1171875 0.125
0 0.66484375 0.11640625 0.078125 0.134375
0 0.90078125 0.2453125 0.1 0.0859375
0 0.65390625 0.321875 0.121875 0.11875
0 0.3359375 0.29140625 0.2140625 0.0703125
0 0.16484375 0.1734375 0.06875 0.1171875
0 0.51171875 0.10859375 0.0640625 0.096875
0 0.625 0.0546875 0.109375 0.0875
0 0.59140625 0.259375 0.05625 0.0828125
0 0.2828125 0.5984375 0.071875 0.1375