0 0.013793103125000001 0.62356321875 0.0206896546875 0.635057471875 0.0206896546875 0.6408045984374999 0.0327586203125 0.6551724140624999 0.039655171875 0.6551724140624999 0.043103448437500004 0.6609195406249999 0.0689655171875 0.6580459765625 0.0965517234375 0.6178160921875 0.0965517234375 0.5545977015625 0.0810344828125 0.534482759375 0.056896551562499995 0.5287356328125 0.053448276562499994 0.534482759375 0.039655171875 0.540229884375 0.0206896546875 0.5718390796875 0.0206896546875 0.57758620625 0.013793103125000001 0.5890804593750001 0.013793103125000001 0.62356321875
0 0.07413793125 0.385057471875 0.06034482812500001 0.3965517234375 0.0448275859375 0.42241379375 0.0448275859375 0.439655171875 0.034482759375 0.46264367812499996 0.034482759375 0.49712643749999996 0.041379310937500004 0.5201149421875 0.05 0.5287356328125 0.07413793125 0.5287356328125 0.07758620625 0.534482759375 0.1206896546875 0.5316091953125001 0.139655171875 0.5172413796875001 0.1448275859375 0.5086206890625 0.1448275859375 0.4798850578125 0.1482758625 0.47413793125000003 0.1482758625 0.4568965515625 0.1413793109375 0.4339080453125 0.11551724062499999 0.413793103125 0.1086206890625 0.3965517234375 0.0948275859375 0.385057471875 0.07413793125 0.385057471875
0 0.12241379375000001 0.2528735625 0.1189655171875 0.24712643750000002 0.1051724140625 0.2586206890625 0.0913793109375 0.2586206890625 0.0827586203125 0.27298850625000004 0.0827586203125 0.290229884375 0.0931034484375 0.313218390625 0.1 0.336206896875 0.1 0.34770115 0.1068965515625 0.364942528125 0.1068965515625 0.37643678125 0.1034482765625 0.3821839078125 0.12586206875 0.4195402296875 0.13275862031250002 0.42528735624999997 0.1448275859375 0.42241379375 0.1482758625 0.4166666671875 0.1482758625 0.3936781609375 0.1517241375 0.387931034375 0.1517241375 0.33045977031249996 0.1482758625 0.32471264375 0.1482758625 0.3074712640625 0.1448275859375 0.3017241375 0.1413793109375 0.2672413796875 0.13275862031250002 0.2528735625 0.12241379375000001 0.2528735625
0 0.0465517234375 0.27586206875 0.039655171875 0.2816091953125 0.02413793125 0.313218390625 0.0172413796875 0.34770115 0.0068965515625000005 0.364942528125 0.0068965515625000005 0.3994252875 0.029310345312500003 0.436781609375 0.037931034375 0.4339080453125 0.06034482812500001 0.39080459843750004 0.0672413796875 0.39080459843750004 0.0706896546875 0.385057471875 0.1034482765625 0.3821839078125 0.1034482765625 0.3534482765625 0.1 0.3419540234375 0.0827586203125 0.3017241375 0.0827586203125 0.290229884375 0.0706896546875 0.27586206875 0.0465517234375 0.27586206875
0 0.1172413796875 0.548850575 0.1172413796875 0.5603448281250001 0.11379310312499999 0.5660919546875001 0.11379310312499999 0.612068965625 0.12931034531250002 0.637931034375 0.1431034484375 0.6494252875 0.15517241406249999 0.6465517234375 0.17758620625 0.6321839078125 0.189655171875 0.612068965625 0.1931034484375 0.6005747125 0.1931034484375 0.5660919546875001 0.184482759375 0.5517241375 0.160344828125 0.5287356328125 0.136206896875 0.5287356328125 0.13275862031250002 0.534482759375 0.12586206875 0.534482759375 0.1172413796875 0.548850575
0 0.0948275859375 0.62643678125 0.06206896562500001 0.6810344828125 0.06206896562500001 0.6925287359375 0.055172414062499994 0.709770115625 0.055172414062499994 0.7327586203124999 0.0706896546875 0.7528735625 0.12413793125000001 0.75 0.13275862031250002 0.7471264375 0.1448275859375 0.7327586203124999 0.1448275859375 0.6982758625 0.1413793109375 0.6925287359375 0.1413793109375 0.6752873562499999 0.137931034375 0.6695402296874999 0.137931034375 0.6580459765625 0.1189655171875 0.62643678125 0.1017241375 0.6206896546875 0.0948275859375 0.62643678125
0 0.1482758625 0.6810344828125 0.1482758625 0.709770115625 0.1517241375 0.715517240625 0.1517241375 0.7327586203124999 0.160344828125 0.7471264375 0.1672413796875 0.7471264375 0.1706896546875 0.7528735625 0.189655171875 0.75 0.21206896562500002 0.7471264375 0.22413793124999998 0.7327586203124999 0.22413793124999998 0.6752873562499999 0.213793103125 0.6580459765625 0.213793103125 0.65229885 0.20517241406250003 0.6436781609375 0.1982758625 0.6436781609375 0.1948275859375 0.637931034375 0.17758620625 0.637931034375 0.1482758625 0.6810344828125
0 0 0.761494253125 0.0051724140625 0.7701149421875 0.010344828125 0.7672413796875001 0.029310345312500003 0.764367815625 0.0327586203125 0.7586206890625 0.0465517234375 0.7528735625 0.0517241375 0.7442528734375 0.0517241375 0.7040229890624999 0.0482758625 0.6982758625 0.0482758625 0.686781609375 0.043103448437500004 0.6781609203125 0.02241379375 0.6609195406249999 0.015517240625000001 0.6666666671875 0 0.6695402296874999 0 0.761494253125
0 0.24137931093749998 0.6695402296874999 0.23620689687500002 0.67241379375 0.22758620624999998 0.6925287359375 0.22758620624999998 0.715517240625 0.23965517187500002 0.7413793109375 0.26551724062500004 0.738505746875 0.29827586250000004 0.7298850578125 0.3034482765625 0.715517240625 0.3034482765625 0.6752873562499999 0.3 0.663793103125 0.287931034375 0.6551724140624999 0.286206896875 0.6465517234375 0.2706896546875 0.62643678125 0.2568965515625 0.6321839078125 0.24482758593749998 0.65229885 0.24137931093749998 0.6695402296874999
0 0.1931034484375 0.6005747125 0.1931034484375 0.62356321875 0.22241379375 0.6609195406249999 0.24137931093749998 0.6580459765625 0.26551724062500004 0.6178160921875 0.2689655171875 0.6063218390625 0.26551724062500004 0.5833333328125 0.2534482765625 0.563218390625 0.2465517234375 0.563218390625 0.2293103453125 0.540229884375 0.21206896562500002 0.5459770109375001 0.2034482765625 0.5660919546875001 0.2034482765625 0.57758620625 0.1931034484375 0.6005747125
0 0.1568965515625 0.45402298906249994 0.1517241375 0.46264367812499996 0.1517241375 0.47413793125000003 0.1482758625 0.4798850578125 0.1482758625 0.5086206890625 0.1517241375 0.5201149421875 0.1706896546875 0.534482759375 0.187931034375 0.5574712640625 0.2068965515625 0.5545977015625 0.21206896562500002 0.5459770109375001 0.22241379375 0.540229884375 0.22758620624999998 0.52586206875 0.22758620624999998 0.4798850578125 0.22413793124999998 0.46839080468749994 0.21896551718750001 0.45977011562500003 0.20172413749999998 0.45977011562500003 0.187931034375 0.44827586249999996 0.163793103125 0.44827586249999996 0.1568965515625 0.45402298906249994
0 0.260344828125 0.45402298906249994 0.2568965515625 0.45977011562500003 0.2431034484375 0.465517240625 0.24137931093749998 0.47413793125000003 0.2310344828125 0.4913793109375 0.2310344828125 0.537356321875 0.25 0.563218390625 0.2568965515625 0.563218390625 0.263793103125 0.5747126437500001 0.27241379375 0.5718390796875 0.27758620624999997 0.5689655171875 0.2810344828125 0.5574712640625 0.29482758593749997 0.5517241375 0.3034482765625 0.537356321875 0.3034482765625 0.49712643749999996 0.3 0.485632184375 0.29482758593749997 0.48275862031249994 0.284482759375 0.465517240625 0.2706896546875 0.45402298906249994 0.260344828125 0.45402298906249994
0 0.29137931093749997 0.3563218390625 0.27758620624999997 0.3563218390625 0.26551724062500004 0.387931034375 0.26551724062500004 0.4454022984375 0.2706896546875 0.45402298906249994 0.27758620624999997 0.45402298906249994 0.284482759375 0.465517240625 0.29137931093749997 0.4712643671875 0.2931034484375 0.46839080468749994 0.3017241375 0.465517240625 0.3086206890625 0.45402298906249994 0.3189655171875 0.44827586249999996 0.32413793125 0.439655171875 0.32413793125 0.3936781609375 0.3206896546875 0.387931034375 0.3206896546875 0.37643678125 0.312068965625 0.362068965625 0.29827586250000004 0.3505747125 0.29137931093749997 0.3563218390625
0 0.363793103125 0.3678160921875 0.360344828125 0.37356321875 0.3517241375 0.37643678125 0.34482758593749996 0.3994252875 0.34137931093749996 0.439655171875 0.360344828125 0.4712643671875 0.37241379375 0.46839080468749994 0.384482759375 0.45402298906249994 0.4 0.4454022984375 0.40344827656250004 0.4339080453125 0.40344827656250004 0.4051724140625 0.4 0.3994252875 0.4 0.387931034375 0.3948275859375 0.3793103453125 0.38103448281249996 0.37356321875 0.37758620625 0.3678160921875 0.363793103125 0.3678160921875
0 0.3034482765625 0.5028735625 0.3068965515625 0.5086206890625 0.3068965515625 0.537356321875 0.32241379375 0.5574712640625 0.334482759375 0.5545977015625 0.3431034484375 0.540229884375 0.3465517234375 0.540229884375 0.362068965625 0.5201149421875 0.362068965625 0.485632184375 0.3465517234375 0.45402298906249994 0.339655171875 0.44827586249999996 0.3189655171875 0.44827586249999996 0.312068965625 0.45402298906249994 0.3 0.4798850578125 0.3034482765625 0.5028735625
0 0.37241379375 0.5201149421875 0.37758620625 0.5287356328125 0.384482759375 0.5287356328125 0.3982758625 0.5459770109375001 0.41034482812500006 0.5431034484375 0.41896551718749997 0.540229884375 0.4310344828125 0.52586206875 0.4310344828125 0.47413793125000003 0.41206896562499995 0.44827586249999996 0.3948275859375 0.44827586249999996 0.38103448281249996 0.45977011562500003 0.37241379375 0.47413793125000003 0.36896551718750004 0.485632184375 0.37241379375 0.49712643749999996 0.37241379375 0.5201149421875
0 0.3310344828125 0.5660919546875001 0.3310344828125 0.5948275859375001 0.334482759375 0.6005747125 0.334482759375 0.6178160921875 0.3431034484375 0.6321839078125 0.3568965515625 0.6436781609375 0.363793103125 0.6436781609375 0.3672413796875 0.6494252875 0.3827586203125 0.6465517234375 0.387931034375 0.637931034375 0.3982758625 0.6321839078125 0.4068965515625 0.612068965625 0.40344827656250004 0.5660919546875001 0.387931034375 0.534482759375 0.37413793125 0.5287356328125 0.3706896546875 0.52298850625 0.363793103125 0.52298850625 0.334482759375 0.5545977015625 0.3310344828125 0.5660919546875001
0 0.3034482765625 0.6580459765625 0.3034482765625 0.7212643671875 0.3086206890625 0.7298850578125 0.3551724140625 0.72701149375 0.365517240625 0.715517240625 0.365517240625 0.6982758625 0.36896551718750004 0.6925287359375 0.36896551718750004 0.6580459765625 0.363793103125 0.6494252875 0.3431034484375 0.6321839078125 0.336206896875 0.6321839078125 0.33275862031250003 0.637931034375 0.3189655171875 0.637931034375 0.3034482765625 0.6580459765625
0 0.2689655171875 0.5890804593750001 0.2689655171875 0.6178160921875 0.27758620624999997 0.6321839078125 0.2810344828125 0.6321839078125 0.287931034375 0.6494252875 0.29482758593749997 0.6551724140624999 0.3034482765625 0.65229885 0.3086206890625 0.6436781609375 0.31551724062500003 0.637931034375 0.32586206875 0.637931034375 0.3310344828125 0.6293103453125 0.3310344828125 0.5833333328125 0.32413793125 0.5603448281250001 0.31551724062500003 0.5517241375 0.29137931093749997 0.5517241375 0.284482759375 0.5574712640625 0.2689655171875 0.5890804593750001
0 0.37241379375 0.6695402296874999 0.365517240625 0.715517240625 0.3706896546875 0.72413793125 0.42068965468749997 0.7212643671875 0.42586206875 0.7183908046874999 0.4310344828125 0.7040229890624999 0.4310344828125 0.6925287359375 0.42758620625 0.686781609375 0.42758620625 0.6580459765625 0.41896551718749997 0.637931034375 0.41206896562499995 0.6321839078125 0.3982758625 0.6321839078125 0.3913793109375 0.637931034375 0.37241379375 0.6695402296874999
0 0.40344827656250004 0.5545977015625 0.40344827656250004 0.57758620625 0.4068965515625 0.5833333328125 0.4068965515625 0.6293103453125 0.415517240625 0.6321839078125 0.42241379375 0.6436781609375 0.43448275937499997 0.6408045984374999 0.4431034484375 0.6321839078125 0.45862068906250003 0.6293103453125 0.45862068906250003 0.6178160921875 0.462068965625 0.612068965625 0.462068965625 0.5603448281250001 0.45344827656250003 0.5459770109375001 0.439655171875 0.5459770109375001 0.436206896875 0.540229884375 0.415517240625 0.540229884375 0.40344827656250004 0.5545977015625
0 0.439655171875 0.540229884375 0.44655172343749994 0.540229884375 0.45 0.5459770109375001 0.4568965515625 0.5459770109375001 0.46034482812500005 0.5517241375 0.465517240625 0.548850575 0.486206896875 0.52586206875 0.48965517187499996 0.514367815625 0.48965517187499996 0.4798850578125 0.463793103125 0.4425287359375 0.45 0.4425287359375 0.44655172343749994 0.44827586249999996 0.439655171875 0.44827586249999996 0.4310344828125 0.46839080468749994 0.43448275937499997 0.5316091953125001 0.439655171875 0.540229884375
0 0.415517240625 0.3563218390625 0.40862068906250004 0.362068965625 0.40344827656250004 0.37643678125 0.40344827656250004 0.42241379375 0.4068965515625 0.42816092031249997 0.40862068906250004 0.4425287359375 0.41206896562499995 0.4425287359375 0.42586206875 0.45977011562500003 0.43448275937499997 0.4568965515625 0.44655172343749994 0.4425287359375 0.45344827656250003 0.4425287359375 0.462068965625 0.42816092031249997 0.462068965625 0.3994252875 0.45862068906250003 0.3936781609375 0.45862068906250003 0.3821839078125 0.44655172343749994 0.362068965625 0.436206896875 0.362068965625 0.43275862031249995 0.3563218390625 0.415517240625 0.3563218390625
0 0.5551724140625 0.3936781609375 0.5465517234374999 0.37356321875 0.539655171875 0.3678160921875 0.5293103453125 0.3678160921875 0.5189655171875 0.3793103453125 0.487931034375 0.385057471875 0.47413793125000003 0.3965517234375 0.465517240625 0.41091954062499997 0.462068965625 0.4339080453125 0.4913793109375 0.47701149374999996 0.5 0.47413793125000003 0.5086206890625 0.4712643671875 0.5120689656249999 0.465517240625 0.52241379375 0.465517240625 0.5293103453125 0.4712643671875 0.5431034484375 0.45402298906249994 0.5465517234374999 0.45402298906249994 0.5551724140625 0.439655171875 0.5586206890625001 0.42816092031249997 0.5551724140625 0.4166666671875 0.5551724140625 0.3936781609375
0 0.4982758625 0.540229884375 0.5017241375 0.540229884375 0.5189655171875 0.563218390625 0.5206896546875 0.5603448281250001 0.5327586203125 0.5517241375 0.5448275859375 0.5316091953125001 0.5448275859375 0.5086206890625 0.5413793109375 0.49712643749999996 0.52586206875 0.4712643671875 0.5051724140625 0.4712643671875 0.4982758625 0.47701149374999996 0.4931034484375 0.4913793109375 0.48965517187499996 0.52586206875 0.4982758625 0.540229884375
0 0.47758620625 0.6321839078125 0.48448275937499996 0.6436781609375 0.5 0.6408045984374999 0.5051724140625 0.637931034375 0.5172413796875001 0.6178160921875 0.5206896546875 0.5718390796875 0.5051724140625 0.5459770109375001 0.4913793109375 0.534482759375 0.48103448281250005 0.534482759375 0.462068965625 0.5603448281250001 0.462068965625 0.62356321875 0.4672413796875 0.6321839078125 0.47758620625 0.6321839078125
0 0.4310344828125 0.709770115625 0.436206896875 0.7183908046874999 0.47586206875 0.715517240625 0.48103448281250005 0.712643678125 0.48965517187499996 0.6982758625 0.48965517187499996 0.6580459765625 0.48103448281250005 0.637931034375 0.47413793125000003 0.6321839078125 0.44655172343749994 0.6321839078125 0.4431034484375 0.637931034375 0.436206896875 0.637931034375 0.42758620625 0.65229885 0.4310344828125 0.709770115625
0 0.48965517187499996 0.6580459765625 0.48965517187499996 0.6982758625 0.49482758593750004 0.712643678125 0.537931034375 0.709770115625 0.5482758624999999 0.6982758625 0.5482758624999999 0.686781609375 0.5517241375 0.6810344828125 0.5482758624999999 0.6752873562499999 0.5482758624999999 0.65229885 0.5327586203125 0.62643678125 0.52241379375 0.6206896546875 0.5086206890625 0.637931034375 0.4982758625 0.6436781609375 0.48965517187499996 0.6580459765625
0 0.52586206875 0.6206896546875 0.536206896875 0.62643678125 0.5431034484375 0.637931034375 0.5586206890625001 0.635057471875 0.5706896546875 0.62643678125 0.5793103453125 0.6063218390625 0.57586206875 0.5948275859375001 0.57586206875 0.5660919546875001 0.563793103125 0.5459770109375001 0.5465517234374999 0.540229884375 0.52586206875 0.5574712640625 0.5206896546875 0.5660919546875001 0.5206896546875 0.612068965625 0.52586206875 0.6206896546875
0 0.5448275859375 0.5316091953125001 0.55 0.540229884375 0.5568965515625 0.540229884375 0.5603448281250001 0.5459770109375001 0.57586206875 0.5431034484375 0.5965517234375 0.514367815625 0.5965517234375 0.4798850578125 0.5810344828125 0.44827586249999996 0.57413793125 0.44827586249999996 0.5706896546875 0.4425287359375 0.5534482765625001 0.4425287359375 0.537931034375 0.47413793125000003 0.537931034375 0.4913793109375 0.5448275859375 0.5086206890625 0.5448275859375 0.5316091953125001
0 0.5672413796875 0.39080459843750004 0.5586206890625001 0.4051724140625 0.5586206890625001 0.439655171875 0.57413793125 0.4425287359375 0.5844827593749999 0.45402298906249994 0.5931034484375 0.451149425 0.6017241375 0.44827586249999996 0.6068965515625 0.439655171875 0.6068965515625 0.42816092031249997 0.610344828125 0.42241379375 0.6068965515625 0.3994252875 0.6017241375 0.39080459843750004 0.5948275859375001 0.39080459843750004 0.5913793109375 0.385057471875 0.587931034375 0.39080459843750004 0.5672413796875 0.39080459843750004
0 0.5965517234375 0.47413793125000003 0.5965517234375 0.5086206890625 0.6017241375 0.52298850625 0.62241379375 0.540229884375 0.62413793125 0.537356321875 0.6293103453125 0.534482759375 0.6482758625 0.5028735625 0.6517241375 0.485632184375 0.6482758625 0.4798850578125 0.6482758625 0.46839080468749994 0.636206896875 0.44827586249999996 0.62241379375 0.436781609375 0.612068965625 0.436781609375 0.5931034484375 0.46264367812499996 0.5965517234375 0.47413793125000003
0 0.57586206875 0.5660919546875001 0.57586206875 0.5833333328125 0.5793103453125 0.5890804593750001 0.5793103453125 0.612068965625 0.5948275859375001 0.6321839078125 0.6068965515625 0.6293103453125 0.6189655171874999 0.6206896546875 0.62758620625 0.6063218390625 0.6310344828125001 0.5603448281250001 0.62241379375 0.540229884375 0.6017241375 0.52298850625 0.5948275859375001 0.52298850625 0.587931034375 0.5287356328125 0.57241379375 0.5545977015625 0.57241379375 0.5603448281250001 0.57586206875 0.5660919546875001
0 0.6534482765625 0.62643678125 0.6655172406250001 0.62356321875 0.6810344828125 0.6091954015625001 0.6896551718749999 0.5890804593750001 0.686206896875 0.548850575 0.6672413796875001 0.5172413796875001 0.6431034484375 0.5172413796875001 0.62758620625 0.5431034484375 0.6310344828125001 0.5545977015625 0.6310344828125001 0.6063218390625 0.6465517234375 0.614942528125 0.6534482765625 0.62643678125
0 0.6034482765625 0.663793103125 0.6034482765625 0.6925287359375 0.6086206890625 0.701149425 0.6293103453125 0.701149425 0.6327586203125 0.6954022984375 0.636206896875 0.701149425 0.637931034375 0.6982758625 0.65 0.6954022984375 0.6551724140624999 0.686781609375 0.6551724140624999 0.635057471875 0.6431034484375 0.614942528125 0.6293103453125 0.6091954015625001 0.615517240625 0.62643678125 0.612068965625 0.62643678125 0.6 0.6465517234375 0.6 0.6580459765625 0.6034482765625 0.663793103125
0 0.5517241375 0.6925287359375 0.5603448281250001 0.7068965515625 0.5931034484375 0.7040229890624999 0.6 0.6982758625 0.6034482765625 0.6695402296874999 0.6 0.663793103125 0.5965517234375 0.6408045984374999 0.587931034375 0.62643678125 0.57758620625 0.6206896546875 0.5568965515625 0.637931034375 0.5482758624999999 0.65229885 0.5517241375 0.663793103125 0.5517241375 0.6925287359375
0 0.6551724140624999 0.686781609375 0.6603448281250001 0.6954022984375 0.6965517234374999 0.6925287359375 0.7034482765625001 0.686781609375 0.7034482765625001 0.65229885 0.7 0.6465517234375 0.7 0.612068965625 0.6948275859375 0.6034482765625 0.6913793109374999 0.6034482765625 0.687931034375 0.6091954015625001 0.67413793125 0.614942528125 0.6551724140624999 0.6408045984374999 0.6551724140624999 0.686781609375
0 0.1517241375 0.41091954062499997 0.15517241406249999 0.4166666671875 0.1482758625 0.42816092031249997 0.1482758625 0.4454022984375 0.15344827656249999 0.45402298906249994 0.160344828125 0.45402298906249994 0.163793103125 0.44827586249999996 0.1810344828125 0.44827586249999996 0.184482759375 0.45402298906249994 0.1982758625 0.45402298906249994 0.20172413749999998 0.45977011562500003 0.2206896546875 0.4568965515625 0.2206896546875 0.4166666671875 0.22413793124999998 0.4051724140625 0.2206896546875 0.3994252875 0.2206896546875 0.3821839078125 0.21551724062500002 0.37356321875 0.20862068906250003 0.37356321875 0.20517241406250003 0.3678160921875 0.1672413796875 0.3678160921875 0.1517241375 0.387931034375 0.1517241375 0.41091954062499997
0 0.2568965515625 0.40229885000000004 0.2465517234375 0.40229885000000004 0.22758620624999998 0.42241379375 0.2293103453125 0.45977011562500003 0.2551724140625 0.4568965515625 0.26206896562500004 0.451149425 0.26206896562500004 0.41091954062499997 0.2568965515625 0.40229885000000004
0 0.1568965515625 0.235632184375 0.15 0.235632184375 0.1448275859375 0.24425287343750002 0.1448275859375 0.2672413796875 0.1482758625 0.27298850625000004 0.1482758625 0.290229884375 0.1517241375 0.2959770109375 0.1517241375 0.32471264375 0.15517241406249999 0.33045977031249996 0.15517241406249999 0.3534482765625 0.1586206890625 0.364942528125 0.17586206875 0.364942528125 0.187931034375 0.339080459375 0.20172413749999998 0.339080459375 0.2068965515625 0.33045977031249996 0.2068965515625 0.290229884375 0.2 0.2787356328125 0.2 0.25 0.1913793109375 0.235632184375 0.17758620625 0.22413793124999998 0.1672413796875 0.22413793124999998 0.1568965515625 0.235632184375
0 0.20517241406250003 0.3678160921875 0.20862068906250003 0.37356321875 0.21551724062500002 0.37356321875 0.21896551718750001 0.3793103453125 0.22758620624999998 0.3821839078125 0.2206896546875 0.3936781609375 0.22413793124999998 0.3994252875 0.22413793124999998 0.42816092031249997 0.22758620624999998 0.42816092031249997 0.22758620624999998 0.42241379375 0.23620689687500002 0.4080459765625 0.2465517234375 0.40229885000000004 0.2517241375 0.3936781609375 0.2517241375 0.35919540156249996 0.2431034484375 0.34482758593749996 0.1913793109375 0.339080459375 0.1827586203125 0.35919540156249996 0.187931034375 0.3678160921875 0.20517241406250003 0.3678160921875
0 0.22241379375 0.34482758593749996 0.2431034484375 0.34482758593749996 0.2534482765625 0.362068965625 0.26551724062500004 0.35919540156249996 0.27241379375 0.3534482765625 0.27241379375 0.2959770109375 0.2672413796875 0.28735632187500004 0.2534482765625 0.28735632187500004 0.25 0.2931034484375 0.22586206875 0.298850575 0.210344828125 0.3189655171875 0.21206896562500002 0.339080459375 0.21896551718750001 0.339080459375 0.22241379375 0.34482758593749996
0 0.234482759375 0.261494253125 0.234482759375 0.27298850625000004 0.23965517187500002 0.28735632187500004 0.2706896546875 0.28735632187500004 0.27413793124999997 0.2931034484375 0.2793103453125 0.290229884375 0.286206896875 0.2787356328125 0.286206896875 0.261494253125 0.2793103453125 0.24425287343750002 0.2793103453125 0.2327586203125 0.27413793124999997 0.2183908046875 0.2672413796875 0.21264367812499999 0.2465517234375 0.21264367812499999 0.2310344828125 0.22701149375 0.22758620624999998 0.24425287343750002 0.234482759375 0.261494253125
0 0.3086206890625 0.2701149421875 0.3051724140625 0.27586206875 0.29827586250000004 0.27586206875 0.286206896875 0.2959770109375 0.286206896875 0.32471264375 0.289655171875 0.33045977031249996 0.289655171875 0.3419540234375 0.29482758593749997 0.3505747125 0.3017241375 0.3505747125 0.3051724140625 0.3563218390625 0.3172413796875 0.3534482765625 0.32586206875 0.339080459375 0.3465517234375 0.339080459375 0.3517241375 0.33045977031249996 0.34827586250000003 0.32471264375 0.34827586250000003 0.3017241375 0.34482758593749996 0.290229884375 0.336206896875 0.27586206875 0.32931034531250003 0.27586206875 0.32586206875 0.2701149421875 0.3086206890625 0.2701149421875
0 0.3086206890625 0.2701149421875 0.32586206875 0.2701149421875 0.32931034531250003 0.27586206875 0.334482759375 0.27298850625000004 0.337931034375 0.2672413796875 0.337931034375 0.23850574687499998 0.33275862031250003 0.22413793124999998 0.29827586250000004 0.2183908046875 0.2931034484375 0.22701149375 0.289655171875 0.23850574687499998 0.289655171875 0.2672413796875 0.29482758593749997 0.27586206875 0.3051724140625 0.27586206875 0.3086206890625 0.2701149421875
0 0.34137931093749996 0.27298850625000004 0.34482758593749996 0.2787356328125 0.34482758593749996 0.290229884375 0.3517241375 0.313218390625 0.3551724140625 0.313218390625 0.3672413796875 0.298850575 0.38103448281249996 0.298850575 0.389655171875 0.290229884375 0.386206896875 0.2787356328125 0.386206896875 0.261494253125 0.3827586203125 0.2557471265625 0.386206896875 0.23850574687499998 0.38103448281249996 0.22988505781250002 0.34137931093749996 0.2327586203125 0.34137931093749996 0.27298850625000004
0 0.3672413796875 0.362068965625 0.37413793125 0.3678160921875 0.3793103453125 0.364942528125 0.40862068906250004 0.362068965625 0.413793103125 0.3534482765625 0.413793103125 0.32471264375 0.41034482812500006 0.3189655171875 0.41034482812500006 0.3074712640625 0.4051724140625 0.298850575 0.3672413796875 0.298850575 0.3586206890625 0.313218390625 0.3586206890625 0.34770115 0.3672413796875 0.362068965625
0 0.41034482812500006 0.3017241375 0.415517240625 0.32758620625 0.42758620625 0.32471264375 0.439655171875 0.32183907968750003 0.4517241375 0.3074712640625 0.44482758593750005 0.261494253125 0.4293103453125 0.2528735625 0.42241379375 0.235632184375 0.387931034375 0.235632184375 0.3827586203125 0.24425287343750002 0.386206896875 0.27298850625000004 0.4017241375 0.298850575 0.41034482812500006 0.3017241375
0 0.4431034484375 0.3563218390625 0.44655172343749994 0.362068965625 0.4517241375 0.35919540156249996 0.46034482812500005 0.339080459375 0.47241379375000003 0.33045977031249996 0.46896551718749996 0.32471264375 0.4672413796875 0.31034482812499997 0.45 0.31034482812499997 0.439655171875 0.32183907968750003 0.43275862031249995 0.32183907968750003 0.4172413796875 0.336206896875 0.41896551718749997 0.3563218390625 0.4431034484375 0.3563218390625
0 0.510344828125 0.33045977031249996 0.513793103125 0.27298850625000004 0.487931034375 0.2701149421875 0.47241379375000003 0.2959770109375 0.46896551718749996 0.3189655171875 0.48103448281250005 0.339080459375 0.487931034375 0.339080459375 0.5017241375 0.3563218390625 0.5034482765625 0.3534482765625 0.510344828125 0.33045977031249996
0 0.3206896546875 0.34770115 0.3172413796875 0.364942528125 0.3206896546875 0.3706896546875 0.32413793125 0.4051724140625 0.32758620625 0.41091954062499997 0.32758620625 0.439655171875 0.34137931093749996 0.439655171875 0.34137931093749996 0.4166666671875 0.34482758593749996 0.41091954062499997 0.34827586250000003 0.3821839078125 0.3534482765625 0.37356321875 0.365517240625 0.364942528125 0.35 0.34482758593749996 0.3431034484375 0.34482758593749996 0.339655171875 0.339080459375 0.32586206875 0.339080459375 0.3206896546875 0.34770115
0 0.462068965625 0.387931034375 0.462068965625 0.3994252875 0.47241379375000003 0.3994252875 0.487931034375 0.385057471875 0.4982758625 0.385057471875 0.5 0.35919540156249996 0.4913793109375 0.34482758593749996 0.48448275937499996 0.34482758593749996 0.47413793125000003 0.3333333328125 0.4672413796875 0.3333333328125 0.4551724140625 0.34770115 0.4517241375 0.364942528125 0.462068965625 0.387931034375
0 0.6586206890625 0.4568965515625 0.6827586203125 0.42816092031249997 0.67413793125 0.3965517234375 0.6534482765625 0.3965517234375 0.65 0.39080459843750004 0.639655171875 0.39080459843750004 0.62413793125 0.4051724140625 0.6206896546875 0.42816092031249997 0.6293103453125 0.4425287359375 0.65 0.45977011562500003 0.6586206890625 0.4568965515625
0 0.6551724140624999 0.5086206890625 0.663793103125 0.5172413796875001 0.6706896546875 0.5172413796875001 0.6810344828125 0.5287356328125 0.6896551718749999 0.52586206875 0.6982758625 0.52298850625 0.710344828125 0.5086206890625 0.710344828125 0.46839080468749994 0.6982758625 0.436781609375 0.6810344828125 0.4310344828125 0.67413793125 0.436781609375 0.6551724140624999 0.46839080468749994 0.6517241375 0.4798850578125 0.6517241375 0.49712643749999996 0.6551724140624999 0.5086206890625
0 0.710344828125 0.485632184375 0.713793103125 0.4913793109375 0.713793103125 0.5028735625 0.72241379375 0.5172413796875001 0.7482758625 0.514367815625 0.7620689656249999 0.4913793109375 0.7620689656249999 0.4798850578125 0.7517241375 0.46839080468749994 0.7517241375 0.4568965515625 0.7431034484375 0.4425287359375 0.736206896875 0.436781609375 0.7258620687499999 0.436781609375 0.7189655171875 0.4425287359375 0.710344828125 0.46264367812499996 0.710344828125 0.485632184375
0 0.8120689656250001 0.4425287359375 0.8017241374999999 0.4425287359375 0.7948275859375 0.44827586249999996 0.7931034484375 0.439655171875 0.784482759375 0.4310344828125 0.7706896546875 0.4310344828125 0.763793103125 0.436781609375 0.7551724140625 0.4568965515625 0.7586206890625 0.47413793125000003 0.765517240625 0.485632184375 0.7620689656249999 0.49712643749999996 0.7620689656249999 0.514367815625 0.7672413796875001 0.52298850625 0.7827586203125 0.5201149421875 0.7982758624999999 0.5057471265625 0.8120689656250001 0.5172413796875001 0.82586206875 0.5172413796875001 0.8310344828125 0.5086206890625 0.8310344828125 0.49712643749999996 0.834482759375 0.4913793109375 0.8310344828125 0.46264367812499996 0.82241379375 0.44827586249999996 0.815517240625 0.44827586249999996 0.8120689656250001 0.4425287359375
0 0.834482759375 0.4454022984375 0.834482759375 0.5028735625 0.839655171875 0.5172413796875001 0.8655172406249999 0.514367815625 0.8706896546875 0.511494253125 0.8758620687500001 0.49712643749999996 0.8758620687500001 0.4798850578125 0.8793103453125 0.47413793125000003 0.8793103453125 0.4454022984375 0.863793103125 0.42528735624999997 0.8534482765625 0.42528735624999997 0.85 0.4310344828125 0.8431034484375 0.4310344828125 0.834482759375 0.4454022984375
0 0.8793103453125 0.5086206890625 0.8948275859375 0.534482759375 0.9034482765625 0.5316091953125001 0.915517240625 0.52298850625 0.9206896546875001 0.514367815625 0.9206896546875001 0.49712643749999996 0.913793103125 0.485632184375 0.910344828125 0.46264367812499996 0.8982758625 0.44827586249999996 0.8913793109375 0.44827586249999996 0.8844827593750001 0.45402298906249994 0.8793103453125 0.46839080468749994 0.8793103453125 0.5086206890625
0 0.936206896875 0.534482759375 0.9482758625000001 0.5316091953125001 0.9534482765625001 0.5287356328125 0.9620689656250001 0.5086206890625 0.9586206890625 0.46839080468749994 0.9431034484374999 0.45402298906249994 0.92241379375 0.45402298906249994 0.913793103125 0.46839080468749994 0.913793103125 0.4798850578125 0.9206896546875001 0.49712643749999996 0.9206896546875001 0.514367815625 0.936206896875 0.534482759375
0 1 0.46839080468749994 0.9741379312499999 0.45977011562500003 0.9655172406249999 0.47413793125000003 0.9655172406249999 0.5028735625 0.9620689656250001 0.5086206890625 0.9655172406249999 0.514367815625 0.9672413796875 0.5287356328125 0.9706896546875001 0.5287356328125 0.97758620625 0.540229884375 0.986206896875 0.537356321875 1 0.5316091953125001 1 0.46839080468749994
0 1 0.537356321875 0.9948275859375 0.534482759375 0.9793103453124999 0.5545977015625 0.9793103453124999 0.5890804593750001 0.9948275859375 0.6091954015625001 1 0.6063218390625 1 0.537356321875
0 0.9534482765625001 0.6034482765625 0.9689655171875 0.6005747125 0.97586206875 0.5890804593750001 0.97586206875 0.5431034484375 0.9706896546875001 0.534482759375 0.963793103125 0.534482759375 0.960344828125 0.5287356328125 0.9465517234374999 0.534482759375 0.9413793109374999 0.5431034484375 0.9448275859375 0.5545977015625 0.9448275859375 0.5890804593750001 0.9534482765625001 0.6034482765625
0 0.9965517234375 0.663793103125 1 0.6580459765625 0.9965517234375 0.612068965625 0.987931034375 0.59770115 0.9706896546875001 0.59770115 0.9620689656250001 0.612068965625 0.9620689656250001 0.6293103453125 0.9655172406249999 0.635057471875 0.9655172406249999 0.65229885 0.9689655171875 0.663793103125 0.9965517234375 0.663793103125
0 0.9310344828125 0.65229885 0.9310344828125 0.663793103125 0.939655171875 0.67241379375 0.9620689656250001 0.6695402296874999 0.9689655171875 0.663793103125 0.9620689656250001 0.6408045984374999 0.9620689656250001 0.612068965625 0.9568965515625001 0.6034482765625 0.939655171875 0.6034482765625 0.92758620625 0.62356321875 0.9310344828125 0.6293103453125 0.9310344828125 0.6408045984374999 0.92758620625 0.6465517234375 0.9310344828125 0.65229885
0 0.915517240625 0.5919540234375 0.92241379375 0.6034482765625 0.9379310343749999 0.6005747125 0.9448275859375 0.5948275859375001 0.9448275859375 0.5545977015625 0.9413793109374999 0.5431034484375 0.92241379375 0.52298850625 0.9051724140624999 0.5287356328125 0.8965517234375 0.5431034484375 0.9 0.548850575 0.9 0.5833333328125 0.9086206890625 0.5919540234375 0.915517240625 0.5919540234375
0 0.886206896875 0.6695402296874999 0.92413793125 0.6695402296874999 0.92758620625 0.663793103125 0.92758620625 0.62356321875 0.9206896546875001 0.612068965625 0.9206896546875001 0.6063218390625 0.9120689656250001 0.5919540234375 0.8913793109375 0.5919540234375 0.886206896875 0.6005747125 0.886206896875 0.6293103453125 0.8896551718750001 0.635057471875 0.886206896875 0.6695402296874999
0 0.8706896546875 0.59770115 0.886206896875 0.5948275859375001 0.8965517234375 0.5833333328125 0.8965517234375 0.548850575 0.8810344828125001 0.5172413796875001 0.8603448281249999 0.5172413796875001 0.8517241375 0.5316091953125001 0.8551724140625 0.5431034484375 0.8551724140625 0.5660919546875001 0.8586206890625 0.5718390796875 0.8586206890625 0.5833333328125 0.8706896546875 0.59770115
0 0.8413793109375 0.6063218390625 0.8448275859375001 0.6178160921875 0.8448275859375001 0.663793103125 0.8568965515625001 0.6781609203125 0.8758620687500001 0.6752873562499999 0.8810344828125001 0.67241379375 0.886206896875 0.6580459765625 0.886206896875 0.62356321875 0.8758620687500001 0.6063218390625 0.8741379312499999 0.59770115 0.8672413796875 0.59770115 0.863793103125 0.5919540234375 0.8568965515625001 0.59770115 0.8465517234375 0.59770115 0.8413793109375 0.6063218390625
0 0.8448275859375001 0.5948275859375001 0.8551724140625 0.5833333328125 0.8551724140625 0.548850575 0.8517241375 0.537356321875 0.8431034484375 0.52298850625 0.82241379375 0.52298850625 0.8206896546875001 0.5603448281250001 0.82758620625 0.5718390796875 0.82758620625 0.5890804593750001 0.8327586203124999 0.59770115 0.8448275859375001 0.5948275859375001
0 0.8051724140625 0.6781609203125 0.8413793109375 0.6752873562499999 0.8448275859375001 0.6695402296874999 0.8448275859375001 0.6293103453125 0.836206896875 0.6034482765625 0.82241379375 0.59770115 0.8120689656250001 0.6091954015625001 0.8051724140625 0.6091954015625001 0.8 0.6178160921875 0.8 0.65229885 0.8034482765625001 0.6580459765625 0.8051724140625 0.6781609203125
0 0.815517240625 0.52298850625 0.8120689656250001 0.5172413796875001 0.7948275859375 0.5172413796875001 0.7827586203125 0.5316091953125001 0.7827586203125 0.5603448281250001 0.789655171875 0.5718390796875 0.789655171875 0.6005747125 0.7948275859375 0.6091954015625001 0.810344828125 0.6063218390625 0.82586206875 0.5919540234375 0.839655171875 0.59770115 0.8431034484375 0.5919540234375 0.85 0.5919540234375 0.8551724140625 0.5833333328125 0.8551724140625 0.5545977015625 0.8517241375 0.548850575 0.8517241375 0.537356321875 0.8431034484375 0.52298850625 0.815517240625 0.52298850625
0 0.7586206890625 0.6695402296874999 0.7551724140625 0.6752873562499999 0.7672413796875001 0.6896551718749999 0.7827586203125 0.686781609375 0.7913793109375 0.6839080453124999 0.8 0.6695402296874999 0.8 0.6293103453125 0.7965517234374999 0.6178160921875 0.787931034375 0.6091954015625001 0.760344828125 0.6091954015625001 0.7551724140625 0.6178160921875 0.7551724140625 0.6293103453125 0.7586206890625 0.635057471875 0.7586206890625 0.6695402296874999
0 0.7689655171875 0.6063218390625 0.784482759375 0.59770115 0.789655171875 0.57758620625 0.7793103453125 0.5545977015625 0.7793103453125 0.5431034484375 0.7706896546875 0.5287356328125 0.7534482765625 0.5172413796875001 0.7379310343750001 0.537356321875 0.7413793109375 0.5948275859375001 0.75 0.6091954015625001 0.7689655171875 0.6063218390625
0 0.7068965515625 0.62356321875 0.7068965515625 0.6408045984374999 0.7034482765625001 0.6465517234375 0.7034482765625001 0.6810344828125 0.7086206890625 0.6896551718749999 0.7379310343750001 0.686781609375 0.7551724140625 0.6810344828125 0.7586206890625 0.6465517234375 0.7551724140625 0.6408045984374999 0.7517241375 0.6178160921875 0.7465517234375 0.6091954015625001 0.739655171875 0.6034482765625 0.7293103453125 0.6034482765625 0.7258620687499999 0.6091954015625001 0.7189655171875 0.6091954015625001 0.7068965515625 0.62356321875
0 0.736206896875 0.59770115 0.7413793109375 0.5833333328125 0.7379310343750001 0.548850575 0.7189655171875 0.5172413796875001 0.6982758625 0.52298850625 0.686206896875 0.537356321875 0.6896551718749999 0.5948275859375001 0.7086206890625 0.614942528125 0.713793103125 0.612068965625 0.736206896875 0.59770115
0 0.9965517234375 0.4339080453125 0.9741379312499999 0.3965517234375 0.963793103125 0.39080459843750004 0.9586206890625 0.3994252875 0.9586206890625 0.41091954062499997 0.9620689656250001 0.4166666671875 0.9655172406249999 0.451149425 0.9741379312499999 0.45977011562500003 0.9965517234375 0.4568965515625 0.9965517234375 0.4339080453125
0 0.913793103125 0.4166666671875 0.910344828125 0.42816092031249997 0.9120689656250001 0.45402298906249994 0.9293103453124999 0.45402298906249994 0.9327586203125 0.44827586249999996 0.939655171875 0.44827586249999996 0.9568965515625001 0.465517240625 0.9586206890625 0.46264367812499996 0.9965517234375 0.4568965515625 0.9965517234375 0.4339080453125 0.9741379312499999 0.3965517234375 0.9672413796875 0.39080459843750004 0.9534482765625001 0.3965517234375 0.9465517234374999 0.385057471875 0.9431034484374999 0.39080459843750004 0.939655171875 0.385057471875 0.9258620687500001 0.3965517234375 0.913793103125 0.4166666671875
0 0.8741379312499999 0.3793103453125 0.8655172406249999 0.3936781609375 0.8655172406249999 0.4166666671875 0.8810344828125001 0.4425287359375 0.9034482765625 0.439655171875 0.913793103125 0.4051724140625 0.8948275859375 0.37356321875 0.8741379312499999 0.3793103453125
0 0.8120689656250001 0.4425287359375 0.815517240625 0.44827586249999996 0.8241379312499999 0.4454022984375 0.8413793109375 0.4051724140625 0.8413793109375 0.3994252875 0.8293103453124999 0.3793103453125 0.815517240625 0.3678160921875 0.7982758624999999 0.3678160921875 0.7913793109375 0.37356321875 0.77586206875 0.3994252875 0.77586206875 0.4166666671875 0.7948275859375 0.4425287359375 0.8120689656250001 0.4425287359375