0 0.19765625 0.23359375 0.2328125 0.3625
0 0.0609375 0.0890625 0.121875 0.178125
0 0.07265625 0.275 0.1453125 0.225
0 0.040625 0.47734375 0.08125 0.215625
0 0.165625 0.52890625 0.121875 0.184375
0 0.30078125 0.49765625 0.171875 0.225
0 0.28671875 0.70078125 0.1546875 0.2171875
0 0.41015625 0.73203125 0.1796875 0.278125
0 0.47890625 0.88671875 0.14375 0.2171875
0 0.5265625 0.6625 0.1578125 0.2
0 0.60234375 0.8 0.1703125 0.2375
0 0.6046875 0.5875 0.175 0.228125
0 0.71796875 0.71953125 0.1796875 0.225
0 0.8015625 0.61328125 0.15 0.2046875
0 0.6640625 0.415625 0.225 0.253125
0 0.4890625 0.26796875 0.1765625 0.240625
0 0.453125 0.44140625 0.175 0.2015625
0 0.640625 0.19296875 0.2 0.221875
0 0.7421875 0.2125 0.1703125 0.2171875
0 0.75625 0.3140625 0.140625 0.184375
0 0.81953125 0.2171875 0.115625 0.1375
0 0.7859375 0.090625 0.1890625 0.18125
0 0.96484375 0.13671875 0.0703125 0.15625
0 0.9125 0.19765625 0.115625 0.159375
0 0.9578125 0.275 0.0796875 0.15