0 0.7896666671875 0.110220440625 0.782 0.12975951875 0.784 0.1568136265625 0.7813333328125001 0.19488977968750001 0.7826666671875 0.2249499 0.787 0.2364729453125 0.8043333328125 0.2535070140625 0.8343333328125 0.2645290578125 0.8533333328125 0.2660320640625 0.8676666671875 0.2575150296875 0.883 0.2424849703125 0.8953333328124999 0.21793587187500002 0.9013333328125 0.1958917828125 0.9006666671874999 0.14178356718750001 0.8836666671875 0.1082164328125 0.8630000000000001 0.08917835625000001 0.8470000000000001 0.0831663328125 0.8109999999999999 0.088176353125 0.7896666671875 0.110220440625
0 0.7256666671875001 0.06513026093749999 0.693 0.063126253125 0.6656666671875 0.0801603203125 0.6486666671875 0.1127254515625 0.6406666671875 0.139779559375 0.644 0.192885771875 0.6506666671875 0.23196392812500002 0.6623333328125 0.2535070140625 0.6956666671875 0.27454909843749997 0.7153333328125 0.2760521046875 0.7303333328125 0.27354709375 0.745 0.2645290578125 0.7576666671875001 0.252505009375 0.768 0.23597194375 0.7826666671875 0.18486973906249998 0.7833333328125 0.1497995984375 0.78 0.1307615234375 0.772 0.1127254515625 0.7463333328124999 0.0761523046875 0.7256666671875001 0.06513026093749999
0 0.37933333281250003 0.1027054109375 0.37 0.14178356718750001 0.37 0.1768537078125 0.37533333281250003 0.203907815625 0.3826666671875 0.218937875 0.40033333281249994 0.2424849703125 0.42033333281249996 0.25551102187499997 0.4446666671875 0.25801603281249996 0.4783333328125 0.2404809625 0.49533333281249997 0.2219438875 0.508 0.1908817640625 0.5126666671875 0.1347695390625 0.5066666671875 0.1057114234375 0.4916666671875 0.07915831718750001 0.46299999999999997 0.0581162328125 0.43233333281249997 0.05310621250000001 0.40700000000000003 0.0661322640625 0.37933333281250003 0.1027054109375
0 0.2696666671875 0.0931863734375 0.25466666718750003 0.1167334671875 0.24666666718750002 0.1528056109375 0.24866666718750002 0.193887775 0.262 0.234969940625 0.2796666671875 0.26152304531250004 0.2983333328125 0.27655310625 0.3193333328125 0.2800601203125 0.351 0.26352705468750004 0.3673333328125 0.234969940625 0.3713333328125 0.21392785625 0.368 0.1457915828125 0.36066666718749996 0.1217434875 0.3516666671875 0.10621242500000001 0.337 0.09018036093750001 0.3136666671875 0.07915831718750001 0.28900000000000003 0.08116232500000001 0.2696666671875 0.0931863734375
0 0.567 0.06713426875 0.5476666671875 0.0761523046875 0.5376666671875 0.085170340625 0.518 0.122745490625 0.5133333328125 0.15480961875000002 0.5133333328125 0.19889779531250001 0.5226666671875 0.23597194375 0.5376666671875 0.2595190375 0.5603333328125 0.28056112187500004 0.575 0.2855711421875 0.5873333328125 0.28507014062499997 0.611 0.27555110156249996 0.63 0.2520040078125 0.642 0.21192384843749998 0.642 0.172845690625 0.6353333328125 0.1317635265625 0.6163333328125 0.0931863734375 0.605 0.0801603203125 0.5923333328125 0.0721442890625 0.5803333328125 0.06713426875 0.567 0.06713426875
0 0.14566666718750002 0.0661322640625 0.1273333328125 0.094689378125 0.1153333328125 0.13777555156250001 0.1146666671875 0.18486973906249998 0.1213333328125 0.21292585156250002 0.13899999999999998 0.2424849703125 0.161 0.2595190375 0.188 0.2630260515625 0.22033333281249998 0.2565130265625 0.23866666718750001 0.234969940625 0.24733333281249997 0.20691382812499998 0.246 0.1518036078125 0.24866666718750002 0.1307615234375 0.23333333281250002 0.0956913828125 0.21233333281250003 0.0691382765625 0.1923333328125 0.056112225 0.16899999999999998 0.054108217187499995 0.14566666718750002 0.0661322640625
0 0.1803333328125 0.266533065625 0.1563333328125 0.2815631265625 0.1366666671875 0.31412825624999996 0.128 0.3401803609375 0.124 0.37024048125000003 0.1286666671875 0.405310621875 0.1393333328125 0.438376753125 0.1463333328125 0.44889779531249996 0.1776666671875 0.475951903125 0.1923333328125 0.481963928125 0.20600000000000002 0.4824649296875 0.23566666718749998 0.470941884375 0.2576666671875 0.44889779531249996 0.274 0.41232464999999996 0.2786666671875 0.37825651250000003 0.27999999999999997 0.34519038125 0.2673333328125 0.3041082171875 0.2483333328125 0.2785571140625 0.23566666718749998 0.2685370734375 0.2236666671875 0.2645290578125 0.1803333328125 0.266533065625
0 0.313 0.286573146875 0.2946666671875 0.307114228125 0.282 0.3512024046875 0.2793333328125 0.40330661250000005 0.292 0.444388778125 0.31033333281250003 0.4699398796875 0.331 0.478957915625 0.358 0.4794589171875 0.371 0.47695390781249997 0.3876666671875 0.46693386718749996 0.4126666671875 0.43036072187499996 0.4206666671875 0.39529058125 0.4186666671875 0.346192384375 0.41333333281250006 0.324148296875 0.3876666671875 0.2885771546875 0.373 0.27755511093749996 0.3443333328125 0.27354709375 0.313 0.286573146875
0 0.523 0.24649298593750002 0.5056666671875 0.2394789578125 0.4876666671875 0.2404809625 0.45366666718750004 0.258517034375 0.4373333328125 0.282064128125 0.4273333328125 0.3081162328125 0.4206666671875 0.3401803609375 0.4226666671875 0.3862725453125 0.438 0.43336673281250004 0.4623333328125 0.46693386718749996 0.48566666718749996 0.48597194374999997 0.522 0.48847695468749996 0.5336666671875 0.48396793593750004 0.5523333328125 0.46893787500000006 0.5613333328125 0.4594188375 0.572 0.43737475000000003 0.5793333328125 0.405310621875 0.5780000000000001 0.357214428125 0.572 0.327154309375 0.564 0.3041082171875 0.5483333328125 0.27354709375 0.523 0.24649298593750002
0 0.6643333328125001 0.2595190375 0.6303333328125 0.2595190375 0.6243333328125 0.2685370734375 0.6056666671875 0.28256512968749997 0.5873333328125 0.318136271875 0.58 0.3622244484375 0.5833333328125 0.40230460937499996 0.5913333328125 0.4343687375 0.604 0.46042084218749996 0.615 0.47394789531250003 0.6363333328125 0.48797595156250007 0.6719999999999999 0.49048096250000006 0.6856666671875 0.48597194374999997 0.6956666671875 0.47795591249999997 0.7186666671874999 0.44839679375 0.73 0.41933867812500003 0.7333333328125 0.3962925859375 0.7313333328125 0.356212425 0.728 0.34218436875 0.708 0.30010020000000004 0.6896666671875 0.27555110156249996 0.6643333328125001 0.2595190375
0 0.829 0.266533065625 0.7943333328125 0.2605210421875 0.765 0.27655310625 0.7513333328125 0.296092184375 0.742 0.3161322640625 0.734 0.3481963921875 0.7346666671875 0.4263527046875 0.7446666671875 0.4544088171875 0.7663333328124999 0.48296593125 0.7856666671875 0.49398797656250004 0.8106666671875 0.497494990625 0.8276666671875 0.4949899796875 0.8390000000000001 0.48897795625 0.851 0.47795591249999997 0.8673333328125 0.4544088171875 0.8779999999999999 0.43136272499999995 0.8826666671875 0.41232464999999996 0.884 0.37024048125000003 0.8746666671875 0.3251503 0.8543333328125 0.28757515 0.829 0.266533065625
0 0.7473333328125 0.5636272546875001 0.7426666671875 0.5836673343750001 0.744 0.6457915828125 0.7463333328124999 0.6533066125 0.7536666671875001 0.656312625 0.7586666671875 0.6638276546874999 0.7816666671875 0.7054108218749999 0.8293333328125 0.7189378750000001 0.8596666671875001 0.702404809375 0.8853333328125 0.6598196390625 0.8913333328125 0.63276553125 0.8873333328124999 0.5786573140625 0.8773333328125 0.547595190625 0.8630000000000001 0.5260521046875 0.8323333328125001 0.5080160328125001 0.7963333328125 0.5080160328125001 0.7643333328125 0.5300601203124999 0.7473333328125 0.5636272546875001
0 0.683 0.4979959921875 0.6416666671875 0.49298597187500004 0.6163333328125 0.5030060125 0.6 0.5215430859375 0.592 0.53757515 0.584 0.5656312625 0.5806666671875 0.5846693390625 0.5806666671875 0.614729459375 0.5853333328125 0.6447895796875 0.6013333328125 0.667835671875 0.6093333328125 0.692885771875 0.6156666671875 0.7034068140625 0.637 0.7174348703125 0.6573333328125 0.7189378750000001 0.673 0.7174348703125 0.6963333328125 0.706412825 0.7203333328125 0.6843687375 0.7306666671875 0.6658316640625 0.738 0.643787575 0.7413333328125 0.60170340625 0.7386666671875 0.5786573140625 0.7326666671875001 0.558617234375 0.713 0.5230460921875 0.683 0.4979959921875
0 0.4803333328125 0.4909819640625 0.4556666671875 0.504008015625 0.43200000000000005 0.53757515 0.4186666671875 0.5816633265625 0.41733333281249996 0.6317635265625 0.4193333328125 0.6457915828125 0.4313333328125 0.6798597187500001 0.45099999999999996 0.7144288578125 0.47300000000000003 0.7294589171875 0.4993333328125 0.731963928125 0.5223333328125 0.7244488984374999 0.5473333328125001 0.6978957921875 0.564 0.6568136265625 0.5700000000000001 0.63276553125 0.5726666671875 0.6097194390625 0.572 0.5816633265625 0.562 0.5425851703125 0.5383333328125001 0.5060120234375 0.5156666671875 0.4919839671875 0.4803333328125 0.4909819640625
0 0.31966666718750003 0.48597194374999997 0.29300000000000004 0.5020040078125 0.2706666671875 0.5405811625 0.2626666671875 0.5726452906249999 0.2626666671875 0.6177354703125 0.27799999999999997 0.6658316640625 0.2903333328125 0.68737475 0.31766666718750003 0.7074148296875 0.3376666671875 0.713426853125 0.3506666671875 0.7129258515625 0.3636666671875 0.7074148296875 0.38366666718750003 0.6903807609375 0.40933333281250006 0.6447895796875 0.4146666671875 0.6197394796875 0.414 0.5776553109375 0.4026666671875 0.536573146875 0.3926666671875 0.5175350703125 0.377 0.4979959921875 0.3536666671875 0.48296593125 0.31966666718750003 0.48597194374999997
0 0.181 0.481963928125 0.149 0.484969940625 0.1243333328125 0.5030060125 0.11000000000000001 0.52655310625 0.1 0.5606212421875 0.10066666718749999 0.6067134265624999 0.1066666671875 0.633767534375 0.1153333328125 0.6568136265625 0.1256666671875 0.67334669375 0.153 0.694388778125 0.1826666671875 0.6998998000000001 0.2076666671875 0.68737475 0.22200000000000003 0.668837675 0.23900000000000002 0.6372745484375 0.25 0.6257515031249999 0.254 0.6137274546875 0.254 0.57965931875 0.25 0.5596192390625 0.238 0.5285571140624999 0.2116666671875 0.495991984375 0.181 0.481963928125
0 0.25866666718750003 0.6958917828125 0.25866666718750003 0.643787575 0.251 0.6322645296875 0.2396666671875 0.638276553125 0.22033333281249998 0.674348696875 0.20033333281250001 0.6963927859375 0.1796666671875 0.708416834375 0.1496666671875 0.719438878125 0.133 0.7344689375 0.11399999999999999 0.7660320640625 0.1066666671875 0.8011022046875 0.11133333281249999 0.8421843687499999 0.12 0.863226453125 0.133 0.8817635265625 0.157 0.9028056109374999 0.1836666671875 0.9128256515625001 0.20433333281250002 0.9298597187500001 0.2256666671875 0.9358717437499999 0.24066666718750002 0.9353707421875 0.26233333281250004 0.928857715625 0.2806666671875 0.9123246500000001 0.2946666671875 0.8762525046875 0.2986666671875 0.8421843687499999 0.2986666671875 0.813126253125 0.2946666671875 0.7810621249999999 0.2873333328125 0.7580160328125001 0.2666666671875 0.7299599203125 0.2626666671875 0.7199398796875001 0.25866666718750003 0.6958917828125
0 0.4313333328125 0.7049098203125 0.42533333281249996 0.6648296593749999 0.4176666671875 0.649298596875 0.41233333281249995 0.64829659375 0.40133333281250005 0.6628256515625 0.3906666671875 0.71092184375 0.3843333328125 0.72645290625 0.3496666671875 0.7444889781249999 0.333 0.7615230453125 0.3193333328125 0.782064128125 0.312 0.8071142281249999 0.3093333328125 0.8491983968750001 0.318 0.8952905812499999 0.341 0.925851703125 0.377 0.9418837671875 0.43 0.9463927859375 0.45899999999999996 0.936873746875 0.4813333328125 0.9133266531249999 0.4966666671875 0.8722444890625001 0.4993333328125 0.8301603203125 0.4926666671875 0.8081162328125 0.48200000000000004 0.7870741484375 0.4743333328125 0.7755511015625001 0.4516666671875 0.75450901875 0.4386666671875 0.7309619234375 0.4313333328125 0.7049098203125
0 0.663 0.7555110218750001 0.651 0.741482965625 0.6163333328125 0.7144288578125 0.608 0.6968937875 0.602 0.6738476953125 0.5896666671874999 0.6533066125 0.5756666671875 0.652304609375 0.5700000000000001 0.6588176359375 0.5653333328125 0.7029058109374999 0.5599999999999999 0.7199398796875001 0.5269999999999999 0.7565130265625 0.508 0.793086171875 0.502 0.818136271875 0.5013333328125 0.8451903812499999 0.51 0.8792585171875 0.5203333328124999 0.8967935875 0.5336666671875 0.9098196390625001 0.553 0.9198396796875 0.5883333328125 0.9208416828124999 0.5966666671875 0.924348696875 0.6023333328125 0.9208416828124999 0.609 0.9228456906250001 0.6156666671875 0.914829659375 0.6396666671875 0.9058116234375 0.667 0.8817635265625 0.6806666671875 0.8512024046875 0.6839999999999999 0.8331663328125 0.6839999999999999 0.8091182359375001 0.678 0.785070140625 0.663 0.7555110218750001
0 0.7803333328125001 0.708416834375 0.7566666671875 0.6638276546874999 0.747 0.656312625 0.7376666671875001 0.66232465 0.7313333328125 0.672845690625 0.732 0.739979959375 0.7033333328125 0.8071142281249999 0.6980000000000001 0.8341683359375001 0.6980000000000001 0.8592184375 0.706 0.891282565625 0.7256666671875001 0.9198396796875 0.753 0.9348697390625 0.774 0.9353707421875 0.8156666671874999 0.9198396796875 0.8556666671875 0.8887775546875 0.8766666671875001 0.8542084171875001 0.882 0.8281563125 0.882 0.8071142281249999 0.8753333328125 0.7750501 0.8516666671875001 0.7384769546875 0.8243333328125001 0.7214428859375001 0.7876666671875 0.713426853125 0.7803333328125001 0.708416834375