0 0.3007246375 0.22677595625000002 0.264492753125 0.368852459375 0.260869565625 0.5546448093749999 0.2789855078125 0.636612021875 0.29710145 0.68032786875 0.35326087031250003 0.7486338796875 0.3913043484375 0.7568306015624999 0.4021739125 0.718579234375 0.3804347828125 0.5273224046875 0.3840579703125 0.4289617484375 0.434782609375 0.270491803125 0.5181159421875 0.1502732234375 0.5181159421875 0.07377049218750001 0.48731884062499997 0.049180328125 0.4329710140625 0.054644809375000006 0.3677536234375 0.10382513593750001 0.3007246375 0.22677595625000002
0 0.4311594203125 0.28688524531250004 0.3949275359375 0.41803278749999995 0.387681159375 0.5655737703125 0.4021739125 0.6967213109375 0.438405796875 0.8005464484375 0.5018115937500001 0.8743169406250001 0.5688405796875 0.8770491796875 0.5833333328125 0.85519125625 0.586956521875 0.7950819671875 0.536231884375 0.69125683125 0.510869565625 0.5710382515625 0.514492753125 0.41256830625 0.5688405796875 0.19398907031249998 0.5525362312500001 0.1584699453125 0.5271739125 0.15300546406249999 0.47644927499999995 0.2076502734375 0.4311594203125 0.28688524531250004
0 0.664855071875 0.092896175 0.57608695625 0.188524590625 0.536231884375 0.32513661250000003 0.514492753125 0.450819671875 0.5181159421875 0.59836065625 0.5543478265624999 0.729508196875 0.5960144921875 0.8032786890624999 0.635869565625 0.8306010921875 0.6702898546875 0.8333333328125001 0.6811594203125 0.8278688531249999 0.6920289859375 0.7677595625 0.663043478125 0.69125683125 0.6449275359375 0.59836065625 0.6413043484375 0.41803278749999995 0.663043478125 0.2978142078125 0.7318840578125 0.11748633906249999 0.7318840578125 0.09562841562499999 0.715579709375 0.0765027328125 0.664855071875 0.092896175
0 0.6992753625 0.22131147499999998 0.663043478125 0.32513661250000003 0.6449275359375 0.4289617484375 0.648550725 0.59836065625 0.67391304375 0.718579234375 0.7300724640625 0.81420765 0.762681159375 0.8415300546875001 0.789855071875 0.8387978140625 0.8079710140625 0.822404371875 0.8079710140625 0.7841530046875 0.764492753125 0.538251365625 0.7717391296875 0.407103825 0.79710145 0.31420765 0.898550725 0.1612021859375 0.864130434375 0.09836065625 0.8278985499999999 0.08743169375 0.7663043484375 0.1147540984375 0.6992753625 0.22131147499999998
0 0.7826086953125 0.374316940625 0.7681159421875 0.461748634375 0.77536231875 0.6038251359375 0.8115942031250001 0.734972678125 0.8496376812499999 0.7923497265624999 0.8713768109375 0.8087431687500001 0.9094202906250001 0.811475409375 0.9438405796874999 0.7868852453125 0.9492753625000001 0.7568306015624999 0.887681159375 0.6202185796874999 0.8804347828125 0.5 0.887681159375 0.44535519062500006 0.963768115625 0.17759562812500002 0.95108695625 0.14754098437500002 0.911231884375 0.15300546406249999 0.8152173906250001 0.2923497265625 0.7826086953125 0.374316940625
0 0.9547101453125 0.26229508125 0.9275362312500001 0.31967213125 0.9094202906250001 0.3961748640625 0.9057971015625 0.5163934421875 0.9347826093749999 0.6967213109375 0.9710144921874999 0.816939890625 1 0.8715847 0.99818840625 0.23497267812499997 0.9547101453125 0.26229508125
0 1 0.8989071031250001 0.9474637687499999 0.8524590156249999 0.8786231890625 0.8251366125 0.8206521734375001 0.8251366125 0.7807971015625 0.8524590156249999 0.7518115937500001 0.8469945359375 0.7300724640625 0.857923496875 0.6811594203125 0.9207650265625 0.6666666671875 0.9808743171875 0.6684782609375 1 0.690217390625 1 0.985507246875 1 1 0.9972677593749999 1 0.8989071031250001
0 0.6521739125 1 0.6775362312500001 0.9207650265625 0.6811594203125 0.8606557374999999 0.6539855078125 0.857923496875 0.6322463765624999 0.8306010921875 0.5561594203125 0.9071038250000001 0.440217390625 0.9672131140625 0.34963768125 0.9726775953125 0.22282608750000002 0.9562841531249999 0.17391304375 0.9808743171875 0.1757246375 1 0.6521739125 1
0 0.0289855078125 0.3469945359375 0.007246376562499999 0.461748634375 0.007246376562499999 0.59836065625 0.0289855078125 0.7404371578125 0.0688405796875 0.8497267765625001 0.125 0.9289617484375 0.17753623125 0.9535519125 0.20289855 0.9316939890624999 0.20289855 0.909836065625 0.1340579703125 0.642076503125 0.1304347828125 0.4890710375 0.148550725 0.374316940625 0.188405796875 0.2431693984375 0.1757246375 0.20218579218750002 0.1467391296875 0.1967213109375 0.088768115625 0.23497267812499997 0.0289855078125 0.3469945359375
0 0.1340579703125 0.5819672125 0.148550725 0.6748633875000001 0.21376811562500003 0.8278688531249999 0.262681159375 0.90163934375 0.34963768125 0.9672131140625 0.40942029062499996 0.9699453546875001 0.4909420296875 0.9344262296875 0.49637681093749997 0.8825136609375 0.364130434375 0.7759562843750001 0.29710145 0.68579235 0.2572463765625 0.5601092890625 0.25 0.3907103828125 0.20471014531249998 0.322404371875 0.15942029062500002 0.3797814203125 0.1413043484375 0.4344262296875 0.1340579703125 0.5819672125
0 0 0.1229508203125 0.0036231890624999997 0.45628415312500004 0.014492753124999999 0.3797814203125 0.0507246375 0.28688524531250004 0.09963768125 0.21857923437500001 0.184782609375 0.172131146875 0.20289855 0.09562841562499999 0.17934782656249998 0.0601092890625 0.1539855078125 0.043715846875 0.09963768125 0.049180328125 0.059782609375 0.0710382515625 0 0.1229508203125
0 0.188405796875 0.1666666671875 0.188405796875 0.23770491875 0.1992753625 0.2978142078125 0.23007246406249998 0.34426229531249997 0.2572463765625 0.34153005468750003 0.27173912968749997 0.32513661250000003 0.31159420312499997 0.17759562812500002 0.3423913046875 0.125683059375 0.385869565625 0.0765027328125 0.485507246875 0.008196721875 0.4800724640625 0 0.25181159375 0.00546448125 0.2210144921875 0.05191256875 0.1992753625 0.1120218578125 0.188405796875 0.1666666671875
0 1 0.13387978125 0.9402173906250001 0.0710382515625 0.835144928125 0.00546448125 0.5634057968749999 0 0.536231884375 0.0628415296875 0.5326086953125 0.13387978125 0.538043478125 0.14754098437500002 0.559782609375 0.14754098437500002 0.590579709375 0.172131146875 0.6684782609375 0.0819672125 0.7409420296875 0.049180328125 0.7952898546875 0.054644809375000006 0.889492753125 0.092896175 0.9909420296875 0.16393442656249999 1 0.1612021859375 1 0.13387978125