0 0.6828125 0.28046875 0.04375 0.0234375
0 0.7421875 0.284375 0.0359375 0.0390625
0 0.67578125 0.30859375 0.046875 0.0296875
0 0.73984375 0.31328125 0.046875 0.0296875
0 0.94140625 0.3140625 0.03125 0.028125
0 0.73828125 0.3375 0.04375 0.0234375
0 0.671875 0.34140625 0.0453125 0.028125
0 0.9375 0.34375 0.025 0.0328125
0 0.675 0.36015625 0.046875 0.0234375
0 0.7375 0.36015625 0.05 0.03125
0 0.671875 0.38828125 0.0390625 0.0359375
0 0.7359375 0.38984375 0.0375 0.028125
0 0.98515625 0.40625 0.0296875 0.03125
0 0.984375 0.4421875 0.03125 0.034375
0 0.50390625 0.446875 0.0859375 0.0578125
0 0.6375 0.4484375 0.078125 0.0546875
0 0.42890625 0.58984375 0.046875 0.059375
0 0.3390625 0.5921875 0.059375 0.0546875
0 0.52890625 0.61015625 0.0625 0.0578125
0 0.3125 0.63125 0.0625 0.053125
0 0.53984375 0.646875 0.065625 0.034375
0 0.40078125 0.66171875 0.059375 0.0546875
0 0.29765625 0.67578125 0.0671875 0.0578125
0 0.50078125 0.68359375 0.078125 0.0609375
0 0.09375 0.703125 0.05625 0.053125
0 0.3984375 0.71171875 0.06875 0.0484375
0 0.2890625 0.72734375 0.059375 0.0515625
0 0.49453125 0.74296875 0.078125 0.0609375
0 0.653125 0.7546875 0.0859375 0.084375
0 0.16328125 0.7578125 0.071875 0.075
0 0.38515625 0.7640625 0.08125 0.053125
0 0.07890625 0.765625 0.05625 0.0640625
0 0.47421875 0.7953125 0.0828125 0.0640625
0 0.2546875 0.796875 0.0734375 0.059375
0 0.64140625 0.80859375 0.0796875 0.0703125
0 0.3796875 0.8171875 0.0625 0.0578125
0 0.06171875 0.8171875 0.0515625 0.0609375
0 0.1546875 0.82265625 0.0640625 0.06875
0 0.5875 0.8296875 0.0875 0.0828125
0 0.47109375 0.85859375 0.0625 0.0640625
0 0.23359375 0.86328125 0.084375 0.0703125
0 0.04453125 0.878125 0.065625 0.0703125
0 0.1375 0.88046875 0.0640625 0.0609375
0 0.36875 0.88671875 0.096875 0.0703125
0 0.58828125 0.9015625 0.078125 0.090625
0 0.3234375 0.93125 0.1078125 0.1078125
0 0.22109375 0.93671875 0.075 0.084375
0 0.034375 0.93984375 0.0578125 0.0828125
0 0.121875 0.94921875 0.0765625 0.0765625
0 0.3109375 0.97890625 0.090625 0.0421875
0 0.19609375 0.9828125 0.0625 0.034375