0 0.276143790625 0.1380753140625 0.259803921875 0.10460251093749999 0.2614379078125 0.048117154687500004 0.26960784375 0.031380753125 0.26960784375 0.012552301562500002 0.2647058828125 0.0020920500000000002 0.25326797343749996 0.0020920500000000002 0.23202614375000002 0.0167364015625 0.15849673125 0.1087866109375 0.09640522812499999 0.21129707187500002 0.0866013078125 0.26987447656249997 0.09477124218750001 0.2949790796875 0.1111111109375 0.31171548125 0.1307189546875 0.31589958125 0.14215686249999998 0.30962343125 0.2516339875 0.1966527203125 0.2712418296875 0.163179915625 0.276143790625 0.1380753140625
0 0.187908496875 0.3640167359375 0.20751634062500002 0.3284518828125 0.349673203125 0.24267782499999999 0.3529411765625 0.213389121875 0.348039215625 0.19456066875 0.32516339843750003 0.1757322171875 0.2990196078125 0.1736401671875 0.24019607812500002 0.19874477031249999 0.18954248437500001 0.246861925 0.12745097968750002 0.3221757328125 0.1045751640625 0.3786610875 0.10294117656249999 0.40794979062500003 0.1307189546875 0.4497907953125 0.1568627453125 0.4476987453125 0.20424836562499998 0.42468619218750003 0.20588235312499997 0.4163179921875 0.18954248437500001 0.39330543906250004 0.187908496875 0.3640167359375
0 0.46405228750000005 0.2405857734375 0.44934640468750003 0.217573221875 0.4232026140625 0.213389121875 0.30228758125 0.26359832656250004 0.2107843140625 0.32008368125 0.18464052343749998 0.3535564859375 0.18464052343749998 0.3953974890625 0.20915032656250002 0.42050209218749995 0.2516339875 0.4184100421875 0.2892156859375 0.3870292890625 0.3692810453125 0.3577405859375 0.428104575 0.31589958125 0.4591503265625 0.282426778125 0.46405228750000005 0.2405857734375
0 0.6813725484375001 0.3619246859375 0.563725490625 0.347280334375 0.4983660125 0.32635983281250003 0.436274509375 0.3221757328125 0.4232026140625 0.341004184375 0.4166666671875 0.37447698749999997 0.419934640625 0.39330543906250004 0.454248365625 0.4288702921875 0.5212418296875 0.462343096875 0.6470588234375 0.48744769843749997 0.7026143796875 0.4832635984375 0.7254901953124999 0.47489539687500004 0.7908496734375 0.4184100421875 0.7205882359375 0.405857740625 0.6813725484375001 0.3619246859375
0 0.937908496875 0.43933054374999997 0.9428104578125 0.399581590625 0.9297385625000001 0.37656903750000004 0.8905228765625001 0.3640167359375 0.8611111109375 0.3723849375 0.8022875812500001 0.40794979062500003 0.6748366015625 0.5146443515625 0.6225490203125 0.596234309375 0.6192810453125001 0.6338912140625 0.62581699375 0.654811715625 0.6486928109375001 0.6715481171875 0.6813725484375001 0.6652719671875 0.8022875812500001 0.55648535625 0.9166666671874999 0.47071129687499996 0.937908496875 0.43933054374999997
0 0.5228758171875 0.464435146875 0.38725490156250003 0.4518828453125 0.3431372546875 0.464435146875 0.31535947656249996 0.49163179843749993 0.328431371875 0.529288703125 0.37254902031250003 0.5606694562500001 0.4754901953125 0.589958159375 0.5555555562500001 0.596234309375 0.6290849671875 0.5753138078125 0.6503267968750001 0.5418410046875 0.64379085 0.50209205 0.6192810453125001 0.4832635984375 0.5228758171875 0.464435146875
0 0.40359477187500004 0.5753138078125 0.2630718953125 0.6171548109375 0.2254901953125 0.658995815625 0.2205882359375 0.6757322171875 0.2271241828125 0.6966527203124999 0.25 0.715481171875 0.383986928125 0.7050209203125 0.51960784375 0.7071129703125 0.5669934640625 0.658995815625 0.5653594765625 0.6297071125 0.5473856203125 0.598326359375 0.40359477187500004 0.5753138078125
0 0.723856209375 0.6422594140625 0.6813725484375001 0.6652719671875 0.6486928109375001 0.6694560671875001 0.6290849671875 0.661087865625 0.6176470593750001 0.6422594140625 0.6045751640625 0.6401673640625 0.5653594765625 0.658995815625 0.5310457515625 0.69037656875 0.5228758171875 0.7092050203125 0.560457515625 0.742677825 0.7287581703125 0.7824267781249999 0.795751634375 0.7698744765625001 0.8169934640625 0.7594142265625 0.830065359375 0.742677825 0.831699346875 0.715481171875 0.8218954249999999 0.69456066875 0.723856209375 0.6422594140625
0 0.562091503125 0.8326359828125 0.509803921875 0.7928870296875 0.4232026140625 0.7531380750000001 0.349673203125 0.7405857734375 0.2859477125 0.7196652718750001 0.23366013125 0.715481171875 0.14215686249999998 0.7322175734374999 0.11601307187500001 0.757322175 0.1094771234375 0.7866108781250001 0.15849673125 0.8200836812500001 0.48366013125 0.9686192468750001 0.5751633984375 0.9853556484375 0.5947712421875 0.9769874484375001 0.6127450984375 0.94351464375 0.614379084375 0.910041840625 0.5996732031249999 0.8744769874999999 0.562091503125 0.8326359828125
0 0.6388888890625 0.148535565625 0.6797385625000001 0.09623430937500001 0.6846405234375 0.0836820078125 0.6813725484375001 0.05857740625 0.6568627453125 0.0418410046875 0.5947712421875 0.035564853125000004 0.5669934640625 0.048117154687500004 0.542483659375 0.0753138078125 0.4526143796875 0.11506276093750001 0.3986928109375 0.1694560671875 0.382352940625 0.2092050203125 0.382352940625 0.225941421875 0.44444444375 0.217573221875 0.46568627500000004 0.248953975 0.491830065625 0.24476987499999997 0.542483659375 0.225941421875 0.6388888890625 0.148535565625
0 1 0.19456066875 0.9950980390625 0.163179915625 0.9754901953124999 0.11924686250000001 0.9264705875000001 0.048117154687500004 0.8611111109375 0.025104603125000003 0.83986928125 0.0836820078125 0.8202614374999999 0.1129707109375 0.831699346875 0.154811715625 0.8611111109375 0.1757322171875 0.8725490203125 0.215481171875 0.8905228765625001 0.24267782499999999 0.936274509375 0.2656903765625 0.98366013125 0.25523012500000003 1 0.225941421875 1 0.19456066875
0 0.83823529375 0.2594142265625 0.8709150328125 0.20502092031250002 0.8692810453125001 0.1778242671875 0.8545751640624999 0.163179915625 0.84150326875 0.161087865625 0.7990196078125 0.1757322171875 0.6748366015625 0.251046025 0.6225490203125 0.30753138125 0.616013071875 0.3305439328125 0.6209150328125 0.3535564859375 0.6568627453125 0.3640167359375 0.687908496875 0.3619246859375 0.6993464046875 0.32008368125 0.7173202609375 0.2970711296875 0.7516339875 0.28033472812500004 0.83823529375 0.2594142265625
0 0.8676470593750001 0.2677824265625 0.8202614374999999 0.2656903765625 0.7467320265625 0.28033472812500004 0.7124183000000001 0.3012552296875 0.6911764703125 0.3535564859375 0.6993464046875 0.3870292890625 0.7287581703125 0.412133890625 0.7908496734375 0.412133890625 0.828431371875 0.3974895390625 0.8709150328125 0.3682008375 0.8921568625 0.3326359828125 0.8905228765625001 0.288702928125 0.8676470593750001 0.2677824265625
0 0.25326797343749996 0.4184100421875 0.23366013125 0.4163179921875 0.1405228765625 0.4497907953125 0.1111111109375 0.472803346875 0.1013071890625 0.4895397484375 0.09640522812499999 0.525104603125 0.10620915 0.5606694562500001 0.133986928125 0.5711297078124999 0.20098039218750002 0.56694560625 0.310457515625 0.49581590000000003 0.30555555624999997 0.4811715484375 0.2647058828125 0.46025104531250005 0.25326797343749996 0.4184100421875
0 0.9869281046875 1 0.9607843140625001 0.94351464375 0.9003267968750001 0.8953974890625 0.8251633984375 0.8640167359375001 0.7434640515625001 0.8556485359374999 0.69771241875 0.8661087859375 0.653594771875 0.8912133890625 0.6470588234375 0.9184100421875 0.6552287578125 0.9476987453125 0.813725490625 1 0.9869281046875 1
0 0.7630718953125 0.7928870296875 0.6928104578125 0.7677824265625001 0.5506535953125 0.7405857734375 0.5392156859375 0.7322175734374999 0.5392156859375 0.7489539749999999 0.48366013125 0.7615062765625 0.4705882359375 0.7719665265625 0.563725490625 0.836820084375 0.6094771234375 0.8933054390624999 0.6470588234375 0.8953974890625 0.69607843125 0.8682008375000001 0.7745098046875001 0.8577405859375 0.7875816999999999 0.8493723843750001 0.7892156859375 0.80962343125 0.7630718953125 0.7928870296875