0 0.42578125 0.3765625 0.2734375 0.753125
0 0.6875 0.6921875 0.1734375 0.615625
0 0.38984375 0.7796875 0.4453125 0.440625
0 0.8625 0.18828125 0.2734375 0.3046875
0 0.85859375 0.67578125 0.2828125 0.30625
0 0.35390625 0.21640625 0.2625 0.43125
0 0.16640625 0.315625 0.3328125 0.43125
0 0.19765625 0.5421875 0.328125 0.39375
0 0.190625 0.12578125 0.38125 0.2515625
0 0.6015625 0.26875 0.1125 0.315625
0 0.4875 0.41484375 0.14375 0.5484375
0 0.8859375 0.35 0.2265625 0.3484375
0 0.8390625 0.0859375 0.3203125 0.171875