0 0.11640625 0.425 0.1671875 0.2390625
0 0.41328125 0.721875 0.2203125 0.2953125
0 0.29921875 0.68984375 0.1734375 0.3625
0 0.6 0.66953125 0.225 0.3015625
0 0.4703125 0.4921875 0.21875 0.2734375
0 0.3703125 0.40859375 0.25 0.2484375
0 0.671875 0.371875 0.2046875 0.2734375
0 0.84453125 0.3078125 0.196875 0.2984375
0 0.76171875 0.090625 0.1875 0.18125
0 0.63671875 0.1359375 0.184375 0.20625
0 0.553125 0.265625 0.15625 0.2046875
0 0.4625 0.13203125 0.178125 0.221875
0 0.346875 0.18828125 0.228125 0.3109375