0 0.153125 0.1375 0.16875 0.265625
0 0.353125 0.1203125 0.190625 0.240625
0 0.6328125 0.125 0.1765625 0.2296875
0 0.26953125 0.31640625 0.1609375 0.1796875
0 0.10078125 0.3890625 0.15625 0.2109375
0 0.22421875 0.52109375 0.171875 0.2078125
0 0.37109375 0.49140625 0.13125 0.2109375
0 0.42734375 0.32421875 0.1515625 0.215625
0 0.5578125 0.2953125 0.11875 0.16875
0 0.72578125 0.271875 0.16875 0.171875
0 0.665625 0.4296875 0.165625 0.2109375
0 0.52109375 0.47734375 0.146875 0.2328125
0 0.4625 0.64140625 0.1453125 0.23125
0 0.3265625 0.6640625 0.1265625 0.1640625
0 0.18046875 0.7 0.14375 0.2046875
0 0.071875 0.57421875 0.14375 0.16875
0 0.04453125 0.7609375 0.08125 0.1921875
0 0.1265625 0.88828125 0.1375 0.2203125
0 0.27890625 0.8109375 0.15 0.2
0 0.6390625 0.659375 0.1359375 0.215625
0 0.775 0.58125 0.1453125 0.2765625
0 0.83828125 0.36796875 0.1625 0.209375
0 0.8890625 0.22265625 0.134375 0.15625
0 0.75546875 0.09921875 0.128125 0.1984375
0 0.88203125 0.0609375 0.1203125 0.121875
0 0.9203125 0.5640625 0.1421875 0.190625
0 0.54296875 0.78203125 0.1359375 0.2140625
0 0.77421875 0.86953125 0.1125 0.140625
0 0.9015625 0.83671875 0.1125 0.1484375
0 0.42471042499999995 0.8969072171875 0.46332046406250005 0.8659793812500001 0.47490347499999996 0.7680412375000001 0.389961390625 0.721649484375 0.347490346875 0.757731959375 0.3513513515625 0.845360825 0.37451737500000004 0.8865979375 0.42471042499999995 0.8969072171875
0 0.409266409375 0.742268040625 0.4826254828125 0.7680412375000001 0.521235521875 0.7268041234375 0.540540540625 0.6185567015625 0.459459459375 0.530927834375 0.44015444062500003 0.530927834375 0.389961390625 0.59793814375 0.38610038593749996 0.6701030921875 0.409266409375 0.742268040625
0 0.49034749062499994 0.5876288656249999 0.5714285718750001 0.6030927828125 0.60617760625 0.5515463921875 0.6023166015625 0.453608246875 0.559845559375 0.38659793750000004 0.49420849375 0.3711340203125 0.44401544375 0.4278350515625 0.44787644843749996 0.5051546390625 0.49034749062499994 0.5876288656249999
0 0.575289575 0.3917525765625 0.6023166015625 0.45876288593750003 0.60617760625 0.536082475 0.702702703125 0.5412371140625 0.7451737453125 0.4845360828125 0.7451737453125 0.40721649531250004 0.7142857140625 0.35567010312499997 0.640926640625 0.3298969078125 0.6177606171875001 0.335051546875 0.575289575 0.3917525765625
0 0.691119690625 0.546391753125 0.7142857140625 0.6958762890625 0.752895753125 0.7371134015624999 0.8108108109375 0.7371134015624999 0.8610038609374999 0.6391752578125 0.8532818531249999 0.546391753125 0.8030888031250001 0.463917525 0.7451737453125 0.453608246875 0.7297297296874999 0.5051546390625 0.691119690625 0.546391753125
0 0.822393821875 0.489690721875 0.8494208499999999 0.536082475 0.8610038609374999 0.6391752578125 0.9459459453125 0.6597938140624999 0.9845559843749999 0.6185567015625 0.9884169890625 0.546391753125 0.9420849421874999 0.463917525 0.9073359078125 0.4484536078125 0.8764478765625 0.47938144375 0.822393821875 0.489690721875
0 0.8918918921874999 0.3144329890625 0.93050193125 0.3041237109375 0.9613899609375001 0.2474226796875 0.9459459453125 0.164948453125 0.9073359078125 0.1391752578125 0.8532818531249999 0.1391752578125 0.8069498062499999 0.1855670109375 0.8146718140625 0.2731958765625 0.8918918921874999 0.3144329890625
0 0.06949806875 0.087628865625 0.06177606249999999 0.1855670109375 0.10038609999999999 0.2835051546875 0.17760617812499999 0.298969071875 0.2355212359375 0.2061855671875 0.2393822390625 0.09278350468749999 0.18918918906249999 0.0051546390625 0.127413128125 0 0.08880308906249999 0.036082475 0.06949806875 0.087628865625