0 0.6769999999999999 0.124 0.885 0.27999999999999997 0.9369999999999999 0.31 1 0.327 0.9970000000000001 0.162 0.665 0.002 0.5559999999999999 0.001 0.554 0.017 0.54 0.034999999999999996 0.553 0.098 0.613 0.124 0.633 0.126 0.637 0.11599999999999999 0.6769999999999999 0.124
0 0.441 0.22999999999999998 0.487 0.22599999999999998 0.5389999999999999 0.252 0.705 0.302 0.9179999999999999 0.307 0.915 0.298 0.733 0.172 0.6769999999999999 0.158 0.533 0.098 0.491 0.064 0.45899999999999996 0.057999999999999996 0.41 0.133 0.41 0.20299999999999999 0.42300000000000004 0.22400000000000003 0.441 0.22999999999999998
0 0.567 0.348 0.563 0.366 0.5549999999999999 0.352 0.489 0.344 0.377 0.35 0.307 0.34199999999999997 0.28700000000000003 0.352 0.255 0.344 0.244 0.329 0.24 0.303 0.231 0.302 0.198 0.357 0.20400000000000001 0.41500000000000004 0.223 0.426 0.261 0.418 0.309 0.442 0.35 0.44299999999999995 0.389 0.43200000000000005 0.489 0.43200000000000005 0.509 0.41600000000000004 0.5269999999999999 0.41600000000000004 0.5589999999999999 0.43600000000000005 0.607 0.434 0.61 0.413 0.6 0.391 0.5980000000000001 0.351 0.567 0.348
0 0.5429999999999999 0.256 0.485 0.22999999999999998 0.43099999999999994 0.22999999999999998 0.40499999999999997 0.21000000000000002 0.337 0.20600000000000002 0.327 0.21200000000000002 0.309 0.184 0.263 0.172 0.246 0.193 0.238 0.29500000000000004 0.248 0.337 0.29 0.34700000000000003 0.309 0.32599999999999996 0.315 0.33999999999999997 0.339 0.344 0.475 0.33599999999999997 0.553 0.346 0.567 0.304 0.605 0.306 0.62 0.28500000000000003 0.611 0.274 0.5429999999999999 0.256
0 0.61 0.43099999999999994 0.605 0.4 0.614 0.417 0.633 0.43 0.787 0.442 0.875 0.46399999999999997 0.883 0.492 1 0.507 0.9949999999999999 0.33199999999999996 0.837 0.306 0.649 0.304 0.601 0.322 0.587 0.306 0.5690000000000001 0.306 0.564 0.313 0.558 0.357 0.581 0.434 0.61 0.43099999999999994
0 0.869 0.504 0.829 0.504 0.806 0.519 0.788 0.5509999999999999 0.7889999999999999 0.5820000000000001 0.8550000000000001 0.624 1 0.689 0.999 0.544 0.869 0.504
0 0.48200000000000004 0.46299999999999997 0.472 0.5549999999999999 0.483 0.5660000000000001 0.521 0.5700000000000001 0.561 0.55 0.621 0.562 0.642 0.525 0.651 0.516 0.665 0.516 0.6849999999999999 0.522 0.7030000000000001 0.546 0.78 0.5730000000000001 0.8119999999999999 0.511 0.8470000000000001 0.49800000000000005 0.605 0.44800000000000006 0.561 0.44800000000000006 0.5349999999999999 0.426 0.5309999999999999 0.43200000000000005 0.508 0.42699999999999994 0.525 0.42000000000000004 0.499 0.42800000000000005 0.48200000000000004 0.46299999999999997
0 0.487 0.43600000000000005 0.373 0.43600000000000005 0.33599999999999997 0.46299999999999997 0.327 0.54 0.355 0.524 0.403 0.514 0.434 0.5349999999999999 0.44299999999999995 0.5599999999999999 0.466 0.561 0.487 0.43600000000000005
0 1 0.709 0.761 0.5700000000000001 0.7150000000000001 0.55 0.6950000000000001 0.55 0.6809999999999999 0.522 0.653 0.516 0.5860000000000001 0.639 0.576 0.675 0.623 0.6839999999999999 0.669 0.718 0.8009999999999999 0.782 1 0.915 1 0.709
0 0.7809999999999999 0.952 0.852 0.9570000000000001 0.882 0.931 0.898 0.893 0.89 0.849 0.8710000000000001 0.8300000000000001 0.795 0.782 0.627 0.696 0.512 0.661 0.536 0.7110000000000001 0.6809999999999999 0.906 0.7809999999999999 0.952
0 0.288 0.605 0.307 0.628 0.32599999999999996 0.635 0.398 0.757 0.372 0.753 0.42000000000000004 0.7889999999999999 0.517 1 0.73 0.999 0.636 0.8470000000000001 0.526 0.7030000000000001 0.504 0.655 0.43200000000000005 0.553 0.42300000000000004 0.528 0.40099999999999997 0.516 0.353 0.528 0.29 0.577 0.284 0.587 0.288 0.605
0 0.11699999999999999 0.714 0.155 0.704 0.199 0.722 0.313 0.734 0.40599999999999997 0.771 0.33399999999999996 0.649 0.298 0.623 0.277 0.584 0.24500000000000002 0.5740000000000001 0.149 0.5820000000000001 0.133 0.5700000000000001 0.12 0.5730000000000001 0.1 0.641 0.10800000000000001 0.701 0.11699999999999999 0.714
0 0 0.9109999999999999 0.033 1 0.172 0.999 0.152 0.943 0.158 0.875 0.144 0.861 0.12 0.729 0.1 0.679 0.098 0.635 0.118 0.545 0.08499999999999999 0.5 0.037 0.496 0 0.529 0 0.9109999999999999
0 0.16399999999999998 0.131 0.195 0.126 0.21400000000000002 0.10700000000000001 0.22200000000000003 0.061 0.21400000000000002 0.034999999999999996 0.20099999999999998 0.022 0.129 0.002 0 0.001 0.003 0.11399999999999999 0.10900000000000001 0.132 0.16399999999999998 0.131