0 0.60390625 0.32734375 0.25 0.353125
0 0.371875 0.51015625 0.2203125 0.34375
0 0.54609375 0.525 0.178125 0.296875
0 0.7421875 0.52109375 0.215625 0.353125
0 0.88359375 0.56875 0.1953125 0.2984375
0 0.6984375 0.75546875 0.253125 0.30625
0 0.48671875 0.784375 0.228125 0.3
0 0.2828125 0.73046875 0.240625 0.3109375
0 0.20234375 0.45390625 0.2203125 0.284375
0 0.42421875 0.2921875 0.1765625 0.2609375
0 0.315625 0.28984375 0.1140625 0.225
0 0.50546875 0.11640625 0.1921875 0.16875
0 0.6859375 0.21015625 0.1921875 0.2921875
0 0.81953125 0.28984375 0.2078125 0.3328125