0 0.0296875 0.5984375 0.059375 0.421875
0 0.11171875 0.596875 0.159375 0.515625
0 0.21484375 0.59453125 0.1015625 0.5
0 0.08359375 0.8578125 0.109375 0.2296875
0 0.16953125 0.8 0.1 0.3875
0 0.32265625 0.771875 0.1234375 0.4515625
0 0.44296875 0.703125 0.1296875 0.521875
0 0.26015625 0.84140625 0.0703125 0.21875
0 0.5484375 0.7609375 0.115625 0.4734375
0 0.61796875 0.77578125 0.0875 0.4484375
0 0.7 0.7890625 0.1125 0.421875
0 0.7796875 0.72890625 0.1421875 0.4203125
0 0.84921875 0.85234375 0.1421875 0.2953125
0 0.94921875 0.83046875 0.1015625 0.3390625