0 0.3970588234375 0.2883986921875 0.37254902031250003 0.3243464046875 0.3700980390625 0.365196078125 0.382352940625 0.3864379078125 0.41789215625000004 0.4068627453125 0.48774509843749997 0.41748365937500004 0.5453431375 0.41176470624999995 0.6213235296875 0.3905228765625 0.6544117640625 0.366830065625 0.671568628125 0.3341503265625 0.66176470625 0.2982026140625 0.6372549015625 0.2736928109375 0.589460784375 0.2450980390625 0.5306372546875 0.22875817031249998 0.4693627453125 0.23529411718749998 0.3970588234375 0.2883986921875
0 0.6666666671875 0.3537581703125 0.6421568625 0.384803921875 0.67892156875 0.41094771249999995 0.731617646875 0.48039215625000004 0.7708333328125 0.490196078125 0.8088235296875 0.489379084375 0.859068628125 0.48202614375 0.9044117640625 0.45016339843750003 0.9142156859374999 0.4223856203125 0.9068627453125 0.365196078125 0.8848039218749999 0.3341503265625 0.8419117640625 0.3071895421875 0.7904411765625 0.294117646875 0.7438725484375001 0.294117646875 0.6740196078125 0.31944444375000003 0.6666666671875 0.3537581703125
0 0.4607843140625 0.688725490625 0.4754901953125 0.7246732031249999 0.49387254843750006 0.73366013125 0.544117646875 0.7344771234375 0.5661764703125 0.7246732031249999 0.5833333328125 0.7001633984375 0.60539215625 0.64133986875 0.6029411765625 0.615196078125 0.5747549015625 0.5931372546875 0.5134803921875 0.5849673203125 0.44240196093749995 0.6111111109375 0.4240196078125 0.6315359484374999 0.43382352968750004 0.6625816999999999 0.4607843140625 0.688725490625
0 0.6740196078125 0.669117646875 0.7536764703125 0.6486928109375001 0.784313725 0.60866013125 0.7524509796875 0.5514705875 0.7193627453125 0.534313725 0.6924019609375 0.5392156859375 0.634803921875 0.5776143796875 0.6078431375 0.6184640515625001 0.6078431375 0.6576797390625 0.63357843125 0.668300653125 0.6740196078125 0.669117646875
0 0.4669117640625 0.421568628125 0.44362745156249994 0.45669934687499997 0.438725490625 0.5220588234375 0.455882353125 0.5580065359375 0.5061274515624999 0.580065359375 0.58823529375 0.580882353125 0.623774509375 0.5751633984375 0.6580882359375 0.560457515625 0.6936274515624999 0.53513071875 0.715686275 0.5057189546874999 0.7181372546875 0.47467320312499994 0.705882353125 0.446895425 0.6813725484375001 0.41748365937500004 0.6311274515624999 0.3921568625 0.5477941171875 0.4150326796875 0.4669117640625 0.421568628125
0 0.16176470625 0.6756535953125 0.186274509375 0.7197712421875 0.2193627453125 0.7385620921875 0.265931371875 0.7532679734375 0.328431371875 0.7540849671875 0.3860294125 0.73366013125 0.4240196078125 0.705065359375 0.42892156875 0.6478758171875 0.382352940625 0.579248365625 0.33210784375 0.55392156875 0.285539215625 0.5506535953125 0.22916666718749998 0.5653594765625 0.1813725484375 0.5955882359375 0.16176470625 0.6380718953125 0.16176470625 0.6756535953125
0 0.259803921875 0.53513071875 0.2806372546875 0.5490196078125 0.32475490156250003 0.5506535953125 0.3884803921875 0.5751633984375 0.4142156859375 0.5743464046875 0.4264705875 0.5678104578125 0.43137254843750006 0.546568628125 0.4166666671875 0.50081699375 0.4264705875 0.47467320312499994 0.3860294125 0.436274509375 0.33210784375 0.43300653593750005 0.31617647031249996 0.44526143749999997 0.3014705875 0.4779411765625 0.26960784375 0.5073529406249999 0.259803921875 0.53513071875
0 0.046568628125 0.435457515625 0.046568628125 0.46486928125000004 0.0588235296875 0.4861111109375 0.1041666671875 0.509803921875 0.1470588234375 0.510620915625 0.2732843140625 0.491830065625 0.30882352968750004 0.453431371875 0.3186274515625 0.4044117640625 0.30392156875 0.3815359484375 0.265931371875 0.35620915000000003 0.20465686249999998 0.3333333328125 0.1752450984375 0.3349673203125 0.1139705875 0.3611111109375 0.0735294125 0.3897058828125 0.046568628125 0.435457515625
0 0.0024509796875 0.553104575 0.0024509796875 0.6200980390625 0.0404411765625 0.6552287578125 0.0943627453125 0.6748366015625 0.1299019609375 0.67728758125 0.1568627453125 0.6658496734375 0.1642156859375 0.6217320265625 0.1813725484375 0.5874183000000001 0.1764705875 0.57107843125 0.1642156859375 0.5547385625000001 0.1139705875 0.5212418296875 0.0870098046875 0.51633986875 0.0502450984375 0.51960784375 0.014705882812500001 0.5383986921874999 0.0024509796875 0.553104575
0 0 0.3684640515625 0.02573529375 0.38725490156250003 0.0686274515625 0.39133986875 0.1360294125 0.348039215625 0.19607843125 0.3259803921875 0.1813725484375 0.2916666671875 0.1813725484375 0.257352940625 0.15808823593750002 0.241830065625 0.11887254843749999 0.23202614375000002 0.052696078125000004 0.23529411718749998 0 0.26225490156250003 0 0.3684640515625
0 0.186274509375 0.3047385625 0.214460784375 0.3349673203125 0.25857843125 0.3431372546875 0.3014705875 0.3423202609375 0.3541666671875 0.328431371875 0.4044117640625 0.27859477187500004 0.46568627500000004 0.2344771234375 0.455882353125 0.2116013078125 0.41053921562499995 0.18464052343749998 0.3345588234375 0.18954248437500001 0.25367647031249996 0.2189542484375 0.215686275 0.242647059375 0.186274509375 0.275326796875 0.186274509375 0.3047385625
0 0.12745097968750002 0.14460784375 0.11519607812499999 0.1740196078125 0.125 0.2197712421875 0.143382353125 0.23529411718749998 0.1936274515625 0.2540849671875 0.28799019531250003 0.20424836562499998 0.3296568625 0.18954248437500001 0.3897058828125 0.18055555625 0.3970588234375 0.15931372500000002 0.3921568625 0.1217320265625 0.33700980468749997 0.08496732031250001 0.302696078125 0.07679738593749999 0.234068628125 0.08496732031250001 0.17279411718749998 0.1078431375 0.12745097968750002 0.14460784375
0 0.49509803906250005 0.169117646875 0.4852941171875 0.188725490625 0.48774509843749997 0.2197712421875 0.49387254843750006 0.2271241828125 0.535539215625 0.22875817031249998 0.589460784375 0.2434640515625 0.6421568625 0.2736928109375 0.6654411765625 0.2973856203125 0.6936274515624999 0.2982026140625 0.7365196078125 0.2810457515625 0.776960784375 0.2475490203125 0.7892156859375 0.2181372546875 0.776960784375 0.16584967343749998 0.7365196078125 0.132352940625 0.6752450984375 0.1078431375 0.6139705875 0.10294117656249999 0.58210784375 0.1094771234375 0.5147058828125 0.1495098046875 0.49509803906250005 0.169117646875