0 0.4734375 0.79375 0.303125 0.353125
0 0.1578125 0.58671875 0.1171875 0.203125
0 0.1109375 0.3171875 0.1171875 0.215625
0 0.2890625 0.7546875 0.1140625 0.1921875
0 0.1046875 0.7515625 0.1234375 0.2453125
0 0.28046875 0.41328125 0.1359375 0.384375
0 0.396875 0.50625 0.1703125 0.353125
0 0.37734375 0.19140625 0.1828125 0.371875
0 0.6828125 0.6734375 0.328125 0.28125
0 0.77421875 0.428125 0.259375 0.365625
0 0.5578125 0.40390625 0.253125 0.5328125
0 0.46640625 0.23359375 0.203125 0.4203125
0 0.740625 0.21875 0.1328125 0.1625