0 0.69609375 0.04765625 0.1140625 0.0734375
0 0.5859375 0.059375 0.11875 0.078125
0 0.4734375 0.06328125 0.1203125 0.08125
0 0.35234375 0.0578125 0.13125 0.090625
0 0.3671875 0.13125 0.121875 0.0796875
0 0.48984375 0.12265625 0.11875 0.0734375
0 0.609375 0.121875 0.125 0.071875
0 0.7171875 0.11015625 0.1140625 0.0796875
0 0.40234375 0.20390625 0.1359375 0.0875
0 0.45546875 0.2921875 0.15 0.1046875
0 0.32421875 0.32265625 0.1484375 0.0984375
0 0.29921875 0.415625 0.15625 0.1015625
0 0.44140625 0.38984375 0.1453125 0.1
0 0.28515625 0.2453125 0.128125 0.084375
0 0.26640625 0.15859375 0.0984375 0.109375
0 0.4625 0.9640625 0.125 0.071875
0 0.49765625 0.8765625 0.1078125 0.096875
0 0.578125 0.9484375 0.109375 0.103125
0 0.41171875 0.81796875 0.1046875 0.0875
0 0.8310000000000001 0.8215 0.8396666671874999 0.8247500000000001 0.8486666671875 0.82675 0.8833333328125 0.82325 0.8913333328125 0.82025 0.8986666671875 0.8150000000000001 0.907 0.8022500000000001 0.909 0.79575 0.909 0.7847500000000001 0.9046666671875 0.771 0.8996666671875 0.7617499999999999 0.8936666671875001 0.754 0.8843333328125 0.7445 0.876 0.7384999999999999 0.8640000000000001 0.7335 0.8513333328125 0.73125 0.8416666671874999 0.73075 0.833 0.73175 0.8263333328125 0.734 0.8153333328124999 0.7405 0.8113333328125 0.745 0.8063333328125 0.75575 0.8046666671875 0.76525 0.8053333328125 0.77425 0.8076666671874999 0.7825 0.8230000000000001 0.8045 0.8256666671874999 0.8145 0.8310000000000001 0.8215
0 0.611 1 0.6223333328125 0.9890000000000001 0.6253333328124999 0.9845 0.6264523328125 0.9696797500000001 0.6264523328125 0.9530985 0.622768 0.9323715 0.6147853328124999 0.9208567499999999 0.6055746671875 0.91394775 0.5933333328125 0.9027499999999999 0.5746666671875 0.8967499999999999 0.5623333328125 0.8957499999999999 0.554 0.89825 0.5436666671875 0.90525 0.5306666671875 0.9179999999999999 0.5253333328124999 0.92775 0.522 0.9574999999999999 0.524 0.9705 0.529 0.9875 0.5343333328125001 0.9952500000000001 0.541 1 0.5700000000000001 1 0.5766666671875 0.999 0.5823333328125 1 0.611 1
0 0.47723699999999997 0.9203962499999999 0.48644800000000005 0.9208567499999999 0.5067116671874999 0.922699 0.5196066671875 0.9208567499999999 0.531274 0.91579025 0.5436666671875 0.909 0.5543333328125 0.898 0.5563333328125 0.88325 0.553 0.881 0.5516666671875 0.87775 0.5513333328125001 0.8734999999999999 0.5533333328125 0.86675 0.5523333328125 0.85875 0.5486666671875 0.85075 0.5413333328125 0.8414999999999999 0.5313333328125001 0.83475 0.5196666671875 0.8300000000000001 0.5076666671875001 0.8275 0.49066666718749996 0.82725 0.4773333328125 0.8300000000000001 0.46966666718749994 0.8332499999999999 0.45899999999999996 0.8407500000000001 0.45133333281250004 0.8484999999999999 0.44699999999999995 0.8550000000000001 0.44333333281250004 0.86625 0.44266666718750003 0.8885 0.45083266718750004 0.89874825 0.45881533281250003 0.9079599999999999 0.4624996671875 0.9130265 0.47723699999999997 0.9203962499999999
0 0.7083333328125 0.08299999999999999 0.7366666671875 0.08299999999999999 0.742 0.08225 0.7486666671875 0.08025 0.7533333328125 0.0755 0.7546666671875 0.061750000000000006 0.753 0.050249999999999996 0.7496666671875001 0.0385 0.7426666671875 0.026000000000000002 0.7296666671875001 0.0165 0.717 0.011 0.7096666671875 0.00925 0.6953333328125 0.008749999999999999 0.6826666671875 0.00975 0.6626666671875 0.01925 0.6543333328125 0.025 0.642 0.0395 0.6393333328125 0.05225 0.643 0.07525 0.6423333328124999 0.0885 0.647 0.094 0.6586666671875 0.0995 0.6953333328125 0.08549999999999999 0.7083333328125 0.08299999999999999
0 0.5626666671875 0.09975 0.579 0.09475 0.5933333328125 0.09275 0.632 0.09375 0.6396666671875 0.09175 0.6436666671875 0.08825 0.6426666671875 0.065 0.64 0.05275 0.6373333328124999 0.04725 0.6293333328124999 0.03825 0.609 0.025 0.5953333328125 0.0225 0.5796666671875 0.0225 0.5643333328125 0.02475 0.546 0.03275 0.5406666671875 0.037 0.5333333328125 0.04975 0.5316666671875 0.06575 0.533 0.0985 0.5353333328125001 0.10325 0.541 0.1095 0.545 0.11125 0.5493333328125 0.10725 0.5626666671875 0.09975
0 0.43600000000000005 0.1075 0.445 0.10475000000000001 0.4543333328125 0.10024999999999999 0.46733333281249995 0.09675 0.4796666671875 0.0955 0.4886666671875 0.09575 0.5196666671875 0.0995 0.524 0.098 0.53 0.092 0.5333333328125 0.07825 0.532 0.06275 0.5283333328125 0.0505 0.522 0.042249999999999996 0.513 0.034749999999999996 0.49400000000000005 0.026000000000000002 0.48200000000000004 0.02375 0.47066666718750005 0.02375 0.45466666718750004 0.026250000000000002 0.43566666718749997 0.034 0.42933333281249997 0.03825 0.42133333281249996 0.050249999999999996 0.4183333328125 0.0625 0.4183333328125 0.076 0.4223333328125 0.097 0.425 0.10575000000000001 0.42800000000000005 0.1105 0.43166666718749996 0.11025 0.43600000000000005 0.1075
0 0.3313333328125 0.10275000000000001 0.341275 0.09307725 0.365837 0.091235 0.40499999999999997 0.10800000000000001 0.40833333281249995 0.10600000000000001 0.41333333281250006 0.10049999999999999 0.41733333281249996 0.08775 0.418 0.07475000000000001 0.4166666671875 0.06325 0.41200000000000003 0.050749999999999997 0.3993333328125 0.036 0.38 0.0235 0.365 0.01775 0.355 0.01575 0.344 0.0155 0.3273333328125 0.0185 0.313 0.024 0.3043333328125 0.03 0.2966666671875 0.03975 0.2886666671875 0.0625 0.28900000000000003 0.0755 0.302 0.10525 0.304 0.10825 0.30533333281249997 0.1085 0.3173333328125 0.10674999999999998 0.3313333328125 0.10275000000000001
0 0.3954386671875 0.5542365 0.38810533281250004 0.5389865 0.37543866718749996 0.5262365 0.3704386671875 0.5224865000000001 0.362772 0.5197364999999999 0.34877199999999997 0.5184865000000001 0.3291053328125 0.5184865000000001 0.3154386671875 0.5197364999999999 0.3024386671875 0.5224865000000001 0.2964386671875 0.5252365 0.288772 0.5327365000000001 0.2851053328125 0.5397365 0.2834386671875 0.5482365 0.2831053328125 0.5542365 0.285772 0.5659865 0.2934386671875 0.5814865 0.3034386671875 0.5902364999999999 0.3114386671875 0.5947365 0.325772 0.5989865 0.3414386671875 0.5992365000000001 0.3534386671875 0.5979865 0.37510533281249997 0.5922365 0.38610533281250004 0.5852364999999999 0.395772 0.5689865000000001 0.3954386671875 0.5542365
0 0.421 0.615394 0.41166666718749995 0.601394 0.4056666671875 0.596894 0.3993333328125 0.5938939999999999 0.3916666671875 0.591144 0.38166666718750003 0.589144 0.3676666671875 0.5898939999999999 0.3453333328125 0.593144 0.3326666671875 0.597394 0.32799999999999996 0.601144 0.3226666671875 0.6096440000000001 0.32 0.616394 0.3186666671875 0.6248940000000001 0.31966666718750003 0.650894 0.3233333328125 0.6603939999999999 0.327 0.663144 0.343 0.670394 0.3586666671875 0.6733939999999999 0.368 0.673644 0.3826666671875 0.6723939999999999 0.3936666671875 0.670394 0.398 0.6683939999999999 0.40499999999999997 0.662894 0.42400000000000004 0.629394 0.421 0.615394
0 0.458491 0.74235475 0.4591576671875 0.7291047500000001 0.450491 0.70960475 0.44649099999999997 0.70435475 0.439491 0.6991047499999999 0.4301576671875 0.69360475 0.41682433281250003 0.68785475 0.40249100000000004 0.68710475 0.375491 0.69535475 0.364491 0.70160475 0.35782433281250003 0.70885475 0.3521576671875 0.71760475 0.348491 0.72735475 0.34715766718749996 0.73510475 0.34682433281249997 0.74385475 0.349491 0.75210475 0.35182433281250003 0.7566047499999999 0.35815766718750003 0.76360475 0.3661576671875 0.76985475 0.3751576671875 0.77435475 0.391491 0.77685475 0.436491 0.77135475 0.4431576671875 0.76885475 0.44915766718750005 0.76260475 0.453491 0.75535475 0.458491 0.74235475
0 0.4702806671875 0.5509075 0.4709473328125 0.5391575 0.4702806671875 0.5294075 0.46728066718749994 0.5186575 0.4579473328125 0.5046575 0.4452806671875 0.49540749999999995 0.43728066718749997 0.49315749999999997 0.4279473328125 0.49265749999999997 0.40461400000000003 0.49515750000000003 0.3922806671875 0.49765750000000003 0.3839473328125 0.5009075000000001 0.3782806671875 0.5049075000000001 0.37228066718749997 0.5141574999999999 0.371614 0.5176575 0.3739473328125 0.5271575000000001 0.3832806671875 0.5386575 0.3952806671875 0.5681575 0.3979473328125 0.5724075 0.4009473328125 0.5744075 0.4079473328125 0.5756574999999999 0.4322806671875 0.5756574999999999 0.442614 0.5744075 0.45661399999999996 0.5676574999999999 0.4679473328125 0.5571575 0.4702806671875 0.5509075
0 0.5268243328125 0.62052575 0.5304909999999999 0.61177575 0.5351576671875 0.59352575 0.535491 0.58002575 0.5258243328125001 0.56602575 0.5131576671875 0.55752575 0.503491 0.55352575 0.494491 0.55202575 0.48049099999999995 0.55277575 0.4628243328125 0.55752575 0.45249100000000003 0.56252575 0.444491 0.56802575 0.43782433281250005 0.57652575 0.4318243328125 0.59402575 0.4311576671875 0.60727575 0.4328243328125 0.61577575 0.436491 0.62352575 0.4408243328125 0.62727575 0.4508243328125 0.63052575 0.4751576671875 0.63277575 0.49282433281250004 0.6370257500000001 0.5038243328124999 0.63652575 0.5108243328125 0.6340257499999999 0.5134909999999999 0.6310257499999999 0.523491 0.62452575 0.5268243328125 0.62052575
0 0.5965436671875 0.7058547500000001 0.596877 0.69085475 0.5942103328125 0.67960475 0.5912103328125 0.6728547500000001 0.5865436671875 0.6661047499999999 0.5805436671875001 0.66135475 0.5722103328125 0.65710475 0.5562103328125 0.65210475 0.544877 0.65110475 0.5385436671875 0.65160475 0.5125436671875 0.6588547499999999 0.504877 0.66210475 0.4985436671875 0.66710475 0.49087699999999995 0.67635475 0.488877 0.68035475 0.485877 0.69460475 0.48621033281250003 0.70685475 0.49121033281250004 0.71760475 0.4972103328125 0.72585475 0.5075436671875 0.7326047499999999 0.5272103328125 0.7393547500000001 0.538877 0.74085475 0.5508770000000001 0.74085475 0.565877 0.73835475 0.585877 0.72810475 0.590877 0.72385475 0.593877 0.71860475 0.5965436671875 0.7058547500000001
0 0.5870526671875 0.5261834999999999 0.5850526671875 0.5129335 0.5803860000000001 0.5036835 0.5747193328125 0.4986835 0.5657193328125001 0.4941835 0.5533859999999999 0.4901835 0.542386 0.4884335 0.5307193328124999 0.4889335 0.5147193328124999 0.49368350000000005 0.502386 0.5004335 0.49305266718749996 0.5129335 0.4917193328125 0.5191835 0.49205266718749996 0.5394335 0.49638600000000005 0.5511834999999999 0.5017193328125 0.5556835 0.515386 0.5629335 0.5307193328124999 0.5759335 0.540386 0.5794335 0.5450526671875 0.5796835 0.5623859999999999 0.5749335 0.5723860000000001 0.5686835 0.5840526671874999 0.5531835 0.5870526671875 0.5419335000000001 0.5870526671875 0.5261834999999999
0 0.6759999999999999 0.530697 0.6759999999999999 0.5169469999999999 0.6633333328125001 0.5004470000000001 0.6586666671875 0.496197 0.6516666671875 0.492447 0.6456666671875 0.489947 0.6346666671875 0.488447 0.6186666671875 0.488947 0.5933333328125 0.495197 0.5853333328125 0.499447 0.581 0.503197 0.5803333328125 0.506947 0.5846666671875 0.526947 0.585 0.543947 0.589 0.5521969999999999 0.5943333328125 0.555947 0.6176666671875 0.5591969999999999 0.6343333328125 0.557947 0.6456666671875 0.555947 0.658 0.551697 0.6656666671875 0.550197 0.6723333328125001 0.545697 0.6759999999999999 0.530697
0 0.623877 0.60185475 0.605877 0.58485475 0.5965436671875 0.58160475 0.579877 0.57810475 0.5675436671874999 0.57835475 0.5555436671875 0.5803547499999999 0.547877 0.58285475 0.541877 0.58635475 0.538877 0.58985475 0.5355436671875 0.59960475 0.534877 0.61735475 0.5372103328125 0.63060475 0.541877 0.6428547499999999 0.5505436671874999 0.65260475 0.5788770000000001 0.66235475 0.5902103328125 0.6628547499999999 0.6192103328125 0.65560475 0.6262103328124999 0.65160475 0.6322103328125 0.6433547500000001 0.6362103328125001 0.63110475 0.633877 0.61910475 0.623877 0.60185475
0 0.7091053328125 0.56556525 0.696772 0.55731525 0.6811053328125001 0.54956525 0.667772 0.5468152500000001 0.6567719999999999 0.54656525 0.624772 0.55581525 0.616772 0.56156525 0.6104386671875 0.57681525 0.6101053328125 0.58881525 0.6114386671875 0.59281525 0.6311053328125 0.61956525 0.6364386671875 0.62331525 0.6441053328125 0.6248152499999999 0.6561053328125 0.6248152499999999 0.6927719999999999 0.61856525 0.7074386671874999 0.61356525 0.7134386671875 0.60781525 0.7191053328125 0.59256525 0.7191053328125 0.5780652500000001 0.7091053328125 0.56556525
0 0.8237896671874999 0.6179865 0.8214563328125 0.6062365 0.8164563328125001 0.5957365 0.811123 0.5889865000000001 0.8034563328125 0.5824865 0.7924563328125 0.5757365 0.7747896671875 0.5682365 0.7654563328124999 0.5659865 0.7604563328125 0.5657365000000001 0.7381230000000001 0.5709865 0.7284563328125 0.5744865 0.7224563328125 0.5782365 0.720123 0.5814865 0.7167896671875 0.5952365000000001 0.7091230000000001 0.6132365 0.7084563328125 0.6164864999999999 0.7104563328125 0.6179865 0.7247896671875 0.6222365 0.7327896671875 0.6267365 0.7477896671875001 0.6409865 0.7614563328124999 0.6499865 0.7934563328124999 0.6489865 0.805123 0.6469865 0.8114563328125 0.6437364999999999 0.8171229999999999 0.6387365 0.823123 0.6287365 0.8237896671874999 0.6179865
0 0.757228 0.66881525 0.7568946671875 0.6560652499999999 0.7525613328125 0.64256525 0.7445613328125 0.63106525 0.736228 0.62406525 0.7268946671875 0.61931525 0.712228 0.61406525 0.7095613328125 0.61356525 0.6975613328125 0.61481525 0.6785613328125 0.61856525 0.6685613328125 0.62206525 0.6628946671875 0.62656525 0.6578946671875 0.63356525 0.6518946671875 0.6518152500000001 0.6515613328125001 0.65531525 0.658228 0.6680652499999999 0.6665613328125 0.67656525 0.674228 0.68856525 0.6838946671875 0.69756525 0.6915613328125 0.69881525 0.7088946671875 0.69956525 0.7365613328125 0.69881525 0.7428946671875 0.6963152499999999 0.746228 0.69381525 0.7548946671875 0.68181525 0.757228 0.66881525
0 0.664491 0.7246575 0.6761576671875 0.7071575 0.6774910000000001 0.6984075 0.6774910000000001 0.6941575 0.6758243328125 0.6906575 0.6608243328125 0.6691575000000001 0.6491576671875 0.6619075 0.6311576671875 0.6551575 0.6221576671875 0.6541575 0.6161576671875 0.6544075 0.6018243328125 0.6574074999999999 0.5918243328125 0.6621575 0.5858243328125 0.6671575 0.585491 0.6701575 0.5908243328125 0.6784074999999999 0.594491 0.6926574999999999 0.593491 0.7069075 0.589491 0.7196575000000001 0.592491 0.7299075 0.596491 0.7324075 0.6058243328125 0.7341575 0.6328243328125 0.7346575 0.6461576671875 0.7359074999999999 0.6561576671875 0.7334075 0.664491 0.7246575
0 0.784614 0.8565652500000001 0.781614 0.8445652499999999 0.7746139999999999 0.83206525 0.7659473328125 0.8215652499999999 0.760614 0.81706525 0.7492806671875 0.8110652500000001 0.7206140000000001 0.80181525 0.7102806671875 0.80031525 0.6952806671875 0.80081525 0.6822806671875 0.8048152500000001 0.6692806671875 0.8125652499999999 0.6619473328125001 0.8205652499999999 0.6579473328125001 0.83081525 0.6576139999999999 0.8573152500000001 0.6612806671875 0.8750652499999999 0.6682806671875 0.88606525 0.6822806671875 0.89381525 0.709614 0.90306525 0.7249473328125 0.9048152500000001 0.740614 0.90431525 0.748614 0.90281525 0.7579473328125 0.8983152499999999 0.7759473328125 0.8833152500000001 0.7839473328125 0.86856525 0.784614 0.8565652500000001
0 0.6943333328125 0.80056525 0.696 0.79156525 0.6940000000000001 0.78031525 0.6896666671875 0.76931525 0.6766666671875 0.75306525 0.6586666671875 0.73856525 0.6503333328124999 0.73506525 0.6383333328125 0.73231525 0.5943333328125 0.7275652499999999 0.5820000000000001 0.73156525 0.5723333328125 0.7418152499999999 0.5716666671875 0.7458152499999999 0.577 0.78281525 0.5883333328125 0.8010652500000001 0.5963333328125 0.80906525 0.605 0.8128152500000001 0.636 0.82256525 0.6453333328124999 0.8270652500000001 0.6563333328125001 0.8273152500000001 0.6586666671875 0.8268152499999999 0.6706666671875 0.81656525 0.6910000000000001 0.80581525 0.6943333328125 0.80056525
0 0.6527193328124999 0.8969865 0.6650526671875 0.8862365000000001 0.6657193328125001 0.8817365 0.660386 0.8712365 0.656386 0.8577365 0.6557193328124999 0.8422364999999999 0.6567193328125 0.8339865 0.6550526671875 0.8302365 0.6507193328125 0.8272365 0.622386 0.8172364999999999 0.6087193328125 0.8134865 0.5937193328125 0.8122365 0.5753860000000001 0.8162364999999999 0.5647193328125 0.8212365 0.5547193328125 0.8304864999999999 0.550386 0.8422364999999999 0.5500526671875 0.8472365 0.5550526671875 0.8697364999999999 0.5567193328125 0.8869865000000001 0.5583859999999999 0.8919865 0.5610526671875 0.8942365000000001 0.582386 0.8992365 0.5947193328125 0.9044865 0.6077193328125 0.9084865000000001 0.6217193328125 0.9084865000000001 0.631386 0.9069865 0.644386 0.9014865000000001 0.6527193328124999 0.8969865
0 0.0543333328125 0.47350000000000003 0.06833333281250001 0.48525 0.075 0.4885 0.0873333328125 0.48925 0.10066666718749999 0.488 0.17733333281250002 0.476 0.19966666718749998 0.47375 0.2073333328125 0.471 0.2133333328125 0.466 0.2156666671875 0.457 0.21400000000000002 0.44075 0.2073333328125 0.42300000000000004 0.198 0.41375 0.181 0.4035 0.16833333281250001 0.39849999999999997 0.13999999999999999 0.39275000000000004 0.1236666671875 0.391 0.10033333281250001 0.39249999999999996 0.08299999999999999 0.39775 0.07133333281250001 0.4035 0.058333332812500006 0.4125 0.053666667187499996 0.41725 0.048333332812500004 0.4265 0.044 0.44325000000000003 0.044 0.45375 0.0453333328125 0.45875000000000005 0.0496666671875 0.46775 0.0543333328125 0.47350000000000003
0 0.7883333328125001 0.9515 0.7973333328125001 0.95275 0.8119999999999999 0.95275 0.8233333328124999 0.951 0.8363333328125 0.9475 0.8503333328125 0.9422499999999999 0.86 0.9369999999999999 0.867 0.93125 0.8723333328124999 0.9244999999999999 0.8766666671875001 0.91075 0.8736666671875 0.8975 0.8676666671875 0.88475 0.8613333328125 0.877 0.849 0.86625 0.8416666671874999 0.8625 0.836 0.858 0.8266666671875 0.8545 0.7966666671875 0.8539999999999999 0.786 0.8550000000000001 0.783 0.8574999999999999 0.7809999999999999 0.8625 0.7793333328125 0.8744999999999999 0.775 0.88325 0.767 0.8932499999999999 0.7506666671875 0.908 0.748 0.91275 0.758 0.9395 0.7616666671875 0.9435 0.7883333328125001 0.9515
0 0 0.21575000000000003 0.0503333328125 0.24825 0.0596666671875 0.251 0.0636666671875 0.251 0.071 0.24100000000000002 0.088 0.22549999999999998 0.1 0.21974999999999997 0.11333333281249999 0.215 0.1406666671875 0.20950000000000002 0.1486666671875 0.20675 0.1526666671875 0.20350000000000001 0.1526666671875 0.20049999999999998 0.14666666718750002 0.1885 0.1386666671875 0.17775000000000002 0.1276666671875 0.16675 0.1176666671875 0.15875 0.101 0.1505 0.0866666671875 0.14525 0.0663333328125 0.141 0.0543333328125 0.14075 0.037 0.14275 0.0226666671875 0.14725 0.0163333328125 0.15025 0 0.1625 0 0.21575000000000003
0 0.08966666718750001 0.15 0.1166666671875 0.16125 0.1393333328125 0.1765 0.1503333328125 0.1775 0.154 0.17675000000000002 0.1576666671875 0.17450000000000002 0.1613333328125 0.16999999999999998 0.1686666671875 0.14875 0.176 0.13325 0.187 0.1155 0.1876666671875 0.1125 0.1776666671875 0.0985 0.1716666671875 0.08775 0.1563333328125 0.075 0.137 0.06725 0.11499999999999999 0.06325 0.0996666671875 0.06225000000000001 0.0856666671875 0.065 0.0663333328125 0.073 0.060333332812499994 0.077 0.049333332812500005 0.08775 0.043 0.10075 0.0406666671875 0.1115 0.040999999999999995 0.1395 0.0443333328125 0.14275 0.0513333328125 0.14550000000000002 0.078 0.14775 0.08966666718750001 0.15
0 0.5589999999999999 0.41974999999999996 0.5836666671875 0.41500000000000004 0.6223333328125 0.41 0.6363333328125 0.40650000000000003 0.647 0.40149999999999997 0.6519999999999999 0.39625 0.6546666671875 0.3915 0.657 0.368 0.651 0.3465 0.648 0.341 0.6453333328124999 0.33875 0.633 0.33599999999999997 0.6023333328125 0.33625 0.5940000000000001 0.33675 0.5816666671874999 0.33925 0.5716666671875 0.33975 0.563 0.33599999999999997 0.5453333328125 0.32175 0.5343333328125001 0.31975 0.5313333328125001 0.32075 0.5266666671875 0.32825000000000004 0.521 0.333 0.5036666671875001 0.355 0.5053333328125 0.3665 0.5093333328125 0.377 0.5143333328125 0.39975 0.5186666671875 0.4125 0.5223333328125 0.417 0.532 0.42024999999999996 0.5589999999999999 0.41974999999999996
0 0.2273333328125 0.61975 0.2396666671875 0.6205 0.253 0.62 0.2903333328125 0.61575 0.2983333328125 0.61275 0.30333333281249997 0.6092500000000001 0.31033333281250003 0.596 0.305 0.5902499999999999 0.2903333328125 0.5685 0.2873333328125 0.558 0.2873333328125 0.542 0.2856666671875 0.54 0.2816666671875 0.53825 0.273 0.5377500000000001 0.24100000000000002 0.54075 0.22799999999999998 0.5445 0.2213333328125 0.54875 0.2116666671875 0.558 0.20299999999999999 0.5627500000000001 0.1973333328125 0.5675 0.1916666671875 0.581 0.194 0.59375 0.2026666671875 0.6094999999999999 0.21000000000000002 0.61475 0.2273333328125 0.61975
0 0.1533333328125 0.7212500000000001 0.16 0.7264999999999999 0.16399999999999998 0.72825 0.17733333281250002 0.7275 0.2006666671875 0.7190000000000001 0.2186666671875 0.716 0.227 0.7112499999999999 0.22999999999999998 0.70625 0.23133333281250001 0.6940000000000001 0.22833333281249998 0.6719999999999999 0.2173333328125 0.647 0.2126666671875 0.64225 0.2053333328125 0.63925 0.188 0.63875 0.1636666671875 0.641 0.1376666671875 0.6485000000000001 0.13333333281249998 0.65075 0.1276666671875 0.65575 0.1223333328125 0.666 0.1203333328125 0.6845 0.1233333328125 0.697 0.1276666671875 0.7055 0.1326666671875 0.712 0.136 0.7144999999999999 0.1533333328125 0.7212500000000001
0 0.1943333328125 0.63725 0.1973333328125 0.632 0.1983333328125 0.6235 0.19766666718749998 0.60875 0.1923333328125 0.59675 0.188 0.581 0.1816666671875 0.57175 0.1776666671875 0.5695 0.17233333281250002 0.5695 0.15 0.57275 0.1236666671875 0.5745 0.1173333328125 0.57275 0.10033333281250001 0.564 0.0926666671875 0.56725 0.08966666718750001 0.5715 0.0903333328125 0.60825 0.0976666671875 0.6335 0.11100000000000002 0.6485000000000001 0.1176666671875 0.6525000000000001 0.1236666671875 0.65475 0.128 0.655 0.17633333281250002 0.64625 0.1896666671875 0.64125 0.1943333328125 0.63725
0 0.354 0.96225 0.388 0.9602499999999999 0.3916666671875 0.9595 0.3943333328125 0.9572499999999999 0.3996666671875 0.9490000000000001 0.41166666718749995 0.9097500000000001 0.41233333281249995 0.88825 0.40933333281250006 0.87675 0.40533333281250006 0.8695 0.3963333328125 0.8619999999999999 0.3803333328125 0.8567500000000001 0.3643333328125 0.8550000000000001 0.341 0.859 0.3016666671875 0.8720000000000001 0.2956666671875 0.875 0.2946666671875 0.8862500000000001 0.292 0.897 0.294 0.9125 0.2996666671875 0.9272500000000001 0.31033333281250003 0.9465 0.319 0.9577500000000001 0.3273333328125 0.962 0.354 0.96225
0 0.0216666671875 0.90725 0.026000000000000002 0.9125 0.0376666671875 0.922 0.047 0.9375 0.0533333328125 0.94425 0.0606666671875 0.9557499999999999 0.073 0.9647500000000001 0.0763333328125 0.966 0.09066666718750001 0.9657500000000001 0.1346666671875 0.9550000000000001 0.1486666671875 0.95 0.1593333328125 0.9400000000000001 0.1756666671875 0.9097500000000001 0.1766666671875 0.8967499999999999 0.17466666718749999 0.8865000000000001 0.16799999999999998 0.87225 0.16299999999999998 0.8647500000000001 0.1563333328125 0.8574999999999999 0.1406666671875 0.8467499999999999 0.1286666671875 0.8332499999999999 0.1233333328125 0.83125 0.11233333281249999 0.8305 0.0866666671875 0.8332499999999999 0.0726666671875 0.83575 0.0496666671875 0.83725 0.04 0.8402499999999999 0.0336666671875 0.845 0.026000000000000002 0.85375 0.022 0.86025 0.017 0.873 0.0163333328125 0.8872500000000001 0.017333332812499998 0.89725 0.0216666671875 0.90725
0 0.1803333328125 0.9167500000000001 0.1903333328125 0.9164999999999999 0.20299999999999999 0.913 0.2173333328125 0.9075 0.24933333281249997 0.90075 0.256 0.89725 0.26033333281250004 0.88975 0.26233333281250004 0.8755000000000001 0.26233333281250004 0.8585 0.25666666718750003 0.8380000000000001 0.24700000000000003 0.818 0.24333333281249997 0.81325 0.23766666718749999 0.8102499999999999 0.21400000000000002 0.80625 0.20366666718749998 0.8074999999999999 0.17033333281250002 0.81975 0.1496666671875 0.8335000000000001 0.142 0.8465 0.1423333328125 0.84975 0.1573333328125 0.8619999999999999 0.1626666671875 0.8692500000000001 0.1706666671875 0.8867499999999999 0.17533333281250002 0.91225 0.177 0.9155 0.1803333328125 0.9167500000000001
0 0.0643333328125 0.8397500000000001 0.079 0.8375 0.0903333328125 0.8345 0.123 0.83025 0.13033333281249998 0.826 0.13899999999999998 0.81375 0.14666666718750002 0.79975 0.15 0.7877500000000001 0.1496666671875 0.774 0.147 0.7617499999999999 0.143 0.756 0.1326666671875 0.749 0.1236666671875 0.74525 0.11233333281249999 0.74375 0.067 0.7474999999999999 0.0533333328125 0.75075 0.0426666671875 0.757 0.03 0.7715 0.0236666671875 0.7849999999999999 0.0236666671875 0.798 0.0263333328125 0.807 0.0363333328125 0.825 0.0443333328125 0.8332499999999999 0.051000000000000004 0.83775 0.0643333328125 0.8397500000000001
0 0.2883333328125 0.8707499999999999 0.2923333328125 0.8727499999999999 0.3036666671875 0.8755000000000001 0.3286666671875 0.86725 0.34199999999999997 0.8640000000000001 0.3673333328125 0.86 0.3776666671875 0.85975 0.3736666671875 0.8552500000000001 0.37266666718749997 0.8494999999999999 0.371 0.8470000000000001 0.36266666718749996 0.8375 0.36066666718749996 0.8310000000000001 0.3593333328125 0.82025 0.3613333328125 0.80525 0.3636666671875 0.79775 0.3623333328125 0.7877500000000001 0.3543333328125 0.782 0.353 0.7785 0.3493333328125 0.7765 0.32766666718750004 0.775 0.3166666671875 0.7755 0.3036666671875 0.7775000000000001 0.286 0.783 0.269 0.7915 0.261 0.7967500000000001 0.252 0.80625 0.24933333281249997 0.8115 0.2506666671875 0.8240000000000001 0.2646666671875 0.8515 0.2736666671875 0.86025 0.2883333328125 0.8707499999999999
0 0.19296875 0.35234375 0.1609375 0.1046875
0 0.14765625 0.2609375 0.159375 0.1109375
0 0.2375 0.1640625 0.1390625 0.0921875
0 0.85078125 0.34375 0.1171875 0.090625
0 0.45234375 0.6671875 0.1015625 0.08125
0 0.690625 0.9328125 0.121875 0.0953125
0 0.8984375 0.871875 0.1109375 0.0921875
0 0.715625 0.73828125 0.1 0.08125
0 0.5859375 0.47421875 0.0859375 0.0375
0 0.6828125 0.4796875 0.0875 0.0640625
0 0.72421875 0.540625 0.09375 0.0671875
0 0.5140625 0.7703125 0.115625 0.0796875
0 0 0.41925 0.014000000000000002 0.42699999999999994 0.027000000000000003 0.43025 0.037333332812499995 0.43125 0.05 0.4255 0.061 0.41525 0.086 0.40199999999999997 0.0993333328125 0.3975 0.1166666671875 0.39375 0.121 0.39075000000000004 0.1173333328125 0.379 0.1106666671875 0.36625 0.10800000000000001 0.356 0.10833333281249999 0.33849999999999997 0.1096666671875 0.3315 0.10833333281249999 0.3285 0.0996666671875 0.32599999999999996 0.0803333328125 0.316 0.06999999999999999 0.3125 0.051000000000000004 0.30924999999999997 0.0366666671875 0.30874999999999997 0.013000000000000001 0.31124999999999997 0 0.31675 0 0.41925
0 0.02890625 0.265625 0.0578125 0.09375
0 0.271875 0.65703125 0.09375 0.078125
0 0.3046875 0.7296875 0.096875 0.09375
0 0.209375 0.76484375 0.128125 0.0921875
0 0.06953125 0.70234375 0.11875 0.0796875
0 0.0484375 0.62890625 0.09375 0.0703125
0 0.2421875 0.946875 0.1125 0.1015625
0 0.14140625 0.97265625 0.1234375 0.0546875