0 0.4579030984375 0.4633853546875 0.44320889531249996 0.4903961578125 0.432883240625 0.5324129656250001 0.435266084375 0.5732292921875 0.44479745781249996 0.6008403359375001 0.459491659375 0.61704681875 0.4868943609375 0.6224489796875 0.49920571875 0.61704681875 0.5170770453125 0.5996398562499999 0.5321683875 0.574429771875 0.5385226375000001 0.54201680625 0.53931691875 0.5096038421875 0.53296266875 0.47118847500000005 0.5230341546874999 0.4513805515625 0.50714853125 0.43937575000000006 0.47855440781249997 0.4441776703125 0.4579030984375 0.4633853546875
0 0.3455123109375 0.5456182468749999 0.35861795 0.5690276109375 0.37053216875 0.5762304921875 0.3876092140625 0.5756302515625 0.39316918125 0.57082833125 0.4050834 0.5432172875 0.40428911875000006 0.5048019203125 0.39634630625 0.48559423749999997 0.3856235109375 0.47418967656250005 0.35941223125 0.47178871562499997 0.3510722796875 0.48079231718750004 0.3455123109375 0.4975990390625 0.3431294671875 0.5144057625 0.3455123109375 0.5456182468749999
0 0.3574265296875 0.62004801875 0.370135028125 0.603241296875 0.372517871875 0.5804321734375 0.3546465453125 0.564225690625 0.3451151703125 0.5474189671875 0.338760921875 0.5486194484375 0.328038125 0.5684273703125 0.3296266875 0.5912364953125 0.3419380453125 0.6146458578125 0.34908657656250003 0.620648259375 0.3574265296875 0.62004801875
0 0.2128673546875 0.5408163265625 0.22795869687499998 0.5192076828125 0.231135821875 0.4987995203125 0.228752978125 0.48559423749999997 0.2204130265625 0.468187275 0.198967434375 0.47539015625000003 0.1775218421875 0.4525810328125 0.17355043750000002 0.4525810328125 0.166004765625 0.47839135625000007 0.167593328125 0.518007203125 0.2128673546875 0.5408163265625
0 0.231135821875 0.4483793515625 0.2223987296875 0.468787515625 0.23471008750000003 0.492196878125 0.2517871328125 0.49639855937500005 0.258538521875 0.49579831875 0.27720412968749997 0.47238895625 0.2875297859375 0.439975990625 0.2843526609375 0.39435774375 0.2795869734375 0.382352940625 0.268069896875 0.36854741875 0.25297855468749997 0.3769507796875 0.24344717968750001 0.3769507796875 0.240667196875 0.382352940625 0.231135821875 0.4483793515625
0 0.07942811718750001 0.624849940625 0.07704527343749999 0.6500600234375 0.0786338359375 0.6776710687499999 0.0889594921875 0.710084034375 0.1084193796875 0.7334933968749999 0.13264495625 0.7340936375 0.1513105640625 0.722689075 0.166004765625 0.702881153125 0.174741859375 0.68487395 0.18109610781250002 0.6548619453125 0.17871326406250002 0.6008403359375001 0.167593328125 0.5684273703125 0.15687053281250002 0.5618247296875001 0.1123907859375 0.5618247296875001 0.092136615625 0.5864345734375 0.07942811718750001 0.624849940625
0 0 0.8001200484375 0.0150913421875 0.801320528125 0.0258141375 0.7959183671875001 0.039714059375 0.777310925 0.0476568703125 0.752100840625 0.0500397140625 0.723289315625 0.0444797453125 0.687274909375 0.031771246875 0.6548619453125 0.0162827640625 0.635054021875 0.002779984375 0.6302521015625 0 0.632052821875 0 0.8001200484375
0 0.5524225578124999 0.0480192078125 0.537331215625 0.052821128125000005 0.53455123125 0.049819928125 0.533359809375 0.0408163265625 0.530579825 0.059423768749999994 0.5174741859374999 0.0696278515625 0.5099285140625 0.0870348140625 0.505162828125 0.10624249687500001 0.505162828125 0.1194477796875 0.5091342328125 0.1302521015625 0.5115170765625 0.148259303125 0.5150913421875 0.1536614640625 0.526211278125 0.16206482656250001 0.5353455125 0.162665065625 0.541302621875 0.15966386562499998 0.5460683078125 0.1464585828125 0.5500397140625 0.1476590640625 0.5563939640625 0.1416566625 0.567116759375 0.12424969999999999 0.571882446875 0.10744297656249999 0.571882446875 0.09423769531250001 0.568705321875 0.071428571875 0.56115965 0.0552220890625 0.5524225578124999 0.0480192078125
0 0.33677521875 0.09183673437499999 0.33042096875000004 0.1110444171875 0.33677521875 0.1290516203125 0.3359809375 0.1434573828125 0.33995234375 0.1542617046875 0.33359809375 0.1758703484375 0.3359809375 0.1890756296875 0.3522637015625 0.2112845140625 0.36100079375 0.2172869140625 0.372517871875 0.2178871546875 0.38880063593749997 0.2136854734375 0.405480540625 0.1992797125 0.41540905468749995 0.1830732296875 0.4241461484375 0.15186074375 0.4225575859375 0.1002400953125 0.41620333593750003 0.077430971875 0.39992057187499996 0.0552220890625 0.36973788750000003 0.057623049999999995 0.35385226406250003 0.0660264109375 0.33677521875 0.09183673437499999
0 0.596902303125 0.2340936375 0.5786338359375 0.2460984390625 0.561556790625 0.2779111640625 0.5528196984375 0.32112845156250003 0.5536139796875 0.3559423765625 0.564733915625 0.38955582187500004 0.5818109609375 0.41176470624999995 0.5937251781249999 0.41776710625 0.60683081875 0.41716686718749996 0.62629070625 0.406962784375 0.63741064375 0.393757503125 0.6544876890625 0.34993997656250003 0.6544876890625 0.3391356546875 0.6473391578125 0.32833133281250004 0.6433677515625 0.298319328125 0.6449563140625 0.2611044421875 0.63582208125 0.2436974796875 0.6247021453125 0.2340936375 0.596902303125 0.2340936375
0 0.6247021453125 0.6938775515625 0.60365369375 0.7256902765625 0.5957108812499999 0.7533013203125 0.5933280375 0.7953181265625 0.5988880062499999 0.828931571875 0.6207307390625 0.8595438171875 0.6473391578125 0.8637454984374999 0.6787132640625 0.8451380546875 0.696584590625 0.815726290625 0.703733121875 0.7893157265624999 0.706115965625 0.7689075625 0.704527403125 0.7184873953124999 0.696584590625 0.6932773109375 0.6810961078125 0.6758703484375 0.670770453125 0.6734693875 0.6477362984374999 0.6794717890624999 0.6247021453125 0.6938775515625
0 0.928117553125 0.9171668671875001 0.9499602859375 0.921368546875 0.9583002390625 0.918367346875 0.970611596875 0.8901560625 0.9714058781249999 0.8637454984374999 0.965845909375 0.8349339734375001 0.9519459890625 0.8151260499999999 0.9225575859375 0.8091236500000001 0.9142176328125 0.8241296515625001 0.9094519453125001 0.8421368546875 0.9110405078125 0.8817527015625 0.928117553125 0.9171668671875001
0 0.9173947578125 0.7653061218749999 0.9158061953125 0.786914765625 0.9205718828125 0.81212485 0.9094519453125001 0.83973589375 0.9086576640624999 0.8673469390624999 0.9134233515625001 0.8913565421874999 0.929706115625 0.9195678265625 0.9515488484375 0.921368546875 0.96068308125 0.9147659062500001 0.9698173156250001 0.8961584640625 0.9714058781249999 0.86254501875 0.966640190625 0.8409363750000001 0.966640190625 0.8073229296875001 0.9579030984375001 0.7653061218749999 0.9499602859375 0.737695078125 0.938443209375 0.7310924375 0.9229547265625 0.7484994 0.9173947578125 0.7653061218749999
0 0.8463065921874999 0.3493397359375 0.8566322484375 0.3565426171875 0.87132645 0.3571428578125 0.8840349484375001 0.3415366140625 0.8864177921874999 0.33313325312500003 0.8864177921874999 0.31152460937500004 0.8824463859374999 0.29351740625 0.874106434375 0.27611044375 0.860603653125 0.2641056421875 0.8431294671874999 0.2641056421875 0.831612390625 0.2863145265625 0.833200953125 0.32232893125 0.8463065921874999 0.3493397359375
0 0.7605242249999999 0.3889555828125 0.7768069890625 0.3919567828125 0.7827640984374999 0.3877551015625 0.7903097703124999 0.3727491 0.79348689375 0.3319327734375 0.7716441625 0.2989195671875 0.7613185062500001 0.2953181265625 0.7478157265625 0.2989195671875 0.7410643375 0.30912364999999997 0.7466243046875001 0.33313325312500003 0.7458300234374999 0.36674669843749996 0.7605242249999999 0.3889555828125
0 0.7688641781250001 0.43277310937499996 0.7688641781250001 0.44357743125000004 0.772835584375 0.445978390625 0.794678315625 0.428571428125 0.8296266875 0.42617046875 0.831612390625 0.38355342187499997 0.828435265625 0.3739495796875 0.8208895953124999 0.3661464578125 0.8121525015625 0.3661464578125 0.7915011921875 0.3769507796875 0.7791898328125 0.3955582234375 0.773629865625 0.41116446562500003 0.7688641781250001 0.43277310937499996