0 0.628125 0.1609375 0.09375 0.1921875
0 0.78203125 0.2046875 0.05625 0.2375
0 0.13828125 0.5515625 0.1109375 0.1984375
0 0.2390625 0.58046875 0.0578125 0.2359375
0 0.5765625 0.5890625 0.1328125 0.18125
0 0.475 0.62265625 0.0421875 0.290625
0 0.18515625 0.63671875 0.0421875 0.190625
0 0.9640625 0.65 0.0453125 0.35
0 0.74296875 0.659375 0.09375 0.309375
0 0.07890625 0.78046875 0.0671875 0.203125
0 0.365625 0.784375 0.0484375 0.21875
0 0.628125 0.79765625 0.08125 0.271875
0 0.0359375 0.8171875 0.05625 0.1625