0 0.3982300890625 0.4911504421875 0.41887905625000005 0.41814159218749997 0.41887905625000005 0.35840707968749996 0.3908554578125 0.289823009375 0.35250737499999996 0.234513275 0.25811209375 0.150442478125 0.1858407078125 0.12831858437500002 0.1710914453125 0.1128318578125 0.135693215625 0.1194690265625 0.11209439531250001 0.1128318578125 0.11209439531250001 0.1305309734375 0.1268436578125 0.15265486718750002 0.1268436578125 0.18362831875000002 0.1342182890625 0.2079646015625 0.1755162234375 0.26991150468749997 0.246312684375 0.3517699109375 0.28908554531249997 0.466814159375 0.3112094390625 0.50663716875 0.34513274374999997 0.526548671875 0.3687315640625 0.5176991156249999 0.3982300890625 0.4911504421875
0 0.40117994062499995 0.150442478125 0.3834808265625 0.09070796406250001 0.3879056046875 0.0707964609375 0.3820059 0.0685840703125 0.3761061953125 0.088495575 0.3879056046875 0.161504425 0.3775811203125 0.19247787656249998 0.386430678125 0.26548672500000003 0.4129793515625 0.3141592921875 0.4365781703125 0.32964601718750003 0.451327434375 0.32964601718750003 0.47492625312500003 0.289823009375 0.473451328125 0.24557522187499997 0.43805309687499994 0.1792035390625 0.40117994062499995 0.150442478125
0 0.42772861406249996 0 0.4351032453125 0.017699115625 0.4351032453125 0.042035398437499996 0.4542772859375 0.1349557515625 0.470501475 0.1858407078125 0.49410029531250005 0.216814159375 0.52212389375 0.210176990625 0.5294985249999999 0.194690265625 0.5294985249999999 0.1637168140625 0.5132743359374999 0.1194690265625 0.452802359375 0 0.42772861406249996 0
0 0.6150442484374999 0 0.533923303125 0.0707964609375 0.5206489671875 0.099557521875 0.5235988203125 0.12831858437500002 0.5442477875 0.150442478125 0.5634218296875 0.15265486718750002 0.5825958703125 0.13938053125 0.6238938046875 0.088495575 0.6445427734375 0.05088495625 0.6533923296874999 0.0088495578125 0.650442478125 0 0.6150442484374999 0
0 0.6961651921875001 0.14159292031249998 0.7123893812500001 0.19247787656249998 0.7448377578125001 0.232300884375 0.7669616515625 0.22787610625000002 0.77286135625 0.20575221250000003 0.7640118 0.16592920312499998 0.7109144546875 0.0929203546875 0.6858407078125001 0.0752212390625 0.672566371875 0.0752212390625 0.6814159296875 0.1172566375 0.6961651921875001 0.14159292031249998
0 0.87463126875 0.1681415921875 0.8554572265625 0.16592920312499998 0.8244837765625 0.17699115 0.7669616515625 0.22787610625000002 0.7389380531249999 0.2787610625 0.7389380531249999 0.32079646093749997 0.7669616515625 0.3473451328125 0.790560471875 0.34292035468750004 0.8112094390625 0.298672565625 0.8407079640624999 0.261061946875 0.8554572265625 0.194690265625 0.8761061953124999 0.1747787609375 0.87463126875 0.1681415921875
0 0.84513274375 0 0.8023598812499999 0.011061946875 0.7669616515625 0.048672565625000004 0.7551622421874999 0.09513274375 0.768436578125 0.1371681421875 0.7890855453125 0.1482300890625 0.8244837765625 0.14159292031249998 0.8908554578125001 0.07300885 0.893805309375 0.0353982296875 0.8879056046875 0.017699115625 0.8716814156250001 0 0.84513274375 0
0 1 0.1902654875 0.930678465625 0.11061946874999999 0.93362831875 0.1703539828125 0.9601769906250001 0.238938053125 1 0.30530973437500003 1 0.1902654875
0 0.8879056046875 0.9181415921875 0.9469026546875 0.8207964609375 0.9572271390625 0.7876106187499999 0.9690265484375 0.7256637171875 0.966076696875 0.6592920359375001 0.9380530968749999 0.5862831859375001 0.9115044250000001 0.5575221234375001 0.8141592921875 0.49336283124999997 0.7787610625 0.48893805312499994 0.7640118 0.5088495578125001 0.7669616515625 0.5398230093749999 0.8038348078125 0.5840707968750001 0.8834808265625 0.6460176984375 0.9011799406250001 0.6814159296875 0.9026548671875 0.7323008843750001 0.8952802359375 0.776548671875 0.864306784375 0.8871681421875 0.8525073750000001 0.9115044250000001 0.8584070796875001 0.9247787609375001 0.8879056046875 0.9181415921875
0 0.7743362828125 1 0.7743362828125 0.984513275 0.7551622421874999 0.9601769906250001 0.7123893812500001 0.9380530968749999 0.6666666671875 0.93362831875 0.62536873125 0.9623893812500001 0.6106194687500001 1 0.7743362828125 1
0 0.489675515625 0.6305309734375 0.49410029531250005 0.577433628125 0.50737463125 0.5619469031250001 0.5088495578125001 0.5442477875 0.5530973453125 0.45575221250000003 0.5899705015625 0.42035398281249997 0.6150442484374999 0.378318584375 0.6224188796875 0.32964601718750003 0.6032448375 0.31637168125000004 0.46755162187500005 0.46238938125000006 0.4365781703125 0.5110619468750001 0.42182890781250004 0.5530973453125 0.4144542765625 0.6327433625000001 0.42625368750000003 0.6924778765624999 0.44837758125000005 0.75 0.4793510328125 0.7853982296875001 0.502949853125 0.7876106187499999 0.5132743359374999 0.7743362828125 0.5132743359374999 0.74336283125 0.489675515625 0.6305309734375
0 0.55162241875 0.6415929203124999 0.5796460171875 0.6703539828125 0.606194690625 0.6792035390625 0.6445427734375 0.6637168140624999 0.68436578125 0.6261061953125 0.702064896875 0.5973451328125 0.7300884953125 0.5088495578125001 0.7286135687499999 0.43805309687499994 0.7168141593749999 0.39380530937499997 0.7123893812500001 0.311946903125 0.7005899703125 0.2522123890625 0.6828908546875 0.22123893749999998 0.6622418875 0.20353982343750002 0.650442478125 0.161504425 0.647492625 0.11504424843750001 0.6312684359375 0.1128318578125 0.62536873125 0.1238938046875 0.6268436578125 0.17256637187499999 0.6563421828125 0.3141592921875 0.6489675515625 0.466814159375 0.6371681421875001 0.50663716875 0.6209439531250001 0.526548671875 0.606194690625 0.5353982296875001 0.5457227140625001 0.5398230093749999 0.5353982296875001 0.5641592921874999 0.5383480828125 0.6017699109375 0.55162241875 0.6415929203124999
0 0.44837758125000005 0.81637168125 0.43067846562499995 0.7964601765625 0.415929203125 0.74336283125 0.3259587015625 0.5907079640624999 0.2846607671875 0.5575221234375001 0.253687315625 0.5530973453125 0.22123893749999998 0.5862831859375001 0.20943952812500002 0.6305309734375 0.21386430625 0.6880530968749999 0.2492625375 0.7610619468750001 0.29203539843750004 0.8075221234375001 0.379056046875 0.8716814156250001 0.4321533921875 0.8738938046875001 0.4469026546875 0.8539823015625 0.473451328125 0.8384955749999999 0.470501475 0.8252212390624999 0.44837758125000005 0.81637168125
0 0.3982300890625 1 0.3834808265625 0.951327434375 0.3436578171875 0.8871681421875 0.28318584062499996 0.834070796875 0.202064896875 0.7787610625 0.17699115 0.776548671875 0.165191740625 0.7942477875 0.1755162234375 0.8230088500000001 0.28318584062499996 0.93362831875 0.31858407031249997 1 0.3982300890625 1
0 0.2994100296875 1 0.268436578125 0.9712389375000001 0.216814159375 0.9623893812500001 0.1637168140625 0.9778761062499999 0.1489675515625 1 0.2994100296875 1
0 0.20353982343750002 0.9623893812500001 0.216814159375 0.9358407078125 0.216814159375 0.9225663718750001 0.20353982343750002 0.8960176984375 0.1740412984375 0.8761061953124999 0.0648967546875 0.849557521875 0.011799409375 0.8473451328125 0.057522123437499996 0.900442478125 0.135693215625 0.94911504375 0.20353982343750002 0.9623893812500001
0 0.0752212390625 0.7787610625 0.0707964609375 0.8119469031250001 0.08112094375 0.8318584078125 0.11209439531250001 0.8384955749999999 0.1342182890625 0.8075221234375001 0.157817109375 0.7190265484375 0.165191740625 0.7101769906250001 0.135693215625 0.7035398234375 0.10176991093750001 0.7300884953125 0.0752212390625 0.7787610625
0 0.09144542812499999 0.6371681421875001 0.0678466078125 0.6858407078125001 0.048672565625000004 0.7079646015625001 0.047197640624999995 0.723451328125 0.12831858437500002 0.6792035390625 0.1784660765625 0.6659292031249999 0.19911504375 0.6482300890625 0.2079646015625 0.6128318578124999 0.20501475 0.599557521875 0.15486725625 0.59513274375 0.09144542812499999 0.6371681421875001
0 0 0.81637168125 0.023598820312499998 0.8296460171875 0.041297934375 0.8274336281249999 0.0530973453125 0.8097345125000001 0.051622418749999996 0.77212389375 0.0353982296875 0.7256637171875 0 0.6747787609375 0 0.81637168125
0 0 0.599557521875 0.03687315625 0.6305309734375 0.0722713859375 0.621681415625 0.088495575 0.5796460171875 0.0899705015625 0.5575221234375001 0.0825958703125 0.5309734515625 0.0353982296875 0.46460177031249994 0 0.44911504375 0 0.599557521875
0 0 0.38274336249999996 0.0530973453125 0.42035398281249997 0.056047196875000004 0.3982300890625 0.042772860937500004 0.3539823015625 0 0.30088495625 0 0.38274336249999996
0 0.051622418749999996 0.15265486718750002 0.019174040625 0.1482300890625 0 0.15929203593750002 0.0014749265625 0.25663716875000003 0.010324484375 0.27212389375 0.03687315625 0.29424778749999997 0.061946903124999994 0.3030973453125 0.106194690625 0.298672565625 0.11799409999999999 0.28761061875 0.12831858437500002 0.2632743359375 0.12831858437500002 0.24778761093749999 0.0973451328125 0.1858407078125 0.051622418749999996 0.15265486718750002
0 0 0 0 0.08628318593749999 0.010324484375 0.0929203546875 0.0530973453125 0.0973451328125 0.06637168125000001 0.088495575 0.06932153437500001 0.099557521875 0.076696165625 0.099557521875 0.09144542812499999 0.09070796406250001 0.10324483749999999 0.06637168125000001 0.1165191734375 0.055309734374999996 0.08407079687499999 0.015486725000000002 0.0855457234375 0 0 0
0 0.13126843593749998 0 0.14011799375 0.0199115046875 0.202064896875 0.0973451328125 0.2522123890625 0.1194690265625 0.2964601765625 0.1261061953125 0.24336283124999997 0.039823009375 0.20648967499999998 0 0.13126843593749998 0
0 0.3539823015625 0.1194690265625 0.36430678437499997 0.0929203546875 0.36430678437499997 0.0707964609375 0.3466076703125 0.0022123890625 0.2817109140625 0 0.2964601765625 0.099557521875 0.327433628125 0.1261061953125 0.342182890625 0.12831858437500002 0.3539823015625 0.1194690265625