0 0.4426229515625 0.23818181875 0.508196721875 0.2127272734375 0.5245901640625 0.17636363593749999 0.5245901640625 0.12181818124999999 0.48633879843749994 0.06 0.40163934375 0.0072727265625 0.2540983609375 0.0145454546875 0.20218579218750002 0.0745454546875 0.229508196875 0.16181818125 0.3032786890625 0.2145454546875 0.4426229515625 0.23818181875
0 0.265027321875 0.22909090937499998 0.2841530046875 0.20909090937500002 0.2131147546875 0.1436363640625 0.20218579218750002 0.07818181874999999 0.1229508203125 0.054545454687499995 0.0628415296875 0.054545454687499995 0.00546448125 0.0745454546875 0 0.1836363640625 0.10382513593750001 0.23454545468750002 0.265027321875 0.22909090937499998
0 0.8278688531249999 0.16363636406249998 0.8852459015624999 0.11818181875 0.8961748640625 0.0454545453125 0.8661202187500001 0 0.45901639375 0.0018181812499999997 0.5136612015625001 0.08181818125 0.625683059375 0.16 0.7021857921875 0.1854545453125 0.770491803125 0.1836363640625 0.8278688531249999 0.16363636406249998
0 0.781420765625 0.3545454546875 0.770491803125 0.28181818125 0.6748633875000001 0.22181818125000002 0.5765027328125 0.2254545453125 0.5136612015625001 0.2745454546875 0.5136612015625001 0.3363636359375 0.5765027328125 0.36 0.642076503125 0.41454545468750004 0.6939890703125 0.41272727343750004 0.781420765625 0.3545454546875
0 0.043715846875 0.3945454546875 0.101092896875 0.429090909375 0.2076502734375 0.44181818125000005 0.27595628437499997 0.43636363593749994 0.34426229531249997 0.40181818125 0.36612021875 0.3327272734375 0.3387978140625 0.28181818125 0.28688524531250004 0.24363636406250003 0.22677595625000002 0.2254545453125 0.15573770468749998 0.2254545453125 0.038251365625 0.2745454546875 0.016393442187500003 0.3472727265625 0.043715846875 0.3945454546875
0 0.508196721875 0.5472727265625 0.5710382515625 0.530909090625 0.6229508203125 0.4927272734375 0.6393442625 0.4272727265625 0.5655737703125 0.3563636359375 0.4672131140625 0.34181818124999996 0.407103825 0.3563636359375 0.35519125625000003 0.3945454546875 0.3387978140625 0.47818181875 0.40163934375 0.53818181875 0.508196721875 0.5472727265625
0 0.5136612015625001 0.2527272734375 0.4890710375 0.2363636359375 0.4344262296875 0.24363636406250003 0.2978142078125 0.22181818125000002 0.27322404375 0.23454545468750002 0.3387978140625 0.27818181875 0.3825136609375 0.369090909375 0.508196721875 0.3363636359375 0.5136612015625001 0.2527272734375
0 0.3387978140625 0.41636363593750003 0.188524590625 0.4472727265625 0.1748633875 0.51818181875 0.22677595625000002 0.549090909375 0.3333333328125 0.5545454546874999 0.3934426234375 0.54 0.3387978140625 0.48181818125 0.3387978140625 0.41636363593750003
0 0.032786885937499996 0.55818181875 0.136612021875 0.52181818125 0.1693989078125 0.45272727343749997 0.008196721875 0.389090909375 0 0.55818181875 0.032786885937499996 0.55818181875
0 0.1065573765625 0.57818181875 0.002732240625 0.5709090906250001 0.0109289625 0.7036363640625 0.09562841562499999 0.6545454546875 0.21038251406250003 0.650909090625 0.2131147546875 0.63818181875 0.1065573765625 0.57818181875
0 0 0.9036363640625 0.04098360625 0.9236363640624999 0.08743169375 0.9218181812499999 0.21857923437500001 0.8709090906249999 0.2896174859375 0.7763636359375 0.27322404375 0.6963636359375001 0.188524590625 0.650909090625 0.090163934375 0.6581818187499999 0 0.72181818125 0 0.9036363640625
0 0.31147540937499996 0.75818181875 0.38797814218750004 0.72181818125 0.3606557375 0.6890909093750001 0.3606557375 0.6527272734375 0.45355191250000004 0.5618181812499999 0.4289617484375 0.549090909375 0.31967213125 0.5599999999999999 0.24043715781250002 0.6236363640625 0.229508196875 0.6636363640625 0.2841530046875 0.7036363640625 0.31147540937499996 0.75818181875
0 0.5245901640625 0.9472727265625001 0.5464480875 0.80181818125 0.49453551874999996 0.749090909375 0.3797814203125 0.7272727265625 0.316939890625 0.75818181875 0.2513661203125 0.849090909375 0.27322404375 0.950909090625 0.26229508125 0.99818181875 0.48633879843749994 0.99818181875 0.5245901640625 0.9472727265625001
0 0.5628415296875 0.7472727265625 0.6967213109375 0.7127272734375001 0.7595628421875 0.649090909375 0.73770491875 0.5763636359375 0.6584699453125 0.53818181875 0.5710382515625 0.53818181875 0.45628415312500004 0.5636363640625001 0.3606557375 0.6563636359375 0.3606557375 0.6854545453124999 0.3961748640625 0.72 0.5628415296875 0.7472727265625
0 0.72677595625 0.8054545453124999 0.7404371578125 0.690909090625 0.625683059375 0.74181818125 0.5191256828124999 0.750909090625 0.5519125687499999 0.79818181875 0.5464480875 0.8745454546874999 0.601092896875 0.8818181812500001 0.6530054640625 0.8690909093749999 0.72677595625 0.8054545453124999
0 1 0.889090909375 0.904371584375 0.82181818125 0.811475409375 0.81818181875 0.7158469953125 0.86 0.6830601093750001 0.9109090906249999 0.6967213109375 1 1 0.99818181875 1 0.889090909375
0 1 0.6927272734375001 0.9754098359375 0.6763636359375 0.8661202187500001 0.6763636359375 0.7868852453125 0.7145454546875001 0.72677595625 0.8418181812500001 0.8005464484375 0.81818181875 0.8879781421875 0.8145454546875 0.9672131140625 0.849090909375 1 0.82 1 0.6927272734375001
0 0.9972677593749999 0.5454545453125 0.9426229515625 0.57818181875 0.7841530046875 0.5745454546875 0.765027321875 0.5872727265625 0.765027321875 0.6236363640625 0.8005464484375 0.6581818187499999 0.9071038250000001 0.6672727265625 1 0.6454545453125 0.9972677593749999 0.5454545453125
0 1 0.42000000000000004 0.9153005468750001 0.37818181875 0.8060109296875 0.3745454546875 0.721311475 0.41636363593750003 0.7103825140625 0.5 0.7950819671875 0.5636363640625001 0.9125683062500001 0.58 0.95901639375 0.5709090906250001 1 0.54 1 0.42000000000000004
0 1 0.3036363640625 0.9207650265625 0.2654545453125 0.8278688531249999 0.269090909375 0.7868852453125 0.30727272656250004 0.7868852453125 0.369090909375 0.8879781421875 0.370909090625 1 0.41272727343750004 1 0.3036363640625
0 1 0.0745454546875 0.904371584375 0.050909090625 0.8797814203125001 0.1327272734375 0.7868852453125 0.1945454546875 0.8606557374999999 0.24 0.9672131140625 0.24545454531250002 1 0.2272727265625 1 0.0745454546875