0 0.5265625 0.60078125 0.265625 0.4140625
0 0.4359375 0.8625 0.1421875 0.1640625
0 0.58984375 0.9171875 0.1578125 0.165625
0 0.68671875 0.3625 0.11875 0.1421875
0 0.81015625 0.1296875 0.096875 0.1671875
0 0.59296875 0.15234375 0.121875 0.11875
0 0.18464052343749998 0.0707964609375 0.1470588234375 0.048672565625000004 0.08823529375 0.0464601765625 0.042483659374999996 0.06415929218750001 0.0310457515625 0.09070796406250001 0.0588235296875 0.1305309734375 0.0686274515625 0.16592920312499998 0.09150326875 0.19911504375 0.1045751640625 0.2079646015625 0.1633986921875 0.2146017703125 0.20751634062500002 0.188053096875 0.2140522875 0.143805309375 0.20098039218750002 0.0973451328125 0.18464052343749998 0.0707964609375
0 0.2614379078125 0.327433628125 0.2516339875 0.29203539843750004 0.2189542484375 0.2632743359375 0.1372549015625 0.25442477812500003 0.12745097968750002 0.26991150468749997 0.12418300625 0.3318584078125 0.11601307187500001 0.3628318578125 0.11601307187500001 0.3871681421875 0.1307189546875 0.41371681406249994 0.17320261406249998 0.43141592968750003 0.1911764703125 0.42035398281249997 0.215686275 0.43805309687499994 0.2483660125 0.41814159218749997 0.2630718953125 0.38053097343750003 0.2614379078125 0.327433628125
0 0.310457515625 0.40486725625000003 0.2647058828125 0.4026548671875 0.23856209218750002 0.42920353906250003 0.23039215624999998 0.451327434375 0.23039215624999998 0.48672566406250006 0.241830065625 0.526548671875 0.27450980468749997 0.5619469031250001 0.32516339843750003 0.5597345125000001 0.3431372546875 0.548672565625 0.35620915000000003 0.52212389375 0.3594771234375 0.47787610625 0.3431372546875 0.42920353906250003 0.310457515625 0.40486725625000003
0 0.20424836562499998 0.473451328125 0.1813725484375 0.451327434375 0.12581699375 0.44469026562499997 0.1013071890625 0.4579646015625 0.0735294125 0.5022123890625 0.0686274515625 0.55088495625 0.071895425 0.6084070796875001 0.1094771234375 0.6393805312499999 0.168300653125 0.6415929203124999 0.18464052343749998 0.6261061953125 0.2124183 0.577433628125 0.2189542484375 0.55088495625 0.2140522875 0.5022123890625 0.20424836562499998 0.473451328125
0 0.2810457515625 0.8849557515625 0.310457515625 0.8960176984375 0.34150326875000003 0.8893805312499999 0.3954248359375 0.834070796875 0.41176470624999995 0.7942477875 0.4150326796875 0.74336283125 0.37745097968749997 0.6106194687500001 0.33823529375 0.5818584078125 0.295751634375 0.5796460171875 0.24019607812500002 0.5818584078125 0.20588235312499997 0.59513274375 0.19607843125 0.6305309734375 0.1993464046875 0.6482300890625 0.17810457500000001 0.672566371875 0.1552287578125 0.7610619468750001 0.1552287578125 0.7853982296875001 0.19771241875 0.8716814156250001 0.23202614375000002 0.8982300890625 0.2712418296875 0.900442478125 0.2810457515625 0.8849557515625
0 0 0.8539823015625 0.01797385625 0.8738938046875001 0.0392156859375 0.8716814156250001 0.05392156875 0.84513274375 0.0751633984375 0.8274336281249999 0.12418300625 0.81637168125 0.14215686249999998 0.8207964609375 0.1454248359375 0.8141592921875 0.1405228765625 0.7212389375 0.151960784375 0.6681415921875 0.14379085 0.6570796453125001 0.1013071890625 0.6415929203124999 0.08823529375 0.621681415625 0.044117646875 0.5973451328125 0.0228758171875 0.6349557515625001 0.01633986875 0.6814159296875 0.008169934375 0.6924778765624999 0.013071895312500002 0.7212389375 0 0.7389380531249999 0 0.8539823015625
0 0.151960784375 1 0.17320261406249998 0.94911504375 0.17320261406249998 0.8716814156250001 0.151960784375 0.834070796875 0.1013071890625 0.8207964609375 0.0735294125 0.8274336281249999 0.0490196078125 0.8517699109375 0.032679739062500004 0.900442478125 0.0359477125 0.9646017703125 0.060457515625 1 0.151960784375 1
0 0 0.38938053125 0.021241829687499998 0.3982300890625 0.081699346875 0.3960176984375 0.1013071890625 0.36946902656249997 0.1013071890625 0.2411504421875 0.063725490625 0.21238938125 0.0228758171875 0.20353982343750002 0 0.21238938125 0 0.38938053125
0 0.8496732031249999 0.8141592921875 0.8823529406249999 0.7411504421874999 0.8790849671875 0.6681415921875 0.8578431375 0.6150442484374999 0.8169934640625 0.5752212390625 0.759803921875 0.5619469031250001 0.7189542484375 0.57300885 0.678104575 0.6017699109375 0.668300653125 0.6924778765624999 0.64379085 0.7610619468750001 0.6486928109375001 0.7898230093749999 0.69607843125 0.8761061953124999 0.7107843140625 0.8783185843749999 0.73202614375 0.8384955749999999 0.7532679734375 0.856194690625 0.7875816999999999 0.8517699109375 0.8496732031249999 0.8141592921875
0 1 0.47787610625 0.9526143796875 0.466814159375 0.91013071875 0.484513275 0.87581699375 0.52212389375 0.8660130718750001 0.5530973453125 0.8627450984375 0.6150442484374999 0.8872549015625 0.672566371875 0.9232026140625 0.6924778765624999 0.9754901953124999 0.701327434375 1 0.6924778765624999 1 0.47787610625
0 0.8692810453125001 0.28318584062499996 0.8578431375 0.26548672500000003 0.8333333328125001 0.24557522187499997 0.7973856203125 0.24336283124999997 0.7614379078125 0.261061946875 0.740196078125 0.29203539843750004 0.7369281046875 0.32300885 0.7532679734375 0.3539823015625 0.7434640515625001 0.400442478125 0.784313725 0.43362831875 0.8349673203125001 0.43362831875 0.87581699375 0.3982300890625 0.8856209156249999 0.36946902656249997 0.8856209156249999 0.34070796406250003 0.8692810453125001 0.28318584062499996
0 0.671568628125 0.1371681421875 0.6421568625 0.15265486718750002 0.6568627453125 0.1902654875 0.62418300625 0.24336283124999997 0.6323529406249999 0.27212389375 0.64379085 0.28097345156250003 0.7352941171875 0.29203539843750004 0.7826797390625 0.24336283124999997 0.7614379078125 0.1902654875 0.7352941171875 0.15265486718750002 0.705882353125 0.13938053125 0.671568628125 0.1371681421875