0 0.0453125 0.54921875 0.090625 0.246875
0 0.95390625 0.59375 0.0890625 0.2484375
0 0.47734375 0.67109375 0.1859375 0.215625
0 0.72265625 0.690625 0.15625 0.2671875
0 0.95625 0.07265625 0.0859375 0.1453125
0 0.31953125 0.08515625 0.1765625 0.1703125
0 0.79609375 0.084375 0.1796875 0.16875
0 0.2453125 0.86015625 0.159375 0.2796875
0 0.87890625 0.884375 0.1203125 0.228125
0 0.0625 0.8875 0.1171875 0.2234375
0 0.46640625 0.91484375 0.171875 0.16875
0 0.66484375 0.92890625 0.1765625 0.1421875
0 0.5609375 0.0953125 0.165625 0.190625
0 0.1125 0.215625 0.1671875 0.2671875
0 0.8640625 0.36328125 0.1640625 0.25625
0 0.39296875 0.37109375 0.140625 0.2734375
0 0.6015625 0.3796875 0.196875 0.2125
0 0.21328125 0.51953125 0.121875 0.2953125