0 0.52734375 0.80078125 0.3890625 0.36875
0 0.8875 0.8625 0.209375 0.275
0 0.778125 0.67578125 0.3734375 0.26875
0 0.89453125 0.475 0.20625 0.415625
0 0.240625 0.76015625 0.3984375 0.3875
0 0.0625 0.85390625 0.125 0.2921875
0 0.0625 0.66640625 0.125 0.215625
0 0.1828125 0.53828125 0.2484375 0.209375
0 0.44609375 0.5265625 0.3421875 0.303125
0 0.68984375 0.45703125 0.2796875 0.2984375
0 0.9328125 0.253125 0.134375 0.190625
0 0.89140625 0.09609375 0.2171875 0.1921875
0 0.78046875 0.23359375 0.29375 0.25
0 0.69921875 0.06640625 0.2828125 0.1328125
0 0.42109375 0.0640625 0.3109375 0.128125
0 0.234375 0.1234375 0.2875 0.246875
0 0.04296875 0.1421875 0.0859375 0.184375
0 0.07109375 0.39140625 0.1421875 0.35
0 0.271875 0.31484375 0.3109375 0.3140625
0 0.52265625 0.25703125 0.3453125 0.33125