0 0.190476190625 0.9648829437499999 0.247023809375 1 0.5178571421875 0.998327759375 0.5535714281249999 0.9615384609375001 0.5535714281249999 0.9046822750000001 0.5178571421875 0.85117056875 0.42559523749999995 0.7892976593750001 0.36607142812500004 0.7759197328125 0.27678571406249997 0.7826086953125 0.20238095312499998 0.821070234375 0.1666666671875 0.8678929765625 0.1666666671875 0.9314381265625 0.190476190625 0.9648829437499999
0 0.6071428578125 0.9816053515625001 0.752976190625 0.969899665625 0.7857142859375 0.938127090625 0.7916666671875 0.8913043484375001 0.7619047625 0.8411371234375 0.6458333328125 0.795986621875 0.5744047625 0.795986621875 0.49404761875 0.8244147156249999 0.547619046875 0.877926421875 0.559523809375 0.968227425 0.6071428578125 0.9816053515625001
0 0.5 0.8110367890625 0.6071428578125 0.7775919734375 0.63095238125 0.707357859375 0.55654761875 0.6555183953125 0.4375 0.64214046875 0.36904761875 0.6705685625 0.3333333328125 0.7474916390625 0.3541666671875 0.7725752515625001 0.41964285781250005 0.7759197328125 0.4613095234375 0.8060200671875 0.5 0.8110367890625
0 0.127976190625 0.6521739125 0.065476190625 0.6839464890625 0.0297619046875 0.7274247484374999 0.0297619046875 0.767558528125 0.0416666671875 0.7842809359375 0.0922619046875 0.8127090296875 0.116071428125 0.81939799375 0.196428571875 0.821070234375 0.25892857187499996 0.7859531765625001 0.30654761875 0.7759197328125 0.3333333328125 0.7441471578125001 0.3333333328125 0.7107023406249999 0.3452380953125 0.6939799328125 0.33928571406249997 0.67391304375 0.30654761875 0.64882943125 0.25892857187499996 0.6387959859375 0.18154761875 0.6387959859375 0.127976190625 0.6521739125
0 0.00595238125 0.944816053125 0.00595238125 0.968227425 0 0.97157190625 0.002976190625 1 0.2380952375 0.998327759375 0.190476190625 0.97157190625 0.190476190625 0.9648829437499999 0.1666666671875 0.944816053125 0.1666666671875 0.9280936453124999 0.16071428593749998 0.9247491640625001 0.1577380953125 0.9130434781250001 0.1041666671875 0.9130434781250001 0.0982142859375 0.916387959375 0.08630952343750001 0.916387959375 0.00595238125 0.944816053125
0 0.1547619046875 0.5702341140625 0.1547619046875 0.6036789296875 0.1666666671875 0.61705685625 0.18154761875 0.622073578125 0.1994047625 0.6354515046875 0.25892857187499996 0.6354515046875 0.31845238125 0.6521739125 0.3511904765625 0.6505016718750001 0.3869047625 0.6371237453124999 0.4047619046875 0.613712375 0.4047619046875 0.583612040625 0.38095238125 0.5568561875 0.3363095234375 0.5351170562500001 0.3005952375 0.52842809375 0.23511904687500002 0.52842809375 0.19345238125 0.5418060203125 0.1666666671875 0.5568561875 0.1547619046875 0.5702341140625
0 0.5446428578125 0.558528428125 0.514880953125 0.5685618734375 0.48214285781250005 0.586956521875 0.4702380953125 0.6070234109375 0.4702380953125 0.6304347828125 0.4791666671875 0.6387959859375 0.502976190625 0.6387959859375 0.5922619046875 0.6655518390624999 0.627976190625 0.6956521734375001 0.6488095234375 0.6939799328125 0.7113095234375 0.675585284375 0.7261904765625 0.6672240796875 0.7321428578125 0.6571906359375 0.7321428578125 0.61705685625 0.7261904765625 0.6070234109375 0.6994047625 0.58528428125 0.6160714281249999 0.558528428125 0.5922619046875 0.558528428125 0.5863095234375 0.555183946875 0.5446428578125 0.558528428125
0 1 0.653846153125 0.9821428578125 0.6371237453124999 0.93154761875 0.6053511703125001 0.877976190625 0.5886287625 0.860119046875 0.58528428125 0.7886904765625 0.58528428125 0.7708333328125 0.5886287625 0.7380952375 0.61036789375 0.7380952375 0.653846153125 0.74404761875 0.6672240796875 0.764880953125 0.675585284375 0.7946428578125 0.675585284375 0.8482142859374999 0.6923076921875 0.9136904765624999 0.7257525078125 0.952380953125 0.7240802671875 0.9791666671874999 0.7190635453125 1 0.707357859375 1 0.653846153125
0 0.5863095234375 0.555183946875 0.622023809375 0.558528428125 0.68154761875 0.5752508359374999 0.7172619046875 0.59197324375 0.7619047625 0.590301003125 0.8005952375 0.5819398 0.8392857140625001 0.5602006687500001 0.8333333328125001 0.526755853125 0.7946428578125 0.501672240625 0.747023809375 0.4849498328125 0.6517857140625 0.48160535156249995 0.5922619046875 0.494983278125 0.5714285718750001 0.5066889625 0.5714285718750001 0.5434782609375 0.5863095234375 0.555183946875
0 0.40178571406249997 0.468227425 0.3571428578125 0.4933110375 0.33928571406249997 0.5200668890625 0.33928571406249997 0.5367892984375 0.36607142812500004 0.5451505015625 0.3869047625 0.5568561875 0.4047619046875 0.5769230765625 0.4047619046875 0.583612040625 0.43154761875 0.59197324375 0.46428571406249997 0.590301003125 0.4791666671875 0.5886287625 0.5089285718750001 0.5685618734375 0.5446428578125 0.558528428125 0.559523809375 0.5501672234375 0.565476190625 0.5401337796875 0.565476190625 0.49665551875 0.5208333328125 0.468227425 0.491071428125 0.4581939796875 0.4375 0.4581939796875 0.40178571406249997 0.468227425
0 0.264880953125 0.4548494984375 0.25892857187499996 0.4581939796875 0.247023809375 0.4581939796875 0.20833333281250002 0.476588628125 0.20833333281250002 0.4866220734375 0.2142857140625 0.4899665546875 0.2172619046875 0.52842809375 0.24107142812500001 0.52842809375 0.247023809375 0.5250836125 0.2827380953125 0.5250836125 0.2886904765625 0.52842809375 0.3125 0.52842809375 0.31845238125 0.531772575 0.33928571406249997 0.5301003343749999 0.33928571406249997 0.5133779265625 0.3511904765625 0.50334448125 0.3511904765625 0.49665551875 0.3630952375 0.4832775921875 0.3511904765625 0.47324414687500005 0.3511904765625 0.46655518437500004 0.3303571421875 0.4548494984375 0.31845238125 0.4548494984375 0.3125 0.4515050171875 0.264880953125 0.4548494984375
0 0 0.5501672234375 0.0178571421875 0.5602006687500001 0.0238095234375 0.5769230765625 0.0446428578125 0.5886287625 0.10119047656249999 0.586956521875 0.1458333328125 0.5719063546875 0.16071428593749998 0.5568561875 0.20238095312499998 0.533444815625 0.20833333281250002 0.5100334453125 0.2142857140625 0.5066889625 0.20833333281250002 0.50334448125 0.20833333281250002 0.4899665546875 0.190476190625 0.469899665625 0.1636904765625 0.4548494984375 0.116071428125 0.444816053125 0.0446428578125 0.441471571875 0.014880953124999999 0.44816053437500003 0 0.45652173906250004 0 0.5501672234375
0 0.18154761875 0.3612040140625 0.12202380937499999 0.3612040140625 0.116071428125 0.3645484953125 0.1041666671875 0.3645484953125 0.077380953125 0.37625418125 0.065476190625 0.38963210625 0.065476190625 0.40301003281250003 0.077380953125 0.409698996875 0.077380953125 0.413043478125 0.08630952343750001 0.41806020000000005 0.10119047656249999 0.416387959375 0.127976190625 0.41471571875 0.133928571875 0.41137123750000004 0.13988095312499998 0.41471571875 0.1755952375 0.41471571875 0.19345238125 0.4013377921875 0.2232142859375 0.39464882968750004 0.2321428578125 0.38963210625 0.2321428578125 0.38294314375 0.2172619046875 0.3712374578125 0.18154761875 0.3612040140625
0 0.2678571421875 0.43645484999999995 0.2678571421875 0.44648829375 0.27678571406249997 0.4515050171875 0.3244047625 0.4515050171875 0.3303571421875 0.4548494984375 0.3452380953125 0.45317725781249996 0.3511904765625 0.43311036718749996 0.4047619046875 0.406354515625 0.4047619046875 0.40301003281250003 0.377976190625 0.3913043484375 0.3244047625 0.3913043484375 0.31845238125 0.39464882968750004 0.2886904765625 0.3979933109375 0.2678571421875 0.413043478125 0.2619047625 0.43311036718749996 0.2678571421875 0.43645484999999995
0 0.38392857187499996 0.41471571875 0.3511904765625 0.43311036718749996 0.3511904765625 0.44648829375 0.3452380953125 0.45317725781249996 0.3511904765625 0.45652173906250004 0.3571428578125 0.47324414687500005 0.36607142812500004 0.4782608703125 0.38095238125 0.476588628125 0.43154761875 0.4581939796875 0.5089285718750001 0.4581939796875 0.5178571421875 0.45317725781249996 0.5178571421875 0.43979933125 0.5119047625 0.43311036718749996 0.48511904687499996 0.41806020000000005 0.44940476250000005 0.40802675624999996 0.4136904765625 0.404682275 0.40178571406249997 0.41137123750000004 0.38392857187499996 0.41471571875
0 0.7410714281249999 0.42809364531250005 0.7113095234375 0.444816053125 0.69345238125 0.44816053437500003 0.6666666671875 0.46655518437500004 0.6666666671875 0.476588628125 0.6607142859375 0.4799331109375 0.6636904765625 0.48160535156249995 0.7291666671875 0.48160535156249995 0.735119046875 0.4849498328125 0.7589285718750001 0.4849498328125 0.80654761875 0.505016721875 0.815476190625 0.50334448125 0.8333333328125001 0.4899665546875 0.8333333328125001 0.45652173906250004 0.8392857140625001 0.45317725781249996 0.8214285718750001 0.43311036718749996 0.8005952375 0.4247491640625 0.7827380953125 0.4247491640625 0.7767857140625 0.42140468281250004 0.7708333328125 0.4247491640625 0.752976190625 0.4247491640625 0.7410714281249999 0.42809364531250005
0 0.8214285718750001 0.50334448125 0.815476190625 0.5100334453125 0.8392857140625001 0.533444815625 0.8392857140625001 0.55351170625 0.8452380953124999 0.5602006687500001 0.860119046875 0.561872909375 0.8660714281249999 0.565217390625 0.877976190625 0.565217390625 0.8958333328125001 0.5719063546875 0.940476190625 0.5702341140625 0.9494047625 0.5685618734375 0.9821428578125 0.5468227421875 0.9821428578125 0.5401337796875 0.9880952375 0.5367892984375 0.9821428578125 0.5133779265625 0.9494047625 0.4916387953125 0.9255952375 0.4849498328125 0.860119046875 0.4849498328125 0.8482142859374999 0.48829431406249996 0.8214285718750001 0.50334448125
0 0.6577380953125 0.3745819390625 0.6369047625 0.38963210625 0.6369047625 0.406354515625 0.6428571421875 0.409698996875 0.6488095234375 0.4230769234375 0.6636904765625 0.4314381265625 0.6875 0.438127090625 0.7083333328125 0.43645484999999995 0.747023809375 0.4247491640625 0.75595238125 0.4197324421875 0.75595238125 0.416387959375 0.7857142859375 0.3996655515625 0.7857142859375 0.38294314375 0.7678571421875 0.3729096984375 0.7678571421875 0.3695652171875 0.752976190625 0.3645484953125 0.68154761875 0.3678929765625 0.6577380953125 0.3745819390625
0 0.5982142859375 0.3979933109375 0.5922619046875 0.39464882968750004 0.55654761875 0.3979933109375 0.5416666671875 0.406354515625 0.5297619046875 0.4197324421875 0.5297619046875 0.43645484999999995 0.5357142859375 0.44314381249999996 0.55654761875 0.4548494984375 0.5625 0.4548494984375 0.5744047625 0.4615384609375 0.577380953125 0.4598662203125 0.5863095234375 0.4581939796875 0.6041666671875 0.44816053437500003 0.627976190625 0.441471571875 0.639880953125 0.441471571875 0.6488095234375 0.43645484999999995 0.6488095234375 0.4230769234375 0.6428571421875 0.4197324421875 0.6428571421875 0.413043478125 0.622023809375 0.3979933109375 0.5982142859375 0.3979933109375
0 0.5982142859375 0.4515050171875 0.5892857140625 0.45652173906250004 0.5892857140625 0.4598662203125 0.5714285718750001 0.47324414687500005 0.5714285718750001 0.49665551875 0.5892857140625 0.49665551875 0.622023809375 0.4849498328125 0.639880953125 0.4849498328125 0.6458333328125 0.48160535156249995 0.6607142859375 0.4799331109375 0.6666666671875 0.46321070156250005 0.684523809375 0.4498327765625 0.684523809375 0.44648829375 0.6755952375 0.441471571875 0.6339285718750001 0.441471571875 0.5982142859375 0.4515050171875
0 0.428571428125 0.38628762499999997 0.42261904687499996 0.3996655515625 0.43154761875 0.404682275 0.44345238125 0.404682275 0.4791666671875 0.41471571875 0.502976190625 0.42809364531250005 0.514880953125 0.4314381265625 0.5238095234375 0.4297658859375 0.5297619046875 0.4264214046875 0.5297619046875 0.416387959375 0.547619046875 0.3996655515625 0.5357142859375 0.38294314375 0.5208333328125 0.3745819390625 0.5089285718750001 0.3745819390625 0.502976190625 0.3712374578125 0.4613095234375 0.3712374578125 0.44940476250000005 0.3745819390625 0.428571428125 0.38628762499999997
0 0.34821428593750003 0.33444816093749996 0.315476190625 0.352842809375 0.315476190625 0.359531771875 0.309523809375 0.3628762546875 0.309523809375 0.37625418125 0.3244047625 0.384615384375 0.3363095234375 0.384615384375 0.360119046875 0.3913043484375 0.41071428593750003 0.38963210625 0.42261904687499996 0.38294314375 0.428571428125 0.37625418125 0.428571428125 0.3662207359375 0.434523809375 0.3628762546875 0.428571428125 0.3428093640625 0.4136904765625 0.33444816093749996 0.40178571406249997 0.33444816093749996 0.3958333328125 0.3311036796875 0.360119046875 0.3311036796875 0.34821428593750003 0.33444816093749996
0 0.2142857140625 0.346153846875 0.2202380953125 0.3662207359375 0.247023809375 0.377926421875 0.25892857187499996 0.377926421875 0.264880953125 0.381270903125 0.2916666671875 0.37959866249999996 0.3005952375 0.377926421875 0.309523809375 0.3695652171875 0.309523809375 0.359531771875 0.315476190625 0.356187290625 0.32142857187499996 0.3428093640625 0.2946428578125 0.327759196875 0.2827380953125 0.324414715625 0.252976190625 0.324414715625 0.24107142812500001 0.327759196875 0.2142857140625 0.346153846875
0 0.196428571875 0.34949832812500004 0.18154761875 0.34113712343749997 0.1577380953125 0.3377926421875 0.15178571406250002 0.33444816093749996 0.1458333328125 0.3377926421875 0.127976190625 0.3377926421875 0.11309523749999999 0.346153846875 0.116071428125 0.3612040140625 0.196428571875 0.359531771875 0.196428571875 0.34949832812500004
0 0.053571428125 0.3361204015625 0.0744047625 0.35117056875 0.0952380953125 0.34949832812500004 0.110119046875 0.3478260875 0.127976190625 0.3377926421875 0.13988095312499998 0.3377926421875 0.1428571421875 0.3294314375 0.127976190625 0.321070234375 0.116071428125 0.321070234375 0.110119046875 0.317725753125 0.06845238125 0.317725753125 0.053571428125 0.32608695625 0.053571428125 0.3361204015625
0 0 0.3628762546875 0.00595238125 0.3628762546875 0.0386904765625 0.35117056875 0.0505952375 0.35117056875 0.059523809375 0.346153846875 0.047619046875 0.3327759203125 0.053571428125 0.31270902968750003 0.0446428578125 0.3076923078125 0 0.3093645484375 0 0.3628762546875
0 0.0505952375 0.3913043484375 0.059523809375 0.38963210625 0.071428571875 0.37625418125 0.08333333281250001 0.3695652171875 0.08333333281250001 0.359531771875 0.06845238125 0.35117056875 0.0446428578125 0.35117056875 0.00595238125 0.3628762546875 0 0.3695652171875 0.002976190625 0.384615384375 0.0267857140625 0.384615384375 0.0505952375 0.3913043484375
0 0.9077380953124999 0.4849498328125 0.93154761875 0.4849498328125 0.9375 0.48829431406249996 0.9583333328125001 0.4866220734375 0.9583333328125001 0.469899665625 0.952380953125 0.46321070156250005 0.9196428578125 0.4515050171875 0.860119046875 0.4515050171875 0.8452380953124999 0.4598662203125 0.8392857140625001 0.47324414687500005 0.8660714281249999 0.4849498328125 0.877976190625 0.48160535156249995 0.9017857140625001 0.48160535156249995 0.9077380953124999 0.4849498328125
0 0.8660714281249999 0.44816053437500003 0.9077380953124999 0.44816053437500003 0.9136904765624999 0.4515050171875 0.9166666671874999 0.4498327765625 0.9375 0.44816053437500003 0.9583333328125001 0.43979933125 0.9583333328125001 0.4264214046875 0.952380953125 0.4197324421875 0.93154761875 0.41137123750000004 0.889880953125 0.41137123750000004 0.8660714281249999 0.41806020000000005 0.8511904765624999 0.43645484999999995 0.8571428578125 0.44314381249999996 0.8660714281249999 0.44816053437500003
0 0.7886904765625 0.4247491640625 0.8125 0.42809364531250005 0.827380953125 0.43645484999999995 0.8303571421875 0.441471571875 0.8452380953124999 0.43979933125 0.8511904765624999 0.43645484999999995 0.8511904765624999 0.4297658859375 0.8630952375 0.416387959375 0.8422619046875001 0.4013377921875 0.8303571421875 0.3979933109375 0.8005952375 0.3979933109375 0.7619047625 0.416387959375 0.764880953125 0.42140468281250004 0.7827380953125 0.42140468281250004 0.7886904765625 0.4247491640625
0 0.797619046875 0.38628762499999997 0.797619046875 0.3929765890625 0.80654761875 0.3979933109375 0.8363095234375001 0.3979933109375 0.8541666671874999 0.404682275 0.8630952375 0.40301003281250003 0.88095238125 0.3929765890625 0.88095238125 0.38294314375 0.86904761875 0.3729096984375 0.875 0.3662207359375 0.875 0.356187290625 0.860119046875 0.3478260875 0.8303571421875 0.3444816046875 0.8035714281249999 0.356187290625 0.8035714281249999 0.38294314375 0.797619046875 0.38628762499999997
0 0.8958333328125001 0.39464882968750004 0.9136904765624999 0.39464882968750004 0.9196428578125 0.3979933109375 0.93154761875 0.3979933109375 0.94345238125 0.404682275 0.9464285718750001 0.40301003281250003 0.9583333328125001 0.3963210703125 0.9583333328125001 0.3628762546875 0.9375 0.35451505 0.9136904765624999 0.35451505 0.9017857140625001 0.35785953125000003 0.8958333328125001 0.3645484953125 0.8869047625 0.3662207359375 0.88095238125 0.3729096984375 0.88095238125 0.38294314375 0.8958333328125001 0.39464882968750004
0 0.9017857140625001 0.35451505 0.9077380953124999 0.35785953125000003 0.9136904765624999 0.35451505 0.94345238125 0.35451505 0.9494047625 0.35785953125000003 0.952380953125 0.356187290625 0.9583333328125001 0.352842809375 0.9583333328125001 0.3327759203125 0.9494047625 0.327759196875 0.9375 0.324414715625 0.9017857140625001 0.324414715625 0.8869047625 0.3327759203125 0.88095238125 0.3394648828125 0.88095238125 0.34949832812500004 0.889880953125 0.35451505 0.9017857140625001 0.35451505
0 0.8869047625 0.3327759203125 0.877976190625 0.327759196875 0.8392857140625001 0.3294314375 0.8422619046875001 0.3444816046875 0.8541666671874999 0.3444816046875 0.8660714281249999 0.35117056875 0.88095238125 0.34949832812500004 0.88095238125 0.3361204015625 0.8869047625 0.3327759203125
0 0.8392857140625001 0.3428093640625 0.8392857140625001 0.32608695625 0.81845238125 0.317725753125 0.7946428578125 0.317725753125 0.7827380953125 0.321070234375 0.7738095234375 0.3294314375 0.7857142859375 0.346153846875 0.8005952375 0.35117056875 0.8035714281249999 0.34949832812500004 0.8392857140625001 0.3428093640625
0 0.8333333328125001 0.3026755859375 0.7946428578125 0.28762541875 0.7767857140625 0.2909699 0.7619047625 0.299331103125 0.7738095234375 0.3160535109375 0.7827380953125 0.321070234375 0.7916666671875 0.31939799375 0.8333333328125001 0.3160535109375 0.8333333328125001 0.3026755859375
0 0.7232142859375 0.327759196875 0.7410714281249999 0.327759196875 0.747023809375 0.3311036796875 0.7619047625 0.3294314375 0.7738095234375 0.32608695625 0.7738095234375 0.31270902968750003 0.7589285718750001 0.30100334375000004 0.7113095234375 0.30100334375000004 0.6964285718750001 0.3093645484375 0.6964285718750001 0.3160535109375 0.690476190625 0.31939799375 0.6994047625 0.327759196875 0.7113095234375 0.3311036796875 0.7232142859375 0.327759196875
0 0.690476190625 0.3628762546875 0.7053571421875 0.3678929765625 0.7142857140625 0.3662207359375 0.7619047625 0.3628762546875 0.7619047625 0.3428093640625 0.75 0.3361204015625 0.75 0.3327759203125 0.735119046875 0.327759196875 0.7053571421875 0.3311036796875 0.6785714281249999 0.3428093640625 0.6785714281249999 0.352842809375 0.690476190625 0.359531771875 0.690476190625 0.3628762546875
0 0.622023809375 0.3377926421875 0.610119046875 0.34113712343749997 0.5892857140625 0.352842809375 0.5892857140625 0.356187290625 0.5803571421875 0.35785953125000003 0.565476190625 0.3662207359375 0.5535714281249999 0.37959866249999996 0.5535714281249999 0.3929765890625 0.6041666671875 0.39464882968750004 0.610119046875 0.3979933109375 0.6369047625 0.3963210703125 0.6369047625 0.38963210625 0.6547619046875 0.37625418125 0.6547619046875 0.3729096984375 0.6696428578125 0.3712374578125 0.6785714281249999 0.3662207359375 0.6785714281249999 0.356187290625 0.6696428578125 0.35451505 0.6488095234375 0.3428093640625 0.6458333328125 0.3377926421875 0.622023809375 0.3377926421875
0 0.44345238125 0.3745819390625 0.45535714218749995 0.3745819390625 0.4613095234375 0.3712374578125 0.502976190625 0.3712374578125 0.5386904765625 0.381270903125 0.547619046875 0.37959866249999996 0.559523809375 0.3695652171875 0.559523809375 0.3628762546875 0.5416666671875 0.34949832812500004 0.5416666671875 0.346153846875 0.514880953125 0.33444816093749996 0.4791666671875 0.33444816093749996 0.45535714218749995 0.34113712343749997 0.434523809375 0.352842809375 0.434523809375 0.3695652171875 0.44345238125 0.3745819390625
0 0.434523809375 0.3294314375 0.434523809375 0.346153846875 0.446428571875 0.346153846875 0.4791666671875 0.33444816093749996 0.514880953125 0.33444816093749996 0.5208333328125 0.3377926421875 0.5446428578125 0.3377926421875 0.547619046875 0.3294314375 0.5208333328125 0.3143812703125 0.4613095234375 0.3143812703125 0.44940476250000005 0.321070234375 0.44345238125 0.321070234375 0.434523809375 0.3294314375
0 0.4077380953125 0.3311036796875 0.4136904765625 0.33444816093749996 0.434523809375 0.3327759203125 0.440476190625 0.322742475 0.4761904765625 0.3093645484375 0.4672619046875 0.30434782656250003 0.45535714218749995 0.30434782656250003 0.44940476250000005 0.30100334375000004 0.3958333328125 0.30100334375000004 0.375 0.3160535109375 0.375 0.32608695625 0.38392857187499996 0.3311036796875 0.4077380953125 0.3311036796875
0 0.32142857187499996 0.32608695625 0.3363095234375 0.324414715625 0.3422619046875 0.321070234375 0.372023809375 0.321070234375 0.375 0.3093645484375 0.360119046875 0.30100334375000004 0.3244047625 0.30100334375000004 0.3125 0.30434782656250003 0.30357142812500004 0.3093645484375 0.30357142812500004 0.32608695625 0.32142857187499996 0.32608695625
0 0.1755952375 0.34113712343749997 0.18154761875 0.34113712343749997 0.2053571421875 0.35451505 0.20833333281250002 0.352842809375 0.2142857140625 0.34949832812500004 0.2142857140625 0.3428093640625 0.25 0.322742475 0.22916666718749998 0.3076923078125 0.2172619046875 0.3076923078125 0.2053571421875 0.3143812703125 0.1875 0.3143812703125 0.1547619046875 0.32608695625 0.1547619046875 0.3294314375 0.1755952375 0.34113712343749997
0 0.2321428578125 0.3060200671875 0.247023809375 0.324414715625 0.297619046875 0.322742475 0.30357142812500004 0.3093645484375 0.27678571406249997 0.2976588625 0.247023809375 0.2976588625 0.2321428578125 0.3060200671875
0 0.1041666671875 0.3645484953125 0.077380953125 0.37625418125 0.065476190625 0.38963210625 0.065476190625 0.3996655515625 0.08630952343750001 0.41806020000000005 0.0982142859375 0.41806020000000005 0.1041666671875 0.41471571875 0.1577380953125 0.41471571875 0.18154761875 0.42140468281250004 0.20833333281250002 0.43645484999999995 0.2142857140625 0.4498327765625 0.22916666718749998 0.4581939796875 0.2321428578125 0.45652173906250004 0.247023809375 0.4548494984375 0.2619047625 0.44648829375 0.2619047625 0.4197324421875 0.2678571421875 0.416387959375 0.2678571421875 0.40301003281250003 0.23511904687500002 0.377926421875 0.18154761875 0.3612040140625 0.12202380937499999 0.3612040140625 0.116071428125 0.3645484953125 0.1041666671875 0.3645484953125
0 0.0625 0.441471571875 0.116071428125 0.441471571875 0.12202380937499999 0.444816053125 0.1636904765625 0.44816053437500003 0.184523809375 0.4598662203125 0.196428571875 0.47324414687500005 0.20238095312499998 0.47324414687500005 0.2142857140625 0.46655518437500004 0.2142857140625 0.44648829375 0.20238095312499998 0.43311036718749996 0.1875 0.4247491640625 0.15178571406250002 0.41471571875 0.110119046875 0.41471571875 0.1041666671875 0.41806020000000005 0.0922619046875 0.41806020000000005 0.053571428125 0.43645484999999995 0.0625 0.441471571875
0 0.0982142859375 0.28762541875 0.0803571421875 0.2842809359375 0.0744047625 0.28762541875 0.059523809375 0.28929765937499996 0.053571428125 0.3093645484375 0.0625 0.317725753125 0.0892857140625 0.3160535109375 0.11904761875 0.299331103125 0.0982142859375 0.28762541875
0 0.1547619046875 0.322742475 0.190476190625 0.3093645484375 0.190476190625 0.28929765937499996 0.1755952375 0.2809364546875 0.1577380953125 0.2809364546875 0.1458333328125 0.28762541875 0.13988095312499998 0.28762541875 0.1369047625 0.292642140625 0.10119047656249999 0.31270902968750003 0.133928571875 0.324414715625 0.1547619046875 0.322742475
0 0.13095238125 0.28929765937499996 0.1488095234375 0.2826086953125 0.1488095234375 0.2792642140625 0.133928571875 0.270903009375 0.0982142859375 0.270903009375 0.08333333281250001 0.2792642140625 0.08333333281250001 0.2826086953125 0.0922619046875 0.28762541875 0.1041666671875 0.28762541875 0.110119046875 0.2909699 0.13095238125 0.28929765937499996
0 0.22619047656250002 0.2658862875 0.2172619046875 0.257525084375 0.19345238125 0.2541806015625 0.17261904687500002 0.26254180625 0.1755952375 0.2809364546875 0.1875 0.2842809359375 0.2202380953125 0.2826086953125 0.22619047656250002 0.2792642140625 0.22619047656250002 0.2658862875
0 0.190476190625 0.299331103125 0.190476190625 0.31270902968750003 0.20238095312499998 0.31270902968750003 0.2232142859375 0.3076923078125 0.247023809375 0.2976588625 0.25892857187499996 0.2976588625 0.2678571421875 0.292642140625 0.2678571421875 0.28595317656249997 0.25892857187499996 0.2809364546875 0.24107142812500001 0.2809364546875 0.23511904687500002 0.2842809359375 0.21130952343749998 0.28762541875 0.190476190625 0.299331103125
0 0.327380953125 0.295986621875 0.3333333328125 0.2658862875 0.30654761875 0.257525084375 0.2827380953125 0.257525084375 0.2678571421875 0.26923076875 0.2678571421875 0.295986621875 0.2827380953125 0.2976588625 0.2946428578125 0.30434782656250003 0.315476190625 0.3026755859375 0.327380953125 0.295986621875
0 0.3928571421875 0.3026755859375 0.41071428593750003 0.295986621875 0.41071428593750003 0.28929765937499996 0.38392857187499996 0.2742474921875 0.3541666671875 0.270903009375 0.327380953125 0.28929765937499996 0.327380953125 0.295986621875 0.3363095234375 0.30100334375000004 0.360119046875 0.30100334375000004 0.36607142812500004 0.30434782656250003 0.3928571421875 0.3026755859375
0 0.440476190625 0.28929765937499996 0.440476190625 0.2725752515625 0.43154761875 0.26755852812500003 0.40178571406249997 0.264214046875 0.3869047625 0.2725752515625 0.3869047625 0.2759197328125 0.41071428593750003 0.28929765937499996 0.4136904765625 0.29431438125 0.434523809375 0.292642140625 0.440476190625 0.28929765937499996
0 0.38392857187499996 0.2441471578125 0.372023809375 0.2441471578125 0.3571428578125 0.24916387968749998 0.3452380953125 0.26923076875 0.3869047625 0.26923076875 0.4047619046875 0.25919732500000003 0.4047619046875 0.2525083609375 0.38392857187499996 0.2441471578125
0 0.45535714218749995 0.264214046875 0.440476190625 0.2725752515625 0.440476190625 0.28595317656249997 0.44940476250000005 0.2909699 0.4761904765625 0.28929765937499996 0.49404761875 0.2759197328125 0.4791666671875 0.26755852812500003 0.45535714218749995 0.264214046875
0 0.3869047625 0.2759197328125 0.41071428593750003 0.28929765937499996 0.4136904765625 0.29431438125 0.434523809375 0.292642140625 0.446428571875 0.28929765937499996 0.440476190625 0.2826086953125 0.440476190625 0.2725752515625 0.4583333328125 0.25919732500000003 0.4583333328125 0.25585284218750004 0.44940476250000005 0.2508361203125 0.4375 0.2541806015625 0.4136904765625 0.2541806015625 0.3869047625 0.26923076875 0.3869047625 0.2759197328125
0 0.5119047625 0.26254180625 0.5119047625 0.2525083609375 0.502976190625 0.2474916390625 0.48511904687499996 0.2474916390625 0.46428571406249997 0.25919732500000003 0.46428571406249997 0.26254180625 0.47321428593750003 0.26755852812500003 0.48511904687499996 0.270903009375 0.49404761875 0.26923076875 0.5119047625 0.26254180625
0 0.5238095234375 0.299331103125 0.5416666671875 0.292642140625 0.5416666671875 0.28595317656249997 0.5267857140625 0.2809364546875 0.497023809375 0.2809364546875 0.48511904687499996 0.2842809359375 0.48214285781250005 0.292642140625 0.5089285718750001 0.3076923078125 0.5178571421875 0.3060200671875 0.5238095234375 0.299331103125
0 0.5446428578125 0.28762541875 0.559523809375 0.28595317656249997 0.559523809375 0.2792642140625 0.5535714281249999 0.2759197328125 0.5505952375 0.26755852812500003 0.5386904765625 0.26755852812500003 0.5327380953125 0.264214046875 0.5089285718750001 0.264214046875 0.49404761875 0.2725752515625 0.5089285718750001 0.2809364546875 0.5267857140625 0.2809364546875 0.5446428578125 0.28762541875
0 0.5238095234375 0.3026755859375 0.5238095234375 0.3160535109375 0.55654761875 0.33444816093749996 0.5833333328125 0.3327759203125 0.5892857140625 0.32608695625 0.61904761875 0.31270902968750003 0.61904761875 0.3026755859375 0.6041666671875 0.29431438125 0.5922619046875 0.2909699 0.5744047625 0.2909699 0.56845238125 0.28762541875 0.5625 0.2909699 0.5386904765625 0.29431438125 0.5238095234375 0.3026755859375
0 0.610119046875 0.2976588625 0.61904761875 0.295986621875 0.6488095234375 0.28929765937499996 0.6488095234375 0.2725752515625 0.6160714281249999 0.260869565625 0.6041666671875 0.260869565625 0.5892857140625 0.2658862875 0.5892857140625 0.2725752515625 0.5714285718750001 0.28595317656249997 0.5803571421875 0.2909699 0.5922619046875 0.2909699 0.610119046875 0.2976588625
0 0.6636904765625 0.327759196875 0.684523809375 0.32608695625 0.690476190625 0.31270902968750003 0.6755952375 0.30100334375000004 0.6696428578125 0.30100334375000004 0.6577380953125 0.29431438125 0.627976190625 0.29431438125 0.61904761875 0.299331103125 0.61904761875 0.3093645484375 0.627976190625 0.3143812703125 0.6458333328125 0.317725753125 0.6636904765625 0.327759196875
0 0.6071428578125 0.3428093640625 0.622023809375 0.3377926421875 0.6517857140625 0.3377926421875 0.6607142859375 0.3327759203125 0.6607142859375 0.32608695625 0.6458333328125 0.317725753125 0.6041666671875 0.317725753125 0.5892857140625 0.32608695625 0.5833333328125 0.3394648828125 0.5922619046875 0.3444816046875 0.6071428578125 0.3428093640625
0 0.7619047625 0.295986621875 0.7738095234375 0.28595317656249997 0.7738095234375 0.2792642140625 0.764880953125 0.270903009375 0.7172619046875 0.26755852812500003 0.690476190625 0.2792642140625 0.690476190625 0.2826086953125 0.7172619046875 0.29431438125 0.7291666671875 0.29431438125 0.735119046875 0.2976588625 0.7619047625 0.295986621875
0 0.702380953125 0.3026755859375 0.702380953125 0.292642140625 0.6964285718750001 0.28595317656249997 0.6696428578125 0.2742474921875 0.6636904765625 0.2742474921875 0.6547619046875 0.2792642140625 0.6547619046875 0.292642140625 0.6875 0.3076923078125 0.6964285718750001 0.3060200671875 0.702380953125 0.3026755859375
0 0.8571428578125 0.2792642140625 0.8422619046875001 0.270903009375 0.81845238125 0.270903009375 0.8035714281249999 0.2826086953125 0.8035714281249999 0.28929765937499996 0.8303571421875 0.30100334375000004 0.8452380953124999 0.299331103125 0.8571428578125 0.292642140625 0.8571428578125 0.2792642140625
0 0.8958333328125001 0.2809364546875 0.8660714281249999 0.2809364546875 0.8630952375 0.295986621875 0.872023809375 0.30100334375000004 0.8869047625 0.299331103125 0.9047619046875001 0.28929765937499996 0.9047619046875001 0.28595317656249997 0.8958333328125001 0.2809364546875
0 0.8869047625 0.3093645484375 0.889880953125 0.324414715625 0.940476190625 0.322742475 0.940476190625 0.3160535109375 0.9136904765624999 0.30434782656250003 0.8958333328125001 0.30434782656250003 0.8869047625 0.3093645484375
0 0.9375 0.28762541875 0.9077380953124999 0.28762541875 0.8928571421875 0.295986621875 0.8958333328125001 0.30434782656250003 0.9136904765624999 0.30434782656250003 0.9494047625 0.321070234375 0.952380953125 0.31939799375 0.952380953125 0.295986621875 0.9375 0.28762541875
0 0.8392857140625001 0.3093645484375 0.8333333328125001 0.31270902968750003 0.8333333328125001 0.31939799375 0.8482142859374999 0.327759196875 0.88095238125 0.32608695625 0.88095238125 0.3026755859375 0.8422619046875001 0.30100334375000004 0.8392857140625001 0.3093645484375
0 0.8541666671874999 0.260869565625 0.8452380953124999 0.2658862875 0.8452380953124999 0.2725752515625 0.8541666671874999 0.2775919734375 0.9047619046875001 0.2759197328125 0.9107142859374999 0.26923076875 0.8958333328125001 0.260869565625 0.8541666671874999 0.260869565625
0 0.81845238125 0.2474916390625 0.7946428578125 0.2441471578125 0.7738095234375 0.25585284218750004 0.7678571421875 0.26923076875 0.815476190625 0.26923076875 0.827380953125 0.2658862875 0.8333333328125001 0.25585284218750004 0.81845238125 0.2474916390625
0 0.8630952375 0.235785953125 0.8541666671874999 0.23076923124999998 0.8303571421875 0.23076923124999998 0.8035714281249999 0.23913043437499998 0.8035714281249999 0.24247491562499998 0.8303571421875 0.2541806015625 0.8511904765624999 0.2525083609375 0.8630952375 0.24581939843749998 0.8630952375 0.235785953125
0 0.7261904765625 0.26254180625 0.7410714281249999 0.270903009375 0.7678571421875 0.26923076875 0.7678571421875 0.25919732500000003 0.7589285718750001 0.2541806015625 0.7261904765625 0.25585284218750004 0.7261904765625 0.26254180625
0 0.7172619046875 0.26755852812500003 0.7261904765625 0.26254180625 0.7261904765625 0.25919732500000003 0.6994047625 0.2474916390625 0.68154761875 0.2508361203125 0.672619046875 0.25919732500000003 0.672619046875 0.2658862875 0.68154761875 0.270903009375 0.7083333328125 0.26923076875 0.7172619046875 0.26755852812500003
0 0.7172619046875 0.2541806015625 0.7738095234375 0.2525083609375 0.7797619046875 0.24916387968749998 0.7797619046875 0.229096990625 0.764880953125 0.22408026718750002 0.747023809375 0.22408026718750002 0.7291666671875 0.23076923124999998 0.7172619046875 0.23076923124999998 0.7083333328125 0.235785953125 0.7083333328125 0.24247491562499998 0.702380953125 0.24581939843749998 0.7172619046875 0.2541806015625
0 0.684523809375 0.24916387968749998 0.702380953125 0.24247491562499998 0.702380953125 0.229096990625 0.6875 0.2207357859375 0.6696428578125 0.2207357859375 0.6428571421875 0.232441471875 0.6517857140625 0.23745819375 0.6577380953125 0.23745819375 0.6607142859375 0.24247491562499998 0.6755952375 0.2508361203125 0.684523809375 0.24916387968749998
0 0.7113095234375 0.2341137125 0.7142857140625 0.232441471875 0.7291666671875 0.23076923124999998 0.747023809375 0.22408026718750002 0.7589285718750001 0.22408026718750002 0.7619047625 0.21571906406250002 0.747023809375 0.210702340625 0.7232142859375 0.210702340625 0.7172619046875 0.2140468234375 0.7053571421875 0.2140468234375 0.6964285718750001 0.2257525078125 0.7113095234375 0.2341137125
0 0.6547619046875 0.26923076875 0.6636904765625 0.26755852812500003 0.672619046875 0.25919732500000003 0.6666666671875 0.24247491562499998 0.6458333328125 0.2341137125 0.622023809375 0.23745819375 0.6130952375 0.24581939843749998 0.6130952375 0.25585284218750004 0.627976190625 0.264214046875 0.6517857140625 0.270903009375 0.6547619046875 0.26923076875
0 0.6130952375 0.2525083609375 0.6130952375 0.24581939843749998 0.61904761875 0.24247491562499998 0.6160714281249999 0.2341137125 0.5744047625 0.2341137125 0.565476190625 0.23913043437499998 0.565476190625 0.24916387968749998 0.5803571421875 0.257525084375 0.5833333328125 0.25585284218750004 0.6130952375 0.2525083609375
0 0.6130952375 0.2224080265625 0.627976190625 0.2341137125 0.6369047625 0.232441471875 0.6696428578125 0.2207357859375 0.6875 0.2207357859375 0.6964285718750001 0.21571906406250002 0.6964285718750001 0.21237458125000003 0.6755952375 0.20066889687499997 0.6636904765625 0.20066889687499997 0.6458333328125 0.207357859375 0.627976190625 0.207357859375 0.6160714281249999 0.210702340625 0.6130952375 0.2224080265625
0 0.565476190625 0.2190635453125 0.5744047625 0.2341137125 0.625 0.232441471875 0.6130952375 0.2190635453125 0.5982142859375 0.2140468234375 0.5744047625 0.2140468234375 0.565476190625 0.2190635453125
0 0.5297619046875 0.2525083609375 0.5446428578125 0.2441471578125 0.5714285718750001 0.235785953125 0.5714285718750001 0.229096990625 0.5625 0.2207357859375 0.5446428578125 0.2207357859375 0.5386904765625 0.2173913046875 0.5119047625 0.2257525078125 0.50595238125 0.24581939843749998 0.514880953125 0.2541806015625 0.5297619046875 0.2525083609375
0 0.5505952375 0.2441471578125 0.5297619046875 0.2525083609375 0.5238095234375 0.26254180625 0.5386904765625 0.26755852812500003 0.559523809375 0.2658862875 0.577380953125 0.25585284218750004 0.5625 0.2441471578125 0.5505952375 0.2441471578125
0 0.4761904765625 0.2525083609375 0.48511904687499996 0.2474916390625 0.497023809375 0.2474916390625 0.50595238125 0.24247491562499998 0.50595238125 0.2224080265625 0.497023809375 0.2173913046875 0.47321428593750003 0.2173913046875 0.4583333328125 0.229096990625 0.45238095312500004 0.24916387968749998 0.4613095234375 0.2541806015625 0.4761904765625 0.2525083609375
0 0.45238095312500004 0.235785953125 0.4583333328125 0.229096990625 0.44345238125 0.2173913046875 0.41964285781250005 0.2173913046875 0.4047619046875 0.2257525078125 0.4047619046875 0.24916387968749998 0.446428571875 0.24916387968749998 0.45238095312500004 0.24581939843749998 0.45238095312500004 0.235785953125
0 0.3988095234375 0.2257525078125 0.389880953125 0.2207357859375 0.360119046875 0.2207357859375 0.3511904765625 0.2257525078125 0.3452380953125 0.23913043437499998 0.360119046875 0.2474916390625 0.3630952375 0.24581939843749998 0.3988095234375 0.24247491562499998 0.3988095234375 0.2257525078125
0 0.2886904765625 0.2809364546875 0.2946428578125 0.2842809359375 0.327380953125 0.2826086953125 0.3571428578125 0.24916387968749998 0.3422619046875 0.240802675 0.3005952375 0.2474916390625 0.297619046875 0.2525083609375 0.2886904765625 0.257525084375 0.2827380953125 0.257525084375 0.2678571421875 0.26923076875 0.2678571421875 0.2792642140625 0.2827380953125 0.2842809359375 0.2886904765625 0.2809364546875