0 0.364379084375 1 0.38725490156250003 0.85012285 0.43137254843750006 0.6363636359375 0.4771241828125 0.3636363640625 0.48039215625000004 0.25061425000000004 0.47222222187499996 0.21375921406249998 0.46241830000000006 0.19901719843750001 0.439542484375 0.18181818125 0.41339869218749997 0.18181818125 0.3905228765625 0.2014742015625 0.36274509843749997 0.275184275 0.312091503125 0.7174447171875 0.2728758171875 1 0.364379084375 1
0 0.5408496734375 1 0.542483659375 0.7518427515624999 0.5588235296875 0.275184275 0.5555555562500001 0.22358722343749998 0.5473856203125 0.19656019687499998 0.5294117640625 0.174447175 0.508169934375 0.174447175 0.49346405156250006 0.19901719843750001 0.48366013125 0.24570024531249998 0.48366013125 1 0.5408496734375 1
0 0.6454248359375 1 0.669934640625 0.9090909093749999 0.669934640625 0.8353808359375 0.651960784375 0.714987715625 0.6225490203125 0.40540540468749997 0.6094771234375 0.33169533125 0.60620915 0.26535626562500003 0.5833333328125 0.228501228125 0.58986928125 0.21867321875 0.5849673203125 0.2039312046875 0.5653594765625 0.1769041765625 0.55228758125 0.174447175 0.5408496734375 0.18181818125 0.5571895421875 0.23095823124999998 0.5588235296875 0.55036855 0.6045751640625 0.8697788703124999 0.6045751640625 0.9238329234375 0.5767973859375 0.9631449625 0.571895425 1 0.6454248359375 1
0 0.2189542484375 1 0.2205882359375 0.9631449625 0.2483660125 0.8943488937499999 0.3202614375 0.5454545453125 0.3709150328125 0.2481572484375 0.3709150328125 0.23095823124999998 0.349673203125 0.21375921406249998 0.330065359375 0.228501228125 0.30228758125 0.2800982796875 0.26960784375 0.41523341562500005 0.2107843140625 0.803439803125 0.20424836562499998 1 0.2189542484375 1
0 0 0.9361179359375 0.026143790625000003 0.8918918921874999 0.1209150328125 0.66830466875 0.2124183 0.4889434890625 0.223856209375 0.41523341562500005 0.2434640515625 0.3980343984375 0.292483659375 0.277641278125 0.3333333328125 0.2113022109375 0.33823529375 0.18427518437499998 0.3235294125 0.14987715 0.294117646875 0.12530712500000002 0.27450980468749997 0.12530712500000002 0.2565359484375 0.14987715 0.258169934375 0.1916461921875 0.25 0.20638820624999998 0.2205882359375 0.2113022109375 0.19444444375 0.26535626562500003 0.0702614375 0.6142506140624999 0 0.778869778125 0 0.9361179359375
0 0.8349673203125001 0.3292383296875 0.8496732031249999 0.3120393125 0.87581699375 0.30712530781249997 0.85620915 0.25552825625 0.8251633984375 0.24570024531249998 0.7385620921875 0.3390663390625 0.704248365625 0.353808353125 0.687908496875 0.3710073703125 0.6666666671875 0.4103194109375 0.66013071875 0.44717444687499996 0.66176470625 0.4742014734375 0.678104575 0.5110565109375 0.7124183000000001 0.5159705156250001 0.7352941171875 0.4742014734375 0.810457515625 0.4299754296875 0.8349673203125001 0.3292383296875
0 1 0.285012284375 0.98039215625 0.2481572484375 0.9428104578125 0.21621621562499999 0.939542484375 0.140049140625 0.9297385625000001 0.0958230953125 0.9166666671874999 0.06879606875 0.901960784375 0.0638820640625 0.8872549015625 0.09336609375 0.8807189546874999 0.18181818125 0.8676470593750001 0.22358722343749998 0.8676470593750001 0.2628992625 0.8774509796875 0.3046683046875 0.9068627453125 0.353808353125 0.918300653125 0.402948403125 0.9493464046875 0.4373464375 1 0.3980343984375 1 0.285012284375
0 0.9150326796874999 0.6830466828125 0.919934640625 0.6633906640625 0.8856209156249999 0.61916461875 0.8790849671875 0.5823095828125 0.8839869281249999 0.5552825546875 0.901960784375 0.51842751875 0.9526143796875 0.45700245625 0.939542484375 0.4520884515625 0.8905228765625001 0.49877149843749996 0.8186274515624999 0.5479115484375 0.76960784375 0.6142506140624999 0.758169934375 0.6486486484375 0.758169934375 0.678132678125 0.7745098046875001 0.7420147421875 0.792483659375 0.76904176875 0.8235294124999999 0.778869778125 0.8529411765624999 0.76904176875 0.8774509796875 0.7444717437499999 0.9150326796874999 0.6830466828125
0 0.9640522875 0.43488943437499994 0.9493464046875 0.4643734640625 0.9003267968750001 0.508599509375 0.8823529406249999 0.5675675671875 0.8823529406249999 0.5945945953125 0.8872549015625 0.6265356265625 0.9052287578125 0.6511056515625 0.957516340625 0.6633906640625 1 0.6216216218749999 0.9983660125 0.3955773953125 0.9640522875 0.43488943437499994
0 0.8986928109375001 0.8845208843749999 0.901960784375 0.8550368546874999 0.8905228765625001 0.81818181875 0.8513071890624999 0.7714987718749999 0.83823529375 0.78132678125 0.794117646875 0.78132678125 0.7728758171875 0.8108108109375 0.758169934375 0.85012285 0.758169934375 0.9140049140625001 0.7745098046875001 0.9508599515625 0.7908496734375 0.96805896875 0.828431371875 0.975429975 0.8529411765624999 0.9606879609375 0.8839869281249999 0.91891891875 0.8986928109375001 0.8845208843749999
0 0.6911764703125 0.678132678125 0.6666666671875 0.7199017203125 0.6666666671875 0.791154790625 0.6732026140625 0.8157248156250001 0.73202614375 0.8304668296875001 0.76797385625 0.8132678125 0.7859477125 0.7862407859375 0.759803921875 0.7199017203125 0.758169934375 0.64373464375 0.741830065625 0.6339066343749999 0.6911764703125 0.678132678125
0 0.794117646875 0.4373464375 0.73202614375 0.4766584765625 0.707516340625 0.5208845203125 0.705882353125 0.572481571875 0.7173202609375 0.6044226046875 0.7369281046875 0.6289926296874999 0.7614379078125 0.6289926296874999 0.7973856203125 0.572481571875 0.848039215625 0.5208845203125 0.8202614374999999 0.48157248125 0.812091503125 0.44226044218749994 0.794117646875 0.4373464375
0 0.8578431375 0.30712530781249997 0.8333333328125001 0.32678132656250003 0.812091503125 0.40049140000000005 0.8088235296875 0.44226044218749994 0.8153594765625 0.4766584765625 0.831699346875 0.5012285015625 0.87581699375 0.508599509375 0.91013071875 0.4742014734375 0.918300653125 0.4103194109375 0.9003267968750001 0.3415233421875 0.8790849671875 0.3120393125 0.8578431375 0.30712530781249997
0 0.946875 0.92890625 0.10625 0.1421875
0 1 0.6707616703125 0.9934640515625001 0.646191646875 0.9852941171875 0.641277640625 0.965686275 0.6584766578125001 0.9297385625000001 0.6707616703125 0.9166666671874999 0.7002457 0.9166666671874999 0.7321867328125 0.9264705875000001 0.783783784375 0.9493464046875 0.8476658484374999 0.9705882359375 0.8771498765624999 1 0.8894348890625 1 0.6707616703125
0 0.705882353125 0.1425061421875 0.6650326796875 0.1769041765625 0.65849673125 0.2014742015625 0.633986928125 0.21621621562499999 0.62418300625 0.25061425000000004 0.6274509796875 0.2702702703125 0.671568628125 0.289926290625 0.7532679734375 0.253071253125 0.758169934375 0.18918918906249999 0.7516339875 0.1670761671875 0.73366013125 0.1449631453125 0.705882353125 0.1425061421875
0 0.741830065625 0.253071253125 0.668300653125 0.2874692875 0.65849673125 0.31695331718749997 0.668300653125 0.3292383296875 0.689542484375 0.32678132656250003 0.6928104578125 0.353808353125 0.7026143796875 0.35626535625 0.7549019609375 0.3292383296875 0.7990196078125 0.27272727343750003 0.7990196078125 0.2628992625 0.7875816999999999 0.25798525781250004 0.741830065625 0.253071253125
0 0.813725490625 0.1449631453125 0.8071895421875 0.1670761671875 0.812091503125 0.208845209375 0.8235294124999999 0.240786240625 0.8496732031249999 0.2678132671875 0.8529411765624999 0.3046683046875 0.87418300625 0.30712530781249997 0.87581699375 0.1769041765625 0.8529411765624999 0.1375921375 0.8267973859375 0.13267813281250002 0.813725490625 0.1449631453125
0 0 0.7714987718749999 0.071895425 0.6044226046875 0.1307189546875 0.4299754296875 0.1666666671875 0.346437346875 0.20098039218750002 0.240786240625 0.2107843140625 0.228501228125 0.215686275 0.19901719843750001 0.23856209218750002 0.17199017187500001 0.2467320265625 0.14987715 0.2712418296875 0.1302211296875 0.2973856203125 0.12285012343749999 0.3006535953125 0.0835380828125 0.2875817 0.09336609375 0.2728758171875 0.0761670765625 0.259803921875 0.0737100734375 0.2434640515625 0.08599508593750001 0.222222221875 0.1203931203125 0.20424836562499998 0.174447175 0.18954248437500001 0.18918918906249999 0.1764705875 0.2334152328125 0.15849673125 0.2628992625 0.15359477187499998 0.2997543 0.13888888906250002 0.31695331718749997 0.1078431375 0.3955773953125 0.0375817 0.5257985265625 0 0.6142506140624999 0 0.7714987718749999
0 0.428104575 1 0.4509803921875 0.977886978125 0.48202614375 0.864864865625 0.48366013125 0.45700245625 0.4787581703125 0.42014742031249996 0.4689542484375 0.41277641249999997 0.439542484375 0.5454545453125 0.421568628125 0.6879606875000001 0.3905228765625 0.8476658484374999 0.38725490156250003 0.9582309578125001 0.39379084999999997 1 0.428104575 1