0 0.07421875 0.26171875 0.146875 0.4234375
0 0.25078125 0.19921875 0.2546875 0.378125
0 0.4484375 0.15546875 0.1921875 0.303125
0 0.62421875 0.12421875 0.1875 0.240625
0 0.80078125 0.09296875 0.19375 0.171875
0 0.94296875 0.0703125 0.0984375 0.1390625
0 0.20078125 0.61484375 0.321875 0.453125
0 0.028125 0.7046875 0.05625 0.4296875
0 0.1140625 0.8921875 0.228125 0.2
0 0.35390625 0.83984375 0.2453125 0.3046875
0 0.40078125 0.4859375 0.24375 0.4046875
0 0.57734375 0.41015625 0.215625 0.3453125
0 0.75234375 0.34296875 0.2171875 0.328125
0 0.91796875 0.28046875 0.153125 0.328125
0 0.90234375 0.5859375 0.1796875 0.3734375
0 0.74375 0.67109375 0.2375 0.3890625
0 0.55390625 0.76796875 0.2171875 0.3921875
0 0.8765625 0.88125 0.2296875 0.2359375