0 0.53828125 0.228125 0.234375 0.328125
0 0.6515625 0.4796875 0.234375 0.315625
0 0.45390625 0.459375 0.2140625 0.328125
0 0.675 0.1296875 0.1921875 0.2484375
0 0.75390625 0.1 0.121875 0.2
0 0.7359375 0.31953125 0.1875 0.240625
0 0.87421875 0.41953125 0.2140625 0.303125
0 0.7578125 0.5640625 0.1515625 0.2890625
0 0.6546875 0.75859375 0.2015625 0.2921875
0 0.4640625 0.7515625 0.2203125 0.3109375
0 0.325 0.5828125 0.2 0.328125
0 0.3375 0.26875 0.2109375 0.3125
0 0.221875 0.3609375 0.1859375 0.2921875
0 0.403125 0.11015625 0.165625 0.1765625