0 0.52578125 0.2875 0.0875 0.3015625
0 0.9234375 0.021875 0.153125 0.04375
0 0.95546875 0.6015625 0.0875 0.2640625
0 0.88203125 0.6015625 0.1015625 0.2796875
0 0.81015625 0.6 0.109375 0.3046875
0 0.7421875 0.6109375 0.1015625 0.271875
0 0.6546875 0.596875 0.1015625 0.3078125
0 0.58046875 0.58984375 0.1140625 0.3
0 0.4859375 0.590625 0.1046875 0.3171875
0 0.41015625 0.5859375 0.08125 0.3078125
0 0.3390625 0.5578125 0.1328125 0.2796875
0 0.25078125 0.59375 0.121875 0.325
0 0.1625 0.58515625 0.109375 0.296875
0 0.07890625 0.590625 0.1203125 0.290625