0 0.296577946875 0.3828125 0.296577946875 0.4401041671875 0.307984790625 0.4817708328125 0.3517110265625 0.5416666671875 0.385931559375 0.5572916671875 0.403041825 0.5546875 0.46958174843749995 0.5364583328125 0.5361216734375 0.4401041671875 0.5399239546875 0.3828125 0.5323193921875 0.3359375 0.520912546875 0.3046875 0.4733840296875 0.25 0.3669201515625 0.25 0.3384030421875 0.2734375 0.304182509375 0.3463541671875 0.296577946875 0.3828125
0 0.180608365625 0.4270833328125 0.1330798484375 0.4973958328125 0.1292775671875 0.6223958328125 0.14448669218750002 0.6953125 0.20722433437499999 0.7916666671875 0.2566539921875 0.8125 0.2737642578125 0.8098958328125001 0.29467680625 0.8072916671874999 0.311787071875 0.7890625 0.3346007609375 0.6744791671875 0.3688212921875 0.5807291671875 0.3612167296875 0.5598958328125 0.307984790625 0.4921875 0.2832699625 0.4166666671875 0.2642585546875 0.4010416671875 0.2338403046875 0.4010416671875 0.180608365625 0.4270833328125
0 0.076045628125 0.1484375 0.08555133125 0.1666666671875 0.10266159687500001 0.1796875 0.087452471875 0.21614583281250002 0.087452471875 0.2942708328125 0.09695817500000001 0.3072916671875 0.1197718625 0.3072916671875 0.1653992390625 0.328125 0.19391635000000002 0.3255208328125 0.20722433437499999 0.3177083328125 0.2623574140625 0.23697916718749998 0.2699619765625 0.20572916718749998 0.2699619765625 0.1432291671875 0.25855513281250003 0.1119791671875 0.214828896875 0.06770833281250001 0.15779467656249999 0.06770833281250001 0.12737642656249998 0.08333333281250001 0.09315589375 0.1197916671875 0.076045628125 0.1484375
0 0.2661596953125 0.0338541671875 0.2661596953125 0.1171875 0.292775665625 0.1848958328125 0.29847908749999996 0.1927083328125 0.304182509375 0.1901041671875 0.3517110265625 0.1510416671875 0.385931559375 0.1354166671875 0.423954371875 0.1302083328125 0.42775665468749996 0.125 0.4619771859375 0.125 0.46387832656250005 0.07552083281250001 0.4448669203125 0.0338541671875 0.42775665468749996 0.010416667187500001 0.27946768125 0.0052083328125 0.2661596953125 0.0338541671875
0 0.51901140625 0.1510416671875 0.49619771874999996 0.1354166671875 0.389733840625 0.1354166671875 0.3479087453125 0.15625 0.300380228125 0.20052083281250002 0.285171103125 0.24739583281250002 0.285171103125 0.2838541671875 0.296577946875 0.3151041671875 0.30228136875 0.3229166671875 0.311787071875 0.3203125 0.323193915625 0.2942708328125 0.3593155890625 0.25 0.41634980937500005 0.23958333281250002 0.4733840296875 0.25 0.49619771874999996 0.265625 0.5228136875 0.3020833328125 0.5399239546875 0.2630208328125 0.5627376421875 0.23177083281250002 0.5627376421875 0.22135416718749998 0.51901140625 0.1510416671875
0 0.5285171109375 0.2994791671875 0.5285171109375 0.3203125 0.5399239546875 0.3463541671875 0.5399239546875 0.4453125 0.5475285171875 0.4661458328125 0.583650190625 0.5052083328125 0.62357414375 0.5078125 0.70532319375 0.4895833328125 0.7338403046875001 0.4557291671875 0.7528517109374999 0.4036458328125 0.7528517109374999 0.3567708328125 0.7376425859375 0.2838541671875 0.69771863125 0.22916666718749998 0.6596958171875 0.20833333281250002 0.610266159375 0.20833333281250002 0.5684410640625 0.22916666718749998 0.5285171109375 0.2994791671875
0 0.6349809890625 0.1953125 0.6444866921875 0.20833333281250002 0.6673003796875 0.20833333281250002 0.7015209125 0.22916666718749998 0.7414448671875 0.2838541671875 0.7547528515625 0.3177083328125 0.7661596953124999 0.3177083328125 0.781368821875 0.3333333328125 0.8136882125 0.3307291671875 0.8612167296875001 0.2916666671875 0.8859315593750001 0.2421875 0.889733840625 0.1848958328125 0.8745247140625001 0.1328125 0.8346007609375 0.08333333281250001 0.7699619765625 0.046875 0.7015209125 0.046875 0.6749049421875 0.05729166718749999 0.6387832703125 0.1223958328125 0.6349809890625 0.1953125
0 0.8726235734375001 0.296875 0.8460076046875 0.3072916671875 0.823193915625 0.3333333328125 0.7737642578124999 0.3385416671875 0.7566539921875 0.3671875 0.7566539921875 0.4088541671875 0.7376425859375 0.4557291671875 0.7414448671875 0.4921875 0.777566540625 0.5208333328125 0.8022813687499999 0.5546875 0.823193915625 0.609375 0.8555133078124999 0.6119791671875 0.8878327 0.5989583328125 0.9277566546875 0.5494791671875 0.9467680609375 0.5026041671875 0.9505703421874999 0.4713541671875 0.9467680609375 0.3880208328125 0.9315589359375 0.3463541671875 0.91825095 0.3333333328125 0.90684410625 0.3333333328125 0.8840304187499999 0.3020833328125 0.8726235734375001 0.296875
0 0.6482889734375 0.5052083328125 0.595057034375 0.5416666671875 0.5703422046875 0.5755208328125 0.5703422046875 0.6171875 0.5893536125 0.6848958328125 0.58555133125 0.8046875 0.6178707218749999 0.8333333328125001 0.6653992390625 0.8359375 0.69771863125 0.8333333328125001 0.7547528515625 0.8020833328125001 0.7642585546875 0.7734375 0.79467680625 0.7369791671875 0.80988593125 0.7005208328125 0.8174904937499999 0.6692708328125 0.8136882125 0.6015625 0.790874525 0.5442708328125 0.7509505703125 0.5052083328125 0.6482889734375 0.5052083328125
0 0.3536121671875 0.6328125 0.3269961984375 0.7161458328125 0.319391634375 0.7942708328125 0.3269961984375 0.8723958328125001 0.3441064640625 0.90625 0.40874524687499997 0.9583333328125001 0.46387832656250005 0.9609375 0.5076045625 0.9375 0.5475285171875 0.8932291671874999 0.58174905 0.7838541671875 0.58555133125 0.6848958328125 0.5703422046875 0.6276041671875 0.5456273765625 0.59375 0.46958174843749995 0.5520833328125 0.42775665468749996 0.5520833328125 0.385931559375 0.578125 0.3536121671875 0.6328125
0 0.46387832656250005 0.0703125 0.4676806078125 0.1223958328125 0.47718631250000004 0.1302083328125 0.5 0.1354166671875 0.5304182515625 0.1614583328125 0.5361216734375 0.1588541671875 0.5399239546875 0.1432291671875 0.5684410640625 0.109375 0.6273764265625 0.09635416718749999 0.6311787078125 0.0442708328125 0.6197718625 0.013020832812499999 0.606463878125 0.0052083328125 0.45057034218750003 0.0052083328125 0.44296577968750006 0.010416667187500001 0.4410646390625 0.0234375 0.46387832656250005 0.0703125
0 0 0.5390625 0.0361216734375 0.5833333328125 0.051330798437500005 0.5885416671875 0.0893536125 0.625 0.1292775671875 0.6380208328125 0.1254752859375 0.5078125 0.15779467656249999 0.4479166671875 0.18821292812499998 0.4166666671875 0.214828896875 0.40625 0.22053231874999998 0.3880208328125 0.195817490625 0.3541666671875 0.13117870781250002 0.3177083328125 0.07034220468749999 0.3125 0.055133079687499996 0.3229166671875 0.032319392187500004 0.3229166671875 0.019011406249999998 0.3359375 0 0.3880208328125 0 0.5390625