0 0.39765625 0.72421875 0.2671875 0.4234375
0 0.6484375 0.6625 0.2203125 0.4796875
0 0.6203125 0.34375 0.3046875 0.378125
0 0.43046875 0.16640625 0.2640625 0.3328125
0 0.1171875 0.2359375 0.234375 0.471875
0 0.2578125 0.3828125 0.2078125 0.396875
0 0.1421875 0.671875 0.2578125 0.428125
0 0.25859375 0.89140625 0.2109375 0.2109375
0 0.5046875 0.9015625 0.246875 0.196875
0 0.72890625 0.875 0.228125 0.25
0 0.90078125 0.853125 0.1984375 0.290625
0 0.8515625 0.37109375 0.2109375 0.3734375
0 0.7703125 0.1234375 0.2171875 0.2234375
0 0.9125 0.1578125 0.175 0.315625
0 0.94296875 0.27109375 0.1140625 0.3875
0 0.93828125 0.628125 0.1234375 0.2203125