0 0.4536256328125 0.31409295312499996 0.4688026984375 0.2811094453125 0.47048903906249995 0.263118440625 0.45994940937499995 0.238380809375 0.44055649218750004 0.21889055468750002 0.43086003437500003 0.236131934375 0.41315345625 0.309595203125 0.394182125 0.337331334375 0.3528667796875 0.37781109375 0.27360876875 0.4287856078125 0.25421585156250004 0.45427286406249995 0.2318718375 0.511994003125 0.225126475 0.561469265625 0.22849915625 0.6289355328124999 0.2377740296875 0.6664167921875 0.2537942671875 0.7023988 0.275295109375 0.736131934375 0.3216694765625 0.7796101953125001 0.3849072515625 0.8140929531250001 0.41905564999999995 0.8163418296874999 0.4548903875 0.8050974515625 0.48524451874999996 0.7661169421875 0.505059021875 0.72188905625 0.5143338953125001 0.6529235375 0.5160202359375 0.585457271875 0.5126475546875 0.5659670171875 0.484822934375 0.46401799062500004 0.4662731875 0.4205397296875 0.4519392921875 0.3440779609375 0.4536256328125 0.31409295312499996
0 0.644603709375 0.4182908546875 0.614249578125 0.4182908546875 0.5779932546875 0.4422788609375 0.5413153453125 0.5089955015625 0.5236087687500001 0.57796101875 0.5193929171875 0.613943028125 0.5193929171875 0.6709145421875 0.5337268125 0.7338830578125 0.556913996875 0.77811094375 0.6336424953125 0.8350824593749999 0.6517706578125 0.8373313343750001 0.7036256328125 0.8200899546875 0.7276559859375 0.7908545734375 0.7495784140625 0.7308845578125001 0.7630691406250001 0.663418290625 0.7655986515625 0.6214392796875 0.7546374375 0.5539730140625 0.7377740296875 0.5029985 0.7188026984375 0.4662668671875 0.684232715625 0.43178410781250004 0.644603709375 0.4182908546875
0 0.6985666109374999 0.160419790625 0.6521922421874999 0.17241379375000002 0.6184654296875001 0.19790105 0.583895446875 0.21439280312500003 0.5767284984375001 0.2466266859375 0.5792580093749999 0.30059969999999997 0.5741989875 0.3485757125 0.5741989875 0.399550225 0.57757166875 0.42953523281250006 0.58220910625 0.434782609375 0.6049747046875 0.4197901046875 0.62268128125 0.415292353125 0.677487353125 0.42728635625000005 0.6960371000000001 0.439280359375 0.7204890390625 0.4662668671875 0.7470489031249999 0.514992503125 0.78035413125 0.4707646171875 0.7942664421875001 0.459520240625 0.8060708265625 0.399550225 0.8086003375 0.3440779609375 0.803541315625 0.2961019484375 0.7942664421875001 0.25712143906249996 0.7748735250000001 0.21064467812499998 0.761804384375 0.1919040484375 0.7407251265625 0.17391304375 0.6985666109374999 0.160419790625
0 1 0.5494752625 0.9940978078124999 0.5314842578125 0.9734401343749999 0.49475262343750004 0.9413996625 0.46026986562500005 0.89755480625 0.436281859375 0.8461214171875 0.436281859375 0.7980607078124999 0.461769115625 0.76011804375 0.502248875 0.74873524375 0.52248875625 0.7613828 0.57646176875 0.7672849921875 0.6289355328124999 0.7613828 0.6829085453125 0.7495784140625 0.736881559375 0.7504215859375 0.760869565625 0.7588532890625 0.7953523234375 0.775295109375 0.8215892046875 0.7972175375 0.8455772109374999 0.8157672843749999 0.8590704640625001 0.8330522765625 0.8613193406249999 0.8406408093750001 0.8568215890624999 0.8676222593749999 0.7953523234375 0.89080944375 0.7541229390625 0.9186340640624999 0.7181409296875 0.9540472171875001 0.6926536734375001 1 0.684407796875 1 0.5494752625
0 0.4591062390625 0.836581709375 0.43338954531249996 0.9092953515625 0.4266441828125 0.9707646171875 0.42875210781249995 1 0.6939291734374999 0.9992503749999999 0.693086003125 0.9707646171875 0.6821247890625 0.9287856078125 0.6652613828125 0.8898050968750001 0.6454468796875 0.8575712140625 0.6268971328124999 0.8350824593749999 0.578836425 0.7946026984375 0.5425801015625 0.7796101953125001 0.5206576734375 0.7811094453125 0.5029510968750001 0.790104946875 0.4591062390625 0.836581709375
0 0.829258009375 1 0.8676222593749999 0.9992503749999999 1 0.997751125 0.9995784140625 0.6911544234375 0.956576728125 0.6941529234375 0.9203204046875 0.7196401796874999 0.8924957843750001 0.7556221890625 0.8507588531250001 0.835832084375 0.8381112984374999 0.8718140921875 0.83220910625 0.9032983515625 0.82546374375 0.9932533734375 0.829258009375 1
0 0.2478920734375 0.913793103125 0.2845699828125 1 0.4215851609375 0.9992503749999999 0.42495784218750005 0.988755621875 0.4258010125 0.9452773609375 0.41568296718750003 0.8928035984375 0.3899662734375 0.8320839578125 0.3646711640625 0.8050974515625 0.32082630624999997 0.7811094453125 0.28035413125 0.7826086953125 0.2424114671875 0.8080959515625 0.2124789203125 0.8538230890625 0.2478920734375 0.913793103125
0 0.0109612140625 0.9947526234374999 0.013069140625 1 0.27740303593750004 0.9992503749999999 0.279932546875 0.997751125 0.2605396296875 0.9452773609375 0.22301855 0.87406296875 0.1884485671875 0.8410794609375 0.159780775 0.8320839578125 0.1302698140625 0.8350824593749999 0.09064080937499999 0.8590704640625001 0.06028667812500001 0.8875562218749999 0.028667790625 0.9392803593749999 0.0109612140625 0.9947526234374999
0 0.09148397968750001 0.661169415625 0.056913996875 0.6926536734375001 0.029510960937500004 0.7413793109375 0.011804384375000001 0.8088455765625 0.011804384375000001 0.8238380812500001 0.0155986515625 0.82608695625 0.054384485937500004 0.8005997 0.06871838125 0.79910045 0.10075885312499999 0.809595203125 0.12942664375 0.8305847078124999 0.1766441828125 0.8335832078125 0.20910623906249998 0.8523238375 0.2377740296875 0.8088455765625 0.23608768906250002 0.7938530734375 0.2209106234375 0.7488755625 0.19940978125 0.7076461765625 0.1589376046875 0.697151425 0.1534569984375 0.6859070468749999 0.15050590156250002 0.664167915625 0.1336424953125 0.6566716640625 0.11087689687499999 0.6551724140624999 0.09148397968750001 0.661169415625
0 0.33136593593749997 0.37256371875 0.3161888703125 0.339580209375 0.29131534531250003 0.302848575 0.2677065765625 0.2818590703125 0.2390387859375 0.26836581718749997 0.20362563281249998 0.2668665671875 0.177487353125 0.2788605703125 0.1437605390625 0.314842578125 0.1096121421875 0.37256371875 0.122259696875 0.4205397296875 0.12816188906249998 0.4670164921875 0.12816188906249998 0.514992503125 0.122259696875 0.586956521875 0.13069139999999999 0.6124437781250001 0.1534569984375 0.6559220390625 0.1572512640625 0.6926536734375001 0.1939291734375 0.6994003 0.20446880312500001 0.6806596703125 0.22301855 0.6656671671875001 0.22849915625 0.6499250375 0.22344013437500002 0.585457271875 0.2242833046875 0.5539730140625 0.22849915625 0.5179910046875 0.2453625625 0.465517240625 0.26686340625 0.43178410781250004 0.3330522765625 0.384557721875 0.33136593593749997 0.37256371875
0 0.024030354687499998 0.27586206875 0.00042158593750000003 0.26836581718749997 0.001686340625 0.7038980515625 0.06028667812500001 0.6671664171875 0.0969645875 0.6214392796875 0.1104553125 0.5929535234375 0.12057335625000001 0.5554722640625 0.125632378125 0.52398800625 0.1264755484375 0.4700149921875 0.122259696875 0.4325337328125 0.11214165312499999 0.39205397343750004 0.08220910625 0.33283358281250003 0.024030354687499998 0.27586206875
0 0.03499156875 0.0014992500000000001 0.021922428125 0.014242878125 0.0008431703125 0.0697151421875 0 0.201649175 0.013490725 0.2556221890625 0.023187184375 0.27286356875 0.0425801015625 0.284857571875 0.10033726875 0.3515742125 0.11930860000000001 0.3433283359375 0.17327150156249999 0.2788605703125 0.19266441875 0.2668665671875 0.2188026984375 0.260869565625 0.22175379374999998 0.2541229390625 0.2318718375 0.198650675 0.2344013484375 0.1326836578125 0.2183811125 0.063718140625 0.1935075890625 0.0014992500000000001 0.03499156875 0.0014992500000000001
0 0.37057335625 0.0584707640625 0.34190556562499996 0.0464767609375 0.3014333890625 0.053973014062500005 0.2677065765625 0.0839580203125 0.24283305156249999 0.1281859078125 0.23608768906250002 0.17466266875 0.23355817812500002 0.2586206890625 0.275295109375 0.2818590703125 0.2862563234375 0.2938530734375 0.30817875156249996 0.32233883125 0.33768971406250003 0.3808095953125 0.34232714999999997 0.3800599703125 0.367200675 0.364317840625 0.4118887015625 0.31034482812499997 0.432546375 0.22713643125 0.43971332187499995 0.2173913046875 0.448145025 0.22338830625 0.45025295156249995 0.21364317812500003 0.44266441875 0.17766116875 0.4283305234375 0.137181409375 0.394182125 0.0809595203125 0.37057335625 0.0584707640625
0 0.693086003125 0.1536731640625 0.6787521078125 0.110194903125 0.6694772343750001 0.056221889062499995 0.654721753125 0.0434782609375 0.6277403031250001 0.0314842578125 0.60919055625 0.0314842578125 0.578836425 0.0509745125 0.5543844859375 0.0794602703125 0.53709949375 0.10869565156250001 0.5177065765625 0.161169415625 0.511804384375 0.2166416796875 0.5109612140625 0.2676161921875 0.5139123109375 0.27436281875 0.5202360875 0.27361319375000004 0.5607082625 0.2586206890625 0.525295109375 0.22563718124999999 0.5227655984374999 0.1926536734375 0.529932546875 0.17691154375 0.5442664421875001 0.17691154375 0.5813659359375001 0.2053973015625 0.597386171875 0.2068965515625 0.6488195609375 0.17241379375000002 0.690978078125 0.1589205390625 0.693086003125 0.1536731640625
0 0.67453625625 0.07421289375 0.6804384484375 0.110194903125 0.6905564921875 0.1431784109375 0.7027824625 0.1589205390625 0.7255480609375 0.163418290625 0.75337268125 0.17991004531250002 0.785413153125 0.22338830625 0.80059021875 0.22338830625 0.8077571671875001 0.25712143906249996 0.8241989875 0.284857571875 0.83220910625 0.28710644687500003 0.8389544687500001 0.2661169421875 0.8288364250000001 0.22713643125 0.8288364250000001 0.2091454265625 0.8516020234375 0.1686656671875 0.8676222593749999 0.113193403125 0.8760539625 0.0502248875 0.8735244515625 0.002248875 0.682546375 0.0014992500000000001 0.6753794265625 0.0337331328125 0.67453625625 0.07421289375
0 0.8600337265625001 0.159670165625 0.854131534375 0.17466266875 0.85244519375 0.27361319375000004 0.8549747046875 0.2946026984375 0.8629848234375 0.3163418296875 0.89080944375 0.3433283359375 0.9169477234375 0.389805096875 0.9409780781249999 0.3935532234375 0.9725969640625 0.38680659687499996 0.9928330515624999 0.3718140921875 0.994940978125 0.362068965625 1 0.32758620625 0.9995784140625 0 0.8832209109375 0.0014992500000000001 0.8785834734375 0.009745128124999999 0.8785834734375 0.0502248875 0.8735244515625 0.0922038984375 0.8600337265625001 0.159670165625
0 0.4536256328125 0.3470764625 0.4662731875 0.4160419796875 0.4856661046875 0.46401799062500004 0.513490725 0.5629685156249999 0.5181281624999999 0.57271364375 0.521922428125 0.5719640187499999 0.542158515625 0.50149925 0.575885328125 0.435532234375 0.572512646875 0.3965517234375 0.575885328125 0.2916041984375 0.5611298484375 0.26236881562500003 0.5113828 0.2788605703125 0.470067453125 0.284857571875 0.4603709953125 0.2976012 0.4536256328125 0.3200899546875 0.4536256328125 0.3470764625