0 1 0.14875 0.97625 0.0675 0.9662499999999999 0.0675 0.9324999999999999 0.10375000000000001 0.905 0.18375 0.8724999999999999 0.21875 0.8699999999999999 0.23875000000000002 0.8387499999999999 0.255 0.8275 0.27875 0.82 0.32625000000000004 0.8550000000000001 0.46375 0.8637499999999999 0.47750000000000004 0.89875 0.49000000000000005 0.9262499999999999 0.475 0.92875 0.5175 0.9724999999999999 0.46624999999999994 1 0.33125 1 0.14875
0 0.9044125 1 0.92875 0.9875 0.9712500000000001 0.97 1 0.93875 0.99875 0.48 0.915 0.64125 0.825 0.8712500000000001 0.79706 0.9529400000000001 0.814705 1 0.9044125 1
0 0.7455875 1 0.75125 0.9625 0.7725 0.9487500000000001 0.79 0.90625 0.82 0.86875 0.8574999999999999 0.77625 0.8699999999999999 0.69375 0.8699999999999999 0.57125 0.8400000000000001 0.39875 0.7925 0.23125 0.7787499999999999 0.22000000000000003 0.73125 0.23500000000000001 0.7150000000000001 0.22875 0.735 0.19375 0.73125 0.15 0.705 0.16125 0.6875 0.31124999999999997 0.665 0.38625 0.6575 0.45375 0.6475 0.65625 0.6325000000000001 0.76125 0.6475 0.90625 0.6485299999999999 1 0.7455875 1
0 0.8487500000000001 0.25 0.8675 0.23625 0.8675 0.21875 0.905 0.17625 0.95 0.04375 0.95 0.00625 0.80625 0 0.7675 0.04625 0.7424999999999999 0.10375000000000001 0.7424999999999999 0.15625 0.7325 0.18125 0.7424999999999999 0.19375 0.7224999999999999 0.20875 0.72 0.22875 0.73375 0.2325 0.78125 0.215 0.8012499999999999 0.225 0.8237500000000001 0.255 0.8487500000000001 0.25
0 0.7375 0.11625 0.755 0.06375 0.795 0.00125 0.6287499999999999 0 0.5625 0.09625 0.5425 0.14125000000000001 0.5349999999999999 0.21375000000000002 0.525 0.22875 0.5375 0.28125 0.5349999999999999 0.31375000000000003 0.54875 0.3175 0.57375 0.305 0.59875 0.31 0.6224999999999999 0.25375000000000003 0.6625 0.22125 0.7375 0.11625
0 0.53625 0.9375 0.5650000000000001 0.91625 0.595 0.86625 0.6325000000000001 0.7537499999999999 0.6575 0.39625 0.65 0.33125 0.6287499999999999 0.275 0.6174999999999999 0.27625 0.6012500000000001 0.3125 0.5625 0.32125 0.515 0.40875000000000006 0.40499999999999997 0.7787499999999999 0.4025 0.87375 0.42000000000000004 0.9037499999999999 0.4175 0.97625 0.46125 0.985 0.49874999999999997 0.9650000000000001 0.51125 0.9925 0.5275000000000001 0.9662499999999999 0.50125 0.9625 0.485 0.9262499999999999 0.53625 0.9375
0 0.5700000000000001 0.9662499999999999 0.56375 1 0.6475 0.99875 0.655 0.93875 0.6287499999999999 0.7925 0.5900000000000001 0.88125 0.5549999999999999 0.92875 0.5549999999999999 0.9487500000000001 0.5700000000000001 0.9662499999999999
0 0.3661775 1 0.38375 0.9324999999999999 0.4 0.91375 0.40499999999999997 0.6637500000000001 0.44749999999999995 0.42874999999999996 0.44000000000000006 0.39125 0.46749999999999997 0.36625 0.48250000000000004 0.30375 0.47125000000000006 0.2725 0.44625000000000004 0.27 0.3175 0.40125 0.3175 0.41375 0.34125 0.4225 0.34750000000000003 0.43624999999999997 0.28500000000000003 0.47125000000000006 0.2525 0.5587500000000001 0.2325 0.6587500000000001 0.22999999999999998 0.7462500000000001 0.2425 0.88375 0.2625 0.94625 0.27875 0.9625 0.31176499999999996 1 0.3661775 1
0 0.5375 0.28125 0.525 0.22875 0.5349999999999999 0.21375000000000002 0.53625 0.1675 0.505 0.19624999999999998 0.4725 0.26375000000000004 0.485 0.30125 0.47000000000000003 0.37124999999999997 0.4525 0.38875000000000004 0.4525 0.43375 0.47874999999999995 0.44749999999999995 0.5075000000000001 0.42625 0.5599999999999999 0.32125 0.5587500000000001 0.31 0.5349999999999999 0.31375000000000003 0.5375 0.28125
0 0.25625 0.5325 0.22625 0.5475 0.20750000000000002 0.57125 0.16499999999999998 0.68875 0.1675 0.7887500000000001 0.21749999999999997 0.9337500000000001 0.26875 0.9775 0.27875 0.975 0.28250000000000003 0.9662499999999999 0.2525 0.9262499999999999 0.24 0.87375 0.22999999999999998 0.76375 0.22999999999999998 0.67125 0.25625 0.5325
0 0.4625 0.5662499999999999 0.43624999999999997 0.52 0.41 0.63375 0.40875000000000006 0.735 0.4625 0.5662499999999999
0 0.37374999999999997 0.3375 0.44625000000000004 0.26749999999999996 0.47000000000000003 0.26625 0.515 0.17625 0.52 0.14375 0.50875 0.1325 0.4575 0.14375 0.43499999999999994 0.23625 0.37374999999999997 0.3375
0 0.36 0.34875 0.44000000000000006 0.22125 0.45499999999999996 0.17124999999999999 0.45999999999999996 0.11125 0.4525 0.08875 0.41624999999999995 0.0725 0.37625000000000003 0.0925 0.2625 0.20875 0.23500000000000001 0.24874999999999997 0.215 0.30375 0.19 0.32125 0.18 0.36375 0.2 0.41375 0.2 0.44875 0.21125 0.45999999999999996 0.24625 0.48 0.33375 0.4425 0.34249999999999997 0.42874999999999996 0.31875 0.42000000000000004 0.3075 0.40125 0.36 0.34875
0 0.3375 0.13374999999999998 0.3875 0.04875 0.39249999999999996 0.00125 0.19624999999999998 0.005 0.13874999999999998 0.075 0.08 0.12125 0.057499999999999996 0.15625 0.05 0.19125 0.005 0.22875 0.005 0.26375000000000004 0.03 0.27875 0.03625 0.3 0.07375000000000001 0.28500000000000003 0.08125 0.305 0.12125 0.29500000000000004 0.13625 0.2625 0.17625 0.2575 0.20625 0.24 0.3375 0.13374999999999998
0 0.10625 0.29500000000000004 0.08375 0.3075 0.07375000000000001 0.2875 0.02375 0.3175 0 0.34125 0.00125 0.6125 0.0725 0.48624999999999996 0.1025 0.47625 0.1375 0.41375 0.1675 0.34875 0.18 0.26125 0.13125 0.27 0.12125 0.2975 0.10625 0.29500000000000004
0 0.00125 0.2525 0.00125 0.3375 0.034999999999999996 0.30375 0.03 0.28125 0.008749999999999999 0.27 0.00125 0.2525
0 0.045 0.04625 0.015 0.10375000000000001 0.034999999999999996 0.14125000000000001 0 0.21125 0.00125 0.22999999999999998 0.0475 0.19125 0.0675 0.13374999999999998 0.13 0.07875 0.1325 0.058750000000000004 0.11125 0.03 0.07125000000000001 0.025 0.045 0.04625