0 0.5216606500000001 0.2802197796875 0.49819494531249997 0.29945055 0.5054151625000001 0.3489010984375 0.532490975 0.384615384375 0.5469314078124999 0.390109890625 0.615523465625 0.4890109890625 0.68772563125 0.54945055 0.7184115531249999 0.5521978015625 0.7671480140625 0.5329670328125 0.7942238265625 0.47527472499999995 0.79061371875 0.3983516484375 0.7563176890625 0.3516483515625 0.70938628125 0.3021978015625 0.637184115625 0.26923076875 0.615523465625 0.274725275 0.5685920578125 0.247252746875 0.5397111906250001 0.247252746875 0.5216606500000001 0.2802197796875
0 0.5595667875 0.20054945000000002 0.5794223828125 0.2362637359375 0.6119133578125 0.2582417578125 0.6552346578125 0.2637362640625 0.68772563125 0.28571428593750003 0.702166065625 0.28571428593750003 0.7490974734375 0.3296703296875 0.7888086640624999 0.390109890625 0.8050541515624999 0.3873626375 0.830324909375 0.3489010984375 0.8339350187499999 0.277472528125 0.8231046937500001 0.24450549375000002 0.78519855625 0.1923076921875 0.72021660625 0.1428571421875 0.6191335734375001 0.1208791203125 0.6083032484374999 0.10989010937499999 0.5866426 0.10989010937499999 0.555956678125 0.1291208796875 0.5595667875 0.20054945000000002
0 0.41696750937499993 0.021978021875 0.4043321296875 0.041208790625000005 0.3971119140625 0.06868131875 0.40072202187499995 0.1895604390625 0.41155234687500003 0.23901098906249998 0.43501804999999993 0.274725275 0.449458484375 0.274725275 0.467509025 0.3021978015625 0.48014440468749997 0.29945055 0.49277978281249996 0.29670329687499997 0.5180505421875 0.274725275 0.534296028125 0.25 0.5415162453125 0.20054945000000002 0.5379061375 0.15659340625 0.5198555953125 0.096153846875 0.47833935 0.032967032812500005 0.460288809375 0.016483517187499998 0.43501804999999993 0.0109890109375 0.41696750937499993 0.021978021875
0 0.3483754515625 0.159340659375 0.32310469375 0.18131868125 0.314079421875 0.20054945000000002 0.303249096875 0.2664835171875 0.33935018125 0.38186813124999996 0.35920577656249997 0.40109890156250005 0.3808664265625 0.4120879125 0.389891696875 0.409340659375 0.43501804999999993 0.3736263734375 0.4566787 0.36813186875000004 0.465703971875 0.3543956046875 0.46931407968750005 0.3269230765625 0.45126353750000003 0.2829670328125 0.4314079421875 0.274725275 0.4079422375 0.23351648281249998 0.395306859375 0.1758241765625 0.3700361015625 0.159340659375 0.3483754515625 0.159340659375
0 0.1407942234375 0.3269230765625 0.115523465625 0.3928571421875 0.115523465625 0.4478021984375 0.1335740078125 0.5082417578125 0.16064981875 0.54395604375 0.185920578125 0.5549450546875 0.22021660625 0.5521978015625 0.24729241875 0.54395604375 0.2833935015625 0.50549450625 0.2996389890625 0.48076923125000004 0.31768953125 0.4258241765625 0.314079421875 0.3379120875 0.292418771875 0.2829670328125 0.2761732859375 0.26923076875 0.2220216609375 0.2637362640625 0.164259928125 0.29670329687499997 0.1407942234375 0.3269230765625
0 0.25812274375 0.00549450625 0.2328519859375 0.027472528125 0.19314079374999998 0.0879120875 0.16064981875 0.1043956046875 0.137184115625 0.134615384375 0.137184115625 0.1675824171875 0.1191335734375 0.20604395625 0.1191335734375 0.2664835171875 0.131768953125 0.28571428593750003 0.17689530625 0.2829670328125 0.19675090312500002 0.2362637359375 0.21480144375000002 0.24175824218750003 0.2761732859375 0.2142857140625 0.308664259375 0.1868131875 0.335740071875 0.1510989015625 0.346570396875 0.11813186875 0.346570396875 0.0521978015625 0.3267148015625 0.0109890109375 0.30144404375 0 0.25812274375 0.00549450625
0 0.0018050546875 0.1373626375 0 0.29395604375 0.0288808671875 0.37087912031250003 0.0740072203125 0.43956043906250003 0.0866426 0.43681318750000003 0.110108303125 0.43406593437499996 0.115523465625 0.4258241765625 0.115523465625 0.38186813124999996 0.1407942234375 0.3269230765625 0.1407942234375 0.3104395609375 0.115523465625 0.271978021875 0.115523465625 0.25 0.066787003125 0.1758241765625 0.030685920312499997 0.1428571421875 0.0018050546875 0.1373626375
0 0.115523465625 0.4478021984375 0.110108303125 0.43956043906250003 0.0848375453125 0.43956043906250003 0.050541515625 0.4697802203125 0.018050542187499997 0.5576923078125 0.014440432812500001 0.5796703296875 0.018050542187499997 0.7170329671875 0.0252707578125 0.74450549375 0.0487364625 0.7802197796875 0.066787003125 0.791208790625 0.1010830328125 0.7884615390625 0.1335740078125 0.74450549375 0.1407942234375 0.70054945 0.1407942234375 0.6291208796875 0.137184115625 0.6236263734375 0.137184115625 0.5631868124999999 0.12635379062500002 0.546703296875 0.1335740078125 0.5302197796875 0.1335740078125 0.5137362640625 0.1227436828125 0.4917582421875 0.115523465625 0.4478021984375
0 0.2761732859375 0.5604395609374999 0.2653429609375 0.5714285718750001 0.20397111875 0.5714285718750001 0.1570397109375 0.5879120875 0.1407942234375 0.6071428578125 0.1444043328125 0.6291208796875 0.158844765625 0.6456043953124999 0.1787003609375 0.6923076921875 0.2509025265625 0.7582417578125 0.2725631765625 0.7637362640625 0.27436823125 0.7390109890625001 0.27978339375 0.7362637359375 0.281588446875 0.75549450625 0.2942238265625 0.7637362640625 0.3718411546875 0.7609890109374999 0.406137184375 0.752747253125 0.438628159375 0.73076923125 0.4476534296875 0.7115384609375 0.4476534296875 0.6895604390625001 0.4205776171875 0.659340659375 0.3971119140625 0.6071428578125 0.38447653437499996 0.5879120875 0.3700361015625 0.5824175828125 0.3555956671875 0.5549450546875 0.2761732859375 0.5604395609374999
0 0.1191335734375 0.7829670328125 0.1119133578125 0.815934065625 0.1119133578125 0.8708791203124999 0.1299638984375 0.9203296703125 0.153429603125 0.9560439562499999 0.1678700359375 0.9670329671875001 0.21660649843750002 0.9697802203125001 0.26353790625 0.9368131875 0.2671480140625 0.8763736265625001 0.2779783390625 0.8214285718750001 0.2779783390625 0.777472528125 0.2725631765625 0.76923076875 0.2509025265625 0.7637362640625 0.19314079374999998 0.7142857140625 0.1678700359375 0.7197802203125 0.142599278125 0.7417582421875 0.1191335734375 0.7829670328125
0 0.379061371875 1 0.445848375 0.9835164828125 0.49638989218749996 0.9285714281249999 0.5234657046875 0.8873626375000001 0.5379061375 0.8489010984375 0.5379061375 0.79395604375 0.5108303249999999 0.7582417578125 0.4638989171875 0.752747253125 0.4422382671875 0.76923076875 0.37725631718749997 0.76923076875 0.3267148015625 0.791208790625 0.30144404375 0.8131868125 0.281588446875 0.8434065937499999 0.2671480140625 0.8873626375000001 0.2671480140625 0.93131868125 0.2779783390625 0.9697802203125001 0.30144404375 1 0.379061371875 1
0 0.7238267140625 0.7142857140625 0.6552346578125 0.708791209375 0.6227436828124999 0.7417582421875 0.593862815625 0.752747253125 0.5703971125 0.79945055 0.5703971125 0.8489010984375 0.5956678703125 0.909340659375 0.6191335734375001 0.9450549453124999 0.6444043328125 0.9615384609375001 0.6732851984375 0.9670329671875001 0.68772563125 0.9450549453124999 0.6895306859375 0.9532967031249999 0.68231046875 0.9587912093750001 0.68772563125 0.978021978125 0.702166065625 0.9890109890625001 0.7328519859375 0.9917582421875 0.77436823125 0.9835164828125 0.803249096875 0.9615384609375001 0.8212996390624999 0.9230769234375 0.835740071875 0.9175824171875 0.8483754515624999 0.8983516484375 0.8267148015625001 0.8049450546875001 0.7527075812499999 0.7142857140625 0.7454873640625 0.7142857140625 0.7382671484375 0.73076923125 0.7238267140625 0.7142857140625
0 0.7815884468750001 0.6263736265625 0.7527075812499999 0.6263736265625 0.7436823109375 0.6510989015625 0.7436823109375 0.684065934375 0.830324909375 0.8049450546875001 0.851985559375 0.8983516484375 0.9187725625000001 0.9450549453124999 0.9530685921875 0.9478021984374999 0.9855595671874999 0.903846153125 0.989169675 0.8873626375000001 0.989169675 0.7719780218750001 0.9819494578124999 0.75 0.9259927796874999 0.6703296703125 0.8862815890625001 0.6373626375 0.8754512640625001 0.6373626375 0.8646209390624999 0.6208791203125 0.8176895312499999 0.609890109375 0.7815884468750001 0.6263736265625
0 0.82851985625 0.36813186875000004 0.797833934375 0.409340659375 0.797833934375 0.4697802203125 0.7725631765625 0.5302197796875 0.7617328515625 0.541208790625 0.7671480140625 0.54945055 0.8429602890625001 0.5549450546875 0.8592057765625001 0.5741758234375001 0.8555956671875 0.5851648359375 0.8610108296875 0.5934065937499999 0.8736462093749999 0.590659340625 0.8898916968749999 0.5879120875 0.9259927796874999 0.5604395609374999 0.967509025 0.502747253125 0.9747292421875 0.48076923125000004 0.9747292421875 0.44230769218750005 0.9638989171875 0.40384615312500005 0.9512635375 0.37912087968749997 0.9296028875 0.3571428578125 0.8537906140624999 0.3571428578125 0.82851985625 0.36813186875000004
0 1 0.497252746875 0.9945848375 0.48351648281250004 0.9801444046875 0.47802197812499997 0.9711191328125001 0.502747253125 0.9368231046875 0.5549450546875 0.9097472921875 0.5796703296875 0.9097472921875 0.596153846875 0.9169675093749999 0.6291208796875 0.9530685921875 0.6785714281249999 0.9855595671874999 0.75 0.9927797828125 0.75549450625 1 0.74450549375 1 0.497252746875
0 0.66606498125 0.13186813125000002 0.7166064984375 0.1373626375 0.74187725625 0.153846153125 0.7617328515625 0.1510989015625 0.7725631765625 0.1236263734375 0.7617328515625 0.0796703296875 0.7527075812499999 0.06593406562500001 0.669675090625 0.00549450625 0.5866426 0.0109890109375 0.5595667875 0.0521978015625 0.5595667875 0.090659340625 0.5685920578125 0.10989010937499999 0.615523465625 0.10989010937499999 0.66606498125 0.13186813125000002
0 0.9043321296875 0.1428571421875 0.8971119140624999 0.1428571421875 0.879061371875 0.1263736265625 0.868231046875 0.1263736265625 0.8646209390624999 0.1208791203125 0.8104693140625001 0.13186813125000002 0.7815884468750001 0.153846153125 0.7725631765625 0.1730769234375 0.79602888125 0.1978021984375 0.8231046937500001 0.23901098906249998 0.830324909375 0.25549450625 0.8375451265624999 0.29945055 0.8429602890625001 0.3076923078125 0.851985559375 0.3049450546875 0.868231046875 0.3021978015625 0.8718411546875 0.29670329687499997 0.8826714796875 0.29670329687499997 0.8862815890625001 0.3021978015625 0.8971119140624999 0.29670329687499997 0.9133574 0.271978021875 0.924187725 0.23351648281249998 0.924187725 0.1895604390625 0.9169675093749999 0.16208791250000001 0.9043321296875 0.1428571421875
0 0.3862815890625 0.5357142859375 0.3971119140625 0.6071428578125 0.41155234687500003 0.640109890625 0.45306859218750006 0.6923076921875 0.47833935 0.708791209375 0.5162454875 0.70604395625 0.566787003125 0.640109890625 0.5703971125 0.5576923078125 0.555956678125 0.502747253125 0.5072202171875 0.4230769234375 0.489169675 0.40659340625 0.438628159375 0.390109890625 0.4097472921875 0.40109890156250005 0.39350180468749996 0.4258241765625 0.3862815890625 0.4917582421875 0.3862815890625 0.5357142859375
0 0.6227436828124999 0.54395604375 0.5974729234375 0.565934065625 0.5830324906250001 0.5714285718750001 0.577617328125 0.5796703296875 0.5740072203125 0.6016483515625 0.5812274375 0.61813186875 0.5812274375 0.640109890625 0.5866426 0.653846153125 0.6227436828124999 0.68131868125 0.6624548734375 0.6868131875000001 0.66606498125 0.6923076921875 0.675090253125 0.6895604390625001 0.68772563125 0.6868131875000001 0.70397111875 0.6620879125 0.707581228125 0.6456043953124999 0.7292418765625001 0.6071428578125 0.7292418765625001 0.590659340625 0.7238267140625 0.5824175828125 0.7057761734375 0.5769230765625 0.691335740625 0.5549450546875 0.6768953062499999 0.54395604375 0.6227436828124999 0.54395604375