0 0.8375 0.32233883125 0.7995 0.335832084375 0.6595 0.4287856078125 0.64 0.45802098906250005 0.637 0.47901049531249995 0.641 0.511994003125 0.654 0.538980509375 0.6665 0.5517241375 0.7865 0.5982008999999999 0.852 0.6034482765625 0.8945000000000001 0.5952023984375 0.9235 0.57571214375 0.9490000000000001 0.5464767609375001 0.97 0.4925037484375 0.9730000000000001 0.4430284859375 0.9630000000000001 0.3950524734375 0.9414999999999999 0.35982009062500003 0.9145 0.335832084375 0.8705 0.31934032968750004 0.8375 0.32233883125
0 0.351 0.386056971875 0.33599999999999997 0.4460269859375 0.337 0.5 0.34500000000000003 0.52548725625 0.3735 0.5787106453125 0.4085 0.6191904046875 0.4465 0.6476761625 0.5485 0.6806596703125 0.5715 0.6956521734375001 0.589 0.6949025484375 0.5955 0.6911544234375 0.621 0.6484257875 0.623 0.610944528125 0.572 0.46251874062500004 0.5375 0.4062968515625 0.4875 0.35982009062500003 0.4455 0.3463268359375 0.40449999999999997 0.3478260875 0.3745 0.3583208390625 0.351 0.386056971875
0 0.7655000000000001 0.18590704687499998 0.7985 0.22188905625 0.8714999999999999 0.2803598203125 0.8965 0.2923538234375 0.913 0.2931034484375 0.9305 0.2818590703125 0.9470000000000001 0.2541229390625 0.95 0.2166416796875 0.9269999999999999 0.113193403125 0.917 0.0457271359375 0.9035 0.0014992500000000001 0.71 0.002248875 0.7150000000000001 0.0667166421875 0.73 0.12368815625 0.7655000000000001 0.18590704687499998
0 1 0.5569715140625 0.9695 0.509745128125 0.9484999999999999 0.5517241375 0.9125 0.587706146875 0.8845000000000001 0.6011993999999999 0.8335000000000001 0.6071964015625 0.828 0.6169415296875 0.829 0.7068965515625 0.853 0.7833583203125001 0.8835000000000001 0.82308845625 0.9164999999999999 0.8515742124999999 0.958 0.8553223390625 0.9705 0.8515742124999999 0.9894999999999999 0.8350824593749999 1 0.8118440781249999 1 0.5569715140625
0 0.6184999999999999 0.5667166421875 0.614 0.57496251875 0.625 0.6124437781250001 0.625 0.639430284375 0.62 0.6544227890625 0.5955 0.6926536734375001 0.5660000000000001 0.7023988 0.579 0.762368815625 0.6025 0.8050974515625 0.6285000000000001 0.8290854578125 0.6605000000000001 0.8425787109374999 0.6940000000000001 0.8418290859375 0.7155 0.8350824593749999 0.7655000000000001 0.7976012 0.807 0.7413793109375 0.8150000000000001 0.709895053125 0.8029999999999999 0.6334332828125 0.7845 0.6086956515625 0.7625 0.60269865 0.7065 0.57271364375 0.6535 0.562218890625 0.6184999999999999 0.5667166421875
0 0.575 0.3815592203125 0.575 0.36506746562500003 0.558 0.336581709375 0.541 0.2931034484375 0.534 0.263118440625 0.533 0.2316341828125 0.538 0.2046476765625 0.55 0.17766116875 0.5740000000000001 0.14617691093750002 0.575 0.135682159375 0.5495 0.11394302812499998 0.5265 0.1034482765625 0.4795 0.101949025 0.4305 0.12593703125 0.3865 0.17241379375000002 0.359 0.2211394296875 0.352 0.3290854578125 0.341 0.37106446718749997 0.319 0.4160419796875 0.322 0.4415292359375 0.331 0.465517240625 0.337 0.42653673124999997 0.352 0.3800599703125 0.3745 0.3568215890625 0.40549999999999997 0.3463268359375 0.44749999999999995 0.34482758593749996 0.47750000000000004 0.3523238375 0.5155000000000001 0.3793103453125 0.5495 0.4182908546875 0.5575 0.4197901046875 0.575 0.3815592203125
0 0.6054999999999999 0.139430284375 0.5805 0.1484257875 0.5555 0.17241379375000002 0.5389999999999999 0.2061469265625 0.534 0.237631184375 0.538 0.27811094375 0.5559999999999999 0.32608695625 0.5855 0.37331334374999997 0.6275000000000001 0.410794603125 0.6559999999999999 0.42503748124999996 0.7965 0.335832084375 0.8414999999999999 0.31934032968750004 0.8705 0.3163418296875 0.873 0.29910044999999996 0.8605 0.27736131875000003 0.8105 0.24287856093750002 0.7575000000000001 0.18590704687499998 0.7125 0.1559220390625 0.6515 0.137931034375 0.6054999999999999 0.139430284375
0 0.34950000000000003 0.5547226390625 0.3245 0.5742128937500001 0.308 0.598950525 0.292 0.6439280359375 0.288 0.690404796875 0.33199999999999996 0.763868065625 0.354 0.8148425781249999 0.368 0.8613193406249999 0.40099999999999997 0.8658170921874999 0.43949999999999995 0.8440779609375 0.471 0.7938530734375 0.483 0.7413793109375 0.48200000000000004 0.67241379375 0.4755 0.661169415625 0.4455 0.6491754125 0.4125 0.62518740625 0.3735 0.5817091453125001 0.3585 0.5577211390625 0.34950000000000003 0.5547226390625
0 0.1915 0.6581709140625 0.1385 0.6821589203125 0.11750000000000001 0.701649175 0.10300000000000001 0.72488755625 0.091 0.7788605703125 0.094 0.82683658125 0.10800000000000001 0.8583208390625 0.1585 0.9250374812500001 0.1895 0.9490254874999999 0.2435 0.9730134937500001 0.28650000000000003 0.9820089953125001 0.3185 0.99850075 0.357 0.9992503749999999 0.37 0.9797601203124999 0.375 0.960269865625 0.379 0.9302848578124999 0.376 0.8943028484375001 0.344 0.7938530734375 0.316 0.738380809375 0.28650000000000003 0.6956521734375001 0.2515 0.6656671671875001 0.22749999999999998 0.6581709140625 0.1915 0.6581709140625
0 0 0.8703148421875 0.006 0.8718140921875 0.0485 0.8575712140625 0.0895 0.8305847078124999 0.09 0.7713643171875 0.098 0.7323838078125 0.1155 0.701649175 0.1355 0.6821589203125 0.1665 0.664167915625 0.1945 0.6566716640625 0.2395 0.6581709140625 0.26549999999999996 0.6716641671875 0.27149999999999996 0.6686656671875 0.286 0.637931034375 0.306 0.5689655171875 0.304 0.52398800625 0.292 0.4955022484375 0.26549999999999996 0.4692653671875 0.2045 0.4527736125 0.1565 0.47526236875 0.11850000000000001 0.512743628125 0.08499999999999999 0.5704647671874999 0.048 0.6619190406250001 0 0.72188905625 0 0.8703148421875
0 0.0925 0.17841079531249998 0.0665 0.19790105 0.026000000000000002 0.2691154421875 0.020999999999999998 0.28860569687500004 0.022 0.362068965625 0.028999999999999998 0.40704647656250004 0.052500000000000005 0.46026986562500005 0.08149999999999999 0.4812593703125 0.119 0.48500749687500005 0.1315 0.48275862031249994 0.1815 0.4527736125 0.197 0.437031484375 0.18 0.390554721875 0.172 0.33508245937500003 0.172 0.27511244375 0.182 0.200149925 0.1705 0.187406296875 0.1335 0.187406296875 0.0925 0.17841079531249998
0 0 0.0712143921875 0.0155 0.0944527734375 0.0625 0.1469265375 0.0865 0.164917540625 0.11950000000000001 0.17991004531250002 0.152 0.1821589203125 0.1875 0.1694152921875 0.21400000000000002 0.137181409375 0.242 0.0832083953125 0.262 0.030734632812500003 0.2585 0.0014992500000000001 0 0.0007496250000000001 0 0.0712143921875
0 0.2785 0.0194902546875 0.264 0.035232384374999995 0.24 0.0952023984375 0.194 0.185157421875 0.177 0.2466266859375 0.172 0.28860569687500004 0.178 0.37406296875 0.194 0.42353823124999995 0.21949999999999997 0.4527736125 0.2465 0.463268365625 0.263 0.46251874062500004 0.28250000000000003 0.4527736125 0.3035 0.43178410781250004 0.335 0.37406296875 0.34900000000000003 0.3305847078125 0.356 0.2661169421875 0.353 0.1911544234375 0.335 0.0802098953125 0.3105 0.035982009375 0.2915 0.0179910046875 0.2785 0.0194902546875
0 0.637 0.09970015 0.6575 0.09295352343749999 0.673 0.07721139375 0.687 0.02473763125 0.6845 0 0.438 0.0007496250000000001 0.45149999999999996 0.0194902546875 0.47050000000000003 0.034482759375 0.5305 0.0659670171875 0.6025 0.09295352343749999 0.637 0.09970015
0 0.696 1 0.696 0.97376311875 0.6900000000000001 0.9482758625000001 0.6639999999999999 0.8988006000000001 0.6425 0.8755622187500001 0.6035 0.8590704640625001 0.5615 0.8665667171875 0.5175 0.9025487249999999 0.497 0.9392803593749999 0.488 0.9812593703125 0.49050000000000005 1 0.696 1
0 0.48600000000000004 0.7413793109375 0.477 0.7878560718750001 0.477 0.810344828125 0.502 0.8793103453125 0.5145 0.8965517234375 0.52 0.8958020984375 0.5615 0.8635682156250001 0.5985 0.8545727140625001 0.608 0.8178410796875 0.58 0.7698650671875 0.564 0.70089955 0.5575 0.6896551718749999 0.5365 0.67766116875 0.48949999999999994 0.6671664171875 0.48600000000000004 0.67691154375 0.48600000000000004 0.7413793109375
0 0.7675 0.79910045 0.7184999999999999 0.836581709375 0.6795 0.8515742124999999 0.6759999999999999 0.89730135 0.697 0.9482758625000001 0.7295 0.9925037484375 0.7515 1 0.825 0.9992503749999999 0.8394999999999999 0.9925037484375 0.8564999999999999 0.9745127437500001 0.873 0.9452773609375 0.882 0.9167916046875 0.8859999999999999 0.8373313343750001 0.85 0.7833583203125001 0.8310000000000001 0.7338830578125 0.8185 0.72713643125 0.7935 0.7691154421874999 0.7675 0.79910045
0 1 1 0.9994999999999999 0.82608695625 0.9785 0.8485757125 0.9585000000000001 0.8590704640625001 0.9215 0.8590704640625001 0.8985 0.8410794609375 0.8939999999999999 0.8463268359375 0.8880000000000001 0.8943028484375001 0.889 0.915292353125 0.8939999999999999 0.9587706140625001 0.9085000000000001 1 1 1
0 0.154 1 0.16299999999999998 0.9962518734374999 0.159 0.9302848578124999 0.1155 0.87706146875 0.0945 0.8380809593749999 0.0795 0.8500749624999999 0 0.8793103453125 0.0005 1 0.154 1
0 0.9414999999999999 0.3583208390625 0.9630000000000001 0.39205397343750004 0.9730000000000001 0.42803598125000003 0.9730000000000001 0.489505246875 0.9824999999999999 0.499250375 0.99 0.49850075 1 0.49100449843750005 0.9994999999999999 0.164917540625 0.9675 0.1679160421875 0.952 0.1821589203125 0.951 0.2511244375 0.9359999999999999 0.2811094453125 0.9155 0.299850075 0.908 0.3170914546875 0.9125 0.3313343328125 0.9414999999999999 0.3583208390625