0 0.50078125 0.30546875 0.2859375 0.2609375
0 0.68046875 0.4625 0.30625 0.2421875
0 0.5453125 0.64296875 0.2765625 0.2546875
0 0.484375 0.8390625 0.39375 0.265625
0 0.203125 0.66015625 0.3921875 0.3
0 0.16171875 0.2625 0.3234375 0.290625
0 0.3234375 0.09375 0.3796875 0.1609375
0 0.7828125 0.06484375 0.3296875 0.1296875
0 0.82265625 0.2453125 0.3546875 0.2546875
0 0.36633333281249997 0.30325 0.36266666718749996 0.33125 0.3623333328125 0.34375 0.365 0.36175 0.37333333281250003 0.38225 0.3783333328125 0.391 0.3903333328125 0.40599999999999997 0.40433333281249995 0.4205 0.4186666671875 0.43075 0.4306666671875 0.43600000000000005 0.4523333328125 0.441 0.47066666718750005 0.44675000000000004 0.49400000000000005 0.4505 0.5303333328125001 0.45 0.5349999999999999 0.4485 0.5396666671875 0.445 0.5426666671875 0.441 0.5513333328125001 0.42275 0.562 0.40625 0.5780000000000001 0.39075000000000004 0.5963333328125 0.3775 0.617 0.36575 0.6313333328125 0.36075 0.659 0.35475 0.6679999999999999 0.34675 0.6769999999999999 0.341 0.6716666671875 0.331 0.6706666671875 0.31575000000000003 0.655 0.28650000000000003 0.643 0.2575 0.638 0.24900000000000003 0.626 0.23775 0.6096666671875 0.2265 0.592 0.219 0.572 0.20775000000000002 0.5586666671875 0.20375000000000001 0.5429999999999999 0.20125 0.52 0.1935 0.5083333328124999 0.19325 0.4943333328125 0.19724999999999998 0.4803333328125 0.20375000000000001 0.453 0.20950000000000002 0.433 0.215 0.4153333328125 0.22225 0.40499999999999997 0.22999999999999998 0.395 0.24075000000000002 0.3886666671875 0.24975 0.3786666671875 0.26675 0.3736666671875 0.27799999999999997 0.36633333281249997 0.30325
0 0.0716666671875 0.59575 0.0496666671875 0.62375 0.034999999999999996 0.646 0.0286666671875 0.65775 0.025333332812499998 0.6877500000000001 0.0266666671875 0.7184999999999999 0.0346666671875 0.7505 0.045 0.7725 0.0526666671875 0.784 0.0653333328125 0.79725 0.0993333328125 0.8262499999999999 0.1163333328125 0.8390000000000001 0.142 0.85 0.161 0.8522500000000001 0.17533333281250002 0.852 0.23933333281250002 0.843 0.2646666671875 0.837 0.3153333328125 0.819 0.3193333328125 0.8164999999999999 0.32766666718750004 0.8082499999999999 0.3356666671875 0.794 0.3546666671875 0.77325 0.36633333281249997 0.755 0.3713333328125 0.7502500000000001 0.3933333328125 0.7342500000000001 0.395 0.7315 0.403 0.7085 0.40933333281250006 0.67125 0.41100000000000003 0.65825 0.40833333281249995 0.64425 0.3993333328125 0.6305 0.37466666718749997 0.6 0.33999999999999997 0.57075 0.331 0.55525 0.317 0.53675 0.3043333328125 0.52725 0.2906666671875 0.5237499999999999 0.2776666671875 0.522 0.2656666671875 0.5255 0.24866666718750002 0.5345 0.2296666671875 0.54025 0.21633333281249997 0.5417500000000001 0.1903333328125 0.5427500000000001 0.1533333328125 0.54825 0.1396666671875 0.5515 0.125 0.55725 0.10066666718749999 0.57075 0.08299999999999999 0.5835 0.0716666671875 0.59575
0 0.3366666671875 0.79725 0.33199999999999996 0.8099999999999999 0.3313333328125 0.8247500000000001 0.32566666718750004 0.8487500000000001 0.321 0.89125 0.322 0.89975 0.3253333328125 0.9087500000000001 0.3343333328125 0.9244999999999999 0.3443333328125 0.9355 0.3546666671875 0.9435 0.364 0.9502499999999999 0.3756666671875 0.9557499999999999 0.3856666671875 0.9625 0.41233333281249995 0.9702500000000001 0.42699999999999994 0.976 0.45533333281250005 0.9814999999999999 0.48200000000000004 0.9802500000000001 0.5213333328124999 0.9730000000000001 0.544 0.9715 0.5563333328125 0.9692500000000001 0.5746666671875 0.96425 0.5980000000000001 0.9515 0.603 0.9465 0.6126666671875001 0.9397500000000001 0.6456666671875 0.9085000000000001 0.662 0.88475 0.6706666671875 0.86025 0.6816666671875 0.8342499999999999 0.6809999999999999 0.82075 0.663 0.78125 0.6559999999999999 0.77125 0.6333333328124999 0.745 0.623 0.7384999999999999 0.607 0.72575 0.603 0.7212500000000001 0.5956666671875 0.71675 0.5713333328125 0.7112499999999999 0.5599999999999999 0.7065 0.5536666671875 0.705 0.5323333328125 0.7025 0.5153333328125 0.70225 0.496 0.7032499999999999 0.4723333328125 0.70625 0.434 0.7150000000000001 0.42699999999999994 0.7175 0.41566666718749995 0.72425 0.40433333281249995 0.729 0.393 0.73675 0.378 0.74325 0.36266666718749996 0.7577499999999999 0.3523333328125 0.77575 0.3366666671875 0.79725
0 0 0.35525 0.013000000000000001 0.36625 0.024666667187499998 0.369 0.056999999999999995 0.374 0.077 0.38125 0.1143333328125 0.391 0.13133333281249998 0.39249999999999996 0.1396666671875 0.39175 0.157 0.38675000000000004 0.17466666718749999 0.383 0.1883333328125 0.37775 0.2176666671875 0.36924999999999997 0.2253333328125 0.365 0.24300000000000002 0.35825 0.2556666671875 0.34975 0.2753333328125 0.33425 0.30533333281249997 0.30775 0.309 0.30325 0.3156666671875 0.26825 0.3163333328125 0.23925000000000002 0.315 0.22825 0.31066666718749997 0.21349999999999997 0.2936666671875 0.18825 0.2826666671875 0.17525 0.2483333328125 0.15225 0.22799999999999998 0.14375 0.2 0.1355 0.1646666671875 0.131 0.1206666671875 0.12975 0.09 0.133 0.0706666671875 0.13725 0.0336666671875 0.151 0.013333332812500001 0.16225 0 0.17275000000000001 0 0.242 0.003 0.25425 0.004 0.268 0.002 0.27825 0 0.28225 0 0.35525
0 0.82109375 0.90078125 0.3578125 0.1984375
0 0.90234375 0.5640625 0.1953125 0.265625
0 0.2828125 0.421875 0.2984375 0.184375
0 0.2921875 0.903125 0.3046875 0.19375