0 0.690625 0.34140625 0.1578125 0.1890625
0 0.4734375 0.35859375 0.1296875 0.1484375
0 0.296875 0.36328125 0.1421875 0.1109375
0 0.24140625 0.5296875 0.2171875 0.2078125
0 0.47421875 0.53515625 0.196875 0.234375
0 0.6859375 0.571875 0.1921875 0.196875
0 0.89375 0.5953125 0.1921875 0.1953125
0 0.3484375 0.06015625 0.1 0.1140625
0 0.65625 0.06484375 0.0859375 0.103125
0 0.78203125 0.7515625 0.1625 0.24375
0 0.39453125 0.7703125 0.190625 0.284375
0 0.60078125 0.78125 0.1609375 0.2328125
0 0.1515625 0.80390625 0.240625 0.2453125
0 0.53671875 0.10703125 0.1046875 0.1078125
0 0.6546875 0.178125 0.103125 0.13125
0 0.40390625 0.19921875 0.109375 0.140625
0 0.55078125 0.2515625 0.1265625 0.1546875
0 0.31953125 0.25546875 0.090625 0.096875