0 0.5093167703125 0.7147435890625 0.5031055906249999 0.727564103125 0.5 0.7467948718749999 0.4720496890625 0.7980769234375 0.4720496890625 0.8044871796875 0.4798136640625 0.8205128203125 0.4875776390625 0.8173076921875 0.489130434375 0.8076923078125 0.495341615625 0.8076923078125 0.51552795 0.772435896875 0.51552795 0.766025640625 0.5341614906250001 0.7147435890625 0.5341614906250001 0.6762820515625 0.523291925 0.647435896875 0.518633540625 0.6634615390625 0.518633540625 0.6762820515625 0.5093167703125 0.7147435890625
0 0.4782608703125 0.7019230765625 0.465838509375 0.733974359375 0.465838509375 0.766025640625 0.46894410000000003 0.772435896875 0.46894410000000003 0.7852564109375 0.4782608703125 0.7852564109375 0.5 0.7467948718749999 0.5 0.740384615625 0.5124223609375 0.7083333328125 0.5124223609375 0.6955128203125 0.5217391296875 0.6570512828124999 0.518633540625 0.6121794875 0.507763975 0.5897435890625 0.504658384375 0.5897435890625 0.5 0.599358975 0.4782608703125 0.7019230765625
0 0.46273291875 0.5929487171875001 0.46273291875 0.60576923125 0.45652173906250004 0.625 0.45652173906250004 0.6378205125 0.450310559375 0.650641025 0.450310559375 0.6762820515625 0.45652173906250004 0.6891025640625 0.45962732968750003 0.7083333328125 0.46428571406249997 0.7179487171875001 0.465838509375 0.7147435890625 0.48136645937500006 0.6826923078125 0.48447205000000004 0.6570512828124999 0.5 0.5929487171875001 0.496894409375 0.5352564109375 0.4860248453125 0.5128205125 0.4829192546875 0.5128205125 0.4720496890625 0.5416666671875 0.46894410000000003 0.5544871796875 0.46894410000000003 0.5737179484375 0.46273291875 0.5929487171875001
0 0.434782609375 0.516025640625 0.43167701875000003 0.522435896875 0.43167701875000003 0.5608974359375 0.428571428125 0.5673076921875 0.428571428125 0.5929487171875001 0.41925465781250004 0.6314102562499999 0.41925465781250004 0.64423076875 0.42391304375 0.653846153125 0.43012422343749995 0.6602564109375 0.44409937812500005 0.6570512828124999 0.45652173906250004 0.625 0.45962732968750003 0.599358975 0.46894410000000003 0.5608974359375 0.46894410000000003 0.509615384375 0.465838509375 0.496794871875 0.4518633546875 0.474358975 0.4456521734375 0.474358975 0.44409937812500005 0.490384615625 0.434782609375 0.496794871875 0.434782609375 0.516025640625
0 0.40062111875 0.4519230765625 0.40062111875 0.47756410312500003 0.397515528125 0.483974359375 0.397515528125 0.5544871796875 0.3944099375 0.5608974359375 0.3944099375 0.5865384609375 0.3913043484375 0.5929487171875001 0.3913043484375 0.6378205125 0.3990683234375 0.6666666671875 0.4068322984375 0.6634615390625 0.413043478125 0.650641025 0.4254658390625 0.60576923125 0.4254658390625 0.5801282046875 0.428571428125 0.5737179484375 0.428571428125 0.516025640625 0.43167701875000003 0.509615384375 0.43167701875000003 0.4519230765625 0.4177018640625 0.42948717968750005 0.40838509375000004 0.42948717968750005 0.40062111875 0.4519230765625
0 0.375776396875 0.490384615625 0.3726708078125 0.4519230765625 0.368012421875 0.43589743593749997 0.3555900625 0.42948717968750005 0.3478260875 0.44551282031249995 0.3478260875 0.509615384375 0.3509316765625 0.516025640625 0.3509316765625 0.5544871796875 0.3540372671875 0.5608974359375 0.3540372671875 0.5865384609375 0.360248446875 0.60576923125 0.360248446875 0.6185897437500001 0.3695652171875 0.64423076875 0.3695652171875 0.650641025 0.374223603125 0.6602564109375 0.375776396875 0.6570512828124999 0.38354037343749997 0.653846153125 0.3881987578125 0.6378205125 0.3881987578125 0.5865384609375 0.38509316718750003 0.5801282046875 0.38509316718750003 0.5544871796875 0.381987578125 0.5480769234375 0.381987578125 0.528846153125 0.3788819875 0.522435896875 0.3788819875 0.496794871875 0.375776396875 0.490384615625
0 0.313664596875 0.599358975 0.3198757765625 0.6121794875 0.3198757765625 0.6185897437500001 0.33385093125 0.647435896875 0.336956521875 0.647435896875 0.3385093171875 0.6570512828124999 0.34937888125 0.6794871796875 0.3555900625 0.6858974359375 0.36645962656250003 0.6826923078125 0.3695652171875 0.6698717953125 0.36645962656250003 0.64423076875 0.3571428578125 0.60576923125 0.34161490625 0.5673076921875 0.32298136718750003 0.490384615625 0.30900621093749997 0.4615384609375 0.299689440625 0.4615384609375 0.29503105625 0.47115384687499995 0.29503105625 0.522435896875 0.313664596875 0.599358975
0 0.260869565625 0.5608974359375 0.257763975 0.5673076921875 0.2639751546875 0.6185897437500001 0.2934782609375 0.6858974359375 0.2965838515625 0.6858974359375 0.30279503124999996 0.6987179484375 0.31055900625 0.6955128203125 0.31055900625 0.6698717953125 0.313664596875 0.6634615390625 0.313664596875 0.625 0.2981366453125 0.5929487171875001 0.291925465625 0.5673076921875 0.28416149062499996 0.5512820515625 0.27173912968749997 0.5384615390625 0.26552794999999996 0.5384615390625 0.260869565625 0.5480769234375 0.260869565625 0.5608974359375
0 0.2484472046875 0.6762820515625 0.25310559062500004 0.6858974359375 0.26552794999999996 0.6858974359375 0.268633540625 0.6923076921875 0.2826086953125 0.6891025640625 0.28571428593750003 0.6762820515625 0.276397515625 0.6570512828124999 0.276397515625 0.650641025 0.2639751546875 0.6185897437500001 0.260869565625 0.599358975 0.2562111796875 0.5897435890625 0.24689440937499998 0.5833333328125 0.23913043437499998 0.599358975 0.2360248453125 0.625 0.2484472046875 0.6762820515625
0 0.29037267031249997 0.8589743593750001 0.3012422359375 0.85576923125 0.3012422359375 0.8429487171875 0.2981366453125 0.8365384609375001 0.2981366453125 0.778846153125 0.29037267031249997 0.775641025 0.28726708125 0.76923076875 0.2748447203125 0.76923076875 0.26708074531250003 0.7916666671875 0.26708074531250003 0.8108974359375001 0.27018633593749997 0.8237179484375 0.29037267031249997 0.8589743593750001
0 0.30279503124999996 0.76923076875 0.3012422359375 0.7916666671875 0.2981366453125 0.7980769234375 0.2981366453125 0.8301282046875 0.307453415625 0.875 0.32763975156249997 0.9166666671874999 0.352484471875 0.9487179484375 0.38509316718750003 0.9455128203125 0.389751553125 0.9423076921875 0.397515528125 0.9262820515625 0.397515528125 0.9198717953125 0.38354037343749997 0.9102564109375001 0.3354037265625 0.8044871796875 0.3354037265625 0.7916666671875 0.32763975156249997 0.775641025 0.3245341609375 0.775641025 0.31832298125 0.7628205125 0.30279503124999996 0.76923076875
0 0.260869565625 0.849358975 0.257763975 0.8621794875000001 0.257763975 0.9070512828125 0.26552794999999996 0.9230769234375 0.268633540625 0.9230769234375 0.28416149062499996 0.9487179484375 0.2965838515625 0.9551282046875 0.299689440625 0.9615384609375001 0.305900621875 0.9615384609375001 0.30900621093749997 0.9679487171875 0.3354037265625 0.9647435890624999 0.34627329218749997 0.9615384609375001 0.3509316765625 0.9519230765625 0.3431677015625 0.9358974359375001 0.3307453421875 0.9230769234375 0.305900621875 0.8717948718749999 0.2934782609375 0.8653846156249999 0.28416149062499996 0.852564103125 0.268633540625 0.846153846875 0.26552794999999996 0.8397435890624999 0.260869565625 0.849358975
0 0.352484471875 0.75 0.3478260875 0.766025640625 0.3509316765625 0.8173076921875 0.36645962656250003 0.875 0.3866459625 0.9166666671874999 0.3928571421875 0.9166666671874999 0.3959627328125 0.9230769234375 0.397515528125 0.9198717953125 0.4021739125 0.9166666671874999 0.40993788750000004 0.900641025 0.40993788750000004 0.88141025625 0.3881987578125 0.8173076921875 0.381987578125 0.7852564109375 0.3726708078125 0.766025640625 0.3726708078125 0.759615384375 0.36490683281249997 0.7435897437500001 0.3586956515625 0.7435897437500001 0.352484471875 0.75
0 0.40062111875 0.6762820515625 0.389751553125 0.653846153125 0.38354037343749997 0.653846153125 0.3726708078125 0.6826923078125 0.3726708078125 0.7147435890625 0.381987578125 0.7532051281250001 0.38509316718750003 0.7916666671875 0.3944099375 0.8173076921875 0.397515528125 0.8365384609375001 0.4037267078125 0.849358975 0.4068322984375 0.86858974375 0.4114906828125 0.8782051281250001 0.42236024843750003 0.875 0.428571428125 0.8621794875000001 0.428571428125 0.8301282046875 0.4254658390625 0.8237179484375 0.4254658390625 0.8044871796875 0.41925465781250004 0.778846153125 0.41925465781250004 0.759615384375 0.413043478125 0.740384615625 0.40993788750000004 0.7083333328125 0.40062111875 0.6826923078125 0.40062111875 0.6762820515625
0 0.43322981406250005 0.6602564109375 0.428571428125 0.6698717953125 0.428571428125 0.6891025640625 0.4409937890625 0.721153846875 0.4409937890625 0.733974359375 0.44409937812500005 0.740384615625 0.44409937812500005 0.759615384375 0.44720496875000004 0.766025640625 0.44720496875000004 0.849358975 0.450310559375 0.849358975 0.46273291875 0.8237179484375 0.46273291875 0.8108974359375001 0.465838509375 0.8044871796875 0.465838509375 0.740384615625 0.46273291875 0.733974359375 0.46273291875 0.721153846875 0.45652173906250004 0.6955128203125 0.44254658437499994 0.6666666671875 0.436335403125 0.6666666671875 0.43322981406250005 0.6602564109375
0 0.3167701859375 0.7083333328125 0.3167701859375 0.721153846875 0.329192546875 0.772435896875 0.34006211249999996 0.7948717953125 0.3478260875 0.7916666671875 0.3478260875 0.766025640625 0.3540372671875 0.7467948718749999 0.3571428578125 0.7147435890625 0.3509316765625 0.6891025640625 0.33385093125 0.653846153125 0.32763975156249997 0.647435896875 0.31832298125 0.647435896875 0.313664596875 0.6634615390625 0.313664596875 0.7019230765625 0.3167701859375 0.7083333328125
0 0.20496894375000002 0.349358975 0.20496894375000002 0.36858974375 0.20807453437499998 0.38141025625 0.2189441 0.40384615312500005 0.22204968906250003 0.39743589687499997 0.24689440937499998 0.44230769218750005 0.2593167703125 0.4487179484375 0.2624223609375 0.45512820468750004 0.273291925 0.4519230765625 0.273291925 0.43269230781249995 0.27950310625 0.40705128281249997 0.276397515625 0.38141025625 0.2639751546875 0.35576923125 0.257763975 0.3301282046875 0.2437888203125 0.3012820515625 0.231366459375 0.2948717953125 0.22360248437500002 0.31089743593749997 0.22360248437500002 0.3173076921875 0.20496894375000002 0.349358975
0 0.25310559062500004 0.24358974375 0.2484472046875 0.25320512812499996 0.2484472046875 0.2852564109375 0.25155279531249997 0.2916666671875 0.25155279531249997 0.3044871796875 0.257763975 0.3173076921875 0.260869565625 0.3365384609375 0.26708074531250003 0.349358975 0.273291925 0.375 0.299689440625 0.42948717968750005 0.30434782656250003 0.4262820515625 0.307453415625 0.41987179531249996 0.307453415625 0.39423076875 0.31055900625 0.3878205125 0.31055900625 0.375 0.3012422359375 0.349358975 0.2981366453125 0.3237179484375 0.28571428593750003 0.2980769234375 0.276397515625 0.25320512812499996 0.268633540625 0.2371794875 0.25310559062500004 0.24358974375
0 0.32608695625 0.1826923078125 0.3245341609375 0.1923076921875 0.3121118015625 0.1923076921875 0.30434782656250003 0.20833333281250002 0.30434782656250003 0.221153846875 0.3012422359375 0.22756410312500003 0.3012422359375 0.278846153125 0.30434782656250003 0.2852564109375 0.30434782656250003 0.3237179484375 0.307453415625 0.3301282046875 0.31055900625 0.35576923125 0.3307453421875 0.391025640625 0.3385093171875 0.3878205125 0.34161490625 0.3621794875 0.344720496875 0.35576923125 0.344720496875 0.27243589687499997 0.3478260875 0.266025640625 0.3478260875 0.20192307656250003 0.344720496875 0.1955128203125 0.344720496875 0.1826923078125 0.336956521875 0.1666666671875 0.33385093125 0.1666666671875 0.32608695625 0.1826923078125
0 0.352484471875 0.19871794843749999 0.3509316765625 0.21474358906250002 0.3478260875 0.221153846875 0.3478260875 0.2852564109375 0.344720496875 0.2916666671875 0.344720496875 0.41987179531249996 0.34937888125 0.42948717968750005 0.3509316765625 0.4262820515625 0.3540372671875 0.41987179531249996 0.3540372671875 0.36858974375 0.3586956515625 0.358974359375 0.3711180125 0.358974359375 0.375776396875 0.3429487171875 0.375776396875 0.24679487187500002 0.3726708078125 0.24038461562500002 0.3726708078125 0.221153846875 0.36490683281249997 0.19871794843749999 0.352484471875 0.19871794843749999
0 0.389751553125 0.2115384609375 0.38354037343749997 0.2179487171875 0.3773291921875 0.2115384609375 0.3726708078125 0.221153846875 0.3726708078125 0.23397435937500002 0.375776396875 0.24038461562500002 0.375776396875 0.36858974375 0.38354037343749997 0.384615384375 0.3881987578125 0.38141025625 0.3913043484375 0.375 0.3944099375 0.3301282046875 0.4037267078125 0.2916666671875 0.4037267078125 0.278846153125 0.40062111875 0.27243589687499997 0.40062111875 0.259615384375 0.397515528125 0.25320512812499996 0.397515528125 0.24038461562500002 0.3913043484375 0.21474358906250002 0.389751553125 0.2115384609375
0 0.4177018640625 0.37820512812499996 0.420807453125 0.384615384375 0.4254658390625 0.38141025625 0.428571428125 0.36858974375 0.428571428125 0.2916666671875 0.42391304375 0.2820512828125 0.4114906828125 0.2820512828125 0.4037267078125 0.2916666671875 0.397515528125 0.3173076921875 0.397515528125 0.3301282046875 0.3944099375 0.3365384609375 0.3944099375 0.375 0.4177018640625 0.37820512812499996
0 0.43322981406250005 0.4166666671875 0.4409937890625 0.4134615390625 0.4409937890625 0.39423076875 0.45962732968750003 0.3621794875 0.45962732968750003 0.31089743593749997 0.4518633546875 0.275641025 0.44254658437499994 0.275641025 0.43167701875000003 0.2980769234375 0.43167701875000003 0.3365384609375 0.428571428125 0.3429487171875 0.428571428125 0.40705128281249997 0.43322981406250005 0.4166666671875
0 0.3385093171875 0.08653846093749999 0.34161490625 0.0929487171875 0.34161490625 0.1121794875 0.3478260875 0.1378205125 0.3478260875 0.1634615390625 0.3509316765625 0.17628205156250001 0.360248446875 0.17628205156250001 0.3633540375 0.16987179531250002 0.3633540375 0.1570512828125 0.3695652171875 0.13141025625 0.3695652171875 0.0673076921875 0.36645962656250003 0.0608974359375 0.3633540375 0.035256410937499996 0.352484471875 0.0128205125 0.3431677015625 0.0128205125 0.3385093171875 0.028846153125000003 0.3385093171875 0.08653846093749999
0 0.3695652171875 0.10576923125 0.36645962656250003 0.16987179531250002 0.38354037343749997 0.1730769234375 0.3913043484375 0.18910256406249998 0.3928571421875 0.19871794843749999 0.397515528125 0.1955128203125 0.4037267078125 0.17628205156250001 0.4037267078125 0.14423076875000002 0.4068322984375 0.1378205125 0.4068322984375 0.11858974375 0.40062111875 0.0929487171875 0.389751553125 0.0705128203125 0.3773291921875 0.0705128203125 0.3726708078125 0.08012820468750001 0.3726708078125 0.099358975 0.3695652171875 0.10576923125
0 0.29503105625 0.08653846093749999 0.3012422359375 0.10576923125 0.3012422359375 0.14423076875000002 0.305900621875 0.1602564109375 0.313664596875 0.1570512828125 0.313664596875 0.11858974375 0.32298136718750003 0.08653846093749999 0.32298136718750003 0.0608974359375 0.307453415625 0.016025640625 0.307453415625 0.009615384375 0.2965838515625 0.00641025625 0.288819875 0.028846153125000003 0.288819875 0.0480769234375 0.291925465625 0.0544871796875 0.29503105625 0.08653846093749999
0 0.257763975 0.1121794875 0.26708074531250003 0.150641025 0.28416149062499996 0.1923076921875 0.291925465625 0.18910256406249998 0.299689440625 0.18589743593750002 0.30434782656250003 0.17628205156250001 0.30434782656250003 0.1634615390625 0.29503105625 0.125 0.2748447203125 0.0769230765625 0.2593167703125 0.0769230765625 0.254658384375 0.08653846093749999 0.254658384375 0.0929487171875 0.257763975 0.099358975 0.257763975 0.1121794875
0 0.2329192546875 0.1570512828125 0.2360248453125 0.17628205156250001 0.254658384375 0.221153846875 0.2562111796875 0.23076923124999998 0.26552794999999996 0.23076923124999998 0.2748447203125 0.24358974375 0.27950310625 0.24038461562500002 0.2826086953125 0.22756410312500003 0.27950310625 0.221153846875 0.276397515625 0.1826923078125 0.26708074531250003 0.1634615390625 0.257763975 0.125 0.24689440937499998 0.102564103125 0.23447205000000002 0.08974358906249999 0.22670807499999998 0.10576923125 0.22670807499999998 0.14423076875000002 0.2329192546875 0.1570512828125
0 0.192546584375 0.1826923078125 0.20341614843750003 0.20512820468749998 0.23447205000000002 0.2371794875 0.2360248453125 0.23397435937500002 0.23913043437499998 0.22756410312500003 0.2298136640625 0.20833333281250002 0.22360248437500002 0.17628205156250001 0.2173913046875 0.1634615390625 0.2142857140625 0.1378205125 0.2065217390625 0.121794871875 0.19720496875 0.11538461562499999 0.18944099375 0.1378205125 0.18944099375 0.16987179531250002 0.192546584375 0.1826923078125
0 0.19720496875 0.19871794843749999 0.194099378125 0.19871794843749999 0.18633540312500002 0.21474358906250002 0.18633540312500002 0.23397435937500002 0.18944099375 0.24038461562500002 0.18944099375 0.259615384375 0.192546584375 0.27243589687499997 0.2065217390625 0.2948717953125 0.21273291875 0.2948717953125 0.21583850937500001 0.3012820515625 0.22360248437500002 0.2980769234375 0.2437888203125 0.2948717953125 0.2484472046875 0.2852564109375 0.24534161562499998 0.259615384375 0.24068322968750003 0.25 0.2375776390625 0.2628205125 0.23447205000000002 0.25641025625 0.22826087031250003 0.25641025625 0.22204968906250003 0.24358974375 0.2189441 0.24358974375 0.19720496875 0.19871794843749999