0 0.2173202609375 0.22857142812500003 0.215686275 0.178571428125 0.20588235312499997 0.1380952375 0.18464052343749998 0.097619046875 0.16176470625 0.08333333281250001 0.133986928125 0.08333333281250001 0.10294117656249999 0.10952380937499999 0.0866013078125 0.1547619046875 0.078431371875 0.2047619046875 0.081699346875 0.25 0.09477124218750001 0.2880952375 0.114379084375 0.3142857140625 0.12745097968750002 0.32142857187499996 0.168300653125 0.31904761875 0.19607843125 0.3 0.2107843140625 0.26904761875 0.2173202609375 0.22857142812500003
0 0.2254901953125 0.5547619046875 0.23039215624999998 0.5166666671875 0.20915032656250002 0.4357142859375 0.1928104578125 0.409523809375 0.171568628125 0.397619046875 0.1470588234375 0.397619046875 0.11928104531249999 0.4166666671875 0.09477124218750001 0.45 0.081699346875 0.4952380953125 0.080065359375 0.55 0.08823529375 0.5928571421875 0.1078431375 0.621428571875 0.132352940625 0.6357142859375 0.1633986921875 0.6357142859375 0.19444444375 0.621428571875 0.20915032656250002 0.6 0.2254901953125 0.5547619046875
0 0.23692810468749997 0.8428571421875001 0.23692810468749997 0.7952380953125 0.223856209375 0.7523809531250001 0.20424836562499998 0.728571428125 0.1748366015625 0.7142857140625 0.14379085 0.7119047625 0.1111111109375 0.7333333328125 0.09150326875 0.7690476187499999 0.078431371875 0.8238095234375 0.080065359375 0.86904761875 0.08823529375 0.9071428578124999 0.1127450984375 0.9428571421875 0.132352940625 0.952380953125 0.16993464062500002 0.952380953125 0.20098039218750002 0.9333333328125001 0.2189542484375 0.9047619046875001 0.23692810468749997 0.8428571421875001
0 0.44771241875 0.7238095234374999 0.43137254843750006 0.702380953125 0.3954248359375 0.6928571421874999 0.3529411765625 0.71904761875 0.33823529375 0.7571428578125 0.3447712421875 0.890476190625 0.3594771234375 0.9261904765625 0.37745097968749997 0.9380952375 0.41830065312500003 0.9333333328125001 0.44281045781249995 0.9166666671874999 0.455882353125 0.8976190468749999 0.4689542484375 0.8452380953124999 0.46241830000000006 0.7761904765625001 0.44771241875 0.7238095234374999
0 0.45751634062499996 0.5261904765625001 0.4591503265625 0.48095238125 0.4509803921875 0.43095238125 0.42483660156249997 0.37619047656250004 0.40359477187500004 0.3619047625 0.37254902031250003 0.359523809375 0.3447712421875 0.37619047656250004 0.32516339843750003 0.4166666671875 0.312091503125 0.459523809375 0.310457515625 0.521428571875 0.32516339843750003 0.5714285718750001 0.34150326875000003 0.597619046875 0.3578431375 0.6119047625 0.3905228765625 0.6142857140625 0.42483660156249997 0.597619046875 0.44281045781249995 0.5714285718750001 0.45751634062499996 0.5261904765625001
0 0.43300653593750005 0.10476190468749999 0.37745097968749997 0.097619046875 0.3594771234375 0.10952380937499999 0.3431372546875 0.1380952375 0.3366013078125 0.2142857140625 0.366013071875 0.2952380953125 0.383986928125 0.3071428578125 0.4068627453125 0.3071428578125 0.428104575 0.29285714218750003 0.45751634062499996 0.2428571421875 0.45751634062499996 0.152380953125 0.44771241875 0.121428571875 0.43300653593750005 0.10476190468749999
0 0.6633986921874999 0.13333333281249998 0.6405228765625 0.0738095234375 0.6111111109375 0.052380953125 0.58986928125 0.052380953125 0.571895425 0.0619047625 0.55392156875 0.0857142859375 0.544117646875 0.11904761875 0.542483659375 0.1642857140625 0.5588235296875 0.23571428593750002 0.580065359375 0.2619047625 0.60620915 0.26904761875 0.633986928125 0.247619046875 0.651960784375 0.21904761874999998 0.66176470625 0.1857142859375 0.6633986921874999 0.13333333281249998
0 0.8692810453125001 0.1642857140625 0.8692810453125001 0.1238095234375 0.85620915 0.071428571875 0.8366013078125001 0.038095237500000004 0.795751634375 0.0261904765625 0.76633986875 0.038095237500000004 0.7450980390625 0.0666666671875 0.73039215625 0.121428571875 0.73039215625 0.15714285781249998 0.7434640515625001 0.20952380937499998 0.759803921875 0.2428571421875 0.7826797390625 0.2547619046875 0.8169934640625 0.2547619046875 0.84150326875 0.23571428593750002 0.8594771234374999 0.2047619046875 0.8692810453125001 0.1642857140625
0 0.671568628125 0.46428571406249997 0.653594771875 0.38333333281250004 0.635620915625 0.3619047625 0.6045751640625 0.3571428578125 0.581699346875 0.371428571875 0.5653594765625 0.4 0.55392156875 0.45238095312500004 0.55392156875 0.5071428578125 0.5653594765625 0.55 0.5767973859375 0.5666666671875 0.62418300625 0.578571428125 0.6454248359375 0.5642857140624999 0.66013071875 0.540476190625 0.668300653125 0.5142857140625 0.671568628125 0.46428571406249997
0 0.8790849671875 0.46904761875 0.846405228125 0.36904761875 0.813725490625 0.33095238125000004 0.794117646875 0.328571428125 0.76797385625 0.3547619046875 0.758169934375 0.38333333281250004 0.7450980390625 0.45 0.7434640515625001 0.509523809375 0.7565359484374999 0.559523809375 0.7745098046875001 0.590476190625 0.810457515625 0.597619046875 0.848039215625 0.578571428125 0.8660130718750001 0.5547619046875 0.8790849671875 0.509523809375 0.8790849671875 0.46904761875
0 0.687908496875 0.7238095234374999 0.6748366015625 0.702380953125 0.6388888890625 0.68095238125 0.6176470593750001 0.68095238125 0.5996732031249999 0.6952380953125 0.581699346875 0.7261904765625 0.5702614374999999 0.8142857140625 0.6045751640625 0.9047619046875001 0.6176470593750001 0.9142857140625 0.6470588234375 0.9142857140625 0.669934640625 0.8976190468749999 0.6911764703125 0.8619047625 0.7009803921875 0.8142857140625 0.7009803921875 0.778571428125 0.687908496875 0.7238095234374999
0 0.903594771875 0.7761904765625001 0.8709150328125 0.7071428578125001 0.8366013078125001 0.6880952375 0.8186274515624999 0.6880952375 0.792483659375 0.702380953125 0.76797385625 0.7476190468749999 0.759803921875 0.8166666671874999 0.76797385625 0.8571428578125 0.784313725 0.8952380953124999 0.8088235296875 0.9166666671874999 0.8447712421875 0.921428571875 0.8725490203125 0.9142857140625 0.9003267968750001 0.8833333328125 0.9068627453125 0.8619047625 0.903594771875 0.7761904765625001