0 0 0.8604166671875 0.00020833281250000002 0.9991666671875 0.0866666671875 1 0.0941666671875 0.9712500000000001 0.095 0.9204166671875 0.0929166671875 0.9020833328125001 0.0891666671875 0.8879166671875 0.0764583328125 0.8558333328125001 0.064375 0.8400000000000001 0.053958332812499996 0.8308333328125 0.0322916671875 0.8283333328125 0.0152083328125 0.8375 0 0.8604166671875
0 0.150625 0.7991666671875 0.1483333328125 0.8020833328125001 0.1470833328125 0.8304166671875001 0.13333333281249998 0.88125 0.128125 0.8908333328125 0.12020833281250001 0.8983333328124999 0.0975 0.91375 0.0979166671875 0.9470833328125 0.11187499999999999 0.9425000000000001 0.1302083328125 0.9416666671874999 0.1460416671875 0.95 0.1589583328125 0.9616666671875 0.1664583328125 0.9733333328124999 0.1772916671875 0.9983333328124999 0.1820833328125 0.99875 0.184375 0.9974999999999999 0.1954166671875 0.9745833328125 0.2033333328125 0.9487500000000001 0.20875 0.9112500000000001 0.20833333281250002 0.8787499999999999 0.20458333281250002 0.8595833328125 0.19875 0.8429166671875 0.18395833281250001 0.8158333328125 0.165625 0.8 0.150625 0.7991666671875
0 0.081875 0.6875 0.06979166718749999 0.6883333328125001 0.049375 0.7083333328125 0.031666667187500004 0.74125 0.0225 0.7787499999999999 0.0229166671875 0.8170833328124999 0.026458332812500002 0.8300000000000001 0.0452083328125 0.8283333328125 0.055625 0.8316666671874999 0.06395833281249999 0.8391666671875001 0.0804166671875 0.8629166671874999 0.0895833328125 0.8879166671875 0.094375 0.9083333328125001 0.1004166671875 0.9087500000000001 0.12395833281249999 0.8941666671874999 0.1325 0.8829166671875001 0.13999999999999999 0.8595833328125 0.1470833328125 0.82875 0.14750000000000002 0.8004166671874999 0.1358333328125 0.7520833328125 0.1177083328125 0.7150000000000001 0.1052083328125 0.7 0.0927083328125 0.6908333328125 0.081875 0.6875
0 0.1708333328125 0.6645833328124999 0.1608333328125 0.70875 0.1495833328125 0.7379166671874999 0.1445833328125 0.7454166671875 0.14375 0.7770833328125 0.14937499999999998 0.7991666671875 0.1602083328125 0.7983333328125 0.178125 0.8083333328125001 0.1914583328125 0.8258333328124999 0.205 0.8545833328124999 0.2160416671875 0.8466666671875 0.2345833328125 0.8087500000000001 0.24333333281249997 0.7670833328125 0.24416666718750002 0.7504166671875 0.2420833328125 0.7170833328125 0.23333333281250002 0.6845833328125 0.2189583328125 0.6608333328125 0.2010416671875 0.6516666671875 0.1772916671875 0.6566666671875 0.1708333328125 0.6645833328124999
0 0.113125 0.5433333328125001 0.10479166718749999 0.5433333328125001 0.091875 0.5491666671875 0.08 0.5629166671875 0.07125000000000001 0.5845833328125 0.0666666671875 0.6029166671875 0.0616666671875 0.64375 0.065 0.68625 0.06687499999999999 0.6908333328125 0.0747916671875 0.6875 0.09770833281249999 0.6908333328125 0.113125 0.7075 0.1260416671875 0.7283333328125 0.136875 0.7516666671875 0.13874999999999998 0.75125 0.1477083328125 0.7391666671875 0.1570833328125 0.71875 0.16375 0.69875 0.1691666671875 0.67375 0.1716666671875 0.65625 0.17250000000000001 0.6245833328125 0.16833333281250001 0.59375 0.1585416671875 0.5708333328124999 0.1385416671875 0.5516666671875 0.113125 0.5433333328125001
0 0.09520833281249999 0.4108333328125 0.08125 0.44375 0.07375000000000001 0.48208333281250004 0.0725 0.5179166671875 0.07875 0.5554166671874999 0.0827083328125 0.5599999999999999 0.090625 0.55 0.0985416671875 0.545 0.1135416671875 0.5425 0.138125 0.5508333328125 0.15875 0.5662499999999999 0.16583333281249998 0.5570833328125 0.1729166671875 0.5345833328125 0.17541666718749999 0.4970833328125 0.1729166671875 0.46458333281249997 0.16375 0.43624999999999997 0.14895833281249998 0.4066666671875 0.13187500000000002 0.395 0.11687499999999999 0.395 0.104375 0.4016666671875 0.09520833281249999 0.4108333328125
0 0.16375 0.5654166671875 0.1625 0.5729166671875 0.1652083328125 0.5783333328125 0.1747916671875 0.5599999999999999 0.1764583328125 0.5591666671875 0.17791666718750002 0.5654166671875 0.1766666671875 0.5720833328125 0.1679166671875 0.58875 0.17250000000000001 0.6212500000000001 0.1735416671875 0.6508333328125 0.1772916671875 0.655 0.1897916671875 0.6516666671875 0.20729166718749997 0.6525000000000001 0.21812499999999999 0.6599999999999999 0.2279166671875 0.6729166671875 0.23374999999999999 0.6470833328125 0.23374999999999999 0.6195833328125 0.22833333281249998 0.5920833328125 0.2152083328125 0.5616666671874999 0.20354166718750002 0.5491666671875 0.18604166718749998 0.5458333328125 0.179375 0.5491666671875 0.1764583328125 0.5558333328125 0.1714583328125 0.5566666671875 0.16375 0.5654166671875
0 0.19104166718749999 0.4066666671875 0.1864583328125 0.4108333328125 0.18 0.4295833328125 0.17041666718749998 0.4470833328125 0.1758333328125 0.4895833328125 0.1758333328125 0.51625 0.1716666671875 0.5495833328125 0.1764583328125 0.5516666671875 0.18145833281249998 0.5466666671875 0.1922916671875 0.5458333328125 0.2077083328125 0.5516666671875 0.21729166718749998 0.5641666671875 0.2279166671875 0.5879166671875 0.2370833328125 0.57375 0.24583333281250003 0.5445833328125 0.25166666718749997 0.5037499999999999 0.2508333328125 0.4795833328125 0.2483333328125 0.46624999999999994 0.23958333281250002 0.4345833328125 0.2264583328125 0.4125 0.21937500000000001 0.4066666671875 0.205625 0.4025 0.19104166718749999 0.4066666671875
0 0.11895833281249998 0.28250000000000003 0.1102083328125 0.2941666671875 0.1008333328125 0.3145833328125 0.095 0.34125 0.0920833328125 0.3729166671875 0.09375 0.40625 0.0985416671875 0.40833333281249995 0.10604166718750001 0.4 0.118125 0.39416666718750004 0.1297916671875 0.39416666718750004 0.1414583328125 0.3991666671875 0.1510416671875 0.4091666671875 0.1691666671875 0.4470833328125 0.1775 0.4329166671875 0.1870833328125 0.40791666718749997 0.1883333328125 0.39958333281249997 0.18875 0.3570833328125 0.1804166671875 0.3229166671875 0.1702083328125 0.3 0.1572916671875 0.28500000000000003 0.1497916671875 0.27999999999999997 0.1277083328125 0.27749999999999997 0.11895833281249998 0.28250000000000003
0 0.0029166671875000003 0.7529166671875 0.0054166671875 0.75625 0.015625 0.7491666671874999 0.034999999999999996 0.7104166671875001 0.042499999999999996 0.6829166671875 0.0441666671875 0.6579166671875 0.0391666671875 0.6204166671875 0.03 0.5920833328125 0.0197916671875 0.575 0.00020833281250000002 0.5608333328125 0 0.7320833328125 0.0029166671875000003 0.7529166671875
0 0.019375 0.5741666671875 0.031875 0.5966666671875 0.0358333328125 0.5995833328125 0.04625 0.5804166671875 0.054583332812499996 0.5479166671875 0.05625 0.53125 0.052500000000000005 0.49291666718749994 0.0433333328125 0.4654166671875 0.0310416671875 0.44333333281250004 0.018125 0.43333333281249997 0.00020833281250000002 0.43 0 0.5604166671875 0.019375 0.5741666671875
0 0 0.42874999999999996 0.011875 0.4308333328125 0.026875 0.43833333281250003 0.036875000000000005 0.45 0.0489583328125 0.4766666671875 0.05208333281250001 0.47791666718750003 0.0622916671875 0.4683333328125 0.07625 0.4404166671875 0.08541666718749999 0.40791666718749997 0.0858333328125 0.3654166671875 0.0783333328125 0.33375 0.0602083328125 0.3025 0.0447916671875 0.29 0.027708332812499997 0.2883333328125 0.014374999999999999 0.2983333328125 0 0.32125 0 0.42874999999999996
0 0.0560416671875 0.1625 0.047291667187500004 0.16583333281249998 0.0314583328125 0.18 0.0229166671875 0.19708333281249998 0.014583332812499999 0.23374999999999999 0.014583332812499999 0.2595833328125 0.0195833328125 0.2870833328125 0.023125 0.29 0.038125 0.2875 0.051041667187499994 0.29333333281249996 0.063125 0.30583333281249997 0.0791666671875 0.3320833328125 0.09520833281249999 0.32083333281250004 0.1010416671875 0.3133333328125 0.10833333281249999 0.2954166671875 0.11125 0.27625 0.1125 0.24375 0.10833333281249999 0.21458333281250003 0.1020833328125 0.1979166671875 0.094375 0.1858333328125 0.06687499999999999 0.1633333328125 0.0560416671875 0.1625
0 0.0533333328125 0.1570833328125 0.05437499999999999 0.1625 0.06395833281249999 0.1616666671875 0.0714583328125 0.16499999999999998 0.0872916671875 0.1775 0.09812499999999999 0.19083333281249998 0.1058333328125 0.2070833328125 0.11000000000000001 0.22374999999999998 0.11416666718749999 0.2304166671875 0.11499999999999999 0.22374999999999998 0.1258333328125 0.2029166671875 0.1270833328125 0.18125 0.1208333328125 0.15125 0.108125 0.1258333328125 0.0947916671875 0.1158333328125 0.0810416671875 0.1166666671875 0.0627083328125 0.13333333281249998 0.05500000000000001 0.14875 0.0533333328125 0.1570833328125
0 0.10187500000000001 0.0533333328125 0.09229166718750001 0.0633333328125 0.0870833328125 0.07375000000000001 0.0791666671875 0.1120833328125 0.0822916671875 0.1158333328125 0.0964583328125 0.1158333328125 0.1110416671875 0.1291666671875 0.12 0.14875 0.1245833328125 0.16458333281249998 0.1279166671875 0.19375 0.13 0.19708333281249998 0.13374999999999998 0.1929166671875 0.135 0.16458333281249998 0.13916666718749998 0.14625 0.1533333328125 0.1179166671875 0.1525 0.10958333281249999 0.14791666718750002 0.09125 0.14125000000000001 0.0754166671875 0.129375 0.058333332812500006 0.1164583328125 0.05 0.10187500000000001 0.0533333328125
0 0.0902083328125 0.0666666671875 0.10354166718749999 0.0516666671875 0.118125 0.05 0.1297916671875 0.058333332812500006 0.145625 0.08499999999999999 0.1495833328125 0.08541666718749999 0.1545833328125 0.0704166671875 0.1566666671875 0.05125 0.15625 0.0245833328125 0.15020833281249998 0.0008333328124999999 0.0877083328125 0 0.08625000000000001 0.0029166671875000003 0.08208333281249999 0.026250000000000002 0.08208333281249999 0.0470833328125 0.08645833281250001 0.0675 0.0902083328125 0.0666666671875
0 0.00041666718749999997 0.0470833328125 0 0.0770833328125 0.018125 0.0791666671875 0.0360416671875 0.0933333328125 0.0475 0.11374999999999999 0.0529166671875 0.13458333281249998 0.055833332812500004 0.1379166671875 0.0679166671875 0.12291666718750001 0.0720833328125 0.1029166671875 0.07375000000000001 0.0645833328125 0.0670833328125 0.03375 0.0560416671875 0.015 0.0377083328125 0.0041666671875 0.027708332812499997 0.0041666671875 0.0197916671875 0.0083333328125 0.006875000000000001 0.025 0.00041666718749999997 0.0470833328125
0 0 0.17041666718749998 0.02375 0.1929166671875 0.0339583328125 0.1758333328125 0.050624999999999996 0.1608333328125 0.054166667187499996 0.1495833328125 0.054166667187499996 0.14208333281250002 0.04625 0.11125 0.038125 0.0966666671875 0.027708332812499997 0.0858333328125 0.012291667187499999 0.0783333328125 0.001875 0.0783333328125 0 0.0804166671875 0 0.17041666718749998
0 0.1129166671875 0.23958333281250002 0.1116666671875 0.27625 0.113125 0.2808333328125 0.11937500000000001 0.2816666671875 0.1327083328125 0.2758333328125 0.1460416671875 0.2783333328125 0.15979166718749999 0.2866666671875 0.17333333281250002 0.3029166671875 0.1870833328125 0.28291666718749997 0.19 0.2595833328125 0.1845833328125 0.2320833328125 0.176875 0.2141666671875 0.1585416671875 0.1975 0.1410416671875 0.1933333328125 0.1347916671875 0.195 0.12687500000000002 0.20249999999999999 0.11708333281250001 0.22125 0.1129166671875 0.23958333281250002
0 0.1460416671875 0.1316666671875 0.1383333328125 0.1495833328125 0.13458333281249998 0.1729166671875 0.13458333281249998 0.1904166671875 0.1360416671875 0.1933333328125 0.15770833281250002 0.1966666671875 0.1735416671875 0.20916666718750002 0.1829166671875 0.22541666718750003 0.1883333328125 0.24958333281249998 0.1925 0.25375000000000003 0.199375 0.2366666671875 0.213125 0.21833333281249998 0.21541666718750002 0.21208333281249997 0.21625 0.17041666718749998 0.2104166671875 0.14208333281250002 0.20354166718750002 0.1258333328125 0.1864583328125 0.10916666718750001 0.168125 0.10916666718750001 0.1535416671875 0.12 0.1460416671875 0.1316666671875
0 0.1566666671875 0.07625 0.1541666671875 0.0945833328125 0.1541666671875 0.11041666718750001 0.1560416671875 0.1158333328125 0.168125 0.10916666718750001 0.18812500000000001 0.11000000000000001 0.2047916671875 0.1275 0.21437499999999998 0.1533333328125 0.2204166671875 0.15625 0.22374999999999998 0.1520833328125 0.2295833328125 0.1295833328125 0.2316666671875 0.09375 0.22875 0.07375000000000001 0.21812499999999999 0.05 0.2002083328125 0.0325 0.1864583328125 0.03 0.1702083328125 0.0416666671875 0.1629166671875 0.05625 0.1566666671875 0.07625
0 0.1722916671875 0 0.17124999999999999 0.0029166671875000003 0.1691666671875 0.01875 0.1697916671875 0.0391666671875 0.1727083328125 0.04 0.178125 0.0333333328125 0.1872916671875 0.03 0.20187499999999997 0.0333333328125 0.21729166718749998 0.048333332812500004 0.228125 0.07083333281250001 0.2316666671875 0.0704166671875 0.23500000000000001 0.0295833328125 0.2341666671875 0.01625 0.2379166671875 0.0079166671875 0.23770833281249998 0 0.1722916671875 0
0 0.246875 0 0.24041666718750002 0.0154166671875 0.23500000000000001 0.0395833328125 0.23583333281250002 0.0754166671875 0.2464583328125 0.0508333328125 0.2585416671875 0.0366666671875 0.26187499999999997 0.0358333328125 0.2860416671875 0.0433333328125 0.296875 0.055833332812500004 0.3027083328125 0.0666666671875 0.30625 0.061250000000000006 0.3075 0.0320833328125 0.3025 0.0120833328125 0.2960416671875 0 0.246875 0
0 0.23125 0.11041666718750001 0.23125 0.1354166671875 0.23562500000000003 0.135 0.2472916671875 0.125 0.263125 0.1233333328125 0.273125 0.1308333328125 0.2835416671875 0.145 0.28958333281250004 0.1579166671875 0.2945833328125 0.17541666718749999 0.30125 0.1654166671875 0.3066666671875 0.1404166671875 0.30874999999999997 0.1070833328125 0.3045833328125 0.07291666718749999 0.296875 0.055833332812500004 0.2814583328125 0.0408333328125 0.2610416671875 0.0366666671875 0.24895833281250002 0.048333332812500004 0.23583333281250002 0.0779166671875 0.23125 0.11041666718750001
0 0.21875 0.17375000000000002 0.2158333328125 0.19875 0.21625 0.21375000000000002 0.2185416671875 0.2166666671875 0.24020833281249998 0.2158333328125 0.25187499999999996 0.2241666671875 0.2670833328125 0.2445833328125 0.27375 0.26208333281249996 0.275 0.2754166671875 0.28500000000000003 0.2595833328125 0.2920833328125 0.23541666718749998 0.29625 0.1945833328125 0.2916666671875 0.1654166671875 0.280625 0.1408333328125 0.2660416671875 0.1258333328125 0.24895833281250002 0.1241666671875 0.2327083328125 0.1366666671875 0.22458333281249998 0.1520833328125 0.21875 0.17375000000000002
0 0.1916666671875 0.25875 0.1883333328125 0.27958333281250003 0.1922916671875 0.2808333328125 0.20354166718750002 0.2725 0.215625 0.2716666671875 0.23312499999999997 0.28250000000000003 0.24500000000000002 0.3029166671875 0.25125000000000003 0.3204166671875 0.25916666718750003 0.3645833328125 0.2645833328125 0.3570833328125 0.27 0.3404166671875 0.2766666671875 0.29874999999999996 0.27458333281249997 0.2670833328125 0.2670833328125 0.2454166671875 0.246875 0.22000000000000003 0.2364583328125 0.215 0.2160416671875 0.21749999999999997 0.2022916671875 0.2325 0.1916666671875 0.25875
0 0.1745833328125 0.30625 0.1758333328125 0.31375000000000003 0.18375 0.3304166671875 0.18875 0.35291666718750003 0.1895833328125 0.3854166671875 0.1879166671875 0.40708333281250003 0.1989583328125 0.4025 0.21979166718749998 0.4066666671875 0.22479166718750002 0.41 0.23958333281250002 0.43041666718749994 0.2504166671875 0.40791666718749997 0.2570833328125 0.36875 0.2554166671875 0.3395833328125 0.2479166671875 0.31124999999999997 0.2389583328125 0.2925 0.23104166718750002 0.28250000000000003 0.2160416671875 0.2716666671875 0.2002083328125 0.2741666671875 0.18145833281249998 0.2916666671875 0.1745833328125 0.30625
0 0.26375000000000004 1 0.2704166671875 0.9662499999999999 0.2683333328125 0.9445833328125 0.2645833328125 0.92875 0.2585416671875 0.9158333328125 0.250625 0.9058333328125 0.2252083328125 0.8975 0.2147916671875 0.8975 0.20916666718750002 0.9012499999999999 0.20750000000000002 0.9262499999999999 0.2004166671875 0.9604166671875 0.1925 0.9829166671875 0.185 0.9962500000000001 0.18687499999999999 1 0.195625 1 0.26375000000000004 1
0 0.244375 0.7591666671875 0.23875000000000002 0.79375 0.2304166671875 0.8195833328125 0.2164583328125 0.8458333328125001 0.2054166671875 0.8554166671875001 0.20916666718750002 0.89125 0.2110416671875 0.8966666671875 0.22562500000000002 0.8966666671875 0.2497916671875 0.905 0.2614583328125 0.9191666671875 0.26749999999999996 0.9337500000000001 0.2710416671875 0.9333333328125001 0.2797916671875 0.9208333328125 0.2858333328125 0.9045833328124999 0.28791666718750003 0.8712500000000001 0.2945833328125 0.8404166671875 0.29375 0.8204166671875001 0.2883333328125 0.7954166671875 0.278125 0.7758333328125 0.258125 0.7616666671875 0.244375 0.7591666671875
0 0.24125000000000002 0.7112499999999999 0.24375 0.7345833328125 0.2470833328125 0.7445833328125 0.24583333281250003 0.7537499999999999 0.2502083328125 0.7591666671875 0.259375 0.7616666671875 0.2808333328125 0.7754166671875 0.2845833328125 0.76375 0.2858333328125 0.73125 0.2916666671875 0.69875 0.2858333328125 0.6645833328124999 0.2752083328125 0.6433333328125 0.26729166718749997 0.635 0.25187499999999996 0.6275000000000001 0.23479166718750002 0.6308333328125 0.2295833328125 0.6754166671874999 0.24125000000000002 0.7112499999999999
0 0.2527083328125 0.5066666671875 0.24958333281249998 0.5154166671875 0.24416666718750002 0.55375 0.2391666671875 0.5695833328125001 0.22916666718749998 0.58875 0.23500000000000001 0.6270833328125 0.260625 0.63 0.2710416671875 0.6375 0.2827083328125 0.6566666671875 0.2870833328125 0.65625 0.2891666671875 0.65125 0.28958333281250004 0.6079166671875 0.2920833328125 0.5912499999999999 0.30041666718750004 0.5654166671875 0.2995833328125 0.55125 0.2914583328125 0.5308333328125 0.2835416671875 0.5175 0.2752083328125 0.5091666671875 0.2660416671875 0.5058333328125 0.2527083328125 0.5066666671875
0 0.25625 0.37625000000000003 0.2508333328125 0.40791666718749997 0.24 0.43125 0.25 0.47375 0.2525 0.5020833328125 0.2552083328125 0.505 0.270625 0.5058333328125 0.27937500000000004 0.5125 0.29125 0.5279166671875 0.30125 0.51375 0.3070833328125 0.4904166671875 0.3133333328125 0.4754166671875 0.3158333328125 0.44875 0.3133333328125 0.41624999999999995 0.3014583328125 0.385 0.290625 0.3716666671875 0.27479166718750003 0.36583333281249997 0.25895833281249997 0.37 0.25625 0.37625000000000003
0 0.2677083328125 0.365 0.289375 0.37 0.296875 0.37666666718749997 0.31416666718749997 0.41208333281250004 0.3183333328125 0.40125 0.3195833328125 0.3695833328125 0.3195833328125 0.3604166671875 0.31416666718749997 0.3379166671875 0.308125 0.32083333281250004 0.29812500000000003 0.3066666671875 0.288125 0.3 0.2785416671875 0.3008333328125 0.2654166671875 0.3620833328125 0.2677083328125 0.365
0 0.2908333328125 0.24375 0.27749999999999997 0.2754166671875 0.27749999999999997 0.29625 0.2785416671875 0.2991666671875 0.2910416671875 0.3008333328125 0.303125 0.3125 0.3091666671875 0.3229166671875 0.3175 0.34625 0.3179166671875 0.35291666718750003 0.3220833328125 0.3545833328125 0.3233333328125 0.3470833328125 0.335 0.31875 0.33875 0.29375 0.33875 0.2629166671875 0.3325 0.23541666718749998 0.321875 0.2158333328125 0.3064583328125 0.2033333328125 0.29854166718749997 0.2033333328125 0.2954166671875 0.2079166671875 0.2908333328125 0.24375
0 0.30416666718749996 0.15875 0.2958333328125 0.17875000000000002 0.2970833328125 0.19958333281250001 0.29812500000000003 0.20249999999999999 0.309375 0.20416666718749998 0.31979166718749996 0.2133333328125 0.3375 0.24375 0.3458333328125 0.22541666718750003 0.35 0.20458333281250002 0.3516666671875 0.1679166671875 0.35041666718750003 0.1554166671875 0.34500000000000003 0.13874999999999998 0.33479166718750003 0.1241666671875 0.3260416671875 0.11916666718749999 0.3110416671875 0.1183333328125 0.30874999999999997 0.12291666718750001 0.30416666718749996 0.15875
0 0.32645833281250003 0.1183333328125 0.335625 0.1241666671875 0.3414583328125 0.1325 0.3458333328125 0.1329166671875 0.35041666718750003 0.10541666718750001 0.35041666718750003 0.0920833328125 0.3458333328125 0.07291666718749999 0.33729166718750003 0.055833332812500004 0.325625 0.04 0.31062500000000004 0.0391666671875 0.30874999999999997 0.0429166671875 0.3054166671875 0.0704166671875 0.3095833328125 0.11541666718750002 0.32645833281250003 0.1183333328125
0 0.3239583328125 0 0.32083333281250004 0.0329166671875 0.335625 0.052500000000000005 0.3495833328125 0.0804166671875 0.3545833328125 0.0720833328125 0.3545833328125 0.0470833328125 0.3583333328125 0.02375 0.35583333281249996 0.0045833328125 0.3535416671875 0 0.3239583328125 0
0 0.3897916671875 0.8383333328125 0.3789583328125 0.8225 0.365625 0.8099999999999999 0.3522916671875 0.8041666671875 0.3397916671875 0.8033333328125 0.3285416671875 0.8074999999999999 0.30895833281249996 0.8283333328125 0.3029166671875 0.8404166671875 0.29500000000000004 0.8654166671875 0.29041666718750003 0.9120833328125 0.2908333328125 0.9304166671875 0.2945833328125 0.95875 0.30625 0.9904166671875 0.32687499999999997 0.9633333328125 0.3447916671875 0.9558333328125 0.3572916671875 0.9558333328125 0.371875 0.9616666671875 0.39229166718749997 0.9816666671875 0.39791666718749996 0.9720833328125 0.40708333281250003 0.9270833328125001 0.40708333281250003 0.89375 0.3983333328125 0.85625 0.3897916671875 0.8383333328125
0 0.365625 0.67 0.3572916671875 0.6741666671875 0.343125 0.6883333328125001 0.3295833328125 0.7195833328125001 0.3225 0.7520833328125 0.32 0.7929166671875 0.3229166671875 0.8045833328124999 0.3260416671875 0.8099999999999999 0.3377083328125 0.8033333328125 0.3489583328125 0.8025 0.36604166718750003 0.8099999999999999 0.3789583328125 0.8216666671875 0.39895833281250004 0.8550000000000001 0.4002083328125 0.8633333328124999 0.40416666718750005 0.8629166671874999 0.4102083328125 0.86 0.41958333281250004 0.8395833328125001 0.4279166671875 0.7929166671875 0.42874999999999996 0.7754166671875 0.4270833328125 0.7520833328125 0.42000000000000004 0.7145833328125 0.40895833281250005 0.6916666671875 0.39229166718749997 0.675 0.381875 0.6691666671875 0.365625 0.67
0 0.3560416671875 0.5475 0.3416666671875 0.57125 0.33458333281249997 0.5954166671875 0.33125 0.62375 0.3333333328125 0.6579166671875 0.3414583328125 0.6833333328125 0.3452083328125 0.6849999999999999 0.364375 0.67 0.3777083328125 0.6675 0.3964583328125 0.6775 0.41187500000000005 0.6950000000000001 0.4141666671875 0.6945833328125001 0.42000000000000004 0.6854166671875 0.425 0.66875 0.42750000000000005 0.64625 0.4270833328125 0.6154166671875 0.4233333328125 0.5895833328125 0.410625 0.5566666671875 0.3964583328125 0.5408333328125 0.374375 0.5358333328125 0.3652083328125 0.5391666671875 0.3560416671875 0.5475
0 0.29500000000000004 0.6895833328125 0.2870833328125 0.72375 0.2854166671875 0.76625 0.2875 0.78625 0.2964583328125 0.8091666671875 0.3025 0.8154166671875 0.3195833328125 0.79125 0.32166666718750003 0.7554166671875 0.3254166671875 0.7345833328125 0.32999999999999996 0.7170833328125 0.34125 0.6912499999999999 0.3320833328125 0.6504166671875 0.32979166718749997 0.6466666671875 0.3139583328125 0.6541666671875 0.30520833281250004 0.665 0.29500000000000004 0.6895833328125
0 0.31062500000000004 0.5491666671875 0.3016666671875 0.56375 0.2929166671875 0.5895833328125 0.28958333281250004 0.61125 0.2908333328125 0.6587500000000001 0.29333333281249996 0.6695833328125 0.2983333328125 0.67875 0.3077083328125 0.6599999999999999 0.33125 0.6445833328125 0.33125 0.6179166671874999 0.33375 0.5979166671875 0.34249999999999997 0.5679166671875 0.35375 0.5495833328125 0.3514583328125 0.545 0.34020833281249996 0.5391666671875 0.3227083328125 0.54 0.31062500000000004 0.5491666671875
0 0.353125 0.45 0.3339583328125 0.45416666718750004 0.3152083328125 0.47416666718749995 0.30625 0.49458333281250005 0.30125 0.52125 0.3020833328125 0.5429166671875 0.30625 0.5545833328125 0.323125 0.5391666671875 0.339375 0.5383333328125001 0.35562499999999997 0.5466666671875 0.3702083328125 0.5358333328125 0.3885416671875 0.5358333328125 0.3904166671875 0.5320833328125001 0.39 0.5104166671875 0.38125 0.47791666718750003 0.36770833281250004 0.4566666671875 0.353125 0.45
0 0.33479166718750003 0.3225 0.3279166671875 0.33708333281249997 0.32125 0.36124999999999996 0.31875 0.3920833328125 0.32125 0.4170833328125 0.3266666671875 0.43875000000000003 0.334375 0.45 0.354375 0.4491666671875 0.3691666671875 0.4545833328125 0.3847916671875 0.44666666718750003 0.3916666671875 0.4279166671875 0.39875 0.3879166671875 0.39958333281249997 0.36875 0.3983333328125 0.35375 0.39249999999999996 0.3320833328125 0.3810416671875 0.3133333328125 0.3689583328125 0.3066666671875 0.3489583328125 0.3083333328125 0.33479166718750003 0.3225
0 0.3491666671875 0.23625 0.34249999999999997 0.2554166671875 0.33999999999999997 0.27208333281249997 0.33999999999999997 0.2945833328125 0.34208333281250003 0.3079166671875 0.3439583328125 0.31083333281250003 0.359375 0.30583333281249997 0.374375 0.3083333328125 0.385625 0.3175 0.3964583328125 0.34249999999999997 0.40125 0.3445833328125 0.40416666718750005 0.3429166671875 0.41333333281250006 0.31875 0.4158333328125 0.27291666718749996 0.41500000000000004 0.2554166671875 0.41208333281250004 0.24125000000000002 0.40812499999999996 0.23333333281250002 0.384375 0.21000000000000002 0.3697916671875 0.20833333281250002 0.3622916671875 0.2141666671875 0.3491666671875 0.23625
0 0.3689583328125 0.20833333281250002 0.3829166671875 0.2054166671875 0.3775 0.1729166671875 0.37687499999999996 0.1233333328125 0.3635416671875 0.1375 0.35291666718750003 0.1654166671875 0.35125 0.20208333281250002 0.3541666671875 0.2179166671875 0.3570833328125 0.2204166671875 0.3689583328125 0.20833333281250002
0 0.3775 0.1304166671875 0.3775 0.17041666718749998 0.3829166671875 0.2029166671875 0.3914583328125 0.2166666671875 0.4047916671875 0.2266666671875 0.43208333281250005 0.2304166671875 0.4447916671875 0.21833333281249998 0.45 0.20458333281250002 0.4516666671875 0.1545833328125 0.44666666718750003 0.1179166671875 0.436875 0.0975 0.42270833281250003 0.0841666671875 0.40729166718750004 0.08249999999999999 0.3935416671875 0.0908333328125 0.38166666718750003 0.11125 0.3775 0.1304166671875
0 0.3635416671875 0.065 0.3579166671875 0.0745833328125 0.35375 0.08875 0.34875 0.1179166671875 0.3483333328125 0.1354166671875 0.3533333328125 0.1545833328125 0.356875 0.1516666671875 0.3652083328125 0.1341666671875 0.3772916671875 0.12250000000000001 0.3820833328125 0.10874999999999999 0.3927083328125 0.0908333328125 0.40625 0.07875 0.395625 0.0566666671875 0.3910416671875 0.0533333328125 0.3777083328125 0.054166667187499996 0.3635416671875 0.065
0 0.35750000000000004 0.0754166671875 0.3635416671875 0.0641666671875 0.37687499999999996 0.054166667187499996 0.395 0.05208333281250001 0.3920833328125 0.0270833328125 0.3914583328125 0 0.37312500000000004 0.0016666671875 0.3583333328125 0.026250000000000002 0.355 0.0470833328125 0.355 0.0654166671875 0.35750000000000004 0.0754166671875
0 0.3927083328125 0 0.39249999999999996 0.0320833328125 0.39791666718749996 0.0595833328125 0.40854166718749996 0.07666666718750001 0.42395833281249995 0.08249999999999999 0.43624999999999997 0.0920833328125 0.45499999999999996 0.07625 0.4625 0.03125 0.46333333281250005 0.0154166671875 0.4620833328125 0.0029166671875000003 0.460625 0 0.3927083328125 0
0 0.521875 0.0333333328125 0.5039583328125 0.0141666671875 0.4960416671875 0.01 0.48562500000000003 0.01 0.4764583328125 0.0158333328125 0.46979166718750004 0.024166667187499997 0.4625 0.0429166671875 0.45541666718749996 0.0770833328125 0.45541666718749996 0.0945833328125 0.4583333328125 0.1120833328125 0.46333333281250005 0.12125 0.46770833281249996 0.1108333328125 0.4797916671875 0.0975 0.4964583328125 0.09 0.5102083328125 0.0883333328125 0.5131249999999999 0.095 0.5197916671875 0.0991666671875 0.5260416671875 0.11000000000000001 0.53125 0.07291666718749999 0.5295833328125 0.05125 0.521875 0.0333333328125
0 0.49312500000000004 0.0908333328125 0.4735416671875 0.1041666671875 0.4620833328125 0.12375 0.4570833328125 0.1570833328125 0.45895833281250004 0.1858333328125 0.4747916671875 0.1741666671875 0.4927083328125 0.1758333328125 0.5110416671875 0.19583333281249998 0.5220833328125 0.22125 0.5275000000000001 0.21458333281250003 0.53 0.20375000000000001 0.5333333328125 0.1820833328125 0.5345833328125 0.1545833328125 0.5329166671875 0.13458333281249998 0.5279166671875 0.11625 0.5222916671875 0.1041666671875 0.5172916671875 0.0975 0.5060416671875 0.09 0.49312500000000004 0.0908333328125
0 0.4652083328125 0.1808333328125 0.45583333281250005 0.19875 0.45 0.2204166671875 0.4483333328125 0.2604166671875 0.4525 0.29125 0.4575 0.31124999999999997 0.4614583328125 0.32 0.46645833281250004 0.3283333328125 0.4720833328125 0.3279166671875 0.4804166671875 0.3070833328125 0.48854166718750003 0.29333333281249996 0.49437499999999995 0.2875 0.5233333328125 0.27458333281249997 0.5229166671875001 0.2370833328125 0.5179166671875 0.21125 0.5089583328125 0.1933333328125 0.4927083328125 0.1766666671875 0.476875 0.1741666671875 0.4652083328125 0.1808333328125
0 0.4145833328125 0.3070833328125 0.41624999999999995 0.3195833328125 0.4335416671875 0.3083333328125 0.440625 0.3083333328125 0.45479166718749997 0.3166666671875 0.4575 0.31375000000000003 0.44875 0.2704166671875 0.4485416671875 0.2225 0.43937499999999996 0.22833333281249998 0.4220833328125 0.25625 0.41541666718750003 0.28958333281250004 0.4145833328125 0.3070833328125
0 0.40499999999999997 0.34375 0.40083333281250005 0.36375 0.4016666671875 0.40625 0.40833333281249995 0.43541666718750005 0.41624999999999995 0.4495833328125 0.43583333281250003 0.43875000000000003 0.43875000000000003 0.40208333281249997 0.44375 0.3795833328125 0.4625 0.3429166671875 0.46125 0.3320833328125 0.4535416671875 0.3166666671875 0.440625 0.3083333328125 0.4335416671875 0.3083333328125 0.415625 0.3225 0.40499999999999997 0.34375
0 0.39625 0.48624999999999996 0.3916666671875 0.50875 0.39249999999999996 0.5304166671874999 0.3952083328125 0.5375 0.40041666718749996 0.5420833328125 0.405625 0.5358333328125 0.414375 0.5316666671875 0.4308333328125 0.53125 0.43375 0.5037499999999999 0.44333333281250004 0.4720833328125 0.436875 0.44333333281250004 0.43187499999999995 0.4425 0.4135416671875 0.45416666718750004 0.40437500000000004 0.46666666718750005 0.39625 0.48624999999999996
0 0.43666666718749997 0.43541666718750005 0.4420833328125 0.46458333281249997 0.445 0.46875 0.469375 0.4458333328125 0.48708333281250005 0.44125 0.475 0.40791666718749997 0.4720833328125 0.3929166671875 0.47041666718749997 0.3579166671875 0.4725 0.33375 0.47104166718749996 0.3308333328125 0.44666666718750003 0.3720833328125 0.44000000000000006 0.3954166671875 0.43666666718749997 0.43541666718750005
0 0.48645833281249995 0.4441666671875 0.47062499999999996 0.4458333328125 0.45479166718749997 0.4583333328125 0.44604166718749994 0.47000000000000003 0.43666666718749997 0.4920833328125 0.43125 0.5245833328125 0.4329166671875 0.56125 0.43624999999999997 0.5770833328125 0.43958333281249995 0.5820833328125 0.4485416671875 0.5650000000000001 0.4647916671875 0.5541666671875001 0.47562499999999996 0.5508333328125 0.4985416671875 0.5558333328125 0.5085416671874999 0.5391666671875 0.5245833328125 0.52625 0.5245833328125 0.5104166671875 0.52125 0.4920833328125 0.5089583328125 0.465 0.48645833281249995 0.4441666671875
0 0.4497916671875 0.5650000000000001 0.4375 0.5870833328125 0.43041666718749994 0.6179166671874999 0.42874999999999996 0.6620833328125 0.43125 0.6854166671875 0.43499999999999994 0.6995833328125001 0.43979166718749996 0.6983333328125 0.44375 0.70375 0.4627083328125 0.6791666671875001 0.48250000000000004 0.6670833328125 0.48208333281250004 0.63375 0.48375 0.6120833328125 0.49000000000000005 0.5804166671875 0.49583333281249997 0.5654166671875 0.495625 0.5566666671875 0.4839583328125 0.5516666671875 0.46229166718750003 0.5558333328125 0.4497916671875 0.5650000000000001
0 0.4502083328125 0.6950000000000001 0.44000000000000006 0.71875 0.4345833328125 0.74375 0.4325 0.7745833328125 0.4325 0.7904166671875 0.43541666718750005 0.8129166671875 0.43958333281249995 0.8129166671875 0.45395833281250003 0.8033333328125 0.46708333281250003 0.8004166671874999 0.46708333281250003 0.7770833328125 0.47083333281249995 0.7470833328125 0.48708333281250005 0.69875 0.4875 0.6904166671875 0.48270833281250003 0.6691666671875 0.4689583328125 0.675 0.45729166718750003 0.6849999999999999 0.4502083328125 0.6950000000000001
0 0.45437500000000003 0.8033333328125 0.43645833281249996 0.8150000000000001 0.4216666671875 0.8387499999999999 0.4129166671875 0.86625 0.40875000000000006 0.90625 0.4108333328125 0.9395833328125001 0.4158333328125 0.9679166671875 0.42354166718749997 0.9858333328125 0.4279166671875 0.9862500000000001 0.4335416671875 0.9724999999999999 0.4427083328125 0.9591666671875 0.45104166718750005 0.9525 0.4608333328125 0.9495833328125001 0.46125 0.9254166671874999 0.465 0.8979166671875 0.46875 0.8820833328125 0.4766666671875 0.8629166671874999 0.46687500000000004 0.8033333328125 0.45437500000000003 0.8033333328125
0 0.484375 0.8508333328125 0.46875 0.8829166671875001 0.46333333281250005 0.9087500000000001 0.46125 0.9304166671875 0.4625 0.9754166671875 0.46687500000000004 0.9991666671875 0.5808333328125 1 0.585 0.98125 0.5866666671874999 0.9545833328125 0.5804166671875 0.8970833328125 0.5725 0.87375 0.5647916671875 0.8583333328125 0.5510416671875 0.8391666671875001 0.5322916671875 0.8300000000000001 0.5152083328125 0.8308333328125 0.499375 0.8375 0.484375 0.8508333328125
0 0.58125 0.74375 0.5725 0.7145833328125 0.5564583328125 0.6858333328125 0.5452083328125 0.6766666671875 0.5347916671874999 0.6725 0.5131249999999999 0.6733333328125 0.49895833281249996 0.6841666671875 0.48854166718750003 0.6966666671875 0.4754166671875 0.7295833328125 0.46749999999999997 0.7695833328125 0.46708333281250003 0.8004166671874999 0.46958333281250003 0.8195833328125 0.47458333281250004 0.8487500000000001 0.4791666671875 0.8579166671875 0.484375 0.8491666671875 0.4960416671875 0.8383333328125 0.5135416671875 0.8308333328125 0.5389583328125 0.8308333328125 0.5585416671875 0.845 0.5647916671875 0.8541666671874999 0.573125 0.8466666671875 0.5841666671875 0.81125 0.5858333328125 0.7829166671875 0.58125 0.74375
0 0.4966666671875 0.56125 0.49083333281249997 0.57875 0.48541666718750004 0.60375 0.4829166671875 0.6595833328125 0.48624999999999996 0.6704166671875 0.48624999999999996 0.6829166671875 0.490625 0.6908333328125 0.4939583328125 0.6849999999999999 0.49895833281249996 0.6825 0.5014583328125 0.6741666671875 0.5052083328125 0.6775 0.5177083328125 0.6716666671875 0.5435416671875 0.675 0.560625 0.6900000000000001 0.5727083328125 0.7141666671875 0.5770833328125 0.71875 0.5916666671875 0.69875 0.5979166671875 0.6629166671875 0.5966666671875 0.6279166671875 0.5929166671874999 0.6045833328125 0.5783333328125 0.55625 0.5652083328125 0.5341666671875 0.546875 0.5283333328125 0.5260416671875 0.5275000000000001 0.5060416671875 0.5425 0.4966666671875 0.56125
0 0.5372916671875 0.2808333328125 0.5185416671875 0.2783333328125 0.4927083328125 0.29 0.48 0.3095833328125 0.4733333328125 0.3320833328125 0.47041666718749997 0.3720833328125 0.47416666718749995 0.4029166671875 0.4841666671875 0.43375 0.4922916671875 0.4483333328125 0.5110416671875 0.4658333328125 0.5210416671875 0.47000000000000003 0.5291666671875 0.46958333281250003 0.5414583328125 0.4658333328125 0.5514583328125 0.45499999999999996 0.5629166671875 0.43375 0.5683333328125 0.4179166671875 0.57375 0.38375 0.5733333328125 0.36124999999999996 0.5691666671875 0.33708333281249997 0.5641666671875 0.31875 0.5539583328125001 0.2975 0.5372916671875 0.2808333328125
0 0.5672916671875 0.3183333328125 0.5658333328125 0.3229166671875 0.5733333328125 0.35875 0.5741666671875 0.3820833328125 0.5708333328124999 0.40875000000000006 0.5650000000000001 0.43208333281250005 0.5927083328125 0.43666666718749997 0.6052083328125 0.4483333328125 0.6168750000000001 0.4683333328125 0.6308333328125 0.47041666718749997 0.6416666671875 0.43875000000000003 0.645 0.40708333281250003 0.64375 0.3620833328125 0.63625 0.3304166671875 0.6260416671875 0.3125 0.6160416671875 0.30416666718749996 0.6039583328125 0.2991666671875 0.5885416671875 0.2991666671875 0.5802083328125 0.30333333281249997 0.5672916671875 0.3183333328125
0 0.5320833328125001 0.22374999999999998 0.5287499999999999 0.2445833328125 0.5279166671875 0.27458333281249997 0.5439583328125 0.28500000000000003 0.5654166671875 0.3179166671875 0.5777083328125 0.30416666718749996 0.5795833328125 0.29874999999999996 0.5708333328124999 0.2770833328125 0.5654166671875 0.24125000000000002 0.5645833328125 0.2195833328125 0.5675 0.19375 0.5660416671874999 0.19083333281249998 0.5535416671875 0.1925 0.5397916671874999 0.2058333328125 0.5320833328125001 0.22374999999999998
0 0.6160416671875 0.1416666671875 0.6089583328125 0.1408333328125 0.6022916671874999 0.14416666718749999 0.579375 0.1675 0.5704166671875 0.1820833328125 0.5662499999999999 0.20208333281250002 0.5650000000000001 0.2320833328125 0.5708333328124999 0.27625 0.5806250000000001 0.3008333328125 0.6018749999999999 0.2983333328125 0.62 0.3020833328125 0.623125 0.2975 0.635625 0.29333333281249996 0.64625 0.2779166671875 0.6504166671875 0.26375000000000004 0.6537499999999999 0.2379166671875 0.6533333328125 0.21875 0.6466666671875 0.18375 0.6364583328125 0.16 0.6272916671875 0.1491666671875 0.6160416671875 0.1416666671875
0 0.598125 0.0966666671875 0.5852083328125001 0.0883333328125 0.5710416671874999 0.0875 0.5572916671875 0.0966666671875 0.5485416671875 0.11000000000000001 0.5420833328125 0.1254166671875 0.53625 0.15125 0.5345833328125 0.1895833328125 0.5370833328125 0.2029166671875 0.5416666671875 0.20375000000000001 0.553125 0.1916666671875 0.5685416671875 0.1883333328125 0.5752083328125 0.17250000000000001 0.5806250000000001 0.16583333281249998 0.6027083328125 0.1433333328125 0.6131249999999999 0.1408333328125 0.6141666671875 0.13374999999999998 0.6116666671875 0.12208333281249999 0.6056250000000001 0.1075 0.598125 0.0966666671875
0 0.5847916671875 0.0283333328125 0.5664583328125 0.0233333328125 0.5535416671875 0.029166667187500002 0.5464583328125 0.0366666671875 0.5387500000000001 0.05125 0.5304166671874999 0.0779166671875 0.5279166671875 0.11041666718750001 0.5333333328125 0.1329166671875 0.5375 0.1404166671875 0.5441666671875 0.1195833328125 0.553125 0.10166666718749999 0.568125 0.0883333328125 0.5839583328125 0.0875 0.5922916671875 0.0908333328125 0.608125 0.11000000000000001 0.6104166671875 0.09958333281250001 0.6083333328125 0.07375000000000001 0.5964583328125 0.0441666671875 0.5847916671875 0.0283333328125
0 0.5339583328125 0 0.53125 0.0070833328125 0.53 0.0229166671875 0.53 0.0495833328125 0.5337500000000001 0.060416667187499995 0.5464583328125 0.0358333328125 0.5639583328125 0.0233333328125 0.5856250000000001 0.0283333328125 0.6002083328125 0.0508333328125 0.6022916671874999 0.05 0.6066666671875 0.0404166671875 0.60625 0.00625 0.6035416671875 0 0.5339583328125 0
0 0.6114583328125 0.0458333328125 0.61625 0.045416667187499996 0.628125 0.029166667187500002 0.641875 0.0225 0.6577083328125 0.024166667187499997 0.6710416671874999 0.0325 0.6770833328125 0.022083332812500002 0.6783333328125 0.00041666718749999997 0.6085416671874999 0 0.6070833328125 0.009583332812500001 0.60875 0.0404166671875 0.6114583328125 0.0458333328125
0 0.665625 0.029166667187500002 0.6489583328124999 0.0233333328125 0.6410416671875 0.0233333328125 0.6285416671874999 0.029166667187500002 0.615 0.04875 0.6091666671875 0.0695833328125 0.6116666671875 0.1179166671875 0.6160416671875 0.1275 0.62 0.1270833328125 0.6310416671875 0.1 0.6485416671875 0.0816666671875 0.656875 0.0783333328125 0.6685416671875 0.0791666671875 0.6752083328125 0.08249999999999999 0.6864583328125 0.0958333328125 0.6883333328125001 0.0895833328125 0.6870833328125 0.0770833328125 0.6779166671875 0.0479166671875 0.665625 0.029166667187500002
0 0.6264583328125 0.10916666718750001 0.61875 0.1329166671875 0.618125 0.1416666671875 0.6297916671875 0.1508333328125 0.6431250000000001 0.16833333281250001 0.6547916671875 0.1608333328125 0.6627083328125 0.1608333328125 0.676875 0.1708333328125 0.686875 0.1866666671875 0.6904166671875 0.18875 0.6945833328125001 0.1770833328125 0.6979166671875 0.1579166671875 0.69625 0.1404166671875 0.6879166671875 0.1020833328125 0.6789583328125001 0.0866666671875 0.673125 0.0816666671875 0.656875 0.0783333328125 0.6443749999999999 0.08499999999999999 0.635625 0.0941666671875 0.6264583328125 0.10916666718750001
0 0.6429166671875 0.17375000000000002 0.6458333328125 0.1795833328125 0.6520833328125 0.2054166671875 0.6552083328125 0.2391666671875 0.6714583328125 0.24 0.6945833328125001 0.25875 0.6970833328125 0.24125000000000002 0.6966666671875 0.21875 0.69375 0.2029166671875 0.6885416671875 0.19 0.6785416671875 0.17333333281250002 0.666875 0.1633333328125 0.656875 0.1608333328125 0.646875 0.16499999999999998 0.6433333328125 0.1695833328125 0.6429166671875 0.17375000000000002
0 0.6547916671875 0.2408333328125 0.6504166671875 0.2654166671875 0.64625 0.27875 0.6410416671875 0.2883333328125 0.6327083328125 0.2966666671875 0.6283333328125 0.30625 0.6275000000000001 0.3129166671875 0.6370833328125001 0.3304166671875 0.64375 0.35208333281250004 0.6602083328125 0.315 0.6735416671875 0.3016666671875 0.689375 0.2983333328125 0.7068749999999999 0.3066666671875 0.70625 0.2954166671875 0.7008333328125 0.2754166671875 0.690625 0.2558333328125 0.6802083328124999 0.24583333281250003 0.6689583328125 0.24 0.6547916671875 0.2408333328125
0 0.645 0.3579166671875 0.6458333328125 0.41624999999999995 0.6510416671875 0.4266666671875 0.665625 0.41166666718749995 0.673125 0.4 0.6822916671875 0.40083333281250005 0.7056250000000001 0.425 0.7179166671874999 0.44625000000000004 0.7262500000000001 0.4279166671875 0.7295833328125 0.39875 0.7283333328125 0.3604166671875 0.72 0.3304166671875 0.7097916671875 0.3125 0.691875 0.2991666671875 0.6747916671875 0.3008333328125 0.6627083328125 0.3116666671875 0.6487499999999999 0.34125 0.645 0.3579166671875
0 0.6702083328125 0.40833333281249995 0.6547916671875 0.4225 0.6395833328125 0.4479166671875 0.6333333328124999 0.47041666718749997 0.6335416671874999 0.48 0.6497916671875 0.48250000000000004 0.661875 0.4891666671875 0.6793750000000001 0.5141666671875 0.6956249999999999 0.5175 0.7085416671875 0.5283333328125 0.7139583328125 0.5366666671875 0.7162499999999999 0.53625 0.72 0.5270833328125 0.7224999999999999 0.49458333281250005 0.7216666671875 0.47125000000000006 0.7183333328125 0.4529166671875 0.7145833328125 0.4420833328125 0.7039583328125001 0.4233333328125 0.691875 0.4141666671875 0.6822916671875 0.4025 0.6743750000000001 0.4 0.6702083328125 0.40833333281249995
0 0.6900000000000001 0.54125 0.6941666671875 0.5695833328125001 0.6941666671875 0.5979166671875 0.6883333328125001 0.6354166671875 0.7135416671875 0.6366666671875 0.7262500000000001 0.6479166671875001 0.73 0.63625 0.7304166671875 0.60375 0.7275 0.5745833328125001 0.7208333328125 0.5495833328125 0.711875 0.5333333328125 0.703125 0.5233333328125 0.690625 0.5158333328125 0.6802083328124999 0.5175 0.6858333328125 0.5270833328125 0.6900000000000001 0.54125
0 0.6314583328125 0.4808333328125 0.620625 0.485 0.6097916671875 0.49416666718749996 0.5958333328125 0.5179166671875 0.5895833328125 0.5420833328125 0.5862499999999999 0.57625 0.595 0.6120833328125 0.6 0.6604166671875 0.6025 0.66625 0.6060416671875 0.6733333328125 0.6160416671875 0.6833333328125 0.626875 0.6900000000000001 0.63625 0.6904166671875 0.6535416671875 0.6883333328125001 0.6743750000000001 0.6675 0.68875 0.63375 0.69375 0.6029166671875 0.6945833328125001 0.5804166671875 0.6929166671875 0.5579166671875 0.68875 0.5379166671875 0.673125 0.5033333328125 0.656875 0.4858333328125 0.6314583328125 0.4808333328125
0 0.5506249999999999 0.4575 0.540625 0.46666666718750005 0.5358333328125 0.47791666718750003 0.5316666671875 0.5045833328125 0.5316666671875 0.52125 0.533125 0.5258333328125 0.5585416671875 0.5308333328125 0.5689583328125 0.5375 0.5772916671874999 0.5358333328125 0.58875 0.5404166671875 0.5958333328125 0.5170833328125 0.6022916671874999 0.5041666671875 0.6077083328125 0.49583333281249997 0.6189583328125 0.48666666718749996 0.62 0.48208333281250004 0.614375 0.4641666671875 0.6002083328125 0.44333333281250004 0.583125 0.4341666671875 0.5639583328125 0.4375 0.5506249999999999 0.4575
0 0.5920833328125 0.6995833328125001 0.5785416671875 0.72 0.5775 0.7270833328124999 0.5854166671875001 0.76875 0.5858333328125 0.8079166671875001 0.6120833328125 0.8195833328125 0.6314583328125 0.8041666671875 0.6431250000000001 0.8008333328124999 0.6458333328125 0.7795833328125 0.6454166671875 0.7537499999999999 0.6391666671875 0.7220833328125 0.6310416671875 0.7016666671875 0.623125 0.6900000000000001 0.5989583328125 0.6758333328125 0.5962500000000001 0.6779166671875 0.5920833328125 0.6995833328125001
0 0.6714583328125 0.6725 0.6533333328125 0.6920833328125 0.6479166671875001 0.7162499999999999 0.6458333328125 0.7379166671874999 0.65 0.7787499999999999 0.6577083328125 0.7983333328125 0.6789583328125001 0.8033333328125 0.689375 0.7941666671875 0.7085416671875 0.7908333328125 0.7260416671875001 0.7966666671875 0.7454166671875 0.8120833328125 0.7495833328125 0.7995833328125 0.7529166671875 0.7754166671875 0.7537499999999999 0.7345833328125 0.7491666671874999 0.7004166671875 0.7416666671875001 0.67375 0.7347916671875 0.6583333328125 0.7147916671875 0.6383333328125 0.6935416671875 0.6366666671875 0.686875 0.6408333328125 0.6714583328125 0.6725
0 0.7010416671875 0.7908333328125 0.6822916671875 0.8 0.6783333328125 0.8079166671875001 0.6939583328125 0.8266666671875 0.7083333328125 0.8645833328125001 0.7150000000000001 0.9012499999999999 0.7170833328125 0.93625 0.7252083328125 0.9433333328125 0.7462500000000001 0.9704166671875001 0.750625 0.9658333328125 0.7575000000000001 0.9512499999999999 0.7616666671875 0.93625 0.7654166671875 0.9112500000000001 0.7654166671875 0.8854166671874999 0.76125 0.8579166671875 0.7566666671875 0.8412499999999999 0.743125 0.8125 0.7297916671875 0.7991666671875 0.7010416671875 0.7908333328125
0 0.641875 0.8025 0.628125 0.8074999999999999 0.615625 0.8183333328125 0.603125 0.8383333328125 0.5958333328125 0.8579166671875 0.5904166671875 0.8787499999999999 0.5875 0.9129166671875 0.58875 0.9420833328124999 0.5958333328125 0.9862500000000001 0.6002083328125 1 0.7070833328125 0.9995833328125 0.7112499999999999 0.9895833328125001 0.7154166671875 0.95625 0.7162499999999999 0.9170833328124999 0.7141666671875 0.8954166671875001 0.7075 0.8629166671874999 0.6975 0.8345833328125 0.683125 0.8133333328125 0.6747916671875 0.8058333328125 0.6610416671875 0.8008333328124999 0.641875 0.8025
0 0.7458333328125 0.8162499999999999 0.7554166671875 0.8370833328125 0.7625 0.8629166671874999 0.7654166671875 0.8845833328125 0.76625 0.91625 0.7729166671875001 0.9220833328125 0.7760416671875 0.9199999999999999 0.7791666671875 0.9095833328125 0.7829166671875 0.8795833328124999 0.7837500000000001 0.8620833328125 0.7808333328125 0.82875 0.7758333328125 0.8120833328125 0.7652083328125 0.7891666671875 0.756875 0.7775000000000001 0.753125 0.7775000000000001 0.7458333328125 0.8162499999999999
0 0.7241666671875 0.5587500000000001 0.7291666671875 0.5829166671875 0.7308333328125001 0.6220833328125 0.72875 0.6470833328125 0.734375 0.6566666671875 0.749375 0.6725 0.7533333328125 0.67375 0.7591666671875 0.6554166671874999 0.7616666671875 0.6395833328125 0.7616666671875 0.6104166671875 0.75875 0.5904166671875 0.7533333328125 0.57125 0.7402083328125 0.5458333328125 0.7302083328125 0.5375 0.720625 0.5366666671875 0.7183333328125 0.5429166671875 0.7241666671875 0.5587500000000001
0 0.7327083328125 0.5383333328125001 0.7414583328125001 0.5466666671875 0.7454166671875 0.54625 0.7491666671874999 0.5370833328125 0.7504166671875 0.5279166671875 0.7491666671874999 0.48541666718750004 0.7416666671875001 0.45541666718749996 0.7318749999999999 0.4375 0.725625 0.4325 0.7179166671874999 0.4479166671875 0.7229166671875 0.4845833328125 0.7195833328125001 0.5337500000000001 0.7327083328125 0.5383333328125001
0 0.7079166671875 0.30625 0.718125 0.3241666671875 0.7266666671875 0.3295833328125 0.73 0.32458333281249996 0.73125 0.3154166671875 0.73125 0.2979166671875 0.7275 0.27291666718749996 0.7164583328125 0.24583333281250003 0.7060416671875 0.23333333281250002 0.6985416671875 0.2308333328125 0.6958333328124999 0.26125 0.7033333328125 0.2804166671875 0.7079166671875 0.30625
0 0.7195833328125001 0.2470833328125 0.7220833328125 0.2445833328125 0.7208333328125 0.20208333281250002 0.7162499999999999 0.1845833328125 0.7106250000000001 0.17250000000000001 0.7027083328125 0.1616666671875 0.6985416671875 0.16 0.6916666671875 0.1920833328125 0.69625 0.21125 0.6979166671875 0.2270833328125 0.7195833328125001 0.2470833328125
0 0.7141666671875 0.1770833328125 0.7166666671875 0.1654166671875 0.7166666671875 0.14875 0.71375 0.1295833328125 0.7060416671875 0.10833333281249999 0.6902083328125 0.0933333328125 0.68875 0.1020833328125 0.6929166671875 0.11041666718750001 0.6966666671875 0.12625 0.69875 0.1570833328125 0.7141666671875 0.1770833328125
0 0.6891666671875 0.0904166671875 0.7070833328125 0.1070833328125 0.7104166671875001 0.0929166671875 0.7108333328125 0.0745833328125 0.70625 0.0479166671875 0.7002083328125 0.0358333328125 0.694375 0.03 0.6839583328125001 0.024166667187499997 0.676875 0.0258333328125 0.6745833328125 0.0395833328125 0.6849999999999999 0.06625 0.6891666671875 0.0904166671875
0 0.7610416671875 0.06 0.7802083328125 0.06 0.7922916671875 0.0641666671875 0.8010416671874999 0.0725 0.8087500000000001 0.0904166671875 0.8114583328125 0.0883333328125 0.8175000000000001 0.0704166671875 0.8300000000000001 0.0479166671875 0.8291666671875 0.0229166671875 0.8231249999999999 0.0008333328124999999 0.775625 0 0.7689583328125 0.0058333328125 0.7641666671875 0.0154166671875 0.7604166671875 0.03125 0.7610416671875 0.06
0 0.745 0.08375 0.7408333328125 0.10458333281250001 0.7414583328125001 0.1316666671875 0.7610416671875 0.1208333328125 0.771875 0.12250000000000001 0.7885416671875001 0.1358333328125 0.8004166671874999 0.15958333281249998 0.8072916671874999 0.1516666671875 0.8104166671874999 0.14208333281250002 0.8108333328124999 0.10958333281249999 0.8070833328125 0.08791666718749999 0.8041666671875 0.07875 0.7989583328125 0.07083333281250001 0.7839583328125 0.060833332812499995 0.7614583328125 0.0616666671875 0.750625 0.0725 0.745 0.08375
0 0.785625 0.13333333281249998 0.7697916671875 0.12250000000000001 0.7560416671875 0.1233333328125 0.7422916671875 0.1358333328125 0.7308333328125001 0.16458333281249998 0.7279166671875 0.1895833328125 0.72875 0.22125 0.73625 0.2429166671875 0.7383333328125 0.2445833328125 0.7410416671875 0.24333333281249997 0.7547916671875 0.2208333328125 0.7685416671875 0.2108333328125 0.7839583328125 0.20916666718750002 0.8002083328125 0.21833333281249998 0.8020833328125001 0.2054166671875 0.8016666671875001 0.1729166671875 0.8008333328124999 0.16458333281249998 0.79625 0.15125 0.785625 0.13333333281249998
0 0.765625 0.2125 0.7497916671875 0.22749999999999998 0.74 0.24874999999999997 0.735 0.2804166671875 0.7383333328125 0.3145833328125 0.7408333328125 0.3229166671875 0.7454166671875 0.32875 0.759375 0.3075 0.7702083328125 0.2975 0.7885416671875001 0.29333333281249996 0.8039583328125 0.3016666671875 0.80625 0.27375 0.8108333328124999 0.2479166671875 0.8091666671875 0.23625 0.7972916671875 0.21749999999999997 0.7810416671875 0.20916666718750002 0.765625 0.2125
0 0.7479166671875 0.32875 0.7424999999999999 0.35875 0.74375 0.3854166671875 0.7495833328125 0.4029166671875 0.7583333328124999 0.37374999999999997 0.7731250000000001 0.3533333328125 0.7922916671875 0.34249999999999997 0.805625 0.3433333328125 0.8041666671875 0.3054166671875 0.7922916671875 0.29500000000000004 0.7802083328125 0.2941666671875 0.7672916671875 0.3 0.755625 0.3133333328125 0.7479166671875 0.32875
0 0.8081250000000001 0.3458333328125 0.7952083328125 0.34249999999999997 0.7760416671875 0.3516666671875 0.7602083328125 0.3716666671875 0.7533333328125 0.39125 0.75 0.41541666718750003 0.7520833328125 0.4529166671875 0.7575000000000001 0.48208333281250004 0.765625 0.5025000000000001 0.7733333328125 0.51125 0.790625 0.4933333328125 0.8064583328125 0.48666666718749996 0.8243750000000001 0.4858333328125 0.8258333328124999 0.4829166671875 0.8283333328125 0.43958333281249995 0.8379166671875 0.40791666718749997 0.8383333328125 0.39958333281249997 0.83625 0.3904166671875 0.8277083328125 0.3708333328125 0.8081250000000001 0.3458333328125
0 0.8252083328125 0.4875 0.8114583328125 0.4858333328125 0.788125 0.49583333281249997 0.7764583328125 0.51 0.7666666671875 0.5345833328125 0.7641666671875 0.5570833328125 0.7654166671875 0.5979166671875 0.7766666671875 0.6404166671875 0.7849999999999999 0.6554166671874999 0.8006249999999999 0.6291666671875 0.8114583328125 0.6191666671875 0.8247916671875 0.6158333328125 0.8427083328125 0.6233333328125 0.8462500000000001 0.6204166671875 0.8441666671875 0.5829166671875 0.8479166671874999 0.5545833328125 0.8345833328125 0.5254166671875 0.8279166671875 0.4920833328125 0.8252083328125 0.4875
0 0.7858333328125 0.6587500000000001 0.78 0.68625 0.7791666671875 0.7195833328125001 0.7841666671875 0.7545833328125 0.7925 0.7787499999999999 0.7970833328125 0.7829166671875 0.8089583328125001 0.7633333328125 0.8239583328125001 0.75 0.8550000000000001 0.74375 0.8554166671875001 0.70625 0.8608333328125 0.6729166671875 0.846875 0.625 0.8252083328125 0.6166666671875001 0.8122916671875 0.6191666671875 0.7972916671875 0.635 0.7858333328125 0.6587500000000001
0 0.8552083328125001 0.7633333328125 0.8589583328125 0.7725 0.8595833328125 0.7695833328125 0.8591666671875 0.7604166671875 0.8552083328125001 0.7466666671875 0.8410416671875 0.7466666671875 0.8160416671874999 0.7575000000000001 0.8060416671875 0.7683333328125 0.7958333328125 0.7920833328125 0.79125 0.82125 0.7929166671875 0.8612500000000001 0.8012499999999999 0.9112500000000001 0.8074999999999999 0.93125 0.8120833328125 0.9337500000000001 0.8235416671875001 0.9108333328124999 0.8364583328125 0.8975 0.8510416671875 0.8891666671875 0.8712500000000001 0.8895833328125 0.8712500000000001 0.8470833328125 0.8754166671875 0.8154166671875 0.8670833328124999 0.79375 0.8550000000000001 0.7745833328125 0.85375 0.7679166671875 0.8552083328125001 0.7633333328125
0 0.8791666671874999 1 0.88125 0.9970833328125 0.8866666671875001 0.9720833328125 0.8866666671875001 0.9645833328125001 0.8779166671875 0.9345833328125 0.8733333328124999 0.89625 0.8710416671875001 0.8916666671875 0.8502083328125 0.89 0.8272916671875 0.9066666671875 0.8129166671875 0.9337500000000001 0.8079166671875001 0.9579166671875001 0.80625 0.98125 0.8081250000000001 1 0.8791666671874999 1
0 0.931875 0.9191666671875 0.9464583328125 0.9183333328125001 0.9602083328125 0.9216666671875 0.9731249999999999 0.9283333328125 0.9814583328125 0.9366666671875 0.9845833328125 0.9304166671875 0.9879166671874999 0.9129166671875 0.99 0.8895833328125 0.99 0.8637499999999999 0.9870833328125 0.8387499999999999 0.9779166671875 0.8079166671875001 0.9714583328125 0.795 0.9539583328125 0.775 0.9414583328124999 0.7683333328125 0.928125 0.7658333328125 0.9147916671875 0.7666666671875 0.9018750000000001 0.7741666671874999 0.8860416671875001 0.7941666671875 0.8770833328125001 0.8154166671875 0.87375 0.8304166671875001 0.8716666671875 0.8462500000000001 0.8712500000000001 0.86875 0.8729166671874999 0.8920833328125 0.8783333328125 0.92875 0.8825 0.9479166671874999 0.8864583328125001 0.9566666671874999 0.8904166671875 0.9570833328124999 0.8945833328124999 0.9487500000000001 0.8910416671875 0.9441666671875 0.8860416671875001 0.9441666671875 0.885 0.9404166671875 0.8864583328125001 0.9341666671875 0.8902083328125 0.9391666671875001 0.8943749999999999 0.93 0.8985416671875001 0.9416666671874999 0.914375 0.9266666671875001 0.931875 0.9191666671875
0 1 1 0.9991666671875 0.9720833328125 0.9949999999999999 0.9604166671875 0.983125 0.9391666671875001 0.9668749999999999 0.925 0.9485416671875001 0.9191666671875 0.9214583328125 0.9225 0.9052083328125 0.9358333328124999 0.89125 0.9595833328125 0.8816666671875 0.9962500000000001 0.8827083328124999 1 1 1
0 0.94625 0.6720833328125 0.9360416671875 0.6525000000000001 0.9185416671875 0.6341666671875 0.8985416671875001 0.6308333328125 0.8860416671875001 0.6366666671875 0.8760416671875 0.6466666671875 0.8633333328124999 0.6704166671875 0.8595833328125 0.6820833328125 0.8558333328125001 0.7054166671875 0.85625 0.74125 0.8666666671875 0.7929166671875 0.8747916671875 0.8125 0.8766666671875001 0.8120833328125 0.8785416671874999 0.8116666671875 0.890625 0.7858333328125 0.9089583328125 0.7691666671874999 0.928125 0.7658333328125 0.9439583328125 0.7691666671874999 0.9522916671875 0.7741666671874999 0.9558333328125 0.7720833328125 0.9566666671874999 0.72875 0.95375 0.69875 0.94625 0.6720833328125
0 0.9420833328124999 0.6120833328125 0.9404166671875 0.5770833328125 0.9391666671875001 0.5662499999999999 0.9333333328125001 0.5479166671875 0.923125 0.5258333328125 0.906875 0.5091666671875 0.8864583328125001 0.5066666671875 0.8768750000000001 0.5116666671875 0.8689583328125 0.52 0.8529166671875 0.54375 0.845 0.5754166671875 0.8441666671875 0.5970833328125 0.8462500000000001 0.61875 0.8520833328125 0.6445833328125 0.85875 0.6654166671875 0.8633333328124999 0.6704166671875 0.8677083328125 0.6591666671875 0.8772916671875001 0.645 0.8856249999999999 0.6366666671875 0.8985416671875001 0.63 0.9139583328124999 0.6308333328125 0.9252083328125 0.6391666671875 0.9335416671875001 0.65 0.9375 0.6504166671875 0.9408333328125 0.63375 0.9420833328124999 0.6120833328125
0 0.909375 0.40083333281250005 0.9060416671875 0.3991666671875 0.900625 0.3891666671875 0.8839583328125 0.375 0.8689583328125 0.375 0.8514583328124999 0.3858333328125 0.8354166671875 0.4145833328125 0.8283333328125 0.44125 0.8262499999999999 0.46624999999999994 0.8266666671875 0.48624999999999996 0.8358333328124999 0.5279166671875 0.844375 0.545 0.85125 0.54875 0.8572916671874999 0.5341666671875 0.8752083328125 0.5116666671875 0.8864583328125001 0.5058333328125 0.898125 0.505 0.9139583328124999 0.5133333328125 0.9175000000000001 0.5054166671875 0.9204166671875 0.48375 0.9195833328124999 0.45041666718749995 0.9158333328125 0.4254166671875 0.909375 0.40083333281250005
0 0.8452083328125 0.20249999999999999 0.8393750000000001 0.2033333328125 0.826875 0.2133333328125 0.81375 0.2370833328125 0.8070833328125 0.2704166671875 0.8045833328124999 0.3020833328125 0.8054166671875 0.3295833328125 0.8074999999999999 0.34375 0.8260416671874999 0.3641666671875 0.8314583328125 0.37333333281250003 0.835625 0.375 0.843125 0.3883333328125 0.8474999999999999 0.3895833328125 0.8568749999999999 0.3791666671875 0.874375 0.3725 0.8854166671874999 0.34875 0.8941666671874999 0.32125 0.8975 0.29041666718750003 0.8945833328124999 0.25875 0.8847916671875 0.22749999999999998 0.8768750000000001 0.2158333328125 0.8672916671875001 0.20750000000000002 0.8452083328125 0.20249999999999999
0 0.8472916671874999 0.1266666671875 0.828125 0.13 0.8160416671874999 0.1408333328125 0.8058333328125 0.1604166671875 0.8025 0.1770833328125 0.8029166671875 0.2195833328125 0.8120833328125 0.2379166671875 0.8285416671875 0.20916666718750002 0.8393750000000001 0.2033333328125 0.8477083328124999 0.20166666718749998 0.8627083328125 0.205 0.8752083328125 0.2125 0.8770833328125001 0.20375000000000001 0.8770833328125001 0.1870833328125 0.8729166671874999 0.16125 0.8618750000000001 0.1375 0.8472916671874999 0.1266666671875
0 0.868125 0.0158333328125 0.8595833328125 0.0320833328125 0.8591666671875 0.0404166671875 0.8672916671875001 0.05 0.8770833328125001 0.06875 0.88375 0.0904166671875 0.8866666671875001 0.11625 0.9043749999999999 0.10500000000000001 0.9197916671874999 0.1041666671875 0.9237500000000001 0.0920833328125 0.9241666671875001 0.0770833328125 0.9179166671875001 0.04875 0.9089583328125 0.025 0.898125 0.0108333328125 0.8847916671875 0.0058333328125 0.8777083328125 0.0075 0.868125 0.0158333328125
0 0.8129166671875 0.08541666718749999 0.81125 0.0954166671875 0.81125 0.12208333281249999 0.8116666671875 0.13458333281249998 0.8135416671875 0.13999999999999999 0.8160416671874999 0.1408333328125 0.8272916671875 0.1291666671875 0.8489583328125001 0.1266666671875 0.8610416671875001 0.1358333328125 0.8712500000000001 0.1545833328125 0.885 0.12208333281249999 0.8858333328124999 0.1079166671875 0.8829166671875001 0.08625000000000001 0.8783333328125 0.07291666718749999 0.8706250000000001 0.055833332812500004 0.8631249999999999 0.0466666671875 0.849375 0.0408333328125 0.8364583328125 0.045 0.8243750000000001 0.058333332812500006 0.8129166671875 0.08541666718749999
0 0.883125 0.1275 0.8758333328125 0.14875 0.8745833328125 0.1654166671875 0.8775000000000001 0.1829166671875 0.8775000000000001 0.21208333281249997 0.8954166671875001 0.24625 0.9122916671875 0.2216666671875 0.9345833328125 0.20458333281250002 0.9245833328125 0.1854166671875 0.9195833328124999 0.1570833328125 0.9216666671875 0.1329166671875 0.9279166671875 0.1179166671875 0.9247916671875 0.1108333328125 0.9127083328125 0.10500000000000001 0.8952083328124999 0.1108333328125 0.883125 0.1275
0 1 0.09125 0.9922916671875001 0.0716666671875 0.9810416671875 0.055833332812500004 0.9610416671875001 0.052500000000000005 0.9522916671875 0.0566666671875 0.9404166671875 0.07958333281249999 0.9329166671875001 0.10958333281249999 0.9220833328125 0.13374999999999998 0.9195833328124999 0.15125 0.9229166671875 0.1770833328125 0.9268750000000001 0.19 0.9393750000000001 0.2066666671875 0.960625 0.21833333281249998 0.9816666671875 0.2179166671875 0.993125 0.2066666671875 1 0.1879166671875 1 0.09125
0 0.9256249999999999 0.2116666671875 0.9072916671875 0.22833333281249998 0.8991666671875 0.24375 0.8954166671875001 0.2595833328125 0.8975 0.2754166671875 0.8979166671875 0.3129166671875 0.9043749999999999 0.3291666671875 0.9099999999999999 0.33541666718749996 0.920625 0.3183333328125 0.938125 0.3066666671875 0.9535416671875 0.30583333281249997 0.9689583328125 0.3133333328125 0.9754166671875 0.27375 0.9720833328125 0.2504166671875 0.9679166671875 0.2370833328125 0.9589583328125 0.2216666671875 0.9414583328124999 0.20916666718750002 0.9256249999999999 0.2116666671875
0 0.9070833328125 0.3429166671875 0.9033333328125 0.35875 0.9029166671875 0.3770833328125 0.9097916671874999 0.39 0.91375 0.3895833328125 0.921875 0.37 0.9377083328125 0.3508333328125 0.9522916671875 0.3433333328125 0.9702083328125 0.3433333328125 0.9691666671875 0.3179166671875 0.9560416671875 0.3066666671875 0.9422916671875001 0.30583333281249997 0.9264583328124999 0.3133333328125 0.9172916671875001 0.3233333328125 0.9070833328125 0.3429166671875
0 1 0.3804166671875 0.9914583328125 0.3608333328125 0.9839583328125 0.3525 0.9652083328125001 0.3433333328125 0.953125 0.3433333328125 0.9427083328125001 0.34750000000000003 0.9327083328124999 0.35583333281249996 0.9222916671875 0.3708333328125 0.9129166671875 0.39375 0.9116666671875 0.4095833328125 0.9166666671874999 0.42625 0.9191666671875 0.4454166671875 0.92125 0.49375 0.9335416671875001 0.515 0.9454166671875001 0.5204166671875 0.9525 0.49625 0.965625 0.4733333328125 0.9802083328125001 0.46166666718749994 0.9893750000000001 0.4583333328125 1 0.45958333281249997 1 0.3804166671875
0 0.96125 0.6329166671875 0.9802083328125001 0.6066666671875 1 0.5920833328125 0.9997916671875 0.4608333328125 0.9860416671875001 0.45999999999999996 0.9685416671875 0.47083333281249995 0.9533333328125 0.49458333281250005 0.94625 0.5179166671875 0.9416666671874999 0.5645833328125 0.9495833328125001 0.6095833328125 0.96125 0.6329166671875
0 0.9691666671875 0.7645833328125 0.9770833328125 0.7737499999999999 0.98375 0.7537499999999999 1 0.7279166671875 0.9997916671875 0.5925 0.9822916671874999 0.605 0.9689583328125 0.6216666671875 0.9616666671875 0.63875 0.9558333328125 0.6654166671875 0.95375 0.6954166671875 0.9591666671875 0.7370833328125 0.9691666671875 0.7645833328125