0 0.29100000000000004 0.8167500000000001 0.2946666671875 0.81925 0.3046666671875 0.8225 0.31066666718749997 0.82825 0.32799999999999996 0.8355 0.3343333328125 0.84175 0.348 0.8470000000000001 0.3593333328125 0.8564999999999999 0.367 0.85975 0.42766666718749996 0.874 0.4583333328125 0.876 0.48200000000000004 0.87525 0.49400000000000005 0.873 0.5396666671875 0.8622500000000001 0.5636666671875 0.8539999999999999 0.5793333328125 0.84975 0.5953333328125 0.84275 0.6316666671875 0.82025 0.6576666671875 0.8095000000000001 0.6683333328125001 0.80275 0.686 0.7847500000000001 0.6986666671874999 0.76825 0.7106666671874999 0.7497499999999999 0.722 0.7230000000000001 0.726 0.71025 0.729 0.6872499999999999 0.7253333328125 0.644 0.7223333328125 0.6295 0.7133333328125 0.6035 0.709 0.5934999999999999 0.6956666671875 0.571 0.6843333328125001 0.55625 0.6713333328125 0.54325 0.657 0.53325 0.6463333328124999 0.5237499999999999 0.6213333328124999 0.5117499999999999 0.6096666671875 0.5037499999999999 0.5786666671875 0.4885 0.5476666671875 0.47850000000000004 0.5356666671875 0.476 0.4956666671875 0.47000000000000003 0.45999999999999996 0.46775 0.442 0.46799999999999997 0.4046666671875 0.471 0.37033333281249997 0.47850000000000004 0.3406666671875 0.4875 0.32799999999999996 0.4925 0.3083333328125 0.50275 0.294 0.51225 0.2723333328125 0.52925 0.2533333328125 0.54825 0.238 0.5700000000000001 0.2316666671875 0.5825 0.2136666671875 0.622 0.20633333281250002 0.64625 0.1993333328125 0.68075 0.1993333328125 0.6865 0.2033333328125 0.69725 0.20633333281250002 0.714 0.20800000000000002 0.7162499999999999 0.21433333281250003 0.71925 0.2176666671875 0.7224999999999999 0.2236666671875 0.7325 0.229 0.7457499999999999 0.23866666718750001 0.76225 0.26 0.78675 0.2853333328125 0.8087500000000001 0.29100000000000004 0.8167500000000001
0 0.7436666671875 0.9205 0.754 0.9275 0.771 0.9349999999999999 0.7823333328125 0.9390000000000001 0.8113333328125 0.9445 0.8563333328124999 0.94725 0.876 0.94575 0.9086666671874999 0.93775 0.9296666671875 0.9279999999999999 0.9349999999999999 0.925 0.951 0.91225 0.961 0.901 0.9710000000000001 0.88475 0.974 0.87375 0.975 0.8640000000000001 0.9743333328125001 0.85175 0.9720000000000001 0.8400000000000001 0.9653333328124999 0.82075 0.9523333328125 0.798 0.9369999999999999 0.783 0.9183333328125001 0.7705 0.8943333328125 0.75975 0.8806666671875 0.75575 0.8523333328125 0.7515 0.7983333328125 0.74675 0.7823333328125 0.747 0.7676666671875 0.75175 0.7576666671875001 0.75925 0.742 0.7645 0.739 0.767 0.7363333328125 0.77175 0.727 0.77725 0.7226666671875 0.78425 0.7146666671874999 0.79 0.7103333328125 0.79925 0.7093333328125 0.80975 0.7173333328125 0.8182499999999999 0.726 0.83025 0.7286666671875001 0.83675 0.7296666671875001 0.8445 0.7293333328125 0.8494999999999999 0.7216666671875 0.8605 0.7143333328125 0.8744999999999999 0.714 0.8872500000000001 0.716 0.892 0.7206666671875 0.8995 0.7436666671875 0.9205
0 0.805 0.7495 0.8473333328124999 0.7525000000000001 0.8826666671875 0.75725 0.8996666671875 0.7555 0.9236666671875 0.74725 0.9386666671875 0.74075 0.952 0.73325 0.9663333328125001 0.7224999999999999 0.982 0.7025 0.9890000000000001 0.6837500000000001 0.9916666671875 0.6719999999999999 0.9916666671875 0.6665 0.9886666671875 0.6445000000000001 0.9846666671875001 0.6305 0.9800000000000001 0.61975 0.9710000000000001 0.60625 0.9463333328125 0.58575 0.925 0.57225 0.907 0.56525 0.8766666671875001 0.55575 0.8623333328125 0.553 0.8456666671875 0.55325 0.8210000000000001 0.55725 0.7953333328125 0.5627500000000001 0.7793333328125 0.568 0.7636666671875 0.5765 0.7576666671875001 0.583 0.7446666671875 0.593 0.7273333328125 0.61225 0.7233333328125 0.61875 0.7230000000000001 0.62225 0.7303333328125 0.65525 0.7313333328125 0.6695 0.7303333328125 0.69725 0.7336666671875001 0.70675 0.7383333328125 0.7122499999999999 0.7466666671875 0.7184999999999999 0.7526666671875 0.7255 0.7596666671875 0.731 0.771 0.7382500000000001 0.7933333328125001 0.74725 0.805 0.7495
0 0.7286666671875001 0.5625 0.733 0.56425 0.773 0.56725 0.7993333328125 0.56175 0.8230000000000001 0.5587500000000001 0.8516666671875001 0.5515 0.8619999999999999 0.54725 0.8716666671875 0.54025 0.883 0.5347500000000001 0.8976666671875 0.521 0.9063333328125 0.50725 0.9103333328125001 0.49524999999999997 0.9123333328125 0.484 0.9113333328125 0.46775 0.9076666671875 0.45475000000000004 0.9019999999999999 0.4415 0.889 0.42000000000000004 0.8733333328124999 0.40374999999999994 0.8550000000000001 0.391 0.8296666671875 0.3775 0.8106666671875 0.37025 0.7966666671875 0.3685 0.755 0.3685 0.7336666671875001 0.371 0.7183333328125 0.376 0.6966666671875 0.3875 0.678 0.4025 0.665 0.4185 0.6566666671875 0.44075 0.6566666671875 0.45425000000000004 0.6623333328125 0.46799999999999997 0.6643333328125001 0.485 0.6703333328125 0.5135 0.673 0.5205 0.6766666671875 0.525 0.6826666671875 0.5287499999999999 0.6916666671875 0.5385 0.6973333328125 0.541 0.7073333328125 0.54875 0.7216666671875 0.55625 0.7286666671875001 0.5625
0 0.6296666671875 0.383 0.6536666671875 0.37075 0.6593333328125001 0.36625 0.6683333328125001 0.356 0.6746666671875 0.3415 0.6763333328125001 0.32825000000000004 0.6676666671875 0.2785 0.6639999999999999 0.26525 0.6583333328125 0.25375000000000003 0.65 0.24275000000000002 0.6426666671875 0.238 0.632 0.23500000000000001 0.6143333328125 0.23424999999999999 0.516 0.23424999999999999 0.47466666718750006 0.23500000000000001 0.46266666718750005 0.23700000000000002 0.45366666718750004 0.24175 0.44333333281250004 0.25325000000000003 0.43666666718749997 0.26325 0.4313333328125 0.27925 0.429 0.29700000000000004 0.4286666671875 0.331 0.4306666671875 0.3415 0.43899999999999995 0.3565 0.45199999999999996 0.36974999999999997 0.4693333328125 0.38375 0.4883333328125 0.39449999999999996 0.496 0.39725 0.5156666671875 0.399 0.5743333328125 0.3995 0.5820000000000001 0.399 0.5953333328125 0.396 0.6296666671875 0.383
0 0.3566666671875 0.39975 0.37266666718749997 0.39375 0.3866666671875 0.3855 0.3953333328125 0.379 0.40833333281249995 0.36625 0.41566666718749995 0.35375 0.42133333281249996 0.317 0.42133333281249996 0.29925 0.41900000000000004 0.27725 0.41566666718749995 0.26549999999999996 0.40766666718750005 0.251 0.398 0.24125000000000002 0.3916666671875 0.238 0.351 0.23725000000000002 0.23033333281249999 0.23825 0.2146666671875 0.2405 0.20600000000000002 0.24525000000000002 0.1956666671875 0.258 0.1853333328125 0.28125 0.1823333328125 0.29825 0.182 0.316 0.1853333328125 0.3395 0.1893333328125 0.35275 0.19766666718749998 0.36724999999999997 0.215 0.3825 0.2306666671875 0.39175 0.24100000000000002 0.39675 0.25633333281250004 0.40099999999999997 0.284 0.40599999999999997 0.3213333328125 0.40625 0.33366666718750004 0.40525 0.3566666671875 0.39975
0 0 0.4095 0.0113333328125 0.4135 0.0366666671875 0.41974999999999996 0.0796666671875 0.4215 0.0933333328125 0.41974999999999996 0.12833333281249998 0.40925 0.152 0.39449999999999996 0.16799999999999998 0.382 0.18 0.36675 0.1833333328125 0.35775 0.184 0.34225 0.1796666671875 0.29825 0.177 0.28500000000000003 0.172 0.2745 0.16399999999999998 0.26775000000000004 0.1593333328125 0.2605 0.1556666671875 0.25725 0.13899999999999998 0.248 0.1243333328125 0.2425 0.11100000000000002 0.24125000000000002 0.0356666671875 0.24125000000000002 0.0123333328125 0.24225 0.0003333328125 0.2455 0 0.325 0.001 0.33225 0 0.33525 0 0.4095
0 0.08359375 0.51328125 0.1640625 0.1859375
0 0.546875 0.46484375 0.2375 0.1296875
0 0.79453125 0.30078125 0.2484375 0.13125
0 0.92734375 0.3484375 0.1453125 0.1953125