0 0.5380859375 0.4321785078125 0.5212890625 0.422196125 0.5033203125 0.41749853124999997 0.4935546875 0.41691133281250004 0.4904296875 0.4186729296875 0.4755859375 0.41338813906249994 0.4580078125 0.4110393421875 0.4392578125 0.41691133281250004 0.4318359375 0.41691133281250004 0.4267578125 0.4204345265625 0.4197265625 0.4204345265625 0.4119140625 0.42571931875 0.3740234375 0.439812096875 0.3662109375 0.4439224890625 0.3521484375 0.45625367031249997 0.34296875 0.4700528484375 0.340625 0.4776864359375 0.340625 0.48590722187499996 0.345703125 0.5076335875 0.34140625 0.517615971875 0.3421875 0.5287727546875 0.3693359375 0.5731062828125 0.3802734375 0.584263065625 0.4083984375 0.603640634375 0.451171875 0.60510863125 0.4787109375 0.59718144375 0.5009765625 0.584263065625 0.5185546875 0.5695830890625 0.5365234375 0.5496183203125 0.54375 0.5346447453125001 0.554296875 0.4894304171875 0.558984375 0.47651203750000004 0.559765625 0.4694656484375 0.5578125 0.453611275 0.5380859375 0.4321785078125
0 0.3763671875 1 0.378515625 0.9961832062499999 0.369140625 0.9726952437499999 0.3529296875 0.9448032890625001 0.3298828125 0.916030534375 0.3193359375 0.907809746875 0.3056640625 0.8990017609375001 0.2818359375 0.890780975 0.2337890625 0.8878449796875 0.2162109375 0.8972401640625 0.1974609375 0.9036993546875 0.1775390625 0.9224897234375 0.1642578125 0.939518496875 0.159765625 0.9462712859375 0.1546875 0.9603640640625001 0.149609375 0.986200821875 0.149609375 0.9991192015625 0.1517578125 1 0.15703125 1 0.3720703125 1 0.3763671875 1
0 0.4306640625 1 0.43359375 0.9973576046874999 0.4390625 0.9715208453124999 0.4390625 0.9421608921875 0.430859375 0.908103346875 0.420703125 0.881092190625 0.41015625 0.859365825 0.3927734375 0.8344098656250001 0.3759765625 0.8209042859375 0.3541015625 0.8091603046875001 0.3279296875 0.806224309375 0.2900390625 0.8132706984375 0.2712890625 0.8203170875 0.2498046875 0.8349970640625 0.237890625 0.849383440625 0.229296875 0.87874339375 0.2294921875 0.8860833828124999 0.2802734375 0.889019378125 0.2982421875 0.89430416875 0.3134765625 0.9019377562500001 0.3294921875 0.9136817374999999 0.3537109375 0.9430416906250001 0.368359375 0.9679976515625001 0.373828125 0.9832648265625 0.3818359375 0.9988256015625 0.411328125 1 0.4306640625 1
0 0.5373046875 0.8073987078125 0.5072265625 0.8027011156249999 0.4845703125 0.8079859078125 0.483203125 0.8153258953125 0.488671875 0.8405754546875001 0.488671875 0.872871403125 0.469921875 0.9310041109375 0.4703125 0.93335290625 0.4990234375 0.931884909375 0.5291015625 0.9377568999999999 0.5525390625 0.9518496765625001 0.573046875 0.9832648265625 0.5783203125 0.978860834375 0.5890625 0.9597768640625001 0.5921875 0.9345273046875 0.59140625 0.9004697593750001 0.589453125 0.8846153843750001 0.58671875 0.8716970046875 0.575390625 0.8423370515625 0.5587890625 0.8209042859375 0.5494140625 0.8132706984375 0.5373046875 0.8073987078125
0 0.4443359375 0.7492660015625 0.4275390625 0.7416324140625 0.4041015625 0.739870815625 0.3755859375 0.7498532 0.3576171875 0.7610099828125 0.3408203125 0.7780387546875 0.331640625 0.7906635343749999 0.3296875 0.7953611281249999 0.3306640625 0.8027011156249999 0.3560546875 0.8079859078125 0.3884765625 0.827950675 0.4001953125 0.8420434531250001 0.411328125 0.859365825 0.420703125 0.8781561953124999 0.43203125 0.9086905468750001 0.440625 0.9462712859375 0.4431640625 0.94950088125 0.447265625 0.94920728125 0.4611328125 0.9406928953125 0.469140625 0.931591309375 0.485546875 0.8846153843750001 0.4875 0.8740458015625 0.48828125 0.8435114499999999 0.48125 0.8029947156249999 0.474609375 0.7842043453125 0.4677734375 0.7721667640625001 0.4544921875 0.7568995890625 0.4443359375 0.7492660015625
0 0.569921875 1 0.572265625 0.998532003125 0.57109375 0.9838520265625 0.56328125 0.9679976515625001 0.5505859375 0.9512624781250001 0.5279296875 0.9383440984375 0.4998046875 0.9330593078125 0.4705078125 0.9371696999999999 0.4462890625 0.9518496765625001 0.44140625 0.9586024656250001 0.4359375 0.9897240171874999 0.436328125 0.998532003125 0.4408203125 1 0.569921875 1
0 0.68671875 1 0.688671875 0.9967704046874999 0.68359375 0.975044040625 0.6734375 0.9521432765625001 0.6572265625 0.9277745156250001 0.6451171875 0.9148561359375 0.6224609375 0.8990017609375001 0.5974609375 0.89430416875 0.592578125 0.896359365625 0.59296875 0.93394010625 0.591015625 0.95684086875 0.582421875 0.9773928359375 0.576171875 0.9873752203124999 0.575 0.9926600125 0.5759765625 0.9994128015625 0.5853515625 1 0.68671875 1
0 0.6365234375 0.7974163234375 0.5994140625 0.7921315328125 0.5767578125 0.7974163234375 0.55703125 0.814151496875 0.5580078125 0.8203170875 0.5677734375 0.830299471875 0.576953125 0.8435114499999999 0.585546875 0.8658250140625 0.5923828125 0.8937169703125001 0.6201171875 0.8972401640625 0.6376953125 0.907809746875 0.6595703125 0.9301233124999999 0.6703125 0.9456840874999999 0.68203125 0.9703464468749999 0.68671875 0.9726952437499999 0.69453125 0.94920728125 0.696484375 0.9386376984375 0.698046875 0.9086905468750001 0.697265625 0.8957721671875 0.68828125 0.8681738109375001 0.678515625 0.8452730468749999 0.669921875 0.830005871875 0.6580078125 0.8138578984375 0.6513671875 0.806811509375 0.6365234375 0.7974163234375
0 0.88203125 0.8247210796875001 0.88671875 0.8035819140625 0.8875 0.7906635343749999 0.887109375 0.771873165625 0.8828125 0.7489724015625 0.8685546875 0.7187316499999999 0.8548828125 0.703464475 0.8470703125 0.697592484375 0.8173828125 0.6864357015625 0.8080078125 0.6870229 0.7912109375 0.6946564890625 0.7662109375 0.7193188484374999 0.748046875 0.75425719375 0.742578125 0.7748091609375 0.740234375 0.7953611281249999 0.742578125 0.8323546687500001 0.749609375 0.857017028125 0.75859375 0.873458603125 0.7806640625 0.8995889609375001 0.7951171875 0.9048737515624999 0.812890625 0.90634175 0.8216796875 0.904286553125 0.8275390625 0.8995889609375001 0.8373046875 0.896065765625 0.8427734375 0.8843217843750001 0.848046875 0.8846153843750001 0.8478515625 0.87844979375 0.8556640625 0.8766881968750001 0.86640625 0.865237815625 0.87421875 0.8505578390625 0.88203125 0.8247210796875001
0 0.6712890625 0.76159718125 0.6501953125 0.7610099828125 0.6392578125 0.763945978125 0.6244140625 0.7709923671875 0.6068359375 0.7844979453125001 0.6037109375 0.7903699359374999 0.6302734375 0.7956547265625 0.6482421875 0.8038755140625 0.6583984375 0.8138578984375 0.67109375 0.8317674687500001 0.682421875 0.8529066359374999 0.69765625 0.896359365625 0.6984375 0.908103346875 0.696875 0.93394010625 0.69921875 0.9362889015625001 0.7130859375 0.9266001171875 0.728515625 0.9051673515624999 0.73515625 0.8928361718750001 0.740234375 0.8740458015625 0.74140625 0.85525543125 0.7359375 0.8253082796875001 0.723828125 0.8006459187500001 0.7041015625 0.77686435625 0.6904296875 0.7686435703125001 0.6712890625 0.76159718125
0 0.6048828125 0.6142102171875 0.5630859375 0.5983558421875 0.5443359375 0.6018790375 0.5181640625 0.614797415625 0.4998046875 0.631238990625 0.4919921875 0.6341749859375 0.4814453125 0.64474456875 0.46015625 0.6808573109375 0.453125 0.6967116859375 0.4453125 0.7295948328125 0.44609375 0.74603640625 0.4658203125 0.767469171875 0.473046875 0.7789195531249999 0.4841796875 0.8032883140625 0.5212890625 0.8021139171874999 0.55546875 0.8123899 0.5865234375 0.7891955375 0.6091796875 0.759835584375 0.629296875 0.7272460359374999 0.63515625 0.7078684671875 0.635546875 0.6978860828125 0.634765625 0.666177334375 0.633203125 0.6597181437499999 0.6265625 0.640927775 0.6169921875 0.625367 0.6048828125 0.6142102171875
0 0.430078125 0.68320610625 0.423046875 0.6608925421875 0.4080078125 0.6376981796875001 0.3841796875 0.6183206109375 0.3767578125 0.615384615625 0.3619140625 0.61303581875 0.3412109375 0.615384615625 0.3228515625 0.6247798 0.3142578125 0.6330005875 0.2921875 0.6673517328125 0.283203125 0.689078096875 0.271484375 0.7254844390625 0.27109375 0.7665883734375 0.273828125 0.7789195531249999 0.2779296875 0.7839107453125 0.2982421875 0.7839107453125 0.3265625 0.7941867296875 0.3392578125 0.7780387546875 0.3560546875 0.7610099828125 0.3654296875 0.7545507921875 0.3822265625 0.74574280625 0.4009765625 0.7392836171875 0.4166015625 0.73869641875 0.4236328125 0.7410452140625 0.42734375 0.73781561875 0.431640625 0.7090428656250001 0.430078125 0.68320610625
0 0.2701171875 0.7856723421875 0.2494140625 0.79271873125 0.2380859375 0.8003523187500001 0.2298828125 0.8091603046875001 0.216796875 0.827657075 0.209765625 0.8429242515625001 0.209375 0.8487962421875 0.2111328125 0.8502642390625 0.23359375 0.8517322374999999 0.2353515625 0.8514386375 0.2447265625 0.8361714625 0.2556640625 0.828537875 0.2861328125 0.8138578984375 0.3212890625 0.8073987078125 0.3265625 0.8029947156249999 0.326171875 0.797122725 0.3142578125 0.7897827359375 0.2962890625 0.7844979453125001 0.2701171875 0.7856723421875
0 0.23359375 0.8546682328124999 0.2201171875 0.8508514390625 0.1994140625 0.8537874343749999 0.1853515625 0.859659425 0.1642578125 0.8749266 0.148828125 0.8981209625 0.144921875 0.9139753374999999 0.13828125 0.931591309375 0.133203125 0.9539048734375 0.13359375 0.9609512625000001 0.137890625 0.9621256609375 0.1451171875 0.9588960656250001 0.1529296875 0.9588960656250001 0.159375 0.9445096890625001 0.1748046875 0.923664121875 0.1927734375 0.9060481499999999 0.2001953125 0.9007633593750001 0.2189453125 0.89489136875 0.2240234375 0.8913681734375001 0.23359375 0.8611274218749999 0.23359375 0.8546682328124999
0 0.14609375 1 0.148046875 0.9991192015625 0.149609375 0.9838520265625 0.15390625 0.9679976515625001 0.154296875 0.9615384609375001 0.1521484375 0.9588960656250001 0.1466796875 0.9588960656250001 0.1294921875 0.9653552546874999 0.1087890625 0.9853200234375 0.101953125 0.9967704046874999 0.1041015625 1 0.14609375 1
0 0.077734375 1 0.0837890625 0.998238403125 0.085546875 0.9914856140625 0.08359375 0.9609512625000001 0.08046875 0.9421608921875 0.066796875 0.90281855625 0.0533203125 0.8849089843750001 0.0392578125 0.87140340625 0.0142578125 0.857897828125 0.0001953125 0.85554903125 0 1 0.077734375 1
0 0.072265625 0.9086905468750001 0.072265625 0.915736934375 0.0828125 0.9486200828125 0.08671875 0.9791544328124999 0.087109375 0.9961832062499999 0.0896484375 1 0.09921875 0.9997064 0.1091796875 0.9853200234375 0.1248046875 0.9706400468749999 0.13046875 0.962712859375 0.1359375 0.9380504984375 0.144140625 0.9139753374999999 0.1439453125 0.9072225484375 0.1330078125 0.9007633593750001 0.1060546875 0.8972401640625 0.0880859375 0.9007633593750001 0.072265625 0.9086905468750001
0 0.0267578125 0.86318261875 0.0466796875 0.8772753968749999 0.07109375 0.9075161484375001 0.0974609375 0.8978273640625 0.1203125 0.896359365625 0.1134765625 0.8849089843750001 0.0982421875 0.8684674109375001 0.0791015625 0.8561362296875 0.0607421875 0.8514386375 0.0447265625 0.8508514390625 0.0279296875 0.8549618328124999 0.01953125 0.8605402234374999 0.0267578125 0.86318261875
0 0.0994140625 0.7709923671875 0.0845703125 0.763358778125 0.0685546875 0.7604227828125001 0.0455078125 0.7610099828125 0.0310546875 0.763945978125 0.0123046875 0.7727539640625001 0 0.78479154375 0.0005859375 0.8543746328124999 0.0205078125 0.857897828125 0.0392578125 0.8508514390625 0.0583984375 0.8502642390625 0.0783203125 0.85554903125 0.0982421875 0.8678802109375001 0.1236328125 0.8972401640625 0.141796875 0.90281855625 0.1451171875 0.9019377562500001 0.15859375 0.87874339375 0.159765625 0.8740458015625 0.15859375 0.85584263125 0.15625 0.84409865 0.1484375 0.8270698765625 0.1302734375 0.796829125 0.1201171875 0.7862595421874999 0.1115234375 0.7815619500000001 0.0994140625 0.7709923671875
0 0.2337890625 0.6400469765625 0.2240234375 0.631238990625 0.1974609375 0.614797415625 0.1787109375 0.6124486203124999 0.1564453125 0.615384615625 0.1244140625 0.6259541984375 0.1154296875 0.6335877859375 0.10703125 0.6456253671875001 0.101953125 0.6561949499999999 0.096484375 0.67557251875 0.094140625 0.689665296875 0.09375 0.7084556671875 0.099609375 0.7372284203125 0.109765625 0.7648267765625001 0.1251953125 0.7891955375 0.1349609375 0.8003523187500001 0.1548828125 0.8156194953125 0.1720703125 0.8214914859375 0.188671875 0.8229594828125 0.2087890625 0.8097475046874999 0.2349609375 0.8003523187500001 0.24609375 0.7883147390625 0.255078125 0.7683499703125001 0.258203125 0.7507339984375 0.260546875 0.7178508515625001 0.26015625 0.6943628890625 0.258203125 0.681444509375 0.250390625 0.6626541390625 0.2337890625 0.6400469765625
0 0.1814453125 0.8344098656250001 0.16953125 0.85584263125 0.165625 0.8664122140625 0.1662109375 0.8696418078124999 0.16953125 0.8699354078124999 0.1912109375 0.8561362296875 0.2037109375 0.8532002343749999 0.2087890625 0.849677040625 0.2125 0.8347034640625 0.23203125 0.807105109375 0.2279296875 0.8038755140625 0.2189453125 0.806811509375 0.2056640625 0.8120963 0.1919921875 0.822078684375 0.1814453125 0.8344098656250001
0 0.148828125 0.55108631875 0.1388671875 0.5361127421874999 0.1302734375 0.5273047562500001 0.1126953125 0.5149735765625 0.0951171875 0.5085143859375 0.0728515625 0.5049911921875 0.0626953125 0.506165590625 0.0361328125 0.521432765625 0.0263671875 0.5302407515625001 0.01875 0.5405167359374999 0.009375 0.564004696875 0.00703125 0.5769230765625 0.00625 0.5904286546875 0.008203125 0.6139166171875 0.01484375 0.65267175625 0.023046875 0.669700528125 0.0349609375 0.6870229 0.0623046875 0.7075748671875 0.090625 0.7113916625 0.093359375 0.70728126875 0.0953125 0.677334115625 0.103125 0.65208455625 0.1126953125 0.63652378125 0.1228515625 0.626541396875 0.1603515625 0.61303581875 0.162109375 0.6080446265624999 0.160546875 0.5851438640625 0.15546875 0.5657662953125 0.148828125 0.55108631875
0 0.0193359375 0.6881972984375 0.0017578125 0.689371696875 0 0.6908396953125 0.000390625 0.7830299468749999 0.0158203125 0.76981796875 0.0267578125 0.7645331765625001 0.0533203125 0.759835584375 0.0830078125 0.76159718125 0.08359375 0.7530827953125 0.073828125 0.7272460359374999 0.0623046875 0.7110980625 0.0548828125 0.7040516734375 0.0349609375 0.6905460953125 0.0193359375 0.6881972984375
0 0.3615234375 0.568408690625 0.3421875 0.5322959484374999 0.340625 0.517615971875 0.344140625 0.505871990625 0.34140625 0.4929536109375 0.3353515625 0.48620082187499997 0.3224609375 0.478567234375 0.2904296875 0.47152084531250005 0.2783203125 0.47269524374999994 0.2447265625 0.4832648265625 0.2326171875 0.4932472109375 0.22421875 0.505871990625 0.21875 0.515854375 0.210546875 0.5399295359375 0.20703125 0.5651790953125 0.207421875 0.583969465625 0.219921875 0.62155020625 0.2251953125 0.631238990625 0.2353515625 0.6400469765625 0.2576171875 0.6688197296875 0.2740234375 0.6793893125 0.283203125 0.681444509375 0.3103515625 0.63711098125 0.3216796875 0.6247798 0.3380859375 0.615384615625 0.3451171875 0.61362301875 0.3650390625 0.6124486203124999 0.3810546875 0.614797415625 0.38515625 0.607457428125 0.386328125 0.5963006453124999 0.38515625 0.591603053125 0.3615234375 0.568408690625
0 0.165625 0.5945390484375 0.16328125 0.610980621875 0.1642578125 0.61362301875 0.1787109375 0.6118614203125 0.1958984375 0.61362301875 0.2203125 0.627422196875 0.221484375 0.6250734 0.21640625 0.6145038171875 0.20703125 0.5851438640625 0.20703125 0.5593071046875 0.2109375 0.5369935406249999 0.2080078125 0.5361127421874999 0.1904296875 0.5513799171875 0.178125 0.5669406921875 0.170703125 0.580446271875 0.165625 0.5945390484375
0 0.1314453125 0.439812096875 0.1166015625 0.44098649375 0.0990234375 0.4456840875 0.0880859375 0.45684086874999996 0.07265625 0.48003523125 0.0671875 0.4953024078125 0.066796875 0.5011743984375 0.0681640625 0.50381679375 0.0904296875 0.5067527890625 0.1064453125 0.51145038125 0.1212890625 0.51967116875 0.1341796875 0.5302407515625001 0.1423828125 0.5396359359375 0.15234375 0.556958309375 0.15859375 0.57457428125 0.161328125 0.588079859375 0.16484375 0.5939518500000001 0.173828125 0.5733998828125 0.1833984375 0.55842630625 0.1970703125 0.5437463296875 0.2080078125 0.53552554375 0.210546875 0.5305343515625001 0.205078125 0.513505578125 0.1896484375 0.4850264234375 0.1650390625 0.459189665625 0.1416015625 0.443335290625 0.1314453125 0.439812096875
0 0.1130859375 0.41984732812500003 0.101171875 0.4371697 0.099609375 0.443041690625 0.1017578125 0.4450968875 0.1173828125 0.4403992953125 0.1349609375 0.4403992953125 0.1416015625 0.44274809218750005 0.1626953125 0.45684086874999996 0.1732421875 0.4656488546875 0.1904296875 0.4850264234375 0.198828125 0.49823840312499995 0.212109375 0.525836759375 0.219140625 0.5129183796875 0.223046875 0.49060481562499997 0.21953125 0.466529653125 0.208984375 0.44186729375 0.2005859375 0.4292425125 0.1849609375 0.41338813906249994 0.1654296875 0.40223135625 0.1412109375 0.40223135625 0.1322265625 0.40575455156249995 0.1130859375 0.41984732812500003
0 0.387109375 0.3896065765625 0.380078125 0.373165003125 0.3724609375 0.3623018203125 0.3494140625 0.34409865 0.3380859375 0.3388138578125 0.3220703125 0.3347034640625 0.3099609375 0.3352906640625 0.2908203125 0.3411626546875 0.2755859375 0.3487962421875 0.2599609375 0.36347621874999997 0.2484375 0.3778625953125 0.240234375 0.3919553734375 0.228515625 0.423664121875 0.22578125 0.44245449218750005 0.226953125 0.45713446874999997 0.230859375 0.478860834375 0.235546875 0.4888432171875 0.2544921875 0.478567234375 0.2826171875 0.47152084531250005 0.3103515625 0.4738696421875 0.3376953125 0.4856136234375 0.341796875 0.470640046875 0.3517578125 0.45566647031249996 0.3693359375 0.44098649375 0.391796875 0.4301233125 0.3921875 0.41309453906250004 0.387109375 0.3896065765625
0 0.373046875 0.359659425 0.37109375 0.357310628125 0.369140625 0.3485026421875 0.3603515625 0.33411626562499996 0.3314453125 0.3094539046875 0.3076171875 0.302407515625 0.2931640625 0.3035819140625 0.2787109375 0.30886670625 0.2654296875 0.3188490890625 0.2439453125 0.3411626546875 0.22890625 0.36553141562499997 0.225390625 0.3755137984375 0.22265625 0.392542571875 0.22421875 0.41837933125 0.227734375 0.4301233125 0.230078125 0.41661773281250003 0.244140625 0.38432178437500003 0.2537109375 0.3699354078125 0.2775390625 0.3470346453125 0.3080078125 0.3352906640625 0.3236328125 0.3347034640625 0.3490234375 0.34351145 0.3591796875 0.349970640625 0.3689453125 0.3599530234375 0.373046875 0.359659425
0 0.2431640625 0.26834997031249996 0.2275390625 0.26365237812500003 0.1990234375 0.266001175 0.1708984375 0.2824427484375 0.1626953125 0.2900763359375 0.1546875 0.302701115625 0.149609375 0.3173810921875 0.147265625 0.330299471875 0.14765625 0.35261303593750004 0.15078125 0.3661186140625 0.155078125 0.380798590625 0.1642578125 0.39753376406249996 0.1857421875 0.41162654062500004 0.2041015625 0.4298297125 0.216015625 0.431884909375 0.2208984375 0.43100411093749996 0.223046875 0.427774515625 0.222265625 0.389019378125 0.224609375 0.376688196875 0.231640625 0.357897828125 0.2419921875 0.3423370515625 0.2765625 0.306811509375 0.273828125 0.2962419265625 0.2595703125 0.27774515625 0.2431640625 0.26834997031249996
0 0.14765625 0.29565472656249997 0.1396484375 0.2818555484375 0.1185546875 0.2607163828125 0.1060546875 0.2548443921875 0.0884765625 0.2530827953125 0.0626953125 0.2571931890625 0.0462890625 0.27069876718749997 0.04296875 0.27745155625 0.06171875 0.3038755140625 0.06953125 0.33206106874999997 0.070703125 0.3520258375 0.06953125 0.41015854375 0.0736328125 0.41573693437500003 0.087890625 0.41837933125 0.090625 0.41661773281250003 0.106640625 0.38432178437500003 0.1078125 0.36318261875 0.1115234375 0.3581914265625 0.1185546875 0.35408103281250003 0.12890625 0.3326482671875 0.1373046875 0.321785084375 0.1455078125 0.3153258953125 0.148828125 0.3073987078125 0.14765625 0.29565472656249997
0 0.0751953125 0.2295948328125 0.06484375 0.24867880156250002 0.0640625 0.25396359375 0.0662109375 0.256018790625 0.0958984375 0.2524955953125 0.1064453125 0.25425719375 0.1177734375 0.259541984375 0.1369140625 0.27715795625 0.153125 0.2997651203125 0.1666015625 0.2842043453125 0.191796875 0.26570757500000003 0.19140625 0.2586611859375 0.1849609375 0.248385203125 0.1716796875 0.23194362812499997 0.1568359375 0.2201996484375 0.1345703125 0.209042865625 0.1064453125 0.20786846718750002 0.0873046875 0.21902525 0.0751953125 0.2295948328125
0 0.2501953125 0.181444509375 0.2732421875 0.19318849062500001 0.2802734375 0.19436288906250002 0.2916015625 0.20728126875 0.2982421875 0.209042865625 0.29921875 0.20640047031250003 0.2861328125 0.1867293015625 0.2677734375 0.1726365234375 0.2333984375 0.1673517328125 0.2119140625 0.171462125 0.2017578125 0.17968291249999999 0.196484375 0.1870229 0.19140625 0.19935408125 0.18828125 0.21520845624999999 0.187890625 0.2357604234375 0.189453125 0.24456840937500002 0.19453125 0.2610099828125 0.1962890625 0.26365237812500003 0.200390625 0.263358778125 0.2056640625 0.259541984375 0.2083984375 0.25366999375 0.2146484375 0.247798003125 0.230859375 0.23634762187499997 0.226953125 0.2175572515625 0.2265625 0.19935408125 0.230859375 0.1864357015625 0.2357421875 0.17968291249999999 0.2419921875 0.17850851406249998 0.2501953125 0.181444509375
0 0.3720703125 0.24603640625 0.3580078125 0.260129184375 0.3357421875 0.25425719375 0.3455078125 0.244274809375 0.3576171875 0.23781561875 0.36328125 0.22988843281250002 0.3494140625 0.21726365312499998 0.3380859375 0.21080446249999998 0.3333984375 0.21080446249999998 0.3208984375 0.2196124484375 0.3095703125 0.21726365312499998 0.2896484375 0.20669406875 0.2798828125 0.19436288906250002 0.2431640625 0.1790957140625 0.2376953125 0.1790957140625 0.230078125 0.1870229 0.22734375 0.1946564890625 0.2265625 0.2134468578125 0.230859375 0.23223722812499997 0.2353515625 0.24075161406249998 0.2470703125 0.251908396875 0.2552734375 0.26423957656249997 0.2708984375 0.271285965625 0.2740234375 0.2759835578125 0.2791015625 0.27715795625 0.3029296875 0.2924251328125 0.3115234375 0.29477392812500003 0.3201171875 0.30123311875000003 0.330078125 0.3032883140625 0.3439453125 0.30005872031249997 0.3669921875 0.298884321875 0.3849609375 0.2883147390625 0.3888671875 0.28537874375 0.39375 0.27686435625 0.39765625 0.259835584375 0.397265625 0.25396359375 0.3876953125 0.25366999375 0.3767578125 0.24603640625 0.3720703125 0.24603640625
0 0.47578125 0.3056371109375 0.46796875 0.283323546875 0.4572265625 0.27011156718749996 0.4501953125 0.267762771875 0.4357421875 0.2689371703125 0.4232421875 0.27657075781249996 0.4119140625 0.2883147390625 0.4060546875 0.2859659421875 0.3916015625 0.2877275390625 0.3751953125 0.2959483265625 0.366796875 0.3032883140625 0.363671875 0.318555490625 0.365234375 0.3367586609375 0.371875 0.3485026421875 0.375 0.3620082203125 0.385546875 0.3813857890625 0.393359375 0.4072225484375 0.394921875 0.423664121875 0.396875 0.42660011718749996 0.4158203125 0.4204345265625 0.4462890625 0.396946565625 0.4572265625 0.3775689953125 0.4791015625 0.365237815625 0.4908203125 0.361127421875 0.49765625 0.353200234375 0.5 0.342043453125 0.497265625 0.33382266562499996 0.4865234375 0.3153258953125 0.47578125 0.3056371109375
0 0.4208984375 0.12448620156250001 0.4064453125 0.12918379375 0.3939453125 0.13681738125 0.387109375 0.1459189671875 0.373046875 0.1746917203125 0.36640625 0.1952436875 0.365625 0.224603640625 0.371484375 0.24104521406249999 0.3748046875 0.24486200781249998 0.3880859375 0.251908396875 0.3978515625 0.2507339984375 0.4 0.25396359375 0.40078125 0.26864357031249997 0.40546875 0.279213153125 0.4095703125 0.2818555484375 0.4162109375 0.2818555484375 0.4232421875 0.27480916093749996 0.4357421875 0.267175571875 0.4509765625 0.26658837343749997 0.4595703125 0.271285965625 0.4716796875 0.2883147390625 0.475390625 0.29095713437500004 0.4853515625 0.287140340625 0.4919921875 0.2818555484375 0.49765625 0.2721667640625 0.50859375 0.20874926562499999 0.507421875 0.1887844984375 0.50546875 0.18291250781249999 0.4798828125 0.14327657031250002 0.4654296875 0.1362301828125 0.4435546875 0.1280093953125 0.4208984375 0.12448620156250001
0 0.3302734375 0.08396946562499999 0.3142578125 0.08220786875 0.3029296875 0.08631826249999999 0.2970703125 0.0910158546875 0.2796875 0.11479741562500001 0.273828125 0.13182618906250002 0.27109375 0.1512037578125 0.27109375 0.16588373437499998 0.2740234375 0.17557251875 0.2892578125 0.1884908984375 0.3037109375 0.2113916625 0.3134765625 0.2178508515625 0.321875 0.2181444515625 0.3353515625 0.209042865625 0.3498046875 0.213153259375 0.351171875 0.20170287656250002 0.356640625 0.1805637109375 0.3625 0.16705813281249998 0.375390625 0.14885496250000002 0.37578125 0.138285378125 0.36875 0.11597181406249998 0.3587890625 0.10099823906250001 0.3302734375 0.08396946562499999
0 0.528515625 0.15590135 0.51953125 0.1764533171875 0.519140625 0.1923076921875 0.5205078125 0.1961244859375 0.5412109375 0.197298884375 0.5626953125 0.20845566718750003 0.5740234375 0.2178508515625 0.5939453125 0.2454492078125 0.596875 0.24633000625 0.6193359375 0.2395772171875 0.628515625 0.20874926562499999 0.62734375 0.1905460953125 0.619140625 0.1652965359375 0.6111328125 0.15267175625 0.5923828125 0.1356429828125 0.5689453125 0.1297709921875 0.5466796875 0.138578978125 0.5318359375 0.1509101578125 0.528515625 0.15590135
0 0.51015625 0.20640047031250003 0.505078125 0.24045801562500002 0.5060546875 0.24897240156249997 0.5330078125 0.243687609375 0.5599609375 0.24662360468750003 0.5740234375 0.25366999375 0.596484375 0.2762771578125 0.598046875 0.271579565625 0.596484375 0.2574867875 0.59375 0.248091603125 0.5791015625 0.22431004062499998 0.5650390625 0.21080446249999998 0.5494140625 0.201409278125 0.5380859375 0.197298884375 0.5193359375 0.1984732828125 0.5130859375 0.201409278125 0.51015625 0.20640047031250003
0 0.5572265625 0.24603640625 0.5423828125 0.244274809375 0.5240234375 0.24486200781249998 0.5072265625 0.2501468 0.501953125 0.256312390625 0.498828125 0.27745155625 0.4931640625 0.28479154375000004 0.4853515625 0.2900763359375 0.477734375 0.30035231875 0.483203125 0.306811509375 0.4951171875 0.32765707499999996 0.5021484375 0.3352906640625 0.5134765625 0.3305930703125 0.5193359375 0.32413388125 0.5291015625 0.3200234875 0.5376953125 0.3194362890625 0.5564453125 0.32413388125 0.5689453125 0.33235466874999997 0.5806640625 0.34351145 0.5857421875 0.3529066359375 0.589453125 0.35496183281250004 0.5908203125 0.3623018203125 0.600390625 0.36553141562499997 0.6041015625 0.365237815625 0.60703125 0.36142102187499997 0.6109375 0.3490898421875 0.6125 0.3332354671875 0.6109375 0.3073987078125 0.606640625 0.29506752812500003 0.5978515625 0.278919553125 0.5806640625 0.259541984375 0.5697265625 0.2513211984375 0.5572265625 0.24603640625
0 0.625 0.22284204375 0.6234375 0.23869641874999997 0.6267578125 0.24251321250000002 0.6361328125 0.244274809375 0.6466796875 0.2501468 0.6619140625 0.26189078125 0.6712890625 0.271873165625 0.683984375 0.2921315328125 0.690625 0.31620669375 0.6953125 0.3044627125 0.698828125 0.28508514375 0.70390625 0.27275396406249997 0.70390625 0.2592483859375 0.695703125 0.23399882500000002 0.6810546875 0.2196124484375 0.6673828125 0.213153259375 0.6470703125 0.20786846718750002 0.6310546875 0.21080446249999998 0.625 0.22284204375
0 0.6029296875 0.24603640625 0.598046875 0.2504404 0.596875 0.2580739875 0.60078125 0.2821491484375 0.608203125 0.29565472656249997 0.6130859375 0.3094539046875 0.6369140625 0.3135642984375 0.6474609375 0.318261890625 0.6677734375 0.33411626562499996 0.6755859375 0.345860246875 0.67890625 0.34791544375 0.6826171875 0.3446858484375 0.68671875 0.33617146249999996 0.68828125 0.3156194953125 0.68359375 0.29330593125000004 0.6736328125 0.275396359375 0.6599609375 0.2607163828125 0.6353515625 0.24486200781249998 0.6248046875 0.24251321250000002 0.6134765625 0.24310041093749998 0.6029296875 0.24603640625
0 0.69140625 0.3191426890625 0.689453125 0.3355842625 0.690234375 0.341456253125 0.7146484375 0.3599530234375 0.729296875 0.3602466234375 0.7478515625 0.35877862656250004 0.753125 0.3561362296875 0.751953125 0.342043453125 0.744921875 0.317968290625 0.7298828125 0.296535525 0.7138671875 0.283617146875 0.7021484375 0.2800939515625 0.69921875 0.2856723421875 0.694921875 0.30857310625 0.69140625 0.3191426890625
0 0.613671875 0.3355842625 0.607421875 0.3661186140625 0.6287109375 0.372871403125 0.63671875 0.373165003125 0.6501953125 0.3722842046875 0.6712890625 0.3664122140625 0.675390625 0.3602466234375 0.675390625 0.34732824375 0.6666015625 0.3347034640625 0.6458984375 0.318261890625 0.6283203125 0.3123899 0.6142578125 0.3123899 0.612890625 0.318555490625 0.613671875 0.3355842625
0 0.685546875 0.525249559375 0.6919921875 0.548443921875 0.6982421875 0.55079271875 0.7154296875 0.5654726953125 0.7240234375 0.57428068125 0.73359375 0.5898414562500001 0.736328125 0.6027598359375 0.737109375 0.61332941875 0.7359375 0.619201409375 0.737890625 0.6221374046875 0.7416015625 0.6200822078125 0.746484375 0.6127422203124999 0.75234375 0.592190253125 0.751953125 0.5728126828125 0.74296875 0.5440399296875 0.741015625 0.5317087500000001 0.7341796875 0.5267175578125001 0.6990234375 0.5208455671875 0.6873046875 0.521432765625 0.685546875 0.525249559375
0 0.67578125 0.6015854375 0.67578125 0.610980621875 0.6779296875 0.61362301875 0.6947265625 0.61362301875 0.7091796875 0.6177334109375 0.73359375 0.634468584375 0.736328125 0.6238990015625 0.73671875 0.609806225 0.7359375 0.5998238406249999 0.7328125 0.5886670578125 0.7224609375 0.572519084375 0.7064453125 0.5572519078125 0.6947265625 0.5490311218749999 0.6904296875 0.5502055203125 0.684765625 0.583969465625 0.67578125 0.6015854375
0 0.66640625 0.6479741625 0.6673828125 0.65237815625 0.6974609375 0.6547269531250001 0.7095703125 0.6611861421875 0.7330078125 0.6823253078125 0.74375 0.69964768125 0.749609375 0.7131532593750001 0.753515625 0.7078684671875 0.753515625 0.6908396953125 0.7515625 0.6749853203125 0.74453125 0.6550205515624999 0.7318359375 0.634762184375 0.7208984375 0.6247798 0.7017578125 0.615384615625 0.6826171875 0.61362301875 0.675 0.6174398125 0.66640625 0.6479741625
0 0.6587890625 0.6600117437499999 0.66171875 0.666177334375 0.656640625 0.669700528125 0.653515625 0.6873165 0.646875 0.7096300640625001 0.640234375 0.7196124484374999 0.6392578125 0.724603640625 0.6353515625 0.7251908390625 0.6275390625 0.732824428125 0.609375 0.7607163828125 0.60859375 0.7642395765625001 0.60859375 0.775396359375 0.6119140625 0.7786259546875 0.6267578125 0.7686435703125001 0.6431640625 0.76218438125 0.6712890625 0.7610099828125 0.6779296875 0.7627715796875 0.6939453125 0.76981796875 0.7076171875 0.779213153125 0.733984375 0.814151496875 0.73828125 0.8106283031249999 0.7421875 0.7724603640625001 0.75390625 0.7372284203125 0.75 0.7172636531250001 0.742578125 0.6984732828125 0.7326171875 0.6829125078125 0.7166015625 0.6670581328125 0.6982421875 0.6559013499999999 0.6689453125 0.6541397531250001 0.6587890625 0.6600117437499999
0 0.8458984375 0.5901350562500001 0.8314453125 0.5948326484375001 0.8119140625 0.607751028125 0.8056640625 0.6142102171875 0.79453125 0.6338813859375 0.7828125 0.6650029359375 0.7796875 0.68320610625 0.78046875 0.6984732828125 0.7841796875 0.69876688125 0.7966796875 0.689371696875 0.8087890625 0.685261303125 0.8212890625 0.685848503125 0.8482421875 0.697005284375 0.8619140625 0.7093364656250001 0.87265625 0.724310040625 0.88515625 0.7548443921875 0.8875 0.7683499703125001 0.8900390625 0.771579565625 0.89453125 0.771285965625 0.914453125 0.7472108046875 0.92265625 0.7201996484375 0.92578125 0.7025836765625 0.9265625 0.673810921875 0.925390625 0.6667645328125 0.9203125 0.6514973578125 0.91015625 0.630945390625 0.8884765625 0.6018790375 0.8587890625 0.5907222546875001 0.8458984375 0.5901350562500001
0 0.61015625 0.6180270109375 0.6181640625 0.6259541984375 0.6265625 0.640340575 0.634765625 0.6667645328125 0.6359375 0.697298884375 0.63515625 0.70728126875 0.630078125 0.7254844390625 0.631640625 0.7278332359374999 0.6416015625 0.716382853125 0.646484375 0.70728126875 0.653515625 0.68379330625 0.655859375 0.6644157374999999 0.65625 0.653846153125 0.653515625 0.630945390625 0.6484375 0.615678215625 0.6404296875 0.603640634375 0.6134765625 0.61362301875 0.61015625 0.6180270109375
0 0.653125 0.6297709921875 0.655859375 0.646212565625 0.659375 0.65208455625 0.6630859375 0.6512037578125 0.6671875 0.6432765703125 0.67421875 0.615091015625 0.672265625 0.5939518500000001 0.6626953125 0.5707574875 0.6591796875 0.5707574875 0.653125 0.5833822671875 0.640625 0.6015854375 0.64921875 0.6186142109375 0.653125 0.6297709921875
0 0.675 0.5986494421875 0.6796875 0.5827950671875 0.68671875 0.5733998828125 0.690234375 0.5493247203125 0.68984375 0.5387551375 0.6830078125 0.5220199640625001 0.6787109375 0.5231943625000001 0.671484375 0.53112155 0.662109375 0.560481503125 0.662109375 0.568115090625 0.675 0.5986494421875