0 0.14609375 0.6743119265625 0.0890625 0.7603211015625 0.06875 0.8016055046874999 0.059375 0.8451834859374999 0.0625 0.8864678906250001 0.0828125 0.8979357796875 0.10234375 0.892201834375 0.14453125 0.8532110093749999 0.2625 0.6616972484375 0.2953125 0.5860091749999999 0.2953125 0.5538990828125 0.30625 0.530963303125 0.29765625 0.5160550453125 0.27890625 0.5321100921874999 0.25078125 0.5389908250000001 0.14609375 0.6743119265625
0 0.18203125 0.49770642187499997 0.17109375 0.5206422015625 0.15703125 0.5206422015625 0.153125 0.530963303125 0.17578125 0.545871559375 0.18515625 0.56192660625 0.19765625 0.5642201828125 0.23359375 0.559633028125 0.25390625 0.5344036703125 0.27890625 0.5298165140625 0.29609375 0.5137614671875 0.30625 0.528669725 0.296875 0.5561926609375 0.2984375 0.57224770625 0.3140625 0.57224770625 0.32265625 0.56192660625 0.34609375 0.56192660625 0.38515625 0.5389908250000001 0.403125 0.5103211015625 0.4046875 0.471330275 0.37578125 0.44724770625000004 0.33828125 0.44724770625000004 0.25546875 0.47935779843750004 0.20703125 0.4839449546875 0.18203125 0.49770642187499997
0 0.14453125 0.211009175 0.14140625 0.19954128437500002 0.1421875 0.232798165625 0.1265625 0.23509174375000003 0.128125 0.28325688125 0.1484375 0.33371559687499996 0.16953125 0.3669724765625 0.19375 0.375 0.23046875 0.3211009171875 0.26328125 0.30275229375 0.26875 0.28784403593749996 0.265625 0.2603211015625 0.25 0.22591743125 0.20390625 0.1697247703125 0.17421875 0.1766055046875 0.16953125 0.204128440625 0.14921875 0.2018348625 0.14453125 0.211009175
0 0.1703125 0.4896788984375 0.18125 0.4965596328125 0.21171875 0.4816513765625 0.24609375 0.47935779843750004 0.2578125 0.464449540625 0.2875 0.3566513765625 0.28203125 0.288990825 0.23203125 0.3211009171875 0.1796875 0.40481651406249997 0.165625 0.4461009171875 0.165625 0.46903669687500005 0.1703125 0.4896788984375
0 0.121875 0.420871559375 0.1125 0.375 0.08984375 0.346330275 0.0765625 0.3589449546875 0.075 0.38876146718750004 0.0875 0.526376146875 0.103125 0.5607798171875 0.11875 0.526376146875 0.121875 0.420871559375
0 0.0515625 0.58142201875 0.0609375 0.6066513765625 0.08984375 0.5802752296875 0.09765625 0.5802752296875 0.10703125 0.598623853125 0.1078125 0.5837155968750001 0.0859375 0.52408256875 0.078125 0.416284403125 0.05546875 0.392201834375 0.04375 0.42545871562500004 0.0390625 0.473623853125 0.0515625 0.58142201875
0 0.1109375 0.5561926609375 0.1125 0.5860091749999999 0.12109375 0.6123853218749999 0.1546875 0.6204128437499999 0.159375 0.5424311921875 0.153125 0.52408256875 0.1625 0.517201834375 0.165625 0.5011467890625 0.1671875 0.42775229374999996 0.14765625 0.403669725 0.12734375 0.39908256875000003 0.121875 0.4094036703125 0.121875 0.4965596328125 0.1109375 0.5561926609375
0 0.190625 0.8130733937500001 0.21328125 0.8371559640624999 0.26953125 0.8623853218749999 0.4578125 0.868119265625 0.46796875 0.86009174375 0.51015625 0.857798165625 0.5171875 0.8451834859374999 0.48203125 0.846330275 0.44765625 0.8233944953125001 0.26953125 0.8165137609374999 0.20390625 0.7844036703125 0.19453125 0.7844036703125 0.1859375 0.7970183484375 0.190625 0.8130733937500001
0 0.6609375 0.83142201875 0.66015625 0.8142201828125 0.61640625 0.7912844031249999 0.53828125 0.7912844031249999 0.47109375 0.7775229359375 0.3984375 0.7924311921875 0.43671875 0.8142201828125 0.51015625 0.8325688078125 0.59609375 0.8325688078125 0.62265625 0.8188073390625 0.6609375 0.83142201875
0 0.62109375 0.7912844031249999 0.6375 0.7993119265625 0.61171875 0.7637614671875 0.48984375 0.7270642203125 0.41796875 0.7247706421875 0.39921875 0.7362385328125 0.3875 0.7580275234375 0.39140625 0.7752293578125 0.41015625 0.7866972484375 0.48671875 0.7798165140625 0.55859375 0.79357798125 0.62109375 0.7912844031249999
0 0.61015625 0.7545871562500001 0.65625 0.778669725 0.64765625 0.761467890625 0.60859375 0.7270642203125 0.57890625 0.7133027515625 0.45859375 0.690366971875 0.37578125 0.690366971875 0.3484375 0.7029816515625 0.36484375 0.7316513765625 0.47578125 0.7247706421875 0.58984375 0.7568807343749999 0.61015625 0.7545871562500001
0 0.52578125 0.699541284375 0.625 0.72591743125 0.634375 0.719036696875 0.6453125 0.6662844031249999 0.62734375 0.6330275234375 0.60703125 0.6192660546875 0.38203125 0.56192660625 0.3171875 0.57224770625 0.35390625 0.6192660546875 0.38671875 0.6330275234375 0.39765625 0.646788990625 0.52578125 0.699541284375
0 0.40625 0.46903669687500005 0.4046875 0.528669725 0.41953125 0.55733945 0.43828125 0.5733944953125001 0.4921875 0.5837155968750001 0.5328125 0.5538990828125 0.528125 0.5424311921875 0.5359375 0.5126146781250001 0.5296875 0.487385321875 0.5140625 0.44380733906250003 0.49453125 0.4197247703125 0.46328125 0.40596330312499995 0.44453125 0.410550459375 0.428125 0.42545871562500004 0.40625 0.46903669687500005
0 0.40078125 0.30733945 0.38671875 0.3142201828125 0.35234375 0.295871559375 0.32890625 0.295871559375 0.3015625 0.31766055 0.2890625 0.3520642203125 0.2859375 0.38876146718750004 0.30390625 0.4288990828125 0.32734375 0.44724770625000004 0.36328125 0.44266055 0.4078125 0.45986238593750006 0.44140625 0.410550459375 0.47265625 0.403669725 0.478125 0.3933486234375 0.45390625 0.3830275234375 0.44375 0.3451834859375 0.42265625 0.3211009171875 0.40859375 0.31880733906250003 0.40859375 0.305045871875 0.40546875 0.3142201828125 0.40078125 0.30733945
0 0.38515625 0.3142201828125 0.41171875 0.30275229375 0.42421875 0.3211009171875 0.43671875 0.3211009171875 0.44609375 0.33715596406250004 0.45234375 0.3325688078125 0.45546875 0.353211009375 0.4796875 0.3520642203125 0.5 0.2465596328125 0.525 0.2121559640625 0.53125 0.1915137609375 0.52421875 0.1788990828125 0.48671875 0.1720183484375 0.41640625 0.20642201875000002 0.38515625 0.2339449546875 0.3703125 0.278669725 0.353125 0.2901376140625 0.38515625 0.3142201828125
0 0.5015625 0.24197247656249998 0.4828125 0.3383027515625 0.4828125 0.40481651406249997 0.52578125 0.46100917499999994 0.54375 0.464449540625 0.57421875 0.45642201875 0.5828125 0.44380733906250003 0.5921875 0.3979357796875 0.5921875 0.324541284375 0.58125 0.24885321093749999 0.54921875 0.211009175 0.54140625 0.190366971875 0.53359375 0.190366971875 0.525 0.214449540625 0.5015625 0.24197247656249998
0 0.57734375 0.46100917499999994 0.54375 0.473623853125 0.5359375 0.5057339453125 0.5484375 0.5447247703125 0.58671875 0.60091743125 0.62734375 0.6307339453125 0.6453125 0.6594036703125 0.6484375 0.68692660625 0.66640625 0.7133027515625 0.68984375 0.738532109375 0.740625 0.7419724765625 0.74375 0.732798165625 0.7359375 0.7029816515625 0.68828125 0.6307339453125 0.64609375 0.60091743125 0.615625 0.5928899078125001 0.61640625 0.5756880734375 0.63828125 0.5688073390625 0.646875 0.5561926609375 0.63359375 0.5252293578125 0.57734375 0.46100917499999994
0 0.64921875 0.80275229375 0.67109375 0.8119266062499999 0.70078125 0.8509174312500001 0.76171875 0.8944954125000001 0.80859375 0.9197247703125001 0.840625 0.9231651375000001 0.87734375 0.90825688125 0.896875 0.877293578125 0.8890625 0.8153669718750001 0.87109375 0.7866972484375 0.84921875 0.7683486234375 0.72265625 0.7454128437499999 0.69609375 0.75 0.66953125 0.7821100921874999 0.6421875 0.7878440359375001 0.64921875 0.80275229375
0 0.7390625 0.684633028125 0.75 0.7396788984375 0.76328125 0.75 0.8484375 0.7626146781250001 0.8546875 0.7419724765625 0.853125 0.7029816515625 0.8359375 0.6548165140625 0.81171875 0.6261467890625 0.76953125 0.6238532109375 0.75546875 0.603211009375 0.74609375 0.6055045875 0.753125 0.6341743125 0.7390625 0.66857798125 0.7390625 0.684633028125
0 0.67265625 0.6192660546875 0.73046875 0.642201834375 0.75 0.6387614671875 0.7453125 0.6089449546875 0.75390625 0.603211009375 0.76796875 0.6215596328124999 0.80078125 0.6215596328124999 0.8359375 0.6456422015625 0.85 0.625 0.846875 0.6112385328125 0.82265625 0.5802752296875 0.78046875 0.559633028125 0.66328125 0.54357798125 0.64296875 0.5665137609374999 0.615625 0.579128440625 0.61640625 0.594036696875 0.64296875 0.596330275 0.67265625 0.6192660546875
0 0.8125 0.4988532109375 0.77734375 0.44266055 0.74765625 0.44724770625000004 0.7171875 0.4896788984375 0.7109375 0.5194954125 0.71953125 0.55275229375 0.8015625 0.565366971875 0.815625 0.528669725 0.8125 0.4988532109375
0 0.78515625 0.35550458749999997 0.765625 0.416284403125 0.7953125 0.46903669687500005 0.88671875 0.5871559640624999 0.9265625 0.5905963296875 0.94375 0.574541284375 0.9484375 0.5561926609375 0.946875 0.517201834375 0.9328125 0.478211009375 0.88671875 0.4220183484375 0.82578125 0.387614678125 0.8265625 0.37041284375 0.8375 0.3589449546875 0.83515625 0.35091743124999997 0.78515625 0.35550458749999997
0 0.7796875 0.2603211015625 0.78515625 0.25688073437500003 0.8015625 0.276376146875 0.88046875 0.410550459375 0.9078125 0.420871559375 0.92265625 0.410550459375 0.93125 0.3910550453125 0.9296875 0.3589449546875 0.91875 0.324541284375 0.81328125 0.190366971875 0.76484375 0.155963303125 0.7609375 0.163990825 0.7671875 0.18692660625 0.759375 0.214449540625 0.7796875 0.2603211015625
0 0.9140625 0.721330275 0.909375 0.6961009171875 0.89609375 0.6720183484375 0.86796875 0.6788990828125 0.8546875 0.7029816515625 0.8578125 0.7626146781250001 0.8796875 0.77408256875 0.9015625 0.7534403671875001 0.9140625 0.721330275
0 0.9828125 0.7626146781250001 0.9703125 0.6915137609374999 0.96328125 0.704128440625 0.95078125 0.69266055 0.92265625 0.7110091749999999 0.909375 0.7442660546875 0.9125 0.77408256875 0.94765625 0.7752293578125 0.9703125 0.7924311921875 0.9828125 0.7626146781250001
0 0.9328125 0.8956422015625 0.95234375 0.8876146781250001 0.9625 0.872706421875 0.971875 0.836009175 0.96328125 0.7844036703125 0.92265625 0.7729357796875 0.90078125 0.7866972484375 0.890625 0.81766055 0.9 0.8795871562500001 0.91484375 0.8944954125000001 0.9328125 0.8956422015625
0 0.9078125 0.6915137609374999 0.9171875 0.71674311875 0.946875 0.6915137609374999 0.9484375 0.6571100921874999 0.94140625 0.642201834375 0.9328125 0.6433486234375 0.93359375 0.6284403671875001 0.91328125 0.63990825625 0.9 0.66857798125 0.91015625 0.6766055046874999 0.928125 0.6502293578125 0.9078125 0.6915137609374999
0 0.90078125 0.6123853218749999 0.87578125 0.6055045875 0.8375 0.6433486234375 0.846875 0.680045871875 0.859375 0.684633028125 0.9015625 0.6616972484375 0.90625 0.6295871562500001 0.90078125 0.6123853218749999