0 0.44765625 0.5953125 0.128125 0.28125
0 0.43984375 0.809375 0.15 0.24375
0 0.58828125 0.81484375 0.1609375 0.2328125
0 0.73125 0.64296875 0.1703125 0.4296875
0 0.8796875 0.584375 0.240625 0.41875
0 0.80859375 0.39140625 0.1125 0.2546875
0 0.67109375 0.36796875 0.1015625 0.34375
0 0.7609375 0.19609375 0.109375 0.35
0 0.62421875 0.19609375 0.0984375 0.3171875
0 0.60546875 0.55 0.1890625 0.3171875
0 0.55234375 0.328125 0.14375 0.296875
0 0.5171875 0.171875 0.125 0.2484375
0 0.44140625 0.4765625 0.1765625 0.3171875
0 0.42890625 0.2484375 0.1890625 0.2328125
0 0.390625 0.1109375 0.1203125 0.190625
0 0.2953125 0.2671875 0.1765625 0.45
0 0.2125 0.3015625 0.2 0.3703125
0 0.13515625 0.40234375 0.2109375 0.3390625
0 0.15625 0.6828125 0.221875 0.390625
0 0.32109375 0.76953125 0.2 0.3015625
0 0.3046875 0.553125 0.15 0.290625