0 0.7567567562499999 0.1675257734375 0.7606177609375 0.2242268046875 0.79343629375 0.278350515625 0.847490346875 0.31958762812499997 0.8706563703124999 0.3298969078125 0.8996139 0.3273195875 0.9478764484375001 0.3041237109375 0.9710424703125 0.2835051546875 0.9922779921875 0.2448453609375 0.9922779921875 0.0798969078125 0.9845559843749999 0.0541237109375 0.9517374515625001 0.0154639171875 0.9131274125 0.010309278125 0.8359073359375 0.036082475 0.7760617765625 0.1005154640625 0.7567567562499999 0.1675257734375
0 0.54440154375 0.219072165625 0.5366795359375 0.25 0.5482625484375 0.3118556703125 0.5521235515625 0.4097938140625 0.584942084375 0.453608246875 0.635135134375 0.4742268046875 0.6833976828125 0.471649484375 0.7277992281250001 0.4484536078125 0.7606177609375 0.3994845359375 0.7760617765625 0.337628865625 0.7722007718749999 0.286082475 0.752895753125 0.239690721875 0.7123552125 0.1855670109375 0.677606178125 0.15979381406249998 0.6235521234375 0.15979381406249998 0.58108108125 0.17525773125 0.54440154375 0.219072165625
0 0.4729729734375 0 0.4517374515625 0.023195876562500002 0.43629343593750003 0.0644329890625 0.43629343593750003 0.126288659375 0.44401544375 0.1417525765625 0.44401544375 0.162371134375 0.48841698906250003 0.1855670109375 0.51930501875 0.221649484375 0.5366795359375 0.219072165625 0.5772200765625 0.1701030921875 0.596525096875 0.15979381406249998 0.6196911203125001 0.15979381406249998 0.6370656375 0.1417525765625 0.640926640625 0.12113402031250001 0.6370656375 0.11597938125 0.6370656375 0.0798969078125 0.615830115625 0.0051546390625 0.6042471046875 0 0.4729729734375 0
0 0.63127413125 0 0.625482625 0.007731959375 0.6370656375 0.0798969078125 0.646718146875 0.09793814375 0.6544401546875 0.09793814375 0.68146718125 0.1185567015625 0.7046332046875 0.1288659796875 0.752895753125 0.126288659375 0.8030888031250001 0.0644329890625 0.8108108109375 0.03865979375 0.8127413125 0 0.63127413125 0
0 0.3359073359375 0.22938144375 0.3204633203125 0.2757731953125 0.3204633203125 0.36340206249999996 0.33204633281249996 0.4097938140625 0.3764478765625 0.47938144375 0.4111969109375 0.5051546390625 0.46718146718750003 0.5025773203125 0.51930501875 0.463917525 0.5328185328124999 0.44072164999999996 0.5482625484375 0.36340206249999996 0.54440154375 0.3118556703125 0.521235521875 0.2345360828125 0.503861003125 0.2061855671875 0.44980695 0.1701030921875 0.40733590781249995 0.1701030921875 0.372586871875 0.1855670109375 0.3359073359375 0.22938144375
0 0.2142857140625 0.010309278125 0.1853281859375 0.0438144328125 0.16216216249999998 0.0902061859375 0.1544401546875 0.1726804125 0.18146718125 0.2551546390625 0.2142857140625 0.29381443281249997 0.24517374531249997 0.3041237109375 0.277992278125 0.3015463921875 0.31081081093749996 0.29381443281249997 0.3359073359375 0.2242268046875 0.372586871875 0.180412371875 0.3918918921875 0.17525773125 0.40540540468749997 0.1469072171875 0.40540540468749997 0.105670103125 0.389961390625 0.05927835 0.3416988421875 0.0051546390625 0.23745173749999998 0 0.2142857140625 0.010309278125
0 0.11003860937500001 0.1185567015625 0.1119691125 0.11597938125 0.16023166093750002 0.09278350468749999 0.166023165625 0.07474226875 0.18918918906249999 0.03865979375 0.18918918906249999 0.0335051546875 0.22393822343749997 0.0025773203125 0.0675675671875 0 0.06177606249999999 0.007731959375 0.07722007656249999 0.03865979375 0.09652509687500001 0.1005154640625 0.11003860937500001 0.1185567015625
0 0.1023166015625 0.1288659796875 0.065637065625 0.18298969062499998 0.057915057812500004 0.213917525 0.057915057812500004 0.3015463921875 0.065637065625 0.3324742265625 0.1138996140625 0.3917525765625 0.15637065625 0.412371134375 0.196911196875 0.4097938140625 0.24131274062500002 0.345360825 0.258687259375 0.3324742265625 0.25482625468750003 0.31701030937499997 0.258687259375 0.3118556703125 0.20656370625 0.29381443281249997 0.17760617812499999 0.2551546390625 0.1544401546875 0.17783505156249999 0.1583011578125 0.105670103125 0.140926640625 0.1030927828125 0.1023166015625 0.1288659796875
0 0 0.6005154640625 0.00579150625 0.6082474234374999 0.034749034375 0.605670103125 0.0675675671875 0.5824742265625 0.10617760624999999 0.5824742265625 0.127413128125 0.55927835 0.1389961390625 0.5335051546875 0.1389961390625 0.48711340156249994 0.127413128125 0.44072164999999996 0.1119691125 0.3994845359375 0.0868725875 0.3711340203125 0.025096524999999998 0.36597938124999996 0 0.38402061875000004 0 0.6005154640625
0 0 0.796391753125 0.0289575296875 0.8092783499999999 0.046332046875 0.8479381437500001 0.0637065640625 0.8659793812500001 0.1023166015625 0.8814432984374999 0.1389961390625 0.8788659796875 0.175675675 0.8659793812500001 0.20077219999999998 0.8427835046875 0.2393822390625 0.760309278125 0.24324324375 0.7087628859375 0.2355212359375 0.6778350515625 0.1988416984375 0.644329896875 0.171814671875 0.59793814375 0.0637065640625 0.5927835046875 0.04440154375 0.6030927828125 0.021235521875 0.6340206187499999 0.00579150625 0.6288659796875 0 0.6469072171875 0 0.796391753125
0 0.2760617765625 0.3298969078125 0.24131274062500002 0.35567010312499997 0.2084942078125 0.4097938140625 0.16216216249999998 0.46134020624999994 0.1544401546875 0.48195876249999997 0.1544401546875 0.5798969078125 0.1795366796875 0.59793814375 0.22586872656249998 0.6597938140624999 0.24131274062500002 0.6701030921875 0.258687259375 0.6675257734375 0.31081081093749996 0.664948453125 0.364864865625 0.644329896875 0.39382239375 0.6159793812500001 0.40154440156250004 0.5695876281250001 0.4169884171875 0.548969071875 0.4131274125 0.5128865984375001 0.384169884375 0.5 0.33976833906250004 0.43556701093749994 0.31081081093749996 0.3298969078125 0.2760617765625 0.3298969078125
0 0.24324324375 0.760309278125 0.20077219999999998 0.8582474234375 0.20077219999999998 0.904639175 0.21235521249999997 0.9458762890625 0.252895753125 1 0.33976833906250004 0.9974226796875 0.3880308875 0.9742268046874999 0.40540540468749997 0.9458762890625 0.42471042499999995 0.8891752578125001 0.4324324328125 0.8170103093750001 0.42471042499999995 0.7912371140625 0.40347490312499995 0.757731959375 0.34942085 0.721649484375 0.30694980625 0.7164948453125 0.2606177609375 0.742268040625 0.24324324375 0.760309278125
0 0.2104247109375 1 0.22007722031250002 0.9922680406250001 0.21621621562499999 0.9871134015624999 0.21621621562499999 0.96134020625 0.20077219999999998 0.9201030921875001 0.175675675 0.8814432984374999 0.15637065625 0.876288659375 0.1293436296875 0.8865979375 0.10617760624999999 0.8865979375 0.075289575 0.8711340203125 0.0637065640625 0.8711340203125 0.050193049999999996 0.8788659796875 0.030888031249999996 0.930412371875 0.0270270265625 0.9974226796875 0.0328185328125 1 0.05598455625 1 0.059845559375 1 0.071428571875 1 0.075289575 1 0.0984555984375 1 0.1023166015625 1 0.140926640625 1 0.1447876453125 1 0.18918918906249999 1 0.2104247109375 1
0 0.44401544375 0.8221649484375 0.428571428125 0.8685567015625001 0.42471042499999995 0.9097938140625 0.43629343593750003 0.9664948453125 0.4575289578125 1 0.6332046328125001 0.9974226796875 0.6602316609375001 0.9561855671874999 0.671814671875 0.904639175 0.6679536671874999 0.8582474234375 0.646718146875 0.7938144328125001 0.6235521234375 0.7731958765625 0.5386100390624999 0.7886597937500001 0.534749034375 0.778350515625 0.5 0.7628865984375001 0.4729729734375 0.798969071875 0.44401544375 0.8221649484375
0 0.5270270265625 0.463917525 0.503861003125 0.47938144375 0.4517374515625 0.528350515625 0.4324324328125 0.595360825 0.4324324328125 0.6469072171875 0.4517374515625 0.682989690625 0.4517374515625 0.6984536078125 0.459459459375 0.69329896875 0.45559845625 0.703608246875 0.49227799218749996 0.757731959375 0.5424710421875 0.778350515625 0.5714285718750001 0.7757731953125 0.6081081078125 0.7628865984375001 0.6447876453125 0.7242268046875 0.6486486484375 0.6623711343750001 0.671814671875 0.6108247421875 0.671814671875 0.5902061859375001 0.652509653125 0.5231958765625 0.6274131281249999 0.489690721875 0.5926640921875 0.469072165625 0.5540540546875 0.45876288593750003 0.5270270265625 0.463917525
0 0.652509653125 0.6675257734375 0.65637065625 0.7448453609375 0.6795366796875 0.8221649484375 0.7123552125 0.876288659375 0.833976834375 0.8891752578125001 0.8861003859375 0.845360825 0.903474903125 0.796391753125 0.903474903125 0.739690721875 0.8803088796875 0.65206185625 0.847490346875 0.6134020625 0.7741312734375 0.5618556703124999 0.7393822390625 0.5618556703124999 0.7084942078124999 0.5773195875 0.6640926640625 0.626288659375 0.652509653125 0.6675257734375
0 1 0.69329896875 0.996138996875 0.6881443296875001 1 0.6778350515625 0.9826254828125001 0.6701030921875 0.924710425 0.6958762890625 0.903474903125 0.719072165625 0.9073359078125 0.786082475 0.8957528953124999 0.837628865625 0.8841698843750001 0.8582474234375 0.8918918921874999 0.8891752578125001 0.9208494203124999 0.9329896906249999 0.9555984562500001 0.9484536078125 1 0.951030928125 1 0.69329896875
0 0.8610038609374999 1 0.91891891875 0.9458762890625 0.91891891875 0.9355670109374999 0.8880308875 0.894329896875 0.878378378125 0.8659793812500001 0.84362934375 0.8814432984374999 0.8378378375000001 0.8891752578125001 0.8397683390624999 0.9020618562499999 0.79343629375 0.9072164953125 0.7200772203125 0.8865979375 0.6891891890624999 0.855670103125 0.6795366796875 0.8685567015625001 0.675675675 0.9201030921875001 0.6679536671874999 0.9458762890625 0.6447876453125 0.9922680406250001 0.646718146875 1 0.6698841703125 1 0.8610038609374999 1
0 0.7297297296874999 0.45103092812499995 0.7220077218750001 0.471649484375 0.7220077218750001 0.548969071875 0.73166023125 0.5618556703124999 0.78185328125 0.5618556703124999 0.878378378125 0.6391752578125 0.8918918921874999 0.6417525765625001 0.9343629343750001 0.6108247421875 0.9420849421874999 0.5644329890625001 0.965250965625 0.4974226796875 0.9613899609375001 0.42010309218749997 0.9459459453125 0.3891752578125 0.8976833984375 0.335051546875 0.8011583015625 0.335051546875 0.7799227796875 0.3530927828125 0.7567567562499999 0.42010309218749997 0.7297297296874999 0.45103092812499995