0 0.8711340203125 0.2760617765625 0.77061855625 0.227799228125 0.719072165625 0.247104246875 0.701030928125 0.2915057921875 0.742268040625 0.34942085 0.8324742265625 0.4131274125 0.94329896875 0.434362934375 0.94329896875 0.3571428578125 0.8711340203125 0.2760617765625
0 0.742268040625 0.222007721875 0.7113402062499999 0.1640926640625 0.5902061859375001 0.08880308906249999 0.46134020624999994 0.046332046875 0.4484536078125 0.071428571875 0.47938144375 0.1486486484375 0.52061855625 0.18725868750000002 0.6159793812500001 0.24324324375 0.7113402062499999 0.24517374531249997 0.742268040625 0.222007721875
0 0.969072165625 0.2606177609375 0.97938144375 0.2104247109375 0.894329896875 0.135135134375 0.8118556703124999 0.1119691125 0.6958762890625 0.121621621875 0.6958762890625 0.1486486484375 0.77061855625 0.22393822343749997 0.8634020625 0.2664092671875 0.9381443296875001 0.272200771875 0.969072165625 0.2606177609375
0 0.65206185625 0.37837837812499997 0.6958762890625 0.322393821875 0.6958762890625 0.2760617765625 0.6211340203125 0.2509652515625 0.5386597937500001 0.28571428593750003 0.45876288593750003 0.36100386093750003 0.4484536078125 0.40733590781249995 0.412371134375 0.44980695 0.4381443296875 0.4613899609375 0.65206185625 0.37837837812499997
0 0.6211340203125 0.55598455625 0.7319587624999999 0.4729729734375 0.7474226796875 0.43050193124999997 0.7345360828125 0.37837837812499997 0.626288659375 0.39382239375 0.4484536078125 0.484555984375 0.4278350515625 0.5540540546875 0.45103092812499995 0.5714285718750001 0.510309278125 0.5733590734375 0.6211340203125 0.55598455625
0 0.2061855671875 0.6853281859375 0.29123711406249997 0.6370656375 0.34020618593749996 0.584942084375 0.376288659375 0.503861003125 0.376288659375 0.44208494218750005 0.34793814375 0.40540540468749997 0.3118556703125 0.40154440156250004 0.260309278125 0.428571428125 0.201030928125 0.503861003125 0.154639175 0.68146718125 0.2061855671875 0.6853281859375
0 0.046391753125000004 0.4575289578125 0.164948453125 0.46911196874999994 0.2242268046875 0.45559845625 0.29123711406249997 0.40540540468749997 0.337628865625 0.3976833984375 0.40206185625 0.34942085 0.3969072171875 0.3262548265625 0.36340206249999996 0.308880309375 0.2448453609375 0.308880309375 0.1005154640625 0.359073359375 0.0515463921875 0.39961389999999997 0.046391753125000004 0.4575289578125
0 0.2242268046875 0.18918918906249999 0.09536082500000001 0.21235521249999997 0.0051546390625 0.2876447875 0.0051546390625 0.3880308875 0.05670103125 0.3880308875 0.221649484375 0.303088803125 0.2474226796875 0.26833976875 0.2242268046875 0.18918918906249999
0 0.36597938124999996 0.12548262500000001 0.29123711406249997 0.046332046875 0.2551546390625 0.046332046875 0.21649484531250002 0.090733590625 0.2319587625 0.202702703125 0.280927834375 0.258687259375 0.376288659375 0.30694980625 0.3917525765625 0.21814671875 0.36597938124999996 0.12548262500000001
0 0.0618556703125 0.79343629375 0.087628865625 0.7239382234375 0.15979381406249998 0.6583011578125 0.164948453125 0.5308880312500001 0.105670103125 0.478764478125 0.05927835 0.478764478125 0.0051546390625 0.51930501875 0 0.747104246875 0.0154639171875 0.8204633203125 0.0618556703125 0.79343629375
0 0.5618556703124999 0.5888030890625 0.42525773125 0.5868725875 0.3015463921875 0.6332046328125001 0.21649484531250002 0.6853281859375 0.2061855671875 0.7084942078124999 0.2551546390625 0.7374517375 0.3505154640625 0.7432432437500001 0.49226804062499996 0.6949806953125 0.5618556703124999 0.5888030890625
0 0.38144329843749997 0.8822393828124999 0.49226804062499996 0.864864865625 0.57474226875 0.833976834375 0.6597938140624999 0.7702702703125001 0.6597938140624999 0.73166023125 0.47680412343749995 0.70656370625 0.3530927828125 0.7451737453125 0.278350515625 0.8050193046875 0.2474226796875 0.8667953671875 0.30670103125 0.8841698843750001 0.38144329843749997 0.8822393828124999
0 0.7371134015624999 0.8204633203125 0.82474226875 0.7548262546875 0.835051546875 0.7046332046875 0.9072164953125 0.6544401546875 0.9407216500000001 0.575289575 0.8634020625 0.5675675671875 0.8170103093750001 0.5791505796875 0.7164948453125 0.6544401546875 0.6701030921875 0.78185328125 0.6984536078125 0.81853281875 0.7371134015624999 0.8204633203125
0 0.904639175 0.54440154375 0.94329896875 0.515444015625 0.9639175249999999 0.4575289578125 0.873711340625 0.43629343593750003 0.739690721875 0.47490347499999996 0.6597938140624999 0.5424710421875 0.6597938140624999 0.58108108125 0.6778350515625 0.5945945953125 0.7371134015624999 0.596525096875 0.904639175 0.54440154375
0 0.412371134375 0.40733590781249995 0.44329896875 0.3957528953125 0.469072165625 0.3378378375 0.536082475 0.26833976875 0.52061855625 0.191119690625 0.4458762890625 0.1428571421875 0.412371134375 0.1486486484375 0.3917525765625 0.18725868750000002 0.412371134375 0.333976834375 0.3917525765625 0.39961389999999997 0.412371134375 0.40733590781249995