0 0.2890625 0.1921875 0.2078125 0.2921875
0 0.4703125 0.22109375 0.23125 0.2875
0 0.7 0.215625 0.2265625 0.3078125
0 0.86171875 0.30234375 0.1796875 0.1921875
0 0.1515625 0.33046875 0.11875 0.15625
0 0.09375 0.50546875 0.1640625 0.2484375
0 0.1765625 0.6109375 0.2453125 0.325
0 0.26171875 0.4421875 0.1984375 0.225
0 0.3140625 0.7421875 0.203125 0.2984375
0 0.3328125 0.53359375 0.0859375 0.1390625
0 0.490625 0.51484375 0.2703125 0.246875
0 0.48203125 0.7359375 0.1921875 0.3375
0 0.6515625 0.73359375 0.16875 0.3234375
0 0.69453125 0.45234375 0.2234375 0.2546875
0 0.89921875 0.5046875 0.2015625 0.2375
0 0.78125 0.6015625 0.203125 0.1625
0 0.8109375 0.74765625 0.209375 0.20625