0 0.28125 0.1890625 0.2421875 0.2390625
0 0.7859375 0.2796875 0.4171875 0.2203125
0 0.528125 0.24921875 0.253125 0.2046875
0 0.5953125 0.09296875 0.221875 0.1234375
0 0.8015625 0.1296875 0.2625 0.1203125
0 0.40703125 0.1 0.2375 0.1390625
0 0.15703125 0.1484375 0.1703125 0.14375
0 0.0640625 0.26796875 0.128125 0.1890625
0 0.178125 0.3765625 0.2421875 0.18125
0 0.37109375 0.39765625 0.2578125 0.1390625
0 0.44609375 0.57734375 0.3765625 0.390625
0 0.60078125 0.44375 0.2421875 0.1546875
0 0.8328125 0.59453125 0.325 0.3171875
0 0.9640625 0.409375 0.0625 0.1703125
0 0.8328125 0.425 0.2625 0.115625
0 0.20390625 0.55234375 0.1390625 0.225
0 0.08515625 0.52734375 0.1703125 0.290625
0 0.6546875 0.8359375 0.50625 0.275