0 0.1671875 0.2734375 0.1859375 0.2578125
0 0.14296875 0.759375 0.171875 0.25
0 0.38828125 0.74609375 0.18125 0.2625
0 0.5203125 0.67265625 0.1609375 0.2265625
0 0.32734375 0.53828125 0.1703125 0.2875
0 0.175 0.48984375 0.1546875 0.2421875
0 0.065625 0.4234375 0.13125 0.2375
0 0.0671875 0.15625 0.134375 0.3125
0 0.29453125 0.26640625 0.090625 0.24375
0 0.409375 0.29140625 0.19375 0.28125
0 0.5078125 0.2390625 0.1390625 0.28125
0 0.6140625 0.34921875 0.1640625 0.284375
0 0.48671875 0.46796875 0.1609375 0.19375
0 0.3796875 0.0640625 0.1421875 0.128125
0 0.54765625 0.0546875 0.1625 0.103125
0 0.73203125 0.5390625 0.2 0.3015625
0 0.88203125 0.60390625 0.121875 0.246875
0 0.8359375 0.84609375 0.1875 0.278125
0 0.67734375 0.809375 0.1375 0.2578125
0 0.55703125 0.884375 0.190625 0.2296875
0 0.209375 0.89296875 0.1765625 0.2140625
0 0.07109375 0.66953125 0.1421875 0.240625
0 0.06328125 0.89921875 0.1265625 0.2015625
0 0.94375 0.89921875 0.1125 0.2015625
0 0.9390625 0.3453125 0.121875 0.2171875
0 0.790625 0.26171875 0.1859375 0.2671875
0 0.9296875 0.14921875 0.140625 0.153125
0 0.72109375 0.096875 0.1875 0.19375