0 0.1359375 0.73671875 0.15625 0.2046875
0 0.3046875 0.66328125 0.165625 0.2125
0 0.49375 0.5453125 0.1875 0.2484375
0 0.4 0.41640625 0.1390625 0.1328125
0 0.1875 0.43515625 0.128125 0.1171875
0 0.3859375 0.3046875 0.1171875 0.1390625
0 0.64375 0.3546875 0.1015625 0.13125
0 0.765625 0.5328125 0.1421875 0.16875
0 0.81484375 0.43203125 0.1609375 0.13125
0 0.82578125 0.79609375 0.175 0.2375
0 0.65625 0.790625 0.15 0.2046875
0 0.77578125 0.20234375 0.0671875 0.065625
0 0.28828125 0.17109375 0.0671875 0.06875