0 0.25 0.3121875 0.2525 0.30093749999999997 0.2508333328125 0.2759375 0.24 0.25406249999999997 0.2233333328125 0.2340625 0.1845833328125 0.205625 0.1520833328125 0.195625 0.1279166671875 0.1925 0.10124999999999999 0.193125 0.0654166671875 0.203125 0.038333332812499996 0.22156250000000002 0.0183333328125 0.2453125 0.0141666671875 0.2653125 0.015 0.2859375 0.0191666671875 0.2996875 0.0325 0.3196875 0.05125 0.335 0.0633333328125 0.33781249999999996 0.060833332812499995 0.3446875 0.0445833328125 0.353125 0.041249999999999995 0.35812499999999997 0.0045833328125 0.37 0.0016666671875 0.3728125 0.0075 0.3746875 0.0379166671875 0.366875 0.07375000000000001 0.34500000000000003 0.0783333328125 0.35343749999999996 0.0895833328125 0.36 0.1070833328125 0.3525 0.13125 0.346875 0.1604166671875 0.349375 0.1870833328125 0.36 0.22749999999999998 0.3459375 0.25 0.3121875
0 0.1954166671875 0.0725 0.17791666718750002 0.071875 0.1620833328125 0.074375 0.11875 0.09 0.10500000000000001 0.10218750000000001 0.0966666671875 0.1234375 0.0958333328125 0.1434375 0.0991666671875 0.1546875 0.1108333328125 0.1703125 0.1329166671875 0.18687499999999999 0.1854166671875 0.203125 0.2108333328125 0.20406249999999998 0.23125 0.2 0.24041666718750002 0.195625 0.2508333328125 0.1859375 0.2575 0.1734375 0.25916666718750003 0.1484375 0.2725 0.1296875 0.2741666671875 0.1209375 0.26 0.1003125 0.23875000000000002 0.08625000000000001 0.1954166671875 0.0725
0 0.06375 0.11750000000000001 0.0416666671875 0.1371875 0.03 0.1528125 0.0283333328125 0.1753125 0.0391666671875 0.19593750000000001 0.0479166671875 0.200625 0.058750000000000004 0.19 0.0633333328125 0.1915625 0.0641666671875 0.20031249999999998 0.06999999999999999 0.2009375 0.09375 0.19375 0.1279166671875 0.19125 0.1316666671875 0.18843749999999998 0.11333333281249999 0.1740625 0.1 0.1578125 0.0958333328125 0.1459375 0.0991666671875 0.11281250000000001 0.0945833328125 0.109375 0.0770833328125 0.11125 0.06375 0.11750000000000001
0 0.205 0.0315625 0.1954166671875 0.025625 0.1804166671875 0.021249999999999998 0.15875 0.0225 0.13625 0.030625000000000003 0.12041666718749999 0.041875 0.10874999999999999 0.045625 0.0945833328125 0.05437499999999999 0.08499999999999999 0.0653125 0.08249999999999999 0.07906250000000001 0.0916666671875 0.0984375 0.1 0.1046875 0.1145833328125 0.09 0.1604166671875 0.074375 0.17541666718749999 0.071875 0.19375 0.071875 0.20875 0.075 0.21625 0.07375000000000001 0.22000000000000003 0.0684375 0.2208333328125 0.0540625 0.215 0.0415625 0.205 0.0315625
0 0.36875 0.081875 0.35041666718750003 0.084375 0.32458333281249996 0.094375 0.31875 0.10625 0.30874999999999997 0.10124999999999999 0.2883333328125 0.1140625 0.2633333328125 0.1403125 0.25916666718750003 0.1509375 0.25916666718750003 0.1678125 0.2683333328125 0.1859375 0.2820833328125 0.195625 0.325 0.2028125 0.3604166671875 0.1925 0.36583333281249997 0.1878125 0.3708333328125 0.1684375 0.3858333328125 0.1628125 0.3791666671875 0.1453125 0.3783333328125 0.1284375 0.38333333281250004 0.11281250000000001 0.3975 0.0921875 0.3829166671875 0.084375 0.36875 0.081875
0 0.47291666718750003 0.068125 0.4604166671875 0.0675 0.41958333281250004 0.0775 0.395 0.09718750000000001 0.3808333328125 0.1190625 0.3791666671875 0.1428125 0.38333333281250004 0.15531250000000002 0.395 0.1653125 0.3983333328125 0.1734375 0.4125 0.1809375 0.42874999999999996 0.19875 0.4495833328125 0.206875 0.4766666671875 0.2084375 0.50125 0.203125 0.5225 0.1871875 0.5333333328125 0.1721875 0.5366666671875 0.1528125 0.5308333328125 0.13093749999999998 0.53 0.10968750000000001 0.52 0.0896875 0.5079166671875 0.08 0.49625 0.075 0.47291666718750003 0.068125
0 0.6950000000000001 0.07468749999999999 0.6916666671875 0.060312500000000005 0.6783333328125 0.0384375 0.6454166671875 0.014374999999999999 0.6145833328125 0.005625 0.57375 0.0075 0.55125 0.013750000000000002 0.5404166671875 0.02 0.5208333328125 0.0384375 0.5141666671875 0.059687500000000004 0.5283333328125 0.0696875 0.5366666671875 0.0821875 0.5383333328125001 0.0959375 0.5316666671875 0.11656249999999999 0.5349999999999999 0.1271875 0.5395833328124999 0.1325 0.545 0.1328125 0.5679166671875 0.11625 0.5862499999999999 0.109375 0.59875 0.1075 0.6329166671875 0.110625 0.6695833328125 0.13125 0.6745833328125 0.13125 0.6791666671875001 0.1278125 0.6900000000000001 0.10968750000000001 0.6941666671875 0.09031249999999999 0.6950000000000001 0.07468749999999999
0 0.6012500000000001 0.1075 0.5695833328125001 0.11625 0.5466666671875 0.13218749999999999 0.5375 0.1434375 0.5375 0.1609375 0.53 0.1853125 0.5433333328125001 0.20968749999999997 0.56375 0.22999999999999998 0.5929166671874999 0.24125000000000002 0.6141666671875 0.24156249999999999 0.6220833328125 0.238125 0.6279166671875 0.240625 0.6479166671875001 0.23374999999999999 0.6758333328125 0.21218750000000003 0.6858333328125 0.1878125 0.6866666671874999 0.16218749999999998 0.675 0.1378125 0.65625 0.12250000000000001 0.6304166671875 0.110625 0.6012500000000001 0.1075
0 0.49375 0.205625 0.4654166671875 0.209375 0.44875 0.20750000000000002 0.42374999999999996 0.200625 0.4175 0.1965625 0.41333333281250006 0.1846875 0.4029166671875 0.17875000000000002 0.38875000000000004 0.18062499999999998 0.3775 0.18843749999999998 0.3758333328125 0.1965625 0.36583333281249997 0.20406249999999998 0.3616666671875 0.21218750000000003 0.3616666671875 0.22718750000000001 0.36833333281249997 0.25656249999999997 0.38333333281250004 0.27531249999999996 0.41624999999999995 0.29562499999999997 0.4454166671875 0.30625 0.46666666718750005 0.3071875 0.50875 0.2975 0.5383333328125001 0.2809375 0.5575 0.2578125 0.5616666671874999 0.2403125 0.5591666671875 0.22781250000000003 0.5441666671875 0.2128125 0.5279166671875 0.18812500000000001 0.5229166671875001 0.18812500000000001 0.5070833328125001 0.200625 0.49375 0.205625
0 0.4291666671875 0.3646875 0.4291666671875 0.3584375 0.4220833328125 0.3525 0.4016666671875 0.35281250000000003 0.4066666671875 0.3665625 0.4058333328125 0.3821875 0.4091666671875 0.38406250000000003 0.41916666718749995 0.3803125 0.4291666671875 0.3646875
0 0.29333333281249996 0.2971875 0.3295833328125 0.30062500000000003 0.3495833328125 0.30625 0.3825 0.3259375 0.39875 0.34625 0.4216666671875 0.34781249999999997 0.425 0.3453125 0.4225 0.33718750000000003 0.3958333328125 0.3015625 0.39416666718750004 0.28718750000000004 0.3708333328125 0.2621875 0.35125 0.253125 0.32875 0.25375000000000003 0.3104166671875 0.260625 0.29500000000000004 0.2790625 0.29333333281249996 0.2971875
0 0.3966666671875 0.3453125 0.3916666671875 0.3359375 0.3825 0.3259375 0.36375 0.31375000000000003 0.33458333281249997 0.301875 0.3154166671875 0.299375 0.2929166671875 0.3 0.26125 0.309375 0.24 0.3271875 0.22916666718749998 0.35031249999999997 0.22999999999999998 0.3765625 0.2408333328125 0.39656250000000004 0.25375000000000003 0.40625 0.2854166671875 0.4 0.31124999999999997 0.40062499999999995 0.33625 0.41 0.35291666718750003 0.42374999999999996 0.3566666671875 0.42406249999999995 0.3695833328125 0.41937499999999994 0.3966666671875 0.3990625 0.3975 0.3953125 0.3891666671875 0.38468749999999996 0.39791666718749996 0.385625 0.40499999999999997 0.3821875 0.40499999999999997 0.3615625 0.40083333281250005 0.35281250000000003 0.395 0.3490625 0.3966666671875 0.3453125
0 0.23500000000000001 0.4184375 0.2216666671875 0.43968749999999995 0.2208333328125 0.4559375 0.23500000000000001 0.4809375 0.24874999999999997 0.49312500000000004 0.2704166671875 0.503125 0.2991666671875 0.5053124999999999 0.3204166671875 0.50125 0.3433333328125 0.4884375 0.3591666671875 0.4653125 0.3616666671875 0.44406249999999997 0.3491666671875 0.4215625 0.33625 0.410625 0.3104166671875 0.40062499999999995 0.28625 0.4 0.25375000000000003 0.40750000000000003 0.23500000000000001 0.4184375
0 0.12250000000000001 0.40031249999999996 0.1066666671875 0.42718749999999994 0.10333333281249998 0.4453125 0.1116666671875 0.46343750000000006 0.11541666718750002 0.46687500000000004 0.12208333281249999 0.46687500000000004 0.1233333328125 0.4721875 0.12875 0.47625 0.1545833328125 0.489375 0.1741666671875 0.49343750000000003 0.1920833328125 0.47750000000000004 0.2216666671875 0.4653125 0.2216666671875 0.43843750000000004 0.24 0.41156249999999994 0.2325 0.40031249999999996 0.21458333281250003 0.39 0.18875 0.38125 0.16375 0.380625 0.1454166671875 0.385625 0.12250000000000001 0.40031249999999996
0 0.13125 0.34750000000000003 0.1070833328125 0.353125 0.0875 0.3646875 0.0783333328125 0.3796875 0.0783333328125 0.4021875 0.09 0.4190625 0.10500000000000001 0.4290625 0.11916666718749999 0.40406250000000005 0.13874999999999998 0.38875000000000004 0.1629166671875 0.380625 0.1941666671875 0.38093750000000004 0.1891666671875 0.3678125 0.175 0.3646875 0.1808333328125 0.3621875 0.1770833328125 0.356875 0.1554166671875 0.34875 0.13125 0.34750000000000003
0 0.0125 0.41218750000000004 0.0041666671875 0.42781250000000004 0.0025 0.44343750000000004 0.0066666671875 0.4646875 0.0183333328125 0.48343749999999996 0.0354166671875 0.495 0.0591666671875 0.4984375 0.07083333281250001 0.4959375 0.06999999999999999 0.48343749999999996 0.07416666718750001 0.4721875 0.0891666671875 0.45843749999999994 0.0875 0.4340625 0.0916666671875 0.42281250000000004 0.07625 0.403125 0.05125 0.399375 0.03125 0.4025 0.0125 0.41218750000000004
0 0.11499999999999999 0.4765625 0.11499999999999999 0.46656250000000005 0.1058333328125 0.45531249999999995 0.09958333281250001 0.45437500000000003 0.0920833328125 0.4575 0.0775 0.4684375 0.0716666671875 0.47843749999999996 0.07083333281250001 0.49093749999999997 0.0783333328125 0.5065625 0.1079166671875 0.531875 0.12125 0.538125 0.14125000000000001 0.54625 0.1666666671875 0.5471874999999999 0.1745833328125 0.545625 0.1758333328125 0.5421875 0.1675 0.5221875 0.1716666671875 0.4953125 0.15125 0.48875 0.1279166671875 0.48687500000000006 0.12875 0.48375 0.1375 0.4828125 0.1254166671875 0.47437500000000005 0.11499999999999999 0.4765625
0 0.1929166671875 0.47750000000000004 0.17333333281250002 0.49781250000000005 0.1675 0.5171875 0.17250000000000001 0.5359375 0.1895833328125 0.5543750000000001 0.2095833328125 0.561875 0.2279166671875 0.5650000000000001 0.2375 0.5634375 0.24583333281250003 0.5434375 0.2520833328125 0.536875 0.2533333328125 0.5421875 0.2425 0.5659375 0.25916666718750003 0.5671875 0.2804166671875 0.5599999999999999 0.31 0.5403125 0.31916666718750003 0.5190625 0.3158333328125 0.5046875 0.2920833328125 0.50625 0.2670833328125 0.5025000000000001 0.2416666671875 0.4878125 0.22458333281249998 0.468125 0.21375000000000002 0.46875 0.1929166671875 0.47750000000000004
0 0.2733333328125 0.5690625 0.2679166671875 0.566875 0.2425 0.5665625000000001 0.255 0.5421875 0.2529166671875 0.535625 0.2425 0.5496875 0.2366666671875 0.5653125 0.2304166671875 0.56875 0.22374999999999998 0.564375 0.18875 0.5549999999999999 0.17875000000000002 0.548125 0.1641666671875 0.5603125 0.1633333328125 0.5778125000000001 0.1691666671875 0.5915625 0.18625 0.6075 0.20833333281250002 0.6190625 0.2058333328125 0.6321875 0.2008333328125 0.6353125000000001 0.1983333328125 0.6421875 0.1975 0.6515625 0.2 0.6534375 0.205 0.6415625 0.21000000000000002 0.6390625 0.2125 0.6240625 0.2170833328125 0.620625 0.23291666718749998 0.623125 0.2570833328125 0.620625 0.2779166671875 0.61 0.28500000000000003 0.6015625 0.2875 0.5921875 0.2733333328125 0.5690625
0 0.2125 0.6803125 0.2166666671875 0.6646875 0.2158333328125 0.6484375 0.2095833328125 0.635625 0.20375000000000001 0.641875 0.20249999999999999 0.6403125000000001 0.20416666718749998 0.6246875000000001 0.1929166671875 0.614375 0.1679166671875 0.6025 0.14125000000000001 0.59875 0.10541666718750001 0.604375 0.07625 0.61375 0.0325 0.6421875 0.017499999999999998 0.6559375000000001 0.0108333328125 0.6671875 0.0075 0.6803125 0.0083333328125 0.6940625 0.0183333328125 0.7109375 0.027500000000000004 0.7190624999999999 0.05208333281250001 0.733125 0.08375 0.740625 0.1008333328125 0.7415625 0.12041666718749999 0.740625 0.1570833328125 0.7325 0.1675 0.7253125 0.14208333281250002 0.71375 0.1358333328125 0.7065625 0.14125000000000001 0.704375 0.1629166671875 0.716875 0.17791666718750002 0.7175 0.195 0.7046875 0.2125 0.6803125
0 0.2791666671875 0.5621875000000001 0.27749999999999997 0.5728125000000001 0.2841666671875 0.5859375 0.2995833328125 0.594375 0.3133333328125 0.5953125 0.35208333281250004 0.586875 0.3754166671875 0.57875 0.3891666671875 0.5709375 0.3966666671875 0.5603125 0.3975 0.5509375000000001 0.38708333281249996 0.5349999999999999 0.36291666718750004 0.53 0.33375 0.5337500000000001 0.3020833328125 0.54625 0.2791666671875 0.5621875000000001
0 0.29874999999999996 0.6174999999999999 0.27208333281249997 0.6287499999999999 0.255 0.6453125 0.2475 0.6690625 0.25 0.6896875 0.2683333328125 0.7259375 0.29041666718750003 0.74875 0.31 0.7559375 0.3295833328125 0.748125 0.35375 0.744375 0.365 0.7178125 0.355 0.6978125000000001 0.3491666671875 0.6753125 0.3491666671875 0.6584375 0.3566666671875 0.6328125 0.34375 0.623125 0.3195833328125 0.6168750000000001 0.29874999999999996 0.6174999999999999
0 0.37625000000000003 0.623125 0.3616666671875 0.6353125000000001 0.3508333328125 0.6528125 0.35 0.6784375 0.36 0.7046875 0.36625 0.71375 0.37333333281250003 0.7140625 0.37333333281250003 0.7234375 0.3820833328125 0.729375 0.38875000000000004 0.733125 0.41125 0.7381249999999999 0.44666666718750003 0.7409375 0.5 0.7178125 0.5125 0.6984375 0.5166666671875 0.6709375 0.5091666671875 0.6409374999999999 0.48875 0.61875 0.46958333281250003 0.61 0.4579166671875 0.6075 0.4270833328125 0.6075 0.3920833328125 0.615 0.37625000000000003 0.623125
0 0.29500000000000004 0.7709374999999999 0.2916666671875 0.7809375000000001 0.29333333281249996 0.7996875 0.3075 0.8153124999999999 0.3254166671875 0.829375 0.33458333281249997 0.8324999999999999 0.3495833328125 0.846875 0.36625 0.85125 0.3875 0.8515625 0.4095833328125 0.8456250000000001 0.425 0.8296875 0.42750000000000005 0.8171875 0.42083333281249996 0.7921875 0.3983333328125 0.7659374999999999 0.3729166671875 0.750625 0.35208333281250004 0.745 0.32458333281249996 0.75 0.30874999999999997 0.7581249999999999 0.29500000000000004 0.7709374999999999
0 0.10874999999999999 0.7525000000000001 0.045416667187499996 0.766875 0.021249999999999998 0.76875 0.0108333328125 0.7765625 0.0025 0.7909375 0.0033333328125 0.8059375 0.0108333328125 0.8178124999999999 0.0195833328125 0.8256249999999999 0.0329166671875 0.83125 0.05208333281250001 0.835625 0.07083333281250001 0.8353125 0.11541666718750002 0.825 0.13625 0.8175000000000001 0.15125 0.8087500000000001 0.1633333328125 0.7971874999999999 0.16833333281250001 0.7871875 0.16833333281250001 0.7634375 0.1579166671875 0.7581249999999999 0.1354166671875 0.76125 0.1329166671875 0.755625 0.10874999999999999 0.7525000000000001
0 0.0066666671875 0.8659375 0.0008333328124999999 0.8759375 0.0008333328124999999 0.9153125 0.0075 0.9290625 0.026250000000000002 0.944375 0.0475 0.9471875000000001 0.0629166671875 0.945625 0.07666666718750001 0.9390625 0.0858333328125 0.9121874999999999 0.0966666671875 0.8953125 0.0883333328125 0.8528125 0.08125 0.846875 0.06625 0.8425 0.041249999999999995 0.844375 0.0229166671875 0.851875 0.0066666671875 0.8659375
0 0.08 0.9271874999999999 0.0808333328125 0.9571875000000001 0.0966666671875 0.9834375 0.0941666671875 0.9996875 0.21000000000000002 0.9996875 0.22916666718749998 0.9853125 0.24 0.9653124999999999 0.24 0.9478125000000001 0.2241666671875 0.9171875 0.20249999999999999 0.8909375 0.17875000000000002 0.874375 0.15125 0.8699999999999999 0.1279166671875 0.875625 0.0991666671875 0.8934374999999999 0.08 0.9271874999999999
0 0.3708333328125 0.8803124999999999 0.3725 0.8921875 0.3791666671875 0.9040625 0.39375 0.915625 0.40875000000000006 0.921875 0.43125 0.9256249999999999 0.45083333281250004 0.9259375000000001 0.48208333281250004 0.923125 0.50125 0.91625 0.5191666671874999 0.8978125 0.5166666671875 0.8771875 0.50125 0.86625 0.4495833328125 0.851875 0.40875000000000006 0.8474999999999999 0.3820833328125 0.85375 0.3741666671875 0.8640625 0.3708333328125 0.8803124999999999
0 0.31375000000000003 0.8731249999999999 0.3091666671875 0.8796875 0.3133333328125 0.9396875 0.3175 0.9503125000000001 0.3366666671875 0.9728125000000001 0.3241666671875 0.9840625 0.32458333281249996 0.9868750000000001 0.3341666671875 0.9890625 0.33125 0.991875 0.32458333281249996 0.99 0.3241666671875 0.9928125 0.3295833328125 0.993125 0.3379166671875 1 0.3883333328125 0.9996875 0.40750000000000003 0.9753125 0.42750000000000005 0.9615625 0.42416666718749996 0.9453125 0.41375 0.9349999999999999 0.3954166671875 0.92875 0.3779166671875 0.93125 0.3654166671875 0.9393750000000001 0.3554166671875 0.9412499999999999 0.3441666671875 0.9290625 0.31375000000000003 0.8731249999999999
0 0.5320833328125001 0.72 0.5004166671875 0.720625 0.4620833328125 0.735 0.44333333281250004 0.7490625 0.43333333281249997 0.7609375 0.425 0.7765625 0.4233333328125 0.7871875 0.42833333281249997 0.8146875 0.43583333281250003 0.8240624999999999 0.4545833328125 0.83625 0.47291666718750003 0.843125 0.5120833328125001 0.851875 0.5308333328125 0.8496874999999999 0.5308333328125 0.8359375 0.5337500000000001 0.834375 0.5358333328125 0.8434375 0.5416666671875 0.8503125 0.5495833328125 0.8568749999999999 0.5549999999999999 0.8578125 0.5795833328125 0.8462500000000001 0.6012500000000001 0.840625 0.625 0.8284375 0.6416666671875 0.8034375 0.6408333328125 0.7821875 0.6208333328125 0.7521875 0.61125 0.74375 0.5929166671874999 0.73375 0.5770833328125 0.728125 0.5320833328125001 0.72
0 0.7258333328125001 0.7334375 0.7170833328125 0.728125 0.7004166671875 0.7262500000000001 0.6895833328125 0.7325 0.6720833328125 0.7375 0.6641666671875 0.7540625000000001 0.6458333328125 0.7659374999999999 0.6441666671874999 0.7734375 0.6375 0.7753125 0.6433333328125 0.7884375 0.6425 0.8015625 0.635 0.8178124999999999 0.6266666671875 0.8278125 0.63875 0.835625 0.665 0.8384375000000001 0.68625 0.83375 0.71375 0.82 0.7383333328125 0.8009375000000001 0.7491666671874999 0.7834375 0.7525000000000001 0.7615624999999999 0.7483333328125 0.7521875 0.7424999999999999 0.7446875000000001 0.7345833328125 0.739375 0.7279166671875 0.73875 0.7258333328125001 0.7334375
0 0.6545833328125 0.64125 0.6375 0.6559375000000001 0.6241666671874999 0.6771874999999999 0.6241666671874999 0.6996875 0.6291666671875 0.7203125 0.63875 0.729375 0.6537499999999999 0.735625 0.6725 0.7359375 0.6879166671875 0.7318749999999999 0.7108333328125 0.7178125 0.7191666671875 0.7103125 0.7325 0.6859375 0.7333333328125 0.6721874999999999 0.7266666671875 0.6571875 0.7079166671875 0.64125 0.6904166671875 0.635625 0.6679166671875 0.63625 0.6545833328125 0.64125
0 0.5337500000000001 0.6012500000000001 0.5183333328125 0.6178125 0.5116666671875 0.6415625 0.5125 0.6553125 0.5208333328125 0.6721874999999999 0.54625 0.689375 0.5595833328125 0.694375 0.5816666671874999 0.6946875 0.6020833328124999 0.6900000000000001 0.6166666671875001 0.6809375 0.6333333328124999 0.6603125000000001 0.6433333328125 0.6353125000000001 0.6408333328125 0.6259375 0.6266666671875 0.6040625000000001 0.6070833328125 0.591875 0.5845833328125 0.5875 0.55375 0.5912499999999999 0.5337500000000001 0.6012500000000001
0 0.6174999999999999 0.5071875 0.615 0.5003124999999999 0.6020833328124999 0.491875 0.5720833328125 0.484375 0.5520833328125 0.48375 0.5379166671875 0.488125 0.5208333328125 0.4996875 0.5141666671875 0.5096875 0.5133333328125 0.5296875 0.5191666671874999 0.5459375 0.5287499999999999 0.5587500000000001 0.5341666671875 0.5578125 0.5383333328125001 0.5478125 0.5416666671875 0.5484375 0.5416666671875 0.5659375 0.5508333328125 0.5765625 0.5629166671875 0.5806250000000001 0.5825 0.5828125 0.6029166671875 0.58 0.6224999999999999 0.5703125 0.6341666671875 0.5534375 0.635 0.5284375 0.6291666671875 0.5159374999999999 0.6229166671875 0.51125 0.6154166671875 0.5118750000000001 0.6070833328125 0.5193749999999999 0.6008333328125001 0.5196875000000001 0.6174999999999999 0.5071875
0 0.6141666671875 0.4421875 0.5991666671875 0.46343750000000006 0.595 0.4771875 0.5983333328125 0.4884375 0.6179166671874999 0.5037499999999999 0.625 0.5059375 0.6304166671875 0.515625 0.6608333328125 0.5196875000000001 0.6854166671875 0.514375 0.705 0.5021875 0.7150000000000001 0.4871875 0.7166666671875 0.47406249999999994 0.7108333328125 0.4578125 0.68875 0.436875 0.6770833328125 0.43187499999999995 0.65125 0.42874999999999996 0.63375 0.43125 0.6141666671875 0.4421875
0 0.5229166671875001 0.39249999999999996 0.5075000000000001 0.4034375 0.49416666718749996 0.4221875 0.49000000000000005 0.43843750000000004 0.495 0.4528125 0.5095833328125 0.468125 0.5370833328125 0.478125 0.5541666671875001 0.47843749999999996 0.5770833328125 0.47437500000000005 0.6008333328125001 0.45968749999999997 0.61 0.44343750000000004 0.61 0.4334375 0.6075 0.42281250000000004 0.5954166671875 0.418125 0.58 0.4065625 0.5704166671875 0.39125 0.54375 0.388125 0.5229166671875001 0.39249999999999996
0 0.45958333281249997 0.43499999999999994 0.4370833328125 0.426875 0.4129166671875 0.42625 0.37625000000000003 0.43499999999999994 0.3625 0.44656250000000003 0.3616666671875 0.45968749999999997 0.3566666671875 0.4715625 0.3383333328125 0.49468750000000006 0.34249999999999997 0.5115624999999999 0.3570833328125 0.526875 0.3779166671875 0.5325 0.40833333281249995 0.5321875 0.42374999999999996 0.529375 0.44625000000000004 0.5181250000000001 0.45083333281250004 0.5140625 0.4483333328125 0.5059375 0.45541666718749996 0.51 0.46166666718749994 0.5053124999999999 0.47416666718749995 0.4921875 0.48 0.4803125 0.47750000000000004 0.4503125 0.45958333281249997 0.43499999999999994
0 0.47125000000000006 0.5025000000000001 0.45541666718749996 0.509375 0.4495833328125 0.503125 0.4420833328125 0.50125 0.43916666718749997 0.5053124999999999 0.44666666718750003 0.5090625 0.4491666671875 0.5178125 0.4258333328125 0.5303125 0.42416666718749996 0.5490625 0.4291666671875 0.5571875000000001 0.44291666718749995 0.56875 0.46666666718750005 0.5715625 0.47416666718749995 0.5684375 0.47625 0.555625 0.4766666671875 0.5653125 0.4804166671875 0.5675 0.4933333328125 0.5603125 0.49916666718749997 0.5453125 0.49833333281250003 0.5346875 0.49416666718749996 0.5265625 0.4808333328125 0.5159374999999999 0.47125000000000006 0.5025000000000001
0 1 0.5815625 0.9879166671874999 0.5675 0.9670833328124999 0.5575 0.9320833328125 0.5475 0.9037499999999999 0.54625 0.8712500000000001 0.551875 0.8487500000000001 0.561875 0.8225 0.5828125 0.8233333328124999 0.5915625 0.8316666671874999 0.5965625 0.8270833328125 0.598125 0.8237500000000001 0.5925 0.8150000000000001 0.5934375000000001 0.8116666671875 0.6009375 0.8116666671875 0.6140625 0.82 0.6240625 0.8141666671875001 0.6271875 0.8183333328125 0.6440625 0.8291666671875 0.6565624999999999 0.85125 0.673125 0.8895833328125 0.6875 0.9045833328124999 0.686875 0.9158333328125 0.6903125 0.915 0.6484375 0.9058333328125 0.6278125 0.9066666671875 0.6203125 0.9125 0.6209374999999999 0.9166666671874999 0.6378125 0.9208333328125 0.6428125 0.925 0.6871875000000001 0.9320833328125 0.689375 0.9729166671874999 0.67875 1 0.6596875 1 0.5815625
0 0.8129166671875 0.6331249999999999 0.7945833328125 0.6287499999999999 0.7745833328125 0.6287499999999999 0.75875 0.631875 0.7429166671874999 0.63875 0.7275 0.6553125 0.7341666671875 0.6734375 0.7341666671875 0.6909375 0.74875 0.7068749999999999 0.7529166671875 0.7068749999999999 0.75875 0.7025 0.7633333328125 0.7065625 0.7566666671875 0.7221875 0.77125 0.7368750000000001 0.7829166671875 0.74375 0.8095833328125 0.751875 0.8233333328124999 0.7521875 0.8429166671875 0.74875 0.8641666671875001 0.7359375 0.8741666671875 0.7184375000000001 0.8724999999999999 0.6896875 0.8675 0.6865625 0.8675 0.6821875000000001 0.8462500000000001 0.670625 0.8291666671875 0.6571875 0.82 0.6471875 0.8129166671875 0.6331249999999999
0 0.6116666671875 0.5828125 0.6083333328125 0.5871875 0.6108333328125 0.5928125 0.6241666671874999 0.6015625 0.6441666671874999 0.6228125 0.6495833328125 0.63875 0.6820833328125 0.635 0.7066666671874999 0.6390625 0.7141666671875 0.6321875 0.7175 0.6240625 0.7175 0.6090625000000001 0.7120833328125 0.6 0.67875 0.5974999999999999 0.66625 0.591875 0.6541666671875 0.5803125 0.6454166671875 0.57625 0.6279166671875 0.5775 0.6116666671875 0.5828125
0 0.7470833328125 0.514375 0.72375 0.5118750000000001 0.7004166671875 0.51875 0.665 0.5415625000000001 0.655 0.5546875 0.6525000000000001 0.5721875 0.6583333328125 0.5846875 0.67375 0.595625 0.6991666671875 0.5996875 0.7270833328124999 0.595625 0.74375 0.58875 0.7483333328125 0.5846875 0.7458333328125 0.5803125 0.75625 0.58 0.7666666671875 0.5671875 0.7716666671875 0.5534375 0.7725 0.5371875 0.7616666671875 0.5221875 0.7470833328125 0.514375
0 1 0.8990625 0.9829166671875 0.8856249999999999 0.9712500000000001 0.881875 0.95375 0.88125 0.9412499999999999 0.884375 0.9333333328125001 0.8884375 0.9233333328125 0.9015625 0.9241666671875001 0.9259375000000001 0.9433333328125 0.9559374999999999 0.9724999999999999 0.9928125 0.9820833328124999 1 1 0.9996875 1 0.8990625
0 0.69625 1 0.7004166671875 0.9818749999999999 0.7179166671874999 1 0.9800000000000001 0.9996875 0.9716666671875 0.9934375 0.9550000000000001 0.9721875000000001 0.94625 0.9675 0.9408333328125 0.9690625 0.9433333328125 0.9571875000000001 0.93125 0.9412499999999999 0.9020833328125001 0.943125 0.8966666671875 0.9465625 0.8945833328124999 0.95375 0.8787499999999999 0.9568749999999999 0.8595833328125 0.940625 0.8487500000000001 0.93625 0.8254166671875 0.9331250000000001 0.7975 0.9446875 0.7908333328125 0.9565625000000001 0.7904166671875 0.968125 0.7787499999999999 0.9625 0.7737499999999999 0.9568749999999999 0.7654166671875 0.954375 0.7216666671875 0.8809374999999999 0.7208333328125 0.8659375 0.7133333328125 0.8578125 0.71 0.8315625000000001 0.70625 0.828125 0.6604166671875 0.8412499999999999 0.6266666671875 0.8353125 0.6275000000000001 0.8590625 0.6325000000000001 0.8628125000000001 0.63 0.8734375 0.6333333328124999 0.8784375000000001 0.635 0.8946875000000001 0.625 0.8984375 0.6341666671875 0.9021874999999999 0.6295833328125 0.906875 0.6220833328125 0.9099999999999999 0.6170833328125 0.909375 0.61 0.9140625 0.6120833328125 0.9168749999999999 0.6191666671875 0.9140625 0.6174999999999999 0.9184374999999999 0.6129166671874999 0.9193749999999999 0.605 0.9278124999999999 0.6083333328125 0.9503125000000001 0.60375 0.9475 0.5891666671875 0.9496874999999999 0.5650000000000001 0.9728125000000001 0.5616666671874999 0.9878125000000001 0.5654166671875 0.994375 0.5804166671875 0.99375 0.6145833328125 0.9737500000000001 0.6166666671875001 0.9634375000000001 0.6158333328125 0.9553125 0.6125 0.9528125 0.6170833328125 0.9512499999999999 0.6258333328125001 0.9571875000000001 0.6266666671875 0.9609375 0.6208333328125 0.9671875 0.62 0.9778125 0.615 0.9840625 0.6166666671875001 0.9878125000000001 0.6229166671875 0.9881249999999999 0.6333333328124999 0.9840625 0.6358333328125 0.9678125 0.6408333328125 0.9596875 0.6495833328125 0.9556250000000001 0.6491666671874999 0.9690625 0.6441666671874999 0.9728125000000001 0.64 0.9890625 0.64375 0.993125 0.655 0.9846875 0.6595833328125 0.9706250000000001 0.66625 1 0.69625 1
0 0.6766666671875 0.37906249999999997 0.67 0.3984375 0.6708333328125 0.41218750000000004 0.6775 0.4253125 0.69375 0.438125 0.7170833328125 0.44749999999999995 0.7391666671875 0.4503125 0.7645833328125 0.44625000000000004 0.7849999999999999 0.43218750000000006 0.7941666671875 0.4178125 0.795 0.40031249999999996 0.7841666671875 0.3834375 0.75875 0.36875 0.7345833328125 0.361875 0.7079166671875 0.36312500000000003 0.68875 0.369375 0.6766666671875 0.37906249999999997
0 0.795 0.40031249999999996 0.7958333328125 0.4096875 0.7908333328125 0.4265625 0.78 0.4403125 0.8070833328125 0.45062499999999994 0.8162499999999999 0.456875 0.82 0.4565625 0.8379166671875 0.45437500000000003 0.8566666671875 0.4421875 0.8666666671875 0.4296875 0.8658333328125 0.41281249999999997 0.8616666671875001 0.4046875 0.8370833328125 0.385625 0.8195833328125 0.381875 0.7979166671875 0.3825 0.7883333328125001 0.38656250000000003 0.795 0.40031249999999996
0 0.7645833328125 0.4575 0.7666666671875 0.4515625 0.7620833328125001 0.448125 0.7270833328124999 0.45187499999999997 0.72 0.45843749999999994 0.7141666671875 0.4965625 0.7295833328125 0.50875 0.7545833328125 0.514375 0.7558333328125 0.5090625 0.7516666671875 0.49781250000000005 0.7537499999999999 0.48250000000000004 0.7558333328125 0.49906249999999996 0.7666666671875 0.5103125000000001 0.7758333328125 0.5146875 0.8004166671874999 0.50875 0.82 0.4928125 0.8241666671875001 0.4759375 0.8225 0.4671875 0.8158333328125 0.4578125 0.8004166671874999 0.448125 0.78125 0.44312500000000005 0.7708333328125 0.4453125 0.7691666671874999 0.4546875 0.7645833328125 0.4575
0 0.7825 0.5415625000000001 0.7745833328125 0.5375 0.7683333328125 0.5690625 0.7845833328125 0.5775 0.8025 0.5803125 0.805 0.5734375 0.7991666671875 0.5634375 0.7825 0.5415625000000001
0 0.7816666671875 0.5340625 0.79 0.5415625000000001 0.8125 0.5753125 0.8154166671875 0.578125 0.8216666671875 0.5784374999999999 0.8320833328124999 0.573125 0.8516666671875001 0.5559375 0.86 0.5390625 0.86 0.5284375 0.845 0.5053124999999999 0.8204166671875001 0.496875 0.8004166671874999 0.509375 0.7820833328125001 0.515 0.7766666671875 0.5228125 0.7816666671875 0.5340625
0 0.9104166671874999 0.4425 0.89375 0.44125 0.8729166671874999 0.445625 0.8591666671875 0.45531249999999995 0.845 0.4828125 0.845 0.5003124999999999 0.8533333328125 0.5165625 0.8620833328125 0.5231250000000001 0.8779166671875 0.529375 0.8975 0.5296875 0.9195833328124999 0.524375 0.9349999999999999 0.5115624999999999 0.9416666671874999 0.4984375 0.9425000000000001 0.48968749999999994 0.9383333328125 0.4828125 0.9425000000000001 0.4803125 0.9425000000000001 0.47093749999999995 0.9391666671875001 0.45968749999999997 0.9254166671874999 0.44749999999999995 0.9104166671874999 0.4425
0 0.9795833328124999 0.548125 0.9991666671875 0.5496875 1 0.5365624999999999 0.99875 0.533125 0.9862500000000001 0.534375 0.9779166671875 0.540625 0.9729166671874999 0.538125 0.9650000000000001 0.5415625000000001 0.9641666671875001 0.5453125 0.9679166671875 0.5475 0.9779166671875 0.5425 0.9795833328124999 0.548125
0 1 0.4803125 0.99875 0.475 0.9887499999999999 0.480625 0.9504166671875 0.4875 0.9433333328125 0.49093749999999997 0.9408333328125 0.5021875 0.93 0.5215625 0.9525 0.5378125 0.9779166671875 0.53 0.9870833328125 0.530625 1 0.5271874999999999 1 0.4803125
0 0.9441666671875 0.4815625 0.9691666671875 0.48218750000000005 0.9795833328124999 0.48125 1 0.4721875 0.9995833328125 0.40374999999999994 0.9704166671875001 0.41 0.93875 0.42374999999999996 0.9225 0.43843750000000004 0.9216666671875 0.44406249999999997 0.9349999999999999 0.45406250000000004 0.9408333328125 0.46343750000000006 0.9441666671875 0.4815625
0 1 0.3365625 0.9983333328124999 0.3296875 0.9833333328125 0.3103125 0.9670833328124999 0.3 0.9262499999999999 0.29 0.8995833328125 0.28875 0.8895833328125 0.290625 0.85625 0.305 0.8266666671875 0.3259375 0.8166666671874999 0.3409375 0.8133333328125 0.3721875 0.8170833328124999 0.380625 0.83375 0.38375 0.85125 0.39187500000000003 0.8820833328125 0.38875000000000004 0.8625 0.40031249999999996 0.8699999999999999 0.4221875 0.8854166671874999 0.428125 0.9099999999999999 0.42843749999999997 0.9487500000000001 0.41875 0.9695833328125 0.40750000000000003 0.9833333328125 0.39656250000000004 0.9858333328125 0.3890625 0.9941666671875 0.3821875 1 0.3715625 1 0.3365625
0 1 0.19593750000000001 0.9820833328124999 0.18562499999999998 0.95375 0.181875 0.9295833328124999 0.18562499999999998 0.89875 0.2 0.8816666671875 0.2171875 0.8758333328125 0.2384375 0.8783333328125 0.2546875 0.89 0.2609375 0.8975 0.2740625 0.9037499999999999 0.27875 0.91375 0.28250000000000003 0.9225 0.2821875 0.9895833328125001 0.265625 1 0.2578125 1 0.20031249999999998 1 0.19593750000000001
0 0.81375 0.181875 0.7975 0.19343749999999998 0.7866666671875 0.21156250000000001 0.7883333328125001 0.2365625 0.7958333328125 0.2459375 0.8170833328124999 0.26 0.8383333328125 0.2634375 0.8595833328125 0.26 0.8679166671875 0.25375000000000003 0.875 0.2534375 0.8791666671874999 0.2209375 0.8991666671875 0.1978125 0.89125 0.18562499999999998 0.8787499999999999 0.1775 0.8645833328125001 0.17375000000000002 0.8320833328124999 0.175 0.81375 0.181875
0 1 0.1140625 0.9891666671875001 0.1003125 0.9737500000000001 0.0925 0.9420833328124999 0.08937500000000001 0.9195833328124999 0.094375 0.9025000000000001 0.10406249999999999 0.8816666671875 0.1240625 0.8716666671875 0.1459375 0.875 0.1603125 0.8875 0.18031250000000001 0.8970833328125 0.18687499999999999 0.9116666671875 0.1909375 0.93875 0.183125 0.9729166671874999 0.18062499999999998 0.9974999999999999 0.1528125 1 0.1428125 1 0.1140625
0 0.8041666671875 0.1359375 0.7908333328125 0.1521875 0.7849999999999999 0.1653125 0.7866666671875 0.18031250000000001 0.7958333328125 0.1940625 0.8129166671875 0.181875 0.83125 0.175 0.8595833328125 0.173125 0.8791666671874999 0.1765625 0.8708333328125001 0.14906250000000001 0.8733333328124999 0.1378125 0.8845833328125 0.11750000000000001 0.8404166671875 0.11625 0.8245833328125001 0.12250000000000001 0.8041666671875 0.1359375
0 0.7054166671875 0.13 0.7204166671875 0.135625 0.7308333328125001 0.1440625 0.7391666671875 0.1584375 0.7579166671875 0.169375 0.7641666671875 0.1690625 0.7870833328125 0.15687500000000001 0.8041666671875 0.1353125 0.8358333328124999 0.11656249999999999 0.8341666671875 0.10593749999999999 0.8104166671874999 0.088125 0.7820833328125001 0.075625 0.73375 0.06937499999999999 0.69875 0.075625 0.6849999999999999 0.1284375 0.7054166671875 0.13
0 0.6849999999999999 0.1484375 0.6866666671874999 0.1859375 0.6908333328125 0.1878125 0.7070833328125 0.183125 0.7329166671875 0.18125 0.7375 0.1765625 0.7366666671875 0.15718749999999998 0.7308333328125001 0.1446875 0.7229166671875 0.1375 0.7045833328125 0.130625 0.6870833328125 0.130625 0.6758333328125 0.13468750000000002 0.6849999999999999 0.1484375
0 0.71375 0.1825 0.6879166671875 0.18875 0.6799999999999999 0.2071875 0.6716666671875 0.2171875 0.6545833328125 0.230625 0.6320833328125001 0.23937499999999998 0.6291666671875 0.24281250000000001 0.63875 0.26687500000000003 0.6729166671875 0.271875 0.6920833328125 0.27999999999999997 0.70625 0.29 0.7125 0.29031250000000003 0.7262500000000001 0.28125 0.7395833328125 0.281875 0.75125 0.27749999999999997 0.78 0.24906250000000002 0.7858333328125 0.2359375 0.7858333328125 0.21968749999999998 0.7783333328125 0.20406249999999998 0.7604166671875 0.19 0.7345833328125 0.181875 0.71375 0.1825
0 0.6645833328124999 0.27 0.6379166671875 0.26875 0.6329166671875 0.273125 0.6279166671875 0.268125 0.5895833328125 0.274375 0.5533333328125 0.2940625 0.5358333328125 0.3203125 0.5341666671875 0.3440625 0.5433333328125001 0.3646875 0.55625 0.37625000000000003 0.5654166671875 0.38125 0.5708333328124999 0.38093750000000004 0.58 0.36343749999999997 0.6070833328125 0.34625 0.61125 0.349375 0.6404166671875 0.35 0.7091666671875 0.3328125 0.7133333328125 0.3196875 0.7133333328125 0.30593750000000003 0.7075 0.2940625 0.6920833328125 0.280625 0.6645833328124999 0.27
0 0.4575 0.38093750000000004 0.4575 0.39718749999999997 0.46666666718750005 0.4090625 0.47791666718750003 0.414375 0.4966666671875 0.4146875 0.5083333328124999 0.4021875 0.5283333328125 0.3890625 0.5408333328125 0.3665625 0.5408333328125 0.3578125 0.5325 0.3446875 0.5129166671875 0.339375 0.4970833328125 0.33999999999999997 0.48208333281250004 0.34625 0.4641666671875 0.36593749999999997 0.4575 0.38093750000000004
0 0.5758333328125 0.3696875 0.5725 0.3778125 0.575 0.39718749999999997 0.5808333328125 0.4065625 0.59875 0.418125 0.6104166671875 0.421875 0.63 0.4221875 0.6495833328125 0.41624999999999995 0.6666666671875 0.3990625 0.6716666671875 0.3896875 0.6691666671875 0.3740625 0.6541666671875 0.3559375 0.6487499999999999 0.353125 0.62375 0.349375 0.60375 0.35125 0.5862499999999999 0.359375 0.5758333328125 0.3696875
0 0.47791666718750003 0.30874999999999997 0.43833333281250003 0.3209375 0.4308333328125 0.33406250000000004 0.43 0.3471875 0.4479166671875 0.35625 0.46666666718750005 0.3603125 0.48208333281250004 0.34625 0.49291666718749994 0.34125 0.5029166671875 0.339375 0.5279166671875 0.34249999999999997 0.5333333328125 0.3409375 0.5349999999999999 0.32156250000000003 0.5458333328125 0.3021875 0.5454166671875 0.2975 0.5070833328125001 0.305625 0.47791666718750003 0.30874999999999997
0 0.3104166671875 0 0.3091666671875 0.0021874999999999998 0.31 0.0209375 0.3175 0.027187499999999996 0.31916666718750003 0.0390625 0.325 0.0415625 0.34208333281250003 0 0.3104166671875 0
0 0.34625 0 0.34249999999999997 0.0053124999999999995 0.3408333328125 0.0190625 0.3375 0.021562500000000002 0.3308333328125 0.0521875 0.34208333281250003 0.058125 0.3741666671875 0.0615625 0.3895833328125 0.058125 0.3975 0.0515625 0.40499999999999997 0.035312500000000004 0.4058333328125 0.0128125 0.4029166671875 0.008749999999999999 0.39791666718749996 0.01125 0.3883333328125 0.0096875 0.3954166671875 0 0.34625 0
0 0.2629166671875 0.06625 0.27 0.06593750000000001 0.28791666718750003 0.05437499999999999 0.2995833328125 0.05375 0.305 0.050937500000000004 0.31 0.043437500000000004 0.30874999999999997 0.033125 0.2804166671875 0.0325 0.2316666671875 0.0396875 0.23333333281250002 0.0459375 0.2479166671875 0.058750000000000004 0.2629166671875 0.06625
0 0.2379166671875 0.034375 0.2641666671875 0.034687499999999996 0.26875 0.03125 0.29375 0.030625000000000003 0.3091666671875 0.025312499999999998 0.3091666671875 0.0003125 0.21875 0 0.21916666718750002 0.010312499999999999 0.2266666671875 0.0115625 0.2233333328125 0.0203125 0.2258333328125 0.0303125 0.2379166671875 0.034375