0 0.33199999999999996 0.4665 0.3203333328125 0.477 0.308 0.49225 0.302 0.5055 0.3036666671875 0.51625 0.307 0.51925 0.3153333328125 0.52225 0.3293333328125 0.5235000000000001 0.409 0.525 0.4303333328125 0.5235000000000001 0.46699999999999997 0.523 0.5053333328125 0.516 0.507 0.51025 0.5063333328125 0.50625 0.4993333328125 0.49775 0.49066666718749996 0.47625 0.48200000000000004 0.45899999999999996 0.4813333328125 0.45125000000000004 0.48266666718750006 0.43324999999999997 0.48200000000000004 0.4285 0.4783333328125 0.42275 0.4723333328125 0.41624999999999995 0.4683333328125 0.41425 0.454 0.41275000000000006 0.4443333328125 0.41475 0.4413333328125 0.413 0.4373333328125 0.40575 0.433 0.40225 0.4266666671875 0.40075000000000005 0.418 0.40075000000000005 0.41 0.40549999999999997 0.3983333328125 0.42074999999999996 0.3916666671875 0.42575 0.38166666718750003 0.42000000000000004 0.37733333281250003 0.41974999999999996 0.368 0.42275 0.3636666671875 0.426 0.357 0.43475 0.3503333328125 0.441 0.3446666671875 0.45025000000000004 0.33199999999999996 0.4665
0 0.49766666718749997 0.5005 0.505 0.50875 0.509 0.51625 0.512 0.51875 0.5183333328125 0.52125 0.5483333328125 0.5247499999999999 0.6013333328125 0.52675 0.6333333328124999 0.52525 0.708 0.5309999999999999 0.7226666671875 0.53025 0.7293333328125 0.5265 0.7326666671875001 0.5225 0.736 0.51525 0.7406666671875 0.49725 0.7393333328125 0.487 0.7346666671875 0.48 0.7146666671874999 0.4755 0.696 0.46575 0.682 0.46624999999999994 0.6586666671875 0.47325 0.642 0.46699999999999997 0.6296666671875 0.46525 0.5940000000000001 0.46825 0.572 0.47175 0.5606666671875 0.47225 0.5233333328125 0.46950000000000003 0.507 0.46699999999999997 0.49466666718749996 0.46675000000000005 0.489 0.46825 0.4876666671875 0.46975 0.488 0.47874999999999995 0.4916666671875 0.489 0.49766666718749997 0.5005
0 1 0.472 0.9960000000000001 0.47225 0.9893333328124999 0.47450000000000003 0.985 0.47450000000000003 0.9773333328125 0.46725000000000005 0.9733333328124999 0.46575 0.9663333328125001 0.46575 0.9563333328124999 0.47000000000000003 0.9470000000000001 0.47824999999999995 0.9433333328125 0.47575 0.9393333328125 0.465 0.9353333328125 0.46075 0.9296666671875 0.45725 0.924 0.45675 0.9153333328125 0.4585 0.9109999999999999 0.4615 0.9053333328125 0.46925 0.9036666671875 0.47350000000000003 0.9019999999999999 0.47375 0.8966666671875 0.47050000000000003 0.8863333328125 0.45675 0.8786666671875001 0.45275 0.866 0.453 0.8586666671875 0.4585 0.8470000000000001 0.45899999999999996 0.8316666671874999 0.454 0.819 0.4525 0.8103333328125 0.44875 0.8033333328125 0.44425 0.7956666671875 0.442 0.7913333328125 0.442 0.7809999999999999 0.44825 0.771 0.45875000000000005 0.765 0.46025 0.76 0.46399999999999997 0.7563333328125 0.46950000000000003 0.7546666671875 0.47474999999999995 0.7556666671875 0.493 0.7596666671875 0.50325 0.7636666671875 0.51925 0.768 0.5265 0.7726666671875 0.52925 0.7843333328125001 0.5325 0.8136666671875 0.534 0.8800000000000001 0.5337500000000001 0.9413333328125001 0.5355000000000001 0.9696666671875 0.5355000000000001 0.9916666671875 0.5337500000000001 1 0.53425 1 0.495 0.9956666671875001 0.49524999999999997 0.9886666671875 0.49400000000000005 0.9880000000000001 0.491 0.9906666671875 0.48775 0.9923333328125 0.48274999999999996 1 0.47850000000000004 1 0.472
0 0.7 0.6945 0.7043333328125 0.7252500000000001 0.7163333328125 0.7434999999999999 0.721 0.74675 0.73 0.74925 0.7563333328125 0.7515 0.8016666671875001 0.7505 0.8560000000000001 0.75275 0.8866666671875001 0.75275 0.908 0.75075 0.915 0.74875 0.924 0.7422500000000001 0.9313333328125 0.7342500000000001 0.9386666671875 0.721 0.943 0.7075 0.944 0.6945 0.9393333328125 0.67825 0.9339999999999999 0.67 0.9333333328125001 0.65225 0.9316666671875 0.64675 0.9259999999999999 0.6457499999999999 0.9126666671875 0.63925 0.8863333328125 0.63925 0.8723333328124999 0.6327499999999999 0.8586666671875 0.63225 0.8223333328125 0.6345 0.8096666671875001 0.62975 0.799 0.629 0.7916666671875 0.6315000000000001 0.7826666671875 0.6385 0.772 0.63825 0.7583333328124999 0.63475 0.7463333328124999 0.6335 0.709 0.6335 0.7066666671874999 0.63425 0.704 0.642 0.7006666671875 0.66575 0.6993333328125 0.68075 0.7 0.6945
0 0.581 0.739 0.5943333328125 0.7415 0.6103333328125 0.7424999999999999 0.623 0.741 0.639 0.7344999999999999 0.6453333328124999 0.72975 0.6536666671875 0.726 0.6593333328125001 0.7215 0.6813333328125 0.71575 0.6956666671875 0.7162499999999999 0.6990000000000001 0.70925 0.6990000000000001 0.6839999999999999 0.7093333328125 0.64675 0.708 0.634 0.6976666671875 0.6285000000000001 0.6846666671875 0.62675 0.6719999999999999 0.621 0.6586666671875 0.62175 0.645 0.629 0.632 0.62275 0.6196666671875 0.6205 0.5983333328125 0.6285000000000001 0.5776666671874999 0.63175 0.5693333328125 0.634 0.5636666671875 0.6385 0.5603333328125 0.646 0.5603333328125 0.6595 0.5513333328125001 0.69475 0.5536666671875 0.7125 0.5603333328125 0.7252500000000001 0.5690000000000001 0.7344999999999999 0.581 0.739
0 0.45466666718750004 0.737 0.47800000000000004 0.74075 0.49233333281249997 0.74075 0.5183333328125 0.7365 0.545 0.7355 0.548 0.7342500000000001 0.5496666671875 0.732 0.549 0.7215 0.5433333328125001 0.69725 0.5433333328125001 0.68225 0.548 0.6495 0.5476666671875 0.63425 0.5413333328125 0.62975 0.5306666671875 0.6265 0.503 0.62725 0.4806666671875 0.6252500000000001 0.46399999999999997 0.629 0.45366666718750004 0.63375 0.4423333328125 0.6487499999999999 0.42400000000000004 0.66825 0.4176666671875 0.68075 0.4146666671875 0.6945 0.4136666671875 0.71375 0.4153333328125 0.7230000000000001 0.422 0.7315 0.4273333328125 0.7344999999999999 0.45466666718750004 0.737
0 0.7070000000000001 0.38675000000000004 0.7726666671875 0.38675000000000004 0.8083333328125001 0.38525 0.8633333328124999 0.38825 0.8883333328124999 0.38849999999999996 0.9109999999999999 0.38575 0.9253333328125001 0.3815 0.93 0.37825000000000003 0.9376666671875 0.36875 0.9383333328125 0.3655 0.933 0.35275 0.9266666671875001 0.34275 0.9226666671875 0.339 0.9123333328125 0.33675 0.8896666671875 0.32925 0.873 0.32525 0.8593333328125 0.32325 0.8390000000000001 0.31575000000000003 0.8233333328124999 0.31425000000000003 0.8096666671875001 0.31425000000000003 0.78 0.3165 0.7586666671875 0.314 0.7336666671875001 0.305 0.7076666671875 0.306 0.6839999999999999 0.30425 0.6799999999999999 0.3055 0.6716666671875 0.313 0.6643333328125001 0.32925 0.661 0.34375 0.6626666671875 0.356 0.6663333328125 0.36875 0.6713333328125 0.375 0.679 0.381 0.6843333328125001 0.3835 0.6953333328125 0.38575 0.7070000000000001 0.38675000000000004
0 0.2673333328125 0.06875 0.25866666718750003 0.081 0.2463333328125 0.09125 0.24100000000000002 0.1 0.24933333281249997 0.12 0.253 0.125 0.266 0.128 0.2926666671875 0.128 0.3396666671875 0.12575 0.364 0.12150000000000001 0.36833333281249997 0.12150000000000001 0.3783333328125 0.12450000000000001 0.391 0.125 0.41566666718749995 0.12350000000000001 0.4733333328125 0.12350000000000001 0.48333333281249996 0.12250000000000001 0.4903333328125 0.12 0.49466666718749996 0.11725000000000001 0.49733333281250003 0.11174999999999999 0.49533333281249997 0.0995 0.4916666671875 0.0875 0.48566666718749996 0.07975 0.4683333328125 0.06275 0.45766666718750004 0.0595 0.4446666671875 0.059 0.44000000000000006 0.057499999999999996 0.43166666718749996 0.052500000000000005 0.42300000000000004 0.051500000000000004 0.4176666671875 0.052000000000000005 0.40800000000000003 0.059 0.4046666671875 0.060250000000000005 0.394 0.04925 0.391 0.04775 0.3806666671875 0.0465 0.374 0.05 0.3676666671875 0.057999999999999996 0.3546666671875 0.0645 0.3406666671875 0.051000000000000004 0.33166666718750004 0.0475 0.32766666718750004 0.0475 0.3226666671875 0.0505 0.31766666718750003 0.057999999999999996 0.31466666718749997 0.0605 0.2766666671875 0.066 0.2673333328125 0.06875
0 0.453125 0.33828125 0.2578125 0.0859375
0 0.1453125 0.23515625 0.19375 0.0796875
0 0.35 0.2203125 0.1875 0.0734375
0 0.5453125 0.2234375 0.24375 0.071875
0 0.7546875 0.22265625 0.15 0.0703125
0 0.278125 0.34609375 0.1171875 0.0859375
0 0.1375 0.33984375 0.2125 0.090625
0 0.0515625 0.4703125 0.103125 0.0890625
0 0.53515625 0.575 0.1234375 0.0734375
0 0.1234375 0.54921875 0.1765625 0.059375
0 0.23359375 0.6765625 0.1625 0.1
0 0.37734375 0.684375 0.115625 0.0828125
0 0.72109375 0.5734375 0.128125 0.0453125
0 0.95 0.5828125 0.1 0.0546875