0 0.15390625 0.39375 0.2015625 0.3984375
0 0.31796875 0.64921875 0.28125 0.3296875
0 0.63515625 0.75625 0.3421875 0.3453125
0 0.809375 0.515625 0.2828125 0.378125
0 0.484375 0.38671875 0.3046875 0.3515625
0 0.39921875 0.16484375 0.2703125 0.225
0 0.73203125 0.2796875 0.2640625 0.2125
0 0.26415094375 0.2736842109375 0.2113207546875 0.210526315625 0.15471698125 0.2 0.1094339625 0.23157894687499997 0.0716981125 0.310526315625 0.0603773578125 0.5157894734374999 0.0830188671875 0.57894736875 0.1283018875 0.6052631578125001 0.181132075 0.6052631578125001 0.2113207546875 0.5368421046875 0.218867925 0.468421053125 0.2792452828125 0.42105263125 0.2792452828125 0.32631578906250003 0.26415094375 0.2736842109375
0 0.3849056609375 0.5052631578125 0.27547169843749997 0.4842105265625 0.2113207546875 0.5263157890625 0.196226415625 0.5578947375000001 0.1849056609375 0.6578947375 0.2113207546875 0.7473684203125 0.241509434375 0.7947368421875 0.2905660375 0.8263157890624999 0.37358490624999996 0.8263157890624999 0.41132075468749996 0.8052631578125 0.4603773578125 0.7473684203125 0.4603773578125 0.6 0.3849056609375 0.5052631578125
0 0.781132075 0.6368421046875 0.649056603125 0.57894736875 0.57358490625 0.57894736875 0.4981132078125 0.62105263125 0.45660377343749997 0.7 0.467924528125 0.8473684203125 0.4981132078125 0.9 0.5660377359375001 0.9368421046875 0.6377358484375 0.9368421046875 0.7245283015624999 0.9052631578125 0.777358490625 0.8578947375 0.796226415625 0.810526315625 0.796226415625 0.6736842109375 0.781132075 0.6368421046875
0 0.73584905625 0.3736842109375 0.686792453125 0.3578947375 0.6528301890625 0.410526315625 0.6377358484375 0.5157894734374999 0.694339621875 0.6 0.777358490625 0.6368421046875 0.7924528296875 0.689473684375 0.849056603125 0.689473684375 0.93584905625 0.6 0.93584905625 0.4842105265625 0.8943396218749999 0.410526315625 0.8226415093749999 0.3631578953125 0.73584905625 0.3736842109375
0 0.6339622640625 0.32631578906250003 0.53584905625 0.23157894687499997 0.418867925 0.2052631578125 0.3660377359375 0.24210526250000003 0.33584905625 0.3 0.3245283015625 0.410526315625 0.33584905625 0.4473684203125 0.3924528296875 0.5105263156250001 0.47169811250000004 0.5526315796875 0.5207547171875 0.5526315796875 0.6301886796875 0.5052631578125 0.622641509375 0.48947368437499994 0.641509434375 0.4263157890625 0.6339622640625 0.32631578906250003