0 0.2203125 0.659375 0.25625 0.09375
0 0.47890625 0.784375 0.15625 0.1609375
0 0.1375 0.7875 0.18125 0.1546875
0 0.38125 0.78828125 0.096875 0.1390625
0 0.6515625 0.79296875 0.16875 0.1828125
0 0.815625 0.82109375 0.190625 0.1875
0 0.97578125 0.83203125 0.0484375 0.165625
0 0.74921875 0.096875 0.3046875 0.15
0 0.5265625 0.13671875 0.1640625 0.165625
0 0.240625 0.165625 0.178125 0.1
0 0.790625 0.25703125 0.184375 0.1609375
0 0.6109375 0.2609375 0.196875 0.178125
0 0.39609375 0.265625 0.203125 0.1875
0 0.18125 0.2875 0.2171875 0.15625
0 0.61640625 0.4640625 0.103125 0.13125
0 0.7296875 0.46953125 0.16875 0.1859375
0 0.2234375 0.47421875 0.153125 0.071875
0 0.92890625 0.52578125 0.1421875 0.2203125
0 0.52421875 0.528125 0.16875 0.1765625
0 0.2140625 0.553125 0.25625 0.1140625
0 0.2515625 0.0625 0.3125 0.121875
0 0.7484375 0.6421875 0.2171875 0.14375