0 0.1109375 0.7828125 0.221875 0.434375
0 0.35546875 0.77890625 0.2609375 0.4375
0 0.653125 0.81015625 0.2421875 0.3796875
0 0.8828125 0.75 0.234375 0.5
0 0.89375 0.3625 0.2109375 0.3640625
0 0.9203125 0.10859375 0.159375 0.2171875
0 0.621875 0.1625 0.240625 0.325
0 0.65546875 0.44921875 0.246875 0.3328125
0 0.33671875 0.16875 0.21875 0.3375
0 0.17578125 0.2078125 0.2 0.259375
0 0.10703125 0.4421875 0.2140625 0.35625
0 0.30546875 0.48359375 0.240625 0.340625
0 0.4671875 0.43828125 0.16875 0.321875
0 0.47421875 0.18671875 0.1515625 0.3734375
0 0.75390625 0.06640625 0.1625 0.1328125
0 0.7671875 0.2453125 0.1609375 0.3828125
0 0.065625 0.103125 0.13125 0.20625
0 0.05 0.234375 0.1 0.253125