0 1 1 0.9994999999999999 0.9786856125 0.9625 0.9378330375000001 0.9435 0.9360568390624999 0.93 0.9671403203125 0.9324999999999999 0.9786856125 0.9515 1 1 1
0 0.9390000000000001 0.9387211375 0.9494999999999999 0.932504440625 0.9695 0.9378330375000001 0.977 0.8960923624999999 0.975 0.880106571875 0.9545 0.8561278859374999 0.8985 0.8401420953125 0.891 0.8783303734375 0.891 0.901420959375 0.9115 0.932504440625 0.9390000000000001 0.9387211375
0 1 0.8285968031250001 0.991 0.807282415625 0.9880000000000001 0.7841918296875 0.9814999999999999 0.7744227359375 0.96 0.8428063937499999 0.977 0.88543516875 0.974 0.9298401421875001 0.978 0.9493783296875 1 0.9760213140625 1 0.8285968031250001
0 1 0.608348134375 0.9894999999999999 0.5932504437499999 0.976 0.5959147421875 0.975 0.7113676734375 0.966 0.764653640625 0.9560000000000001 0.7841918296875 0.9460000000000001 0.8232682062500001 0.9460000000000001 0.839253996875 0.953 0.8410301953125 0.9720000000000001 0.8090586140625 1 0.6900532859374999 1 0.608348134375
0 0.954 0.78241563125 0.9650000000000001 0.7664298406250001 0.974 0.7202486671874999 0.976 0.619005328125 0.9710000000000001 0.5710479578125 0.9615 0.5541740671875 0.9494999999999999 0.5506216703125 0.932 0.5710479578125 0.93 0.619005328125 0.9339999999999999 0.755772646875 0.954 0.78241563125
0 0.954 0.787744228125 0.9255000000000001 0.754884546875 0.9125 0.7513321484375 0.9 0.8357015984375 0.9259999999999999 0.8463587921875 0.9385 0.8401420953125 0.945 0.8285968031250001 0.954 0.787744228125
0 0.8699999999999999 1 0.882 0.9618117234374999 0.892 0.8730017765625 0.9109999999999999 0.7682060390625 0.909 0.7380106578125 0.8945000000000001 0.714031971875 0.8815 0.714031971875 0.8765000000000001 0.7264653640625001 0.8560000000000001 0.7380106578125 0.8380000000000001 0.874777975 0.834 0.9369449375000001 0.836 0.98845470625 0.8425 1 0.8699999999999999 1
0 0.943 1 0.9480000000000001 0.9973357015625 0.8975 0.9236234453125001 0.889 0.9191829484375 0.8744999999999999 1 0.943 1
0 0.8365 0.7211367671875 0.857 0.7326820609375 0.8744999999999999 0.724689165625 0.882 0.7060390765625 0.893 0.597690940625 0.89 0.5657193609375 0.8765000000000001 0.5488454703125 0.8654999999999999 0.5452930734375 0.8535 0.5506216703125 0.842 0.57282415625 0.826 0.681172290625 0.8365 0.7211367671875
0 0.8865000000000001 0.5239786859375 0.8789999999999999 0.5444049734374999 0.893 0.5746003546875 0.883 0.7095914750000001 0.8955 0.714031971875 0.9039999999999999 0.7255772640625 0.909 0.7166962703124999 0.915 0.67761989375 0.933 0.47868561249999997 0.93 0.457371225 0.9185000000000001 0.43161634062500004 0.9065 0.4404973359375 0.8949999999999999 0.462699821875 0.892 0.484014209375 0.9019999999999999 0.5142095921875 0.8865000000000001 0.5239786859375
0 0.869 0.537300178125 0.8765000000000001 0.5364120781249999 0.901 0.5124333921875001 0.89 0.48046181250000003 0.8734999999999999 0.45825932500000005 0.8285 0.43872113749999997 0.833 0.46802841875 0.8314999999999999 0.493783303125 0.796 0.47868561249999997 0.8115 0.5133214921875 0.869 0.537300178125
0 0.9095000000000001 0.43161634062500004 0.9175000000000001 0.42628774375 0.942 0.484014209375 0.95 0.4662522203125 0.9650000000000001 0.391651865625 0.962 0.359680284375 0.9494999999999999 0.337477796875 0.9285 0.3570159859375 0.9175000000000001 0.38721136718750004 0.9065 0.3818827703125 0.9 0.40941385468749997 0.9035 0.42628774375 0.9095000000000001 0.43161634062500004
0 0.9785 0.42806394374999995 0.968 0.443161634375 0.962 0.46802841875 0.9845 0.49555950312499997 0.9970000000000001 0.5 0.994 0.4378330375 0.9884999999999999 0.42806394374999995 0.9785 0.42806394374999995
0 0.9804999999999999 0.3534635875 0.9695 0.3534635875 0.966 0.36678507968749996 0.967 0.4396092359375 0.962 0.46802841875 0.9845 0.49555950312499997 0.9970000000000001 0.49822380156249996 0.993 0.3774422734375 0.9804999999999999 0.3534635875
0 0.9560000000000001 0.29040852500000003 0.9550000000000001 0.31705150937500004 0.9664999999999999 0.34813499062500003 0.983 0.3507992890625 0.9949999999999999 0.3348134984375 0.998 0.32238010625 0.993 0.2513321484375 0.9845 0.21847246875 0.9695 0.2149200703125 0.969 0.2264653640625 0.9835 0.23445825937500003 0.986 0.24422735312500002 0.9715 0.28063943125 0.9560000000000001 0.29040852500000003
0 0.9195 0.202486678125 0.9375 0.20781527500000002 0.945 0.22291296562500001 0.944 0.24422735312500002 0.95 0.246003553125 0.969 0.23179396093750002 0.95 0.14831261093749998 0.9269999999999999 0.11101243281249999 0.9205 0.0905861453125 0.9065 0.078152753125 0.9025000000000001 0.0870337484375 0.8985 0.08348135 0.8949999999999999 0.11989342812499999 0.909 0.17673179375 0.9195 0.202486678125
0 0.9395 0.129662521875 0.9650000000000001 0.13587921875 0.9810000000000001 0.09502664375 0.9800000000000001 0.08259324999999999 0.9724999999999999 0.07104795781249999 0.8825 0.015985790625 0.865 0.0222024859375 0.876 0.0435168734375 0.8775000000000001 0.0692717578125 0.9025000000000001 0.0692717578125 0.9175000000000001 0.0852575484375 0.9395 0.129662521875
0 0.9884999999999999 0.12078152812500001 0.9960000000000001 0.098579040625 0.9994999999999999 0 0.967 0.0008881 0.9640000000000001 0.06305506250000001 0.982 0.08436945 0.978 0.1216696265625 0.9730000000000001 0.1234458265625 0.978 0.1269982234375 0.9884999999999999 0.12078152812500001
0 0.805 0.0008881 0.8164999999999999 0.047957371875 0.8720000000000001 0.068383659375 0.876 0.0452930734375 0.8634999999999999 0.023090585937499998 0.8335000000000001 0 0.805 0.0008881
0 0.8939999999999999 0.1234458265625 0.8960000000000001 0.09325044375 0.8915 0.0817051515625 0.8255000000000001 0.049733570312499996 0.8150000000000001 0.054174067187499994 0.8135 0.11367673125 0.8505 0.1367673171875 0.8644999999999999 0.13321492031249998 0.877 0.1429840140625 0.8939999999999999 0.1234458265625
0 0.8925000000000001 0.1278863234375 0.877 0.14831261093749998 0.9029999999999999 0.21580817031250002 0.913 0.2015985796875 0.913 0.1909413859375 0.9019999999999999 0.141207815625 0.8925000000000001 0.1278863234375
0 0.8880000000000001 0.2708703375 0.899 0.254884546875 0.901 0.22113676718750003 0.8779999999999999 0.150088809375 0.8625 0.13499111875 0.85 0.1465364125 0.85 0.2051509765625 0.8630000000000001 0.2673179390625 0.8869999999999999 0.29040852500000003 0.8880000000000001 0.2708703375
0 0.8255000000000001 0.30728241562499997 0.8390000000000001 0.308170515625 0.861 0.2797513328125 0.861 0.24955595000000003 0.8220000000000001 0.13765541718750002 0.8095000000000001 0.12078152812500001 0.7965 0.124333925 0.788 0.1429840140625 0.796 0.22113676718750003 0.8089999999999999 0.2744227359375 0.82 0.2992895203125 0.8255000000000001 0.30728241562499997
0 0.8099999999999999 0.1163410296875 0.8160000000000001 0.087921846875 0.8150000000000001 0.0559502671875 0.805 0.0026642984375 0.7685 0 0.769 0.029307282812500002 0.783 0.09147424531250001 0.7985 0.1225577265625 0.805 0.1216696265625 0.8099999999999999 0.1163410296875
0 0.8615 0.41740674999999994 0.876 0.42717584375 0.8925000000000001 0.41740674999999994 0.9039999999999999 0.3969804625 0.905 0.37388987500000004 0.9019999999999999 0.3507992890625 0.8634999999999999 0.2735346359375 0.8414999999999999 0.30728241562499997 0.8310000000000001 0.3152753109375 0.849 0.36500888125 0.853 0.402309059375 0.8615 0.41740674999999994
0 0.7845 0.25932504375 0.79 0.2708703375 0.7929999999999999 0.36500888125 0.8175000000000001 0.40674955625000003 0.8345 0.41740674999999994 0.8394999999999999 0.42806394374999995 0.8484999999999999 0.42628774375 0.852 0.432504440625 0.853 0.4129662515625 0.845 0.3543516875 0.7889999999999999 0.2282415625 0.7715 0.204262878125 0.7495 0.213143871875 0.74 0.233570159375 0.743 0.26021314375000004 0.7495 0.26820603906249996 0.7605000000000001 0.253996446875 0.7845 0.25932504375
0 0.774 0.43428063906250003 0.7849999999999999 0.41474245156249995 0.792 0.3827708703125 0.791 0.295737121875 0.788 0.26554174062499997 0.7685 0.2522202484375 0.7605000000000001 0.253996446875 0.748 0.276198934375 0.748 0.370337478125 0.757 0.4236234453125 0.774 0.43428063906250003
0 0.833 0.48934280625 0.833 0.473357015625 0.827 0.4360568390625 0.7925 0.3836589703125 0.7765 0.433392540625 0.757 0.4236234453125 0.7595 0.4404973359375 0.7835 0.46536412031249996 0.829 0.4928952046875 0.833 0.48934280625
0 0.7365 0.5506216703125 0.7495 0.5648312609375 0.769 0.5657193609375 0.775 0.5586145640625 0.771 0.515985790625 0.7190000000000001 0.3774422734375 0.713 0.3507992890625 0.6975 0.3339254 0.6705 0.3552397875 0.666 0.370337478125 0.6679999999999999 0.389875665625 0.697 0.473357015625 0.7365 0.5506216703125
0 0.6875 0.337477796875 0.7025 0.3339254 0.713 0.349023090625 0.758 0.47868561249999997 0.761 0.475133215625 0.758 0.44849023125 0.728 0.24955595000000003 0.7184999999999999 0.2326820609375 0.7025 0.2255772640625 0.6875 0.2380106578125 0.679 0.2584369453125 0.6769999999999999 0.2797513328125 0.682 0.3206039078125 0.6875 0.337477796875
0 0.8160000000000001 0.535523978125 0.8109999999999999 0.515985790625 0.7875 0.46891651875000007 0.7575000000000001 0.4404973359375 0.774 0.535523978125 0.7905 0.5754884546875 0.8019999999999999 0.5763765546874999 0.8150000000000001 0.5621669625 0.8160000000000001 0.535523978125
0 0.7725 0.568383659375 0.7615000000000001 0.5701598578125 0.7445 0.5648312609375 0.7335 0.5488454703125 0.732 0.5959147421875 0.735 0.6065719359374999 0.766 0.6847246890625 0.7755 0.6891651859375 0.7785 0.7051509765625 0.8025 0.7282415624999999 0.819 0.78063943125 0.8230000000000001 0.78241563125 0.8275 0.78152753125 0.8320000000000001 0.7682060390625 0.833 0.7220248671875 0.825 0.693605684375 0.8150000000000001 0.6829484906250001 0.819 0.6793960921875 0.819 0.6687388984375 0.792 0.58348135 0.7805 0.557726465625 0.7725 0.568383659375
0 0.8140000000000001 0.931616340625 0.833 0.91563055 0.835 0.8694493781249999 0.808 0.7415630546875 0.7885 0.714031971875 0.7775000000000001 0.712255771875 0.765 0.7273534640625 0.766 0.75932504375 0.783 0.8143872109375 0.806 0.92806394375 0.8140000000000001 0.931616340625
0 0.6985 0.735346359375 0.7150000000000001 0.7380106578125 0.744 0.7362344578125 0.741 0.6865008875 0.713 0.5195381875 0.6965 0.4760213140625 0.6845 0.47424511562499994 0.6765 0.4813499109375 0.67 0.49822380156249996 0.674 0.588809946875 0.6839999999999999 0.691829484375 0.6985 0.735346359375
0 0.7765 0.94671403125 0.79 0.958259325 0.7925 0.9413854359375 0.805 0.9369449375000001 0.806 0.920959146875 0.7849999999999999 0.8357015984375 0.763 0.775310834375 0.7415 0.73889875625 0.6985 0.735346359375 0.702 0.7717584375000001 0.746 0.8925399640625 0.7765 0.94671403125
0 0.673 0.9351687390625001 0.6835 0.9573712249999999 0.6950000000000001 0.9653641203125 0.708 0.92806394375 0.712 0.8676731796875 0.696 0.745115453125 0.6905 0.7317939609375 0.679 0.787744228125 0.659 0.8090586140625 0.663 0.8303730015624999 0.659 0.874777975 0.663 0.90674955625 0.673 0.9351687390625001
0 0.6555 0.8028419187500001 0.663 0.8037300171874999 0.6765 0.792184725 0.682 0.7788632328125 0.689 0.7255772640625 0.6719999999999999 0.59413854375 0.665 0.5710479578125 0.6585 0.5648312609375 0.636 0.5799289515625 0.635 0.7095914750000001 0.644 0.7841918296875 0.6555 0.8028419187500001
0 0.6155 0.8774422734374999 0.636 0.88543516875 0.6559999999999999 0.8694493781249999 0.662 0.8357015984375 0.658 0.8090586140625 0.6065 0.7371225578125 0.5745 0.744227353125 0.5740000000000001 0.755772646875 0.5900000000000001 0.787744228125 0.5900000000000001 0.8232682062500001 0.5940000000000001 0.8374777968749999 0.6155 0.8774422734374999
0 0.602 0.6438721140625 0.611 0.6705150984375 0.6195 0.6838365890625 0.624 0.6829484906250001 0.637 0.6438721140625 0.628 0.46092362343750004 0.619 0.40941385468749997 0.6125 0.3960923625 0.6005 0.39431616406250003 0.5820000000000001 0.4129662515625 0.577 0.44671403125 0.584 0.4964476015625 0.587 0.5586145640625 0.602 0.6438721140625
0 0.653 0.26554174062499997 0.6415 0.2468916515625 0.6235 0.2522202484375 0.613 0.2673179390625 0.613 0.3419182953125 0.6285000000000001 0.30728241562499997 0.6559999999999999 0.2833037296875 0.653 0.26554174062499997
0 0.642 0.4662522203125 0.647 0.4396092359375 0.655 0.36678507968749996 0.6555 0.3143872109375 0.6205 0.3552397875 0.613 0.389875665625 0.623 0.4200710484375 0.628 0.47868561249999997 0.632 0.48934280625 0.642 0.4662522203125
0 0.657 0.3134991125 0.654 0.3827708703125 0.645 0.45559502656250006 0.633 0.48934280625 0.6375 0.5062166968749999 0.6565000000000001 0.50976909375 0.6639999999999999 0.5195381875 0.6769999999999999 0.475133215625 0.679 0.45204262812499996 0.679 0.42895204218750005 0.665 0.3774422734375 0.667 0.3614564828125 0.683 0.3348134984375 0.679 0.3046181171875 0.6735 0.2984014203125 0.6675 0.2984014203125 0.657 0.3134991125
0 0.5695 0.410301953125 0.577 0.41651865 0.5845 0.4031971578125 0.601 0.391651865625 0.608 0.359680284375 0.611 0.292184725 0.608 0.2744227359375 0.6014999999999999 0.264653640625 0.5875 0.2699822375 0.5660000000000001 0.327708703125 0.562 0.391651865625 0.5695 0.410301953125
0 0.516 0.44849023125 0.542 0.4076376546875 0.576 0.29040852500000003 0.5740000000000001 0.2584369453125 0.5585 0.23978685624999999 0.5465 0.23978685624999999 0.536 0.2513321484375 0.5 0.379218471875 0.495 0.42717584375 0.5015 0.44760213125000003 0.516 0.44849023125
0 0.5335 0.253996446875 0.5465 0.2380106578125 0.5575 0.2380106578125 0.5775 0.264653640625 0.607 0.26554174062499997 0.635 0.24422735312500002 0.636 0.23179396093750002 0.6255 0.204262878125 0.5894999999999999 0.1882770875 0.5385 0.17761989375 0.5065000000000001 0.17761989375 0.47400000000000003 0.2015985796875 0.485 0.2300177625 0.49749999999999994 0.2433392546875 0.5335 0.253996446875
0 0.6045 0.110124334375 0.599 0.1323268203125 0.602 0.1909413859375 0.6075 0.19893428124999998 0.622 0.2015985796875 0.632 0.1909413859375 0.638 0.171403196875 0.653 0.08436945 0.65 0.05239786875 0.6385 0.0390763765625 0.6235 0.0390763765625 0.619 0.0488454703125 0.626 0.077264653125 0.627 0.1056838359375 0.6045 0.110124334375
0 0.6665 0.22735346406249998 0.675 0.1909413859375 0.6769999999999999 0.141207815625 0.6635 0.11722912968750002 0.647 0.11989342812499999 0.633 0.19449378281250002 0.637 0.2282415625 0.6415 0.23623445781250002 0.647 0.23534635937499998 0.6665 0.22735346406249998
0 0.6935 0.2255772640625 0.7085 0.2202486671875 0.734 0.233570159375 0.739 0.2300177625 0.744 0.2051509765625 0.7224999999999999 0.1474245109375 0.7144999999999999 0.140319715625 0.6905 0.1385435171875 0.6799999999999999 0.15364120781249999 0.6759999999999999 0.1696269984375 0.6759999999999999 0.19804618125 0.6855 0.21847246875 0.6935 0.2255772640625
0 0.7405 0.13499111875 0.7515 0.13321492031249998 0.7685 0.1385435171875 0.7775000000000001 0.15630550625 0.7809999999999999 0.15541740625 0.787 0.139431615625 0.786 0.1056838359375 0.7765 0.0905861453125 0.6945 0.0870337484375 0.6745 0.0959147421875 0.663 0.11101243281249999 0.6805 0.1385435171875 0.7144999999999999 0.1385435171875 0.7335 0.14564831250000002 0.7405 0.13499111875
0 0.79 0.20337477812500002 0.7889999999999999 0.18206039062499998 0.7695000000000001 0.140319715625 0.7455 0.13321492031249998 0.734 0.1465364125 0.736 0.18206039062499998 0.7474999999999999 0.20781527500000002 0.7685 0.202486678125 0.786 0.212255771875 0.79 0.20337477812500002
0 0.767 0.015097690624999998 0.766 0.0008881 0.7095 0 0.706 0.0079928953125 0.717 0.025754884375 0.722 0.0595026640625 0.727 0.061278862499999996 0.7575000000000001 0.040852575 0.767 0.015097690624999998
0 0.6785 0.09236234531250001 0.7135 0.08348135 0.722 0.06305506250000001 0.721 0.054174067187499994 0.7175 0.047957371875 0.7075 0.047957371875 0.6555 0.078152753125 0.649 0.1127886328125 0.659 0.11456483125000001 0.6785 0.09236234531250001
0 0.5845 0.0017761984375 0.49400000000000005 0.0008881 0.5005 0.0142095921875 0.5955 0.1047957375 0.625 0.1074600359375 0.625 0.077264653125 0.617 0.05239786875 0.5845 0.0017761984375
0 0.599 0.11101243281249999 0.5425 0.05150976875 0.5245 0.040852575 0.5469999999999999 0.089698046875 0.5559999999999999 0.13587921875 0.5775 0.1651865015625 0.583 0.1642984015625 0.5980000000000001 0.1323268203125 0.599 0.11101243281249999
0 0.554 0.13765541718750002 0.5549999999999999 0.11989342812499999 0.5389999999999999 0.0701598578125 0.5075000000000001 0.024866784375 0.48250000000000004 0 0.4615 0.0017761984375 0.453 0.015097690624999998 0.45999999999999996 0.07371225625 0.46950000000000003 0.088809946875 0.5145 0.12611012500000002 0.554 0.13765541718750002
0 0.433 0.1323268203125 0.43499999999999994 0.160746003125 0.4445 0.1793960921875 0.485 0.1891651859375 0.5185 0.17406749531250001 0.5655 0.1847246890625 0.581 0.18206039062499998 0.5735 0.16163410312499998 0.5555 0.140319715625 0.5235000000000001 0.131438721875 0.4885 0.11190053281250001 0.4565 0.1047957375 0.44349999999999995 0.11367673125 0.433 0.1323268203125
0 0.476 0.32415630625 0.48600000000000004 0.308170515625 0.489 0.29040852500000003 0.485 0.23889875625 0.46849999999999997 0.1882770875 0.4525 0.1865008875 0.438 0.23179396093750002 0.43600000000000005 0.2833037296875 0.43899999999999995 0.30106571875 0.44349999999999995 0.3126110125 0.476 0.32415630625
0 0.511 0.32415630625 0.529 0.2708703375 0.528 0.2566607453125 0.48650000000000004 0.23623445781250002 0.491 0.295737121875 0.511 0.32415630625
0 0.3185 0.3889875671875 0.3335 0.3996447609375 0.3865 0.39431616406250003 0.4095 0.40142095937500005 0.46399999999999997 0.402309059375 0.4835 0.38721136718750004 0.49000000000000005 0.370337478125 0.485 0.3419182953125 0.47050000000000003 0.32326820624999997 0.3815 0.30195381875 0.3325 0.2984014203125 0.3145 0.3108348140625 0.309 0.327708703125 0.311 0.375666075 0.3185 0.3889875671875
0 0.40099999999999997 0.5284191828125 0.4215 0.50976909375 0.43899999999999995 0.4769094140625 0.462 0.41651865 0.46349999999999997 0.4031971578125 0.41050000000000003 0.4031971578125 0.40599999999999997 0.411190053125 0.389 0.46092362343750004 0.383 0.5124333921875001 0.3865 0.5275310828124999 0.40099999999999997 0.5284191828125
0 0.449 0.44671403125 0.43899999999999995 0.48223801093749996 0.429 0.5444049734374999 0.429 0.6047957375 0.433 0.624333925 0.437 0.6261101250000001 0.45149999999999996 0.6056838359375 0.46849999999999997 0.6021314390625 0.481 0.5870337484375 0.47800000000000004 0.5586145640625 0.502 0.46802841875 0.502 0.453818828125 0.49400000000000005 0.42895204218750005 0.4845 0.41740674999999994 0.4625 0.4191829484375 0.449 0.44671403125
0 0.511 0.5994671406250001 0.525 0.5817051515625 0.5309999999999999 0.5586145640625 0.5309999999999999 0.5124333921875001 0.536 0.46802841875 0.5225 0.4511545296875 0.5105000000000001 0.4547069265625 0.502 0.47158081718749995 0.479 0.5586145640625 0.4955 0.5968028421875 0.511 0.5994671406250001
0 0.545 0.6687388984375 0.549 0.6492007109375 0.545 0.61545293125 0.5265 0.5861456484375 0.5055 0.6021314390625 0.4835 0.5896980468749999 0.481 0.5994671406250001 0.508 0.6793960921875 0.528 0.6882770875 0.545 0.6687388984375
0 0.489 0.8321491999999999 0.5025000000000001 0.8525754890625 0.516 0.8587921843749999 0.536 0.8357015984375 0.538 0.80195381875 0.508 0.67761989375 0.491 0.6278863234375 0.48250000000000004 0.609236234375 0.46849999999999997 0.6074600359375 0.45499999999999996 0.6225577265625 0.454 0.6438721140625 0.477 0.7895204265625 0.489 0.8321491999999999
0 0.484 0.912078153125 0.5025000000000001 0.8898756656250001 0.515 0.8641207812499999 0.49349999999999994 0.8454706921874999 0.47750000000000004 0.80106571875 0.47000000000000003 0.8268206046875 0.454 0.84458259375 0.45199999999999996 0.860568384375 0.45949999999999996 0.8987566609375 0.47450000000000003 0.9129662515625 0.484 0.912078153125
0 0.563 1 0.5900000000000001 0.8197158078125 0.587 0.7788632328125 0.5775 0.7637655421875 0.5655 0.7584369453125 0.5475 0.765541740625 0.538 0.7788632328125 0.536 0.787744228125 0.541 0.8161634109374999 0.528 0.8499111906250001 0.513 0.9813499109375 0.5135 1 0.563 1
0 0.501 1 0.512 0.9955595031250001 0.5235000000000001 0.8561278859374999 0.49050000000000005 0.9076376546875 0.477 0.9174067499999999 0.46399999999999997 0.9955595031250001 0.4655 1 0.501 1
0 0.46299999999999997 1 0.47400000000000003 0.9138543515625001 0.457 0.8943161640625 0.453 0.8428063937499999 0.4385 0.8312611015625 0.43899999999999995 0.993783303125 0.4415 1 0.46299999999999997 1
0 0.438 1 0.437 0.8374777968749999 0.4345 0.827708703125 0.426 0.8250444046875 0.42300000000000004 0.7735346359374999 0.40800000000000003 0.707815275 0.40449999999999997 0.7051509765625 0.398 0.7202486671874999 0.388 0.7966252218750001 0.377 0.9973357015625 0.438 1
0 0.7005 1 0.701 0.9920071046875 0.671 0.931616340625 0.6535 0.880994671875 0.622 0.8872113671875 0.631 0.9298401421875001 0.6385 0.9449378328125 0.6515 0.9502664296875001 0.6715 1 0.692 1 0.7005 1
0 0.595 0.9777975140624999 0.6045 0.9609236234375 0.6144999999999999 0.9609236234375 0.6265 0.94671403125 0.63 0.92806394375 0.619 0.8836589703125 0.5915 0.8348134984375 0.584 0.8641207812499999 0.5740000000000001 0.9511545296874999 0.5865 0.9751332156249999 0.595 0.9777975140624999
0 0.392 0.6438721140625 0.42400000000000004 0.775310834375 0.42699999999999994 0.8250444046875 0.4365 0.8241563062499999 0.4465 0.8365896984375001 0.458 0.8374777968749999 0.4625 0.8365896984375001 0.47300000000000003 0.8143872109375 0.475 0.785968028125 0.471 0.7468916515624999 0.44699999999999995 0.624333925 0.4325 0.625222025 0.42350000000000004 0.5825932500000001 0.397 0.61367673125 0.391 0.6278863234375 0.392 0.6438721140625
0 0.29900000000000004 0.6225577265625 0.296 0.6563055062500001 0.29700000000000004 0.704262878125 0.304 0.7060390765625 0.3195 0.7051509765625 0.39049999999999996 0.6269982234375 0.40049999999999997 0.6039076375 0.421 0.578152753125 0.42000000000000004 0.567495559375 0.3855 0.547069271875 0.3765 0.5488454703125 0.3485 0.5648312609375 0.3045 0.6074600359375 0.29900000000000004 0.6225577265625
0 0.2555 0.6216696265625 0.274 0.6278863234375 0.2965 0.6056838359375 0.3795 0.47957371249999997 0.40499999999999997 0.40408525781250004 0.38849999999999996 0.3960923625 0.3605 0.3996447609375 0.3155 0.44937832968749997 0.2525 0.5381882765625 0.242 0.5657193609375 0.24300000000000002 0.59413854375 0.2555 0.6216696265625
0 0.29500000000000004 0.7380106578125 0.29300000000000004 0.745115453125 0.29700000000000004 0.745115453125 0.306 0.7326820609375 0.308 0.7113676734375 0.2945 0.7158081703125 0.28250000000000003 0.6856127890625 0.2705 0.6891651859375 0.269 0.6953818828125 0.27549999999999997 0.6962699828125001 0.284 0.7220248671875 0.29100000000000004 0.7255772640625 0.29500000000000004 0.7380106578125
0 0.26349999999999996 0.69804618125 0.225 0.745115453125 0.21600000000000003 0.787744228125 0.233 0.8250444046875 0.266 0.9511545296874999 0.27599999999999997 0.9618117234374999 0.2985 0.9591474249999999 0.306 0.9298401421875001 0.306 0.9103019531250001 0.296 0.8730017765625 0.27999999999999997 0.777087034375 0.28900000000000003 0.745115453125 0.275 0.7433392546875 0.274 0.7255772640625 0.267 0.71847246875 0.26349999999999996 0.69804618125
0 0.307 0.9085257546875001 0.312 0.8818827703125001 0.309 0.8587921843749999 0.311 0.8303730015624999 0.333 0.78241563125 0.329 0.7628774421875 0.3165 0.7477797515625 0.2925 0.754884546875 0.282 0.7735346359374999 0.29500000000000004 0.8658969796875 0.307 0.9085257546875001
0 0.2015 0.900532859375 0.20800000000000002 0.8996447609375 0.2285 0.8880994671875 0.23900000000000002 0.8658969796875 0.22999999999999998 0.8214920078124999 0.21600000000000003 0.7966252218750001 0.2125 0.7797513328125001 0.1935 0.8028419187500001 0.178 0.8357015984375 0.178 0.8552397875000001 0.186 0.8783303734375 0.2015 0.900532859375
0 0.2245 0.6163410296875 0.21200000000000002 0.6385435171875 0.159 0.775310834375 0.155 0.8516873890625 0.1585 0.86500888125 0.16399999999999998 0.8641207812499999 0.2 0.78241563125 0.21549999999999997 0.7637655421875 0.22949999999999998 0.7317939609375 0.251 0.7060390765625 0.27 0.6527531078125001 0.271 0.640319715625 0.2665 0.6269982234375 0.2545 0.6216696265625 0.2415 0.6039076375 0.2245 0.6163410296875
0 0.154 0.8214920078124999 0.16 0.7682060390625 0.219 0.620781528125 0.2165 0.609236234375 0.1835 0.63587921875 0.125 0.7628774421875 0.122 0.787744228125 0.125 0.807282415625 0.142 0.8268206046875 0.154 0.8214920078124999
0 0.1 0.8534635875 0.1135 0.838365896875 0.121 0.8161634109374999 0.121 0.7273534640625 0.1095 0.6998223796875 0.0955 0.692717584375 0.086 0.7060390765625 0.079 0.7415630546875 0.076 0.8126110125 0.0865 0.8472468921875 0.1 0.8534635875
0 0.158 0.9706927171874999 0.1835 0.932504440625 0.2 0.9227353468749999 0.1945 0.9040852578124999 0.1715 0.8774422734374999 0.1375 0.8579040859375 0.1055 0.8507992890624999 0.075 0.8623445828125 0.071 0.8978685609375001 0.0915 0.932504440625 0.158 0.9706927171874999
0 0.20400000000000001 1 0.221 0.958259325 0.21349999999999997 0.9360568390624999 0.2045 0.9307282421874999 0.1895 0.9307282421874999 0.1775 0.9413854359375 0.146 0.9955595031250001 0.14750000000000002 1 0.197 1 0.20400000000000001 1
0 0.10200000000000001 0.9547069265625 0.0935 0.9342806390625 0.0865 0.9289520421875 0.0685 0.9360568390624999 0.052000000000000005 0.984902309375 0.040999999999999995 0.9973357015625 0.088 1 0.098 0.984902309375 0.10200000000000001 0.9547069265625
0 0.036 1 0.054000000000000006 0.9777975140624999 0.074 0.92806394375 0.0675 0.9076376546875 0.0465 0.8934280640625 0.0405 0.8721136765624999 0.0245 0.879218471875 0 0.9191829484375 0 1 0.036 1
0 0.017499999999999998 0.88632326875 0.0355 0.8685612781250001 0.0445 0.873889875 0.051500000000000004 0.8898756656250001 0.068 0.8836589703125 0.08 0.8499111906250001 0.0745 0.776198934375 0.002 0.874777975 0.001 0.91563055 0.017499999999999998 0.88632326875
0 0.001 0.8765541734375001 0.032 0.8268206046875 0.033 0.78063943125 0.0185 0.7619893421875 0 0.764653640625 0.001 0.8765541734375001
0 0.073 0.7682060390625 0.081 0.6438721140625 0.0715 0.6127886328125001 0.0305 0.6429840140625 0.023 0.661634103125 0.017 0.753996446875 0.032 0.7735346359374999 0.036 0.8055062171875 0.044 0.8090586140625 0.073 0.7682060390625
0 0.0445 0.63587921875 0.0725 0.6110124328125 0.079 0.5959147421875 0.08 0.578152753125 0.072 0.556838365625 0.0635 0.5435168734375 0.0445 0.541740675 0.0005 0.5701598578125 0.002 0.6598579046874999 0.0445 0.63587921875
0 0.08449999999999999 0.6465364124999999 0.101 0.6527531078125001 0.125 0.6438721140625 0.13 0.6278863234375 0.131 0.597690940625 0.12450000000000001 0.5825932500000001 0.1065 0.5648312609375 0.0795 0.515097690625 0.077 0.5639431609375001 0.081 0.5870337484375 0.075 0.6225577265625 0.08449999999999999 0.6465364124999999
0 0.059 0.46092362343750004 0.068 0.48934280625 0.1065 0.5630550624999999 0.1255 0.5825932500000001 0.134 0.58348135 0.14850000000000002 0.579040853125 0.159 0.55150976875 0.156 0.51065719375 0.14450000000000002 0.4866785078125 0.10049999999999999 0.4458259328125 0.08149999999999999 0.4191829484375 0.0745 0.4138543515625 0.0635 0.42628774375 0.059 0.4396092359375 0.059 0.46092362343750004
0 0.0665 0.28241563125 0.0475 0.28063943125 0.034 0.295737121875 0.028000000000000004 0.3294849015625 0.0405 0.3658969796875 0.1265 0.4724689171875 0.145 0.4769094140625 0.1605 0.46891651875000007 0.16399999999999998 0.453818828125 0.16399999999999998 0.42717584375 0.14750000000000002 0.39253996406249997 0.1265 0.36412078124999997 0.0965 0.38010657187499997 0.0765 0.36412078124999997 0.06899999999999999 0.349023090625 0.075 0.2939609234375 0.0665 0.28241563125
0 0.08549999999999999 0.374777975 0.096 0.379218471875 0.1125 0.374777975 0.13 0.3561278859375 0.159 0.26021314375000004 0.16499999999999998 0.2051509765625 0.14950000000000002 0.17584369375 0.12450000000000001 0.20603907656249998 0.076 0.297513321875 0.06999999999999999 0.3259325046875 0.071 0.3525754890625 0.08549999999999999 0.374777975
0 0.1145 0 0.129 0.09325044375 0.147 0.16607460000000002 0.1625 0.19893428124999998 0.176 0.20337477812500002 0.1925 0.1882770875 0.199 0.17673179375 0.20099999999999998 0.1589698046875 0.196 0.1269982234375 0.16799999999999998 0.0239786859375 0.1595 0 0.1145 0
0 0.24 0.0861456484375 0.2355 0.07282415625000001 0.21749999999999997 0.0905861453125 0.1935 0.0817051515625 0.189 0.0861456484375 0.19 0.1056838359375 0.205 0.171403196875 0.23900000000000002 0.1056838359375 0.24 0.0861456484375
0 0.172 0.23712255781249997 0.16299999999999998 0.2673179390625 0.1715 0.29662522187499996 0.188 0.30106571875 0.21349999999999997 0.285968028125 0.2355 0.26110124375 0.28900000000000003 0.160746003125 0.29100000000000004 0.125222025 0.2785 0.09236234531250001 0.2585 0.08348135 0.2455 0.09413854375 0.225 0.141207815625 0.189 0.1998223796875 0.172 0.23712255781249997
0 0.3235 0 0.27599999999999997 0.0008881 0.27799999999999997 0.08436945 0.29300000000000004 0.13410302031250002 0.298 0.13587921875 0.316 0.1074600359375 0.322 0.068383659375 0.3235 0
0 0.244 0.0008881 0.238 0.07193605625 0.24900000000000003 0.089698046875 0.269 0.079040853125 0.274 0.0488454703125 0.27349999999999997 0 0.244 0.0008881
0 0.1885 0 0.186 0.034635879687499996 0.191 0.0701598578125 0.1975 0.08348135 0.21800000000000003 0.087921846875 0.238 0.06305506250000001 0.244 0.0008881 0.1885 0
0 0.346 0.0506216703125 0.35950000000000004 0.03197158125 0.374 0.027531082812500003 0.3735 0 0.32799999999999996 0.004440496875 0.32799999999999996 0.11456483125000001 0.34500000000000003 0.1234458265625 0.33999999999999997 0.08081705156249999 0.346 0.0506216703125
0 0.3755 0.15630550625 0.403 0.1642984015625 0.413 0.1429840140625 0.414 0.130550621875 0.4 0.066607459375 0.3895 0.042628775 0.3785 0.03197158125 0.3655 0.030195381249999997 0.3525 0.040852575 0.341 0.077264653125 0.34500000000000003 0.1127886328125 0.3755 0.15630550625
0 0.413 0.24422735312500002 0.4245 0.2415630546875 0.438 0.22113676718750003 0.437 0.19626998281250002 0.4205 0.17406749531250001 0.38849999999999996 0.1598579046875 0.3795 0.16163410312499998 0.377 0.1678508 0.382 0.20337477812500002 0.378 0.22113676718750003 0.413 0.24422735312500002
0 0.32999999999999996 0.26554174062499997 0.3365 0.29484902343749997 0.36150000000000004 0.2895204265625 0.3725 0.3001776203125 0.42400000000000004 0.306394315625 0.429 0.286856128125 0.42300000000000004 0.26021314375000004 0.40049999999999997 0.23623445781250002 0.3765 0.22735346406249998 0.35750000000000004 0.245115453125 0.3305 0.2326820609375 0.3215 0.23445825937500003 0.317 0.24422735312500002 0.3175 0.2522202484375 0.32999999999999996 0.26554174062499997
0 0.45499999999999996 0.1021314390625 0.45899999999999996 0.054174067187499994 0.4485 0.015985790625 0.4205 0.01065719375 0.41 0.0239786859375 0.404 0.0435168734375 0.404 0.07371225625 0.41500000000000004 0.11989342812499999 0.43 0.1323268203125 0.45499999999999996 0.1021314390625
0 0.316 0.1838365890625 0.32 0.2104795734375 0.3335 0.2326820609375 0.3485 0.2433392546875 0.358 0.24245115468749998 0.3705 0.23445825937500003 0.381 0.2051509765625 0.375 0.1589698046875 0.3625 0.1420959140625 0.3285 0.11722912968750002 0.3155 0.11545293125 0.3055 0.1225577265625 0.296 0.14476021249999999 0.298 0.16252220312500001 0.316 0.1838365890625
0 0.27549999999999997 0.25932504375 0.28300000000000003 0.2584369453125 0.3135 0.25044405 0.319 0.23534635937499998 0.319 0.19449378281250002 0.3115 0.17584369375 0.2955 0.1634103015625 0.2835 0.1687388984375 0.274 0.1856127890625 0.269 0.20692717656249998 0.271 0.24777975156249998 0.27549999999999997 0.25932504375
0 0.26949999999999996 0.33214920000000003 0.27749999999999997 0.339253996875 0.29500000000000004 0.3401420953125 0.3055 0.3339254 0.3155 0.30728241562499997 0.335 0.2939609234375 0.32999999999999996 0.2673179390625 0.3215 0.255772646875 0.3035 0.2522202484375 0.27349999999999997 0.26110124375 0.255 0.286856128125 0.256 0.30106571875 0.26949999999999996 0.33214920000000003
0 0.3065 0.41740674999999994 0.311 0.4076376546875 0.308 0.3472468921875 0.3035 0.3410301953125 0.2805 0.349911190625 0.264 0.3827708703125 0.261 0.41474245156249995 0.2725 0.43161634062500004 0.28500000000000003 0.432504440625 0.3065 0.41740674999999994
0 0.2605 0.38721136718750004 0.279 0.349023090625 0.2545 0.30195381875 0.22749999999999998 0.33214920000000003 0.213 0.3632326828125 0.21400000000000002 0.3827708703125 0.2185 0.39253996406249997 0.22549999999999998 0.40142095937500005 0.24 0.40408525781250004 0.2605 0.38721136718750004
0 0.197 0.3721136765625 0.2105 0.3658969796875 0.272 0.2584369453125 0.2645 0.22380106562500002 0.2595 0.22380106562500002 0.2245 0.277087034375 0.16799999999999998 0.31705150937500004 0.161 0.33836589687499996 0.162 0.3543516875 0.1755 0.369449378125 0.197 0.3721136765625
0 0.229 0.475133215625 0.2375 0.4671403203125 0.24300000000000002 0.4502664296875 0.24 0.4076376546875 0.22149999999999997 0.3978685609375 0.20950000000000002 0.3676731796875 0.1845 0.374777975 0.185 0.40408525781250004 0.20099999999999998 0.453818828125 0.2125 0.4724689171875 0.229 0.475133215625
0 0.16299999999999998 0.55328596875 0.16499999999999998 0.5657193609375 0.16999999999999998 0.567495559375 0.197 0.535523978125 0.21600000000000003 0.48223801093749996 0.20400000000000001 0.46447602187500003 0.1845 0.41207815312499996 0.178 0.48046181250000003 0.1695 0.5062166968749999 0.16799999999999998 0.46447602187500003 0.1655 0.4618117234375 0.161 0.475133215625 0.16299999999999998 0.55328596875
0 0.21349999999999997 0.493783303125 0.197 0.537300178125 0.176 0.5639431609375001 0.16899999999999998 0.578152753125 0.16699999999999998 0.5994671406250001 0.1805 0.6216696265625 0.19 0.624333925 0.22349999999999998 0.59502664375 0.23900000000000002 0.567495559375 0.257 0.524866784375 0.261 0.5017761984375 0.286 0.453818828125 0.2875 0.4351687390625 0.26749999999999996 0.42806394374999995 0.2595 0.43161634062500004 0.2375 0.46891651875000007 0.21349999999999997 0.493783303125
0 0.128 0.7397868562500001 0.142 0.7220248671875 0.177 0.650976909375 0.182 0.629662521875 0.1795 0.6234458265625 0.1695 0.6234458265625 0.1315 0.6536412078125 0.10800000000000001 0.6900532859374999 0.118 0.7131438718750001 0.122 0.7380106578125 0.128 0.7397868562500001
0 0.35150000000000003 0.8845470687500001 0.384 0.8143872109375 0.4 0.7113676734375 0.39649999999999996 0.7033747781249999 0.3765 0.7104795734375 0.314 0.8250444046875 0.312 0.8694493781249999 0.3245 0.8969804625 0.33599999999999997 0.8978685609375001 0.35150000000000003 0.8845470687500001
0 0.3395 0.8987566609375 0.3205 0.900532859375 0.309 0.920959146875 0.3 0.9991118999999999 0.352 1 0.353 0.952930728125 0.348 0.9103019531250001 0.3395 0.8987566609375
0 0.044 0.1891651859375 0.05450000000000001 0.209591475 0.06949999999999999 0.21847246875 0.08399999999999999 0.21758436875 0.0935 0.2113676734375 0.10400000000000001 0.1909413859375 0.125 0.11101243281249999 0.123 0.06305506250000001 0.1125 0.0284191828125 0.0955 0.030195381249999997 0.08499999999999999 0.039964476562500004 0.049 0.13587921875 0.044 0.1589698046875 0.044 0.1891651859375
0 0.063 0.48223801093749996 0.057999999999999996 0.432504440625 0.06899999999999999 0.411190053125 0.0645 0.3978685609375 0.05550000000000001 0.3889875671875 0.0475 0.39431616406250003 0.01 0.45204262812499996 0 0.4928952046875 0.002 0.5657193609375 0.063 0.48223801093749996
0 0.0035000000000000005 0.3303730015625 0 0.3312611015625 0.001 0.48756660781249994 0.022 0.411190053125 0.025 0.38454706875 0.020999999999999998 0.3419182953125 0.0035000000000000005 0.3303730015625
0 0 0.1127886328125 0.005 0.1127886328125 0.059 0.0559502671875 0.071 0.027531082812500003 0.0635 0.0035523984375 0.0335 0.0017761984375 0 0.03108348125 0 0.1127886328125
0 0.02 0.3206039078125 0.026000000000000002 0.295737121875 0.028000000000000004 0.2637655421875 0.016 0.2104795734375 0.017 0.139431615625 0.0075 0.11722912968750002 0.0005 0.11367673125 0 0.32415630625 0.013000000000000001 0.3312611015625 0.02 0.3206039078125
0 0.5309999999999999 0.5337477796875 0.538 0.5799289515625 0.5465 0.5932504437499999 0.562 0.59413854375 0.571 0.5852575484375 0.5690000000000001 0.57282415625 0.58 0.55328596875 0.584 0.5213143875 0.576 0.44493783281250004 0.5685 0.4351687390625 0.5575 0.433392540625 0.5469999999999999 0.44671403125 0.537 0.475133215625 0.5309999999999999 0.5337477796875
0 0.532 0.5852575484375 0.5535 0.6394316156250001 0.575 0.6438721140625 0.5900000000000001 0.6332149203124999 0.595 0.597690940625 0.581 0.55328596875 0.583 0.49822380156249996 0.576 0.44671403125 0.5675 0.4351687390625 0.5585 0.433392540625 0.541 0.46092362343750004 0.534 0.48756660781249994 0.532 0.5852575484375
0 0.5730000000000001 0.7309058609375 0.5690000000000001 0.7397868562500001 0.5740000000000001 0.7468916515624999 0.5825 0.73889875625 0.6014999999999999 0.7371225578125 0.628 0.69893428125 0.628 0.6847246890625 0.6205 0.6873889875 0.6125 0.6749555953125 0.6005 0.63587921875 0.581 0.6669627 0.5730000000000001 0.6900532859374999 0.5730000000000001 0.7309058609375
0 0.5695 0.6873889875 0.523 0.7273534640625 0.5349999999999999 0.78063943125 0.5455 0.765541740625 0.5650000000000001 0.755772646875 0.5700000000000001 0.7273534640625 0.5695 0.6873889875