0 0.34765625 0.71953125 0.2515625 0.240625
0 0.65703125 0.66328125 0.2109375 0.215625
0 0.88203125 0.7203125 0.215625 0.23125
0 0.4234375 0.26796875 0.2078125 0.2078125
0 0.296875 0.36484375 0.203125 0.2046875
0 0.49296875 0.35 0.19375 0.1859375
0 0.6453125 0.31484375 0.2078125 0.203125
0 0.63125 0.20625 0.2140625 0.11875
0 0.7828125 0.31640625 0.14375 0.1703125
0 0.78515625 0.41015625 0.2015625 0.1640625
0 0.60625 0.4390625 0.190625 0.175
0 0.421875 0.46328125 0.221875 0.1703125
0 0.2296875 0.5046875 0.1921875 0.15625
0 0.165625 0.378125 0.196875 0.2328125