0 0.46796875 0.25859375 0.3890625 0.2875
0 0.6875 0.4390625 0.328125 0.30625
0 0.3703125 0.47578125 0.3328125 0.2453125
0 0.21171875 0.64453125 0.309375 0.228125
0 0.5421875 0.62421875 0.3046875 0.2375
0 0.84765625 0.60859375 0.3046875 0.3078125
0 0.70390625 0.7640625 0.3328125 0.2078125
0 0.13984375 0.26328125 0.1171875 0.18125
0 0.26953125 0.265625 0.1671875 0.2015625
0 0.4671875 0.07421875 0.359375 0.1484375
0 0.7234375 0.09921875 0.2734375 0.1765625
0 0.303125 0.903125 0.259375 0.15
0 0.3921875 0.7671875 0.321875 0.2234375
0 0.12109375 0.7890625 0.2140625 0.2078125
0 0.55859375 0.90859375 0.2640625 0.1828125
0 0.825 0.89140625 0.25625 0.1625
0 0.15390625 0.42890625 0.1796875 0.1828125