0 0.48069498125 0.412371134375 0.43629343593750003 0.48195876249999997 0.42471042499999995 0.5335051546875 0.42471042499999995 0.6159793812500001 0.44208494218750005 0.6597938140624999 0.5231660234375 0.742268040625 0.5791505796875 0.7448453609375 0.6003860999999999 0.7319587624999999 0.6177606171875001 0.7087628859375 0.6293436296875 0.6726804125 0.6293436296875 0.5798969078125 0.6138996140625 0.49226804062499996 0.6023166015625 0.45103092812499995 0.5733590734375 0.412371134375 0.546332046875 0.3969072171875 0.5077220078125 0.3969072171875 0.48069498125 0.412371134375
0 0.26833976875 0.38144329843749997 0.258687259375 0.3891752578125 0.2393822390625 0.44072164999999996 0.2046332046875 0.46649484531249996 0.18918918906249999 0.507731959375 0.18918918906249999 0.585051546875 0.2142857140625 0.6340206187499999 0.24131274062500002 0.664948453125 0.2509652515625 0.6623711343750001 0.272200771875 0.6597938140624999 0.30694980625 0.6340206187499999 0.3918918921875 0.6340206187499999 0.40154440156250004 0.6211340203125 0.42084942031250006 0.57474226875 0.428571428125 0.48711340156249994 0.42084942031250006 0.46134020624999994 0.384169884375 0.412371134375 0.333976834375 0.38144329843749997 0.26833976875 0.38144329843749997
0 0.4575289578125 1 0.4826254828125 0.9561855671874999 0.48648648593750005 0.914948453125 0.5019305015625 0.8788659796875 0.5019305015625 0.8118556703124999 0.478764478125 0.760309278125 0.47104247031249996 0.6984536078125 0.44980695 0.67525773125 0.3803088796875 0.6340206187499999 0.30694980625 0.6391752578125 0.24131274062500002 0.6701030921875 0.21235521249999997 0.703608246875 0.196911196875 0.75 0.166023165625 0.796391753125 0.1583011578125 0.8634020625 0.1737451734375 0.9407216500000001 0.20656370625 1 0.359073359375 1 0.4575289578125 1
0 0.1332046328125 0.5927835046875 0.071428571875 0.623711340625 0.0289575296875 0.5824742265625 0.0231660234375 0.595360825 0.0540540546875 0.6314432984375 0.057915057812500004 0.6469072171875 0.0366795359375 0.664948453125 0.0115830109375 0.703608246875 0.0038610031250000004 0.7345360828125 0.007722007812499999 0.7912371140625 0.0231660234375 0.8273195875000001 0.04440154375 0.855670103125 0.0791505796875 0.876288659375 0.11583011562500001 0.8788659796875 0.1370656375 0.876288659375 0.1583011578125 0.8582474234375 0.166023165625 0.786082475 0.196911196875 0.739690721875 0.2046332046875 0.7087628859375 0.23166023125000001 0.6726804125 0.23166023125000001 0.6623711343750001 0.191119690625 0.6082474234374999 0.171814671875 0.59793814375 0.1332046328125 0.5927835046875
0 0 0.65206185625 0.0173745171875 0.664948453125 0.034749034375 0.6623711343750001 0.0521235515625 0.6494845359375 0.0540540546875 0.6365979375 0.050193049999999996 0.626288659375 0.0231660234375 0.595360825 0.0231660234375 0.585051546875 0.0289575296875 0.5773195875 0.0637065640625 0.6185567015625 0.0791505796875 0.6185567015625 0.0868725875 0.6082474234374999 0.1177606171875 0.5927835046875 0.1235521234375 0.5798969078125 0.1235521234375 0.5386597937500001 0.11583011562500001 0.5180412375000001 0.10810810781249999 0.5025773203125 0.05598455625 0.4381443296875 0.021235521875 0.44329896875 0 0.46649484531249996 0 0.65206185625
0 0.8301158296875 0.213917525 0.8243243250000001 0.2061855671875 0.808880309375 0.2061855671875 0.7664092671875 0.2268041234375 0.7451737453125 0.25 0.7297297296874999 0.286082475 0.7297297296874999 0.337628865625 0.7355212359375 0.3505154640625 0.7664092671875 0.36597938124999996 0.7895752890625001 0.3969072171875 0.808880309375 0.412371134375 0.8204633203125 0.4175257734375 0.8416988421875 0.41494845312499995 0.8590733593750001 0.412371134375 0.8822393828124999 0.3969072171875 0.9073359078125 0.36340206249999996 0.91891891875 0.3273195875 0.91891891875 0.3118556703125 0.89382239375 0.2474226796875 0.84362934375 0.2474226796875 0.8397683390624999 0.24226804062500001 0.8320463328125 0.2474226796875 0.8301158296875 0.213917525
0 0.6023166015625 0.085051546875 0.590733590625 0.1108247421875 0.5791505796875 0.1726804125 0.5791505796875 0.213917525 0.596525096875 0.2474226796875 0.615830115625 0.2474226796875 0.635135134375 0.2731958765625 0.6988416984375 0.27061855625 0.7355212359375 0.24226804062500001 0.7644787640625 0.19845360781250002 0.7644787640625 0.11597938125 0.7606177609375 0.1005154640625 0.752895753125 0.0798969078125 0.7277992281250001 0.046391753125000004 0.7084942078124999 0.036082475 0.6698841703125 0.036082475 0.63127413125 0.046391753125000004 0.6023166015625 0.085051546875
0 0.44787644843749996 0.27061855625 0.44787644843749996 0.280927834375 0.44015444062500003 0.29123711406249997 0.44401544375 0.34278350468749996 0.45559845625 0.36855670156250003 0.48069498125 0.3969072171875 0.534749034375 0.3917525765625 0.565637065625 0.40206185625 0.5926640921875 0.4278350515625 0.60617760625 0.42525773125 0.6177606171875001 0.4097938140625 0.6177606171875001 0.373711340625 0.6216216218749999 0.36855670156250003 0.6177606171875001 0.3582474234375 0.6177606171875001 0.3273195875 0.584942084375 0.2628865984375 0.5501930500000001 0.2474226796875 0.48069498125 0.24226804062500001 0.4613899609375 0.2525773203125 0.44787644843749996 0.27061855625
0 0.7355212359375 0.35567010312499997 0.73166023125 0.3505154640625 0.7007722000000001 0.3505154640625 0.6891891890624999 0.35567010312499997 0.6621621625 0.376288659375 0.6332046328125001 0.42525773125 0.6293436296875 0.44072164999999996 0.6293436296875 0.48711340156249994 0.6332046328125001 0.4974226796875 0.65057915 0.510309278125 0.6698841703125 0.536082475 0.6833976828125 0.5386597937500001 0.716216215625 0.5051546390625 0.73166023125 0.5051546390625 0.7355212359375 0.5 0.7857142859375 0.5051546390625 0.7953667953125 0.49226804062499996 0.7953667953125 0.43556701093749994 0.7876447875 0.42010309218749997 0.7876447875 0.4097938140625 0.747104246875 0.35567010312499997 0.7355212359375 0.35567010312499997
0 0.7895752890625001 0.510309278125 0.747104246875 0.5 0.7123552125 0.510309278125 0.6795366796875 0.548969071875 0.6679536671874999 0.5798969078125 0.6679536671874999 0.6211340203125 0.6833976828125 0.6623711343750001 0.7084942078124999 0.6958762890625 0.73166023125 0.7113402062499999 0.7644787640625 0.7087628859375 0.8011583015625 0.69072165 0.822393821875 0.6572164953125 0.833976834375 0.6211340203125 0.833976834375 0.57474226875 0.8552123546875 0.5412371140625 0.8725868718750001 0.528350515625 0.8667953671875 0.510309278125 0.8397683390624999 0.5257731953125 0.808880309375 0.530927834375 0.7895752890625001 0.510309278125
0 0.7277992281250001 0.7113402062499999 0.696911196875 0.6855670109374999 0.666023165625 0.644329896875 0.6583011578125 0.6494845359375 0.6370656375 0.69329896875 0.6332046328125001 0.7242268046875 0.6332046328125001 0.786082475 0.6447876453125 0.8170103093750001 0.696911196875 0.8814432984374999 0.73166023125 0.9020618562499999 0.7548262546875 0.9072164953125 0.7741312734375 0.8969072171875 0.7857142859375 0.9072164953125 0.7992277999999999 0.904639175 0.8281853281249999 0.8969072171875 0.8416988421875 0.8788659796875 0.8301158296875 0.7551546390625 0.8803088796875 0.6778350515625 0.8590733593750001 0.6494845359375 0.8359073359375 0.6340206187499999 0.8146718140625 0.6778350515625 0.79343629375 0.701030928125 0.7664092671875 0.7113402062499999 0.7277992281250001 0.7113402062499999
0 0.9768339765625 0.77061855625 0.96911196875 0.7448453609375 0.94401544375 0.7113402062499999 0.9015444015625 0.69072165 0.8745173749999999 0.69072165 0.8610038609374999 0.703608246875 0.8571428578125 0.719072165625 0.8455598453125001 0.72938144375 0.8455598453125001 0.739690721875 0.833976834375 0.7551546390625 0.833976834375 0.80670103125 0.8378378375000001 0.8118556703124999 0.8378378375000001 0.8273195875000001 0.8455598453125001 0.8479381437500001 0.8706563703124999 0.876288659375 0.8861003859375 0.8865979375 0.9111969109375 0.8840206187499999 0.94401544375 0.855670103125 0.9517374515625001 0.855670103125 0.9768339765625 0.8273195875000001 0.9768339765625 0.8170103093750001 0.9633204640624999 0.8041237109375 0.94401544375 0.8092783499999999 0.9343629343750001 0.780927834375 0.940154440625 0.7731958765625 0.974903475 0.7886597937500001 0.9768339765625 0.77061855625
0 1 0.6005154640625 0.974903475 0.5618556703124999 0.94401544375 0.546391753125 0.909266409375 0.546391753125 0.8822393828124999 0.5618556703124999 0.8610038609374999 0.5902061859375001 0.8571428578125 0.626288659375 0.864864865625 0.6469072171875 0.89382239375 0.6855670109374999 0.9015444015625 0.6855670109374999 0.9131274125 0.6958762890625 0.924710425 0.6958762890625 0.9555984562500001 0.7164948453125 0.974903475 0.742268040625 1 0.739690721875 1 0.6005154640625
0 1 0.36855670156250003 0.974903475 0.36597938124999996 0.9729729734375001 0.3582474234375 0.9671814671875 0.35567010312499997 0.9671814671875 0.36597938124999996 0.940154440625 0.376288659375 0.9073359078125 0.41494845312499995 0.8957528953124999 0.4458762890625 0.8957528953124999 0.48711340156249994 0.903474903125 0.5128865984375001 0.9285714281249999 0.5412371140625 0.9555984562500001 0.546391753125 0.9710424703125 0.55670103125 1 0.5541237109375 1 0.36855670156250003
0 0.43629343593750003 0.3273195875 0.43629343593750003 0.3015463921875 0.44787644843749996 0.2757731953125 0.4459459453125 0.2680412375 0.4382239375 0.2628865984375 0.42664092656249997 0.2628865984375 0.42277992343750004 0.257731959375 0.415057915625 0.2628865984375 0.40347490312499995 0.2628865984375 0.384169884375 0.2835051546875 0.36872586875 0.29381443281249997 0.3513513515625 0.31701030937499997 0.34362934375 0.337628865625 0.34362934375 0.3582474234375 0.33976833906250004 0.36855670156250003 0.34942085 0.38659793750000004 0.3571428578125 0.38659793750000004 0.36872586875 0.3969072171875 0.3706563703125 0.39432989687500003 0.3803088796875 0.3917525765625 0.384169884375 0.38659793750000004 0.40733590781249995 0.38659793750000004 0.4111969109375 0.38144329843749997 0.44980695 0.38144329843749997 0.45559845625 0.373711340625 0.44787644843749996 0.3530927828125 0.44015444062500003 0.34278350468749996 0.44015444062500003 0.3324742265625 0.43629343593750003 0.3273195875
0 0.465250965625 0.0618556703125 0.44980695 0.0618556703125 0.41891891875000004 0.0773195875 0.39382239375 0.105670103125 0.38223938281250003 0.1417525765625 0.38223938281250003 0.162371134375 0.40540540468749997 0.2345360828125 0.41891891875000004 0.2525773203125 0.43050193124999997 0.257731959375 0.44787644843749996 0.2551546390625 0.4768339765625 0.24226804062500001 0.5 0.201030928125 0.525096525 0.1881443296875 0.525096525 0.1726804125 0.5289575296875 0.1675257734375 0.525096525 0.126288659375 0.5135135140625 0.1005154640625 0.49227799218749996 0.0721649484375 0.48069498125 0.0721649484375 0.465250965625 0.0618556703125
0 0.347490346875 0.2345360828125 0.347490346875 0.2242268046875 0.3629343625 0.213917525 0.3629343625 0.18298969062499998 0.3552123546875 0.162371134375 0.3455598453125 0.154639175 0.3416988421875 0.144329896875 0.33011582968750003 0.1391752578125 0.2876447875 0.1391752578125 0.252895753125 0.164948453125 0.23745173749999998 0.180412371875 0.227799228125 0.19845360781250002 0.227799228125 0.2242268046875 0.22393822343749997 0.2345360828125 0.2355212359375 0.2757731953125 0.24517374531249997 0.29381443281249997 0.252895753125 0.29381443281249997 0.2664092671875 0.3118556703125 0.272200771875 0.3298969078125 0.277992278125 0.3273195875 0.2876447875 0.31958762812499997 0.29922780000000004 0.31958762812499997 0.30694980625 0.3041237109375 0.31853281875 0.3041237109375 0.322393821875 0.3144329890625 0.3378378375 0.31958762812499997 0.353281853125 0.3041237109375 0.359073359375 0.29123711406249997 0.359073359375 0.2551546390625 0.347490346875 0.2345360828125
0 0.20656370625 0.3711340203125 0.1737451734375 0.4097938140625 0.166023165625 0.430412371875 0.166023165625 0.45103092812499995 0.16216216249999998 0.4561855671875 0.166023165625 0.46134020624999994 0.166023165625 0.47680412343749995 0.1737451734375 0.4974226796875 0.1833976828125 0.5051546390625 0.18918918906249999 0.5025773203125 0.2046332046875 0.46649484531249996 0.2142857140625 0.453608246875 0.2355212359375 0.4458762890625 0.25482625468750003 0.39432989687500003 0.2741312734375 0.373711340625 0.2702702703125 0.36855670156250003 0.26833976875 0.34020618593749996 0.252895753125 0.3505154640625 0.2297297296875 0.35567010312499997 0.20656370625 0.3711340203125
0 0.090733590625 0.2680412375 0.08108108124999999 0.280927834375 0.0733590734375 0.3015463921875 0.0733590734375 0.3324742265625 0.07722007656249999 0.34278350468749996 0.0945945953125 0.36597938124999996 0.1332046328125 0.3917525765625 0.15057915 0.3891752578125 0.1679536671875 0.38659793750000004 0.1737451734375 0.3788659796875 0.18146718125 0.337628865625 0.19305019375000002 0.3221649484375 0.19305019375000002 0.3015463921875 0.18918918906249999 0.29123711406249997 0.15637065625 0.257731959375 0.11003860937500001 0.257731959375 0.10617760624999999 0.2628865984375 0.090733590625 0.2680412375
0 0.0926640921875 0.2345360828125 0.09652509687500001 0.239690721875 0.09652509687500001 0.25 0.1023166015625 0.257731959375 0.1737451734375 0.2551546390625 0.17760617812499999 0.25 0.17760617812499999 0.203608246875 0.15637065625 0.17525773125 0.1486486484375 0.1701030921875 0.12548262500000001 0.1701030921875 0.121621621875 0.17525773125 0.1138996140625 0.17525773125 0.0984555984375 0.1855670109375 0.0926640921875 0.19329896875000002 0.0926640921875 0.2345360828125
0 0.37451737500000004 0.048969071875 0.3513513515625 0.023195876562500002 0.3455598453125 0.0051546390625 0.322393821875 0.0051546390625 0.29922780000000004 0.036082475 0.2915057921875 0.036082475 0.2664092671875 0.0644329890625 0.25675675625 0.09793814375 0.2490347484375 0.09278350468749999 0.23359073281249998 0.1030927828125 0.22007722031250002 0.12113402031250001 0.21235521249999997 0.1417525765625 0.21235521249999997 0.162371134375 0.2297297296875 0.17525773125 0.24324324375 0.1726804125 0.2490347484375 0.1701030921875 0.252895753125 0.15979381406249998 0.283783784375 0.1391752578125 0.3146718140625 0.13402061875 0.31853281875 0.1391752578125 0.364864865625 0.144329896875 0.37837837812499997 0.126288659375 0.38610038593749996 0.09536082500000001 0.37837837812499997 0.05927835 0.37451737500000004 0.048969071875
0 0.45366795312499997 0 0.44787644843749996 0.007731959375 0.44787644843749996 0.0180412375 0.44401544375 0.023195876562500002 0.44401544375 0.048969071875 0.45366795312499997 0.0618556703125 0.4729729734375 0.0618556703125 0.4768339765625 0.067010309375 0.48841698906250003 0.067010309375 0.5115830109374999 0.09278350468749999 0.51930501875 0.09793814375 0.525096525 0.09536082500000001 0.534749034375 0.09278350468749999 0.5521235515625 0.07474226875 0.5521235515625 0.0644329890625 0.55598455625 0.05927835 0.55598455625 0.023195876562500002 0.5521235515625 0.0180412375 0.5501930500000001 0 0.45366795312499997 0