0 0.6339285718750001 0.5892857140625 0.71173469375 0.5982142859375 0.807397959375 0.5821428578125001 0.99617346875 0.5 1 0.3232142859375 0.8456632656249999 0.378571428125 0.664540815625 0.3892857140625 0.6109693875 0.4142857140625 0.5790816328124999 0.4803571421875 0.5790816328124999 0.516071428125 0.591836734375 0.5446428578125 0.6339285718750001 0.5892857140625
0 0.32142857187499996 0.6625 0.34056122499999997 0.703571428125 0.36479591875 0.716071428125 0.5012755109375 0.5821428578125001 0.6505102046875 0.3303571421875 0.7193877546875 0.1482142859375 0.7142857140625 0.09464285781250001 0.6951530609375001 0.053571428125 0.644132653125 0.0428571421875 0.6160714281249999 0.0642857140625 0.5714285718750001 0.1303571421875 0.40306122499999997 0.45535714218749995 0.32142857187499996 0.6625
0 0.38265306093749996 0.49464285781250006 0.477040815625 0.3125 0.48852040781249995 0.2678571421875 0.45280612187499997 0.2607142859375 0.432397959375 0.27142857187499997 0.3571428578125 0.3767857140625 0.19132653125000001 0.7196428578125 0.1275510203125 0.9125 0.1313775515625 0.925 0.1454081625 0.9232142859374999 0.16326530625 0.9053571421875001 0.164540815625 0.853571428125 0.2512755109375 0.8071428578125 0.2869897953125 0.771428571875 0.32270408125 0.7607142859375 0.3494897953125 0.7303571421874999 0.352040815625 0.716071428125 0.32142857187499996 0.6803571421875 0.32142857187499996 0.658928571875 0.38265306093749996 0.49464285781250006
0 0.2678571421875 0.5375 0.2678571421875 0.5089285718750001 0.21301020468749998 0.4357142859375 0.16071428593749998 0.48392857187500005 0 0.7803571421875 0.0012755109375 0.9285714281249999 0.1173469390625 0.9267857140625001 0.19132653125000001 0.708928571875 0.2678571421875 0.5375
0 0.3252551015625 0.3428571421875 0.33673469375 0.3803571421875 0.293367346875 0.4482142859375 0.28571428593750003 0.491071428125 0.2704081625 0.5125 0.28571428593750003 0.516071428125 0.446428571875 0.1696428578125 0.44387755156250003 0.12321428593749999 0.39923469375 0.071428571875 0.36862244843749997 0.0857142859375 0.3112244890625 0.1732142859375 0.1938775515625 0.4232142859375 0.1951530609375 0.4357142859375 0.21301020468749998 0.43214285781250006 0.2946428578125 0.33214285781249997 0.3252551015625 0.3428571421875
0 0.2053571421875 0 0.07270408125 0.003571428125 0.0025510203125 0.1482142859375 0 0.4303571421875 0.012755101562500001 0.4303571421875 0.039540815624999996 0.4178571421875 0.0892857140625 0.3375 0.2053571421875 0
0 0.220663265625 0 0.21173469374999998 0.0125 0.1122448984375 0.2875 0.119897959375 0.2982142859375 0.182397959375 0.22142857187499998 0.2806122453125 0.1625 0.3303571421875 0 0.220663265625 0
0 0.23979591875 0.3303571421875 0.2525510203125 0.266071428125 0.3010204078125 0.19821428593749998 0.2997448984375 0.175 0.25382653125 0.175 0.1619897953125 0.24642857187499997 0.0892857140625 0.3517857140625 0 0.5125 0.005102040625 0.766071428125 0.23979591875 0.3303571421875
0 1 0.5875 0.9247448984375 0.575 0.605867346875 0.6142857140625 0.5625 0.6321428578125 0.5357142859375 0.666071428125 0.528061225 0.7267857140625 0.5471938781250001 0.7678571421875 0.66326530625 0.7946428578125 0.9910714281249999 0.753571428125 1 0.7410714281249999 1 0.5875
0 0.6390306125 0.8035714281249999 0.4579081625 0.7607142859375 0.2946428578125 0.771428571875 0.25382653125 0.8107142859375 0.16071428593749998 0.8660714281249999 0.1849489796875 0.925 0.6989795921875 0.9267857140625001 0.69132653125 0.8696428578125 0.6390306125 0.8035714281249999
0 0.682397959375 0 0.7423469390624999 0.15178571406250002 0.8239795921875 0.3053571421875 0.8737244890625 0.3571428578125 0.8979591843750001 0.35535714218750003 0.980867346875 0.325 0.9872448984375 0.266071428125 0.9540816328125 0.158928571875 0.8954081625000001 0.0553571421875 0.8507653062499999 0 0.682397959375 0