0 0.465625 0.321875 0.071875 0.29375
0 0.546875 0.3234375 0.0703125 0.309375
0 0.83984375 0.321875 0.0921875 0.3375
0 0.9453125 0.3296875 0.109375 0.4015625
0 0.6296875 0.33359375 0.075 0.321875
0 0.15703125 0.33515625 0.0875 0.1015625
0 0.2640625 0.3359375 0.10625 0.1421875
0 0.07734375 0.3375 0.084375 0.128125
0 0.73046875 0.33984375 0.1015625 0.35
0 0.184375 0.47890625 0.0921875 0.1359375
0 0.103125 0.48984375 0.090625 0.1453125
0 0.2234375 0.6609375 0.1578125 0.4515625
0 0.575 0.71796875 0.1171875 0.5640625
0 0.45703125 0.71875 0.0921875 0.5625
0 0.35234375 0.72890625 0.0828125 0.534375
0 0.0296875 0.73046875 0.059375 0.10625
0 0.08125 0.78046875 0.071875 0.10625
0 0.42109375 0.08203125 0.1203125 0.1421875
0 0.30390625 0.1375 0.1015625 0.1734375
0 0.06875 0.1453125 0.109375 0.246875
0 0.1875 0.14765625 0.103125 0.196875