0 0.33515625 0.45546875 0.5359375 0.321875
0 0.43984375 0.77890625 0.1828125 0.4421875
0 0.203125 0.58046875 0.3359375 0.2421875
0 0.1625 0.86328125 0.2375 0.2734375
0 0.75859375 0.6921875 0.4015625 0.26875
0 0.88125 0.54375 0.2375 0.375
0 0.8515625 0.928125 0.29375 0.14375
0 0.65625 0.85078125 0.20625 0.28125
0 0.6609375 0.4265625 0.2140625 0.334375
0 0.54453125 0.31015625 0.4375 0.1734375
0 0.7453125 0.13203125 0.29375 0.2640625
0 0.515625 0.12734375 0.3078125 0.2546875
0 0.28125 0.13828125 0.2953125 0.2765625
0 0.08515625 0.12265625 0.1703125 0.2453125