0 0.5375816999999999 0.8246913578124999 0.544117646875 0.7753086421875001 0.5359477125 0.6469135796875001 0.5032679734375 0.46666666718750005 0.48856209218749996 0.42222222187499997 0.47222222187499996 0.4 0.46405228750000005 0.4 0.42973856250000003 0.46666666718750005 0.40032679687500006 0.5975308640625 0.3954248359375 0.6617283953124999 0.37745097968749997 0.758024690625 0.382352940625 0.804938271875 0.3970588234375 0.8493827156249999 0.4232026140625 0.8790123453125 0.454248365625 0.891358025 0.4869281046875 0.886419753125 0.5212418296875 0.8567901234375 0.5375816999999999 0.8246913578124999
0 0.27450980468749997 0.5135802468749999 0.1911764703125 0.5827160499999999 0.1748366015625 0.622222221875 0.17320261406249998 0.649382715625 0.19444444375 0.7160493828125001 0.2271241828125 0.7456790125 0.2630718953125 0.7382716046875 0.40359477187500004 0.5802469140625 0.43137254843750006 0.46913580312500003 0.3986928109375 0.45432098749999994 0.27450980468749997 0.5135802468749999
0 0.8447712421875 0.2987654328125 0.812091503125 0.2888888890625 0.6764705875 0.35555555625 0.6176470593750001 0.40493827187500003 0.5473856203125 0.4469135796875 0.5375816999999999 0.46419753124999996 0.6045751640625 0.4987654328125 0.66176470625 0.5012345671875 0.7908496734375 0.459259259375 0.8496732031249999 0.45185185156249996 0.87418300625 0.41728395 0.8709150328125 0.35802469062500003 0.8447712421875 0.2987654328125
0 0.6388888890625 0.11604938281249999 0.6323529406249999 0.091358025 0.6078431375 0.059259259375 0.5588235296875 0.049382715625000004 0.5228758171875 0.0740740734375 0.5065359484374999 0.130864196875 0.5 0.2938271609375 0.508169934375 0.3604938265625 0.5212418296875 0.4074074078125 0.5228758171875 0.45679012343750003 0.5375816999999999 0.45432098749999994 0.5833333328125 0.4024691359375 0.6372549015625 0.259259259375 0.6323529406249999 0.195061728125 0.6388888890625 0.11604938281249999
0 0.7532679734375 0.5925925921874999 0.7385620921875 0.5703703703125 0.7091503265625 0.5481481484375 0.6094771234375 0.5111111109375 0.5588235296875 0.47901234531250003 0.508169934375 0.4716049375 0.5049019609375 0.486419753125 0.5147058828125 0.53580246875 0.5392156859375 0.5876543203125 0.678104575 0.7283950625 0.704248365625 0.730864196875 0.7271241828125 0.7185185187500001 0.7107843140625 0.686419753125 0.7091503265625 0.6543209875 0.73039215625 0.6197530859375 0.758169934375 0.622222221875 0.7532679734375 0.5925925921874999
0 0.44117647031249996 0.42469135781249995 0.295751634375 0.3481481484375 0.259803921875 0.33580246874999997 0.222222221875 0.33580246874999997 0.2124183 0.3382716046875 0.1911764703125 0.367901234375 0.187908496875 0.395061728125 0.20751634062500002 0.39012345625 0.20915032656250002 0.45432098749999994 0.23529411718749998 0.47901234531250003 0.30882352968750004 0.49382716093749995 0.3905228765625 0.459259259375 0.42973856250000003 0.4617283953125 0.44607843125 0.4370370375 0.44117647031249996 0.42469135781249995
0 0.1372549015625 0.46666666718750005 0.12581699375 0.5432098765625 0.1307189546875 0.57283950625 0.1633986921875 0.6074074078125 0.17810457500000001 0.6074074078125 0.2271241828125 0.5456790125000001 0.294117646875 0.4987654328125 0.2826797390625 0.486419753125 0.23529411718749998 0.47654320937500005 0.1748366015625 0.449382715625 0.1372549015625 0.46666666718750005
0 0.2990196078125 0.723456790625 0.292483659375 0.7851851859375001 0.3006535953125 0.8197530859375 0.313725490625 0.8345679015625 0.37418300625 0.841975309375 0.3888888890625 0.8345679015625 0.383986928125 0.7530864203125 0.40359477187500004 0.632098765625 0.40359477187500004 0.6074074078125 0.39379084999999997 0.604938271875 0.2990196078125 0.723456790625
0 0.6666666671875 0.7283950625 0.614379084375 0.6790123453125 0.544117646875 0.6617283953124999 0.5392156859375 0.6666666671875 0.5408496734375 0.81728395 0.5669934640625 0.8716049375000001 0.5849673203125 0.891358025 0.6225490203125 0.8839506171875 0.62418300625 0.8938271609375 0.6372549015625 0.896296296875 0.669934640625 0.8716049375000001 0.6846405234375 0.8469135796874999 0.689542484375 0.7925925921875 0.6666666671875 0.7283950625
0 0.91013071875 0.4839506171875 0.8888888890625 0.46666666718750005 0.8545751640624999 0.459259259375 0.73366013125 0.486419753125 0.65849673125 0.523456790625 0.73366013125 0.5654320984375001 0.7532679734375 0.5925925921874999 0.7728758171875 0.649382715625 0.8447712421875 0.6641975312499999 0.8774509796875 0.659259259375 0.903594771875 0.64444444375 0.9133986921874999 0.622222221875 0.921568628125 0.508641975 0.91013071875 0.4839506171875
0 0.6470588234375 0.33580246874999997 0.6209150328125 0.3456790125 0.596405228125 0.4 0.6192810453125001 0.3925925921875 0.723856209375 0.3209876546875 0.813725490625 0.28148148125 0.8088235296875 0.2543209875 0.792483659375 0.2246913578125 0.7728758171875 0.20987654375 0.7565359484374999 0.20987654375 0.6470588234375 0.33580246874999997
0 0.6666666671875 0.177777778125 0.6405228765625 0.222222221875 0.6307189546874999 0.30123456718749997 0.633986928125 0.33580246874999997 0.6486928109375001 0.3382716046875 0.66013071875 0.3283950625 0.7385620921875 0.2197530859375 0.740196078125 0.20246913593750002 0.723856209375 0.1703703703125 0.69607843125 0.1604938265625 0.6666666671875 0.177777778125
0 0.4150326796875 0.195061728125 0.4509803921875 0.28148148125 0.4771241828125 0.3160493828125 0.491830065625 0.31851851875000003 0.5049019609375 0.2296296296875 0.5016339875 0.1851851859375 0.4787581703125 0.1604938265625 0.43464052343750004 0.150617284375 0.41176470624999995 0.1654320984375 0.4150326796875 0.195061728125
0 0.4983660125 0.44197530937499996 0.509803921875 0.4469135796875 0.5147058828125 0.432098765625 0.5130718953125 0.3851851859375 0.49346405156250006 0.330864196875 0.44934640468750003 0.2716049375 0.43300653593750005 0.2197530859375 0.41830065312500003 0.2 0.41176470624999995 0.1604938265625 0.3954248359375 0.12345679062499999 0.366013071875 0.08395061718749999 0.3431372546875 0.0790123453125 0.321895425 0.091358025 0.30392156875 0.12592592656249998 0.3006535953125 0.18271605 0.310457515625 0.2148148140625 0.348039215625 0.26419753125 0.39379084999999997 0.286419753125 0.41013071874999996 0.3209876546875 0.4166666671875 0.367901234375 0.4509803921875 0.41728395 0.47385620937499995 0.395061728125 0.4983660125 0.44197530937499996
0 0.2549019609375 0.2296296296875 0.215686275 0.26419753125 0.20915032656250002 0.286419753125 0.2124183 0.33580246874999997 0.28431372499999996 0.3456790125 0.3578431375 0.38271605000000003 0.383986928125 0.377777778125 0.4052287578125 0.35308642031250004 0.40849673124999997 0.3160493828125 0.40032679687500006 0.2987654328125 0.30882352968750004 0.2370370375 0.2549019609375 0.2296296296875