0 0.6225490203125 0.2647058828125 0.562091503125 0.257352940625 0.5375816999999999 0.2892156859375 0.5228758171875 0.33823529375 0.5294117640625 0.455882353125 0.562091503125 0.4852941171875 0.6209150328125 0.4828431375 0.6421568625 0.4705882359375 0.6552287578125 0.4485294125 0.6650326796875 0.40931372499999996 0.6633986921874999 0.31617647031249996 0.651960784375 0.2892156859375 0.6225490203125 0.2647058828125
0 0.8447712421875 0.4852941171875 0.8267973859375 0.4681372546875 0.794117646875 0.453431371875 0.7483660125 0.4509803921875 0.7189542484375 0.4779411765625 0.7009803921875 0.5220588234375 0.6993464046875 0.6127450984375 0.704248365625 0.6397058828125 0.7205882359375 0.6666666671875 0.7549019609375 0.6911764703125 0.8251633984375 0.6838235296875 0.8496732031249999 0.6568627453125 0.8676470593750001 0.615196078125 0.8643790843750001 0.5318627453125 0.8447712421875 0.4852941171875
0 0.84150326875 0.7647058828125 0.8251633984375 0.73039215625 0.7794117640625 0.6936274515624999 0.740196078125 0.688725490625 0.7173202609375 0.6936274515624999 0.6764705875 0.7254901953124999 0.6650326796875 0.7573529406249999 0.6633986921874999 0.78676470625 0.705882353125 0.8455882359375 0.7434640515625001 0.938725490625 0.7859477125 0.9509803921875 0.8218954249999999 0.9240196078125 0.8447712421875 0.8872549015625 0.8545751640624999 0.8210784312499999 0.84150326875 0.7647058828125
0 0.6388888890625 0.7720588234375 0.616013071875 0.76960784375 0.560457515625 0.794117646875 0.5294117640625 0.8431372546875 0.5032679734375 0.9289215687500001 0.5065359484374999 1 0.704248365625 0.9950980390625 0.7124183000000001 0.9705882359375 0.7124183000000001 0.9411764703125 0.7107843140625 0.901960784375 0.6993464046875 0.8602941171875 0.66013071875 0.7892156859375 0.6388888890625 0.7720588234375
0 0.98202614375 0.7083333328125 0.98366013125 0.67892156875 0.972222221875 0.6200980390625 0.9526143796875 0.5735294125 0.9264705875000001 0.546568628125 0.8888888890625 0.5392156859375 0.8807189546874999 0.544117646875 0.87581699375 0.6102941171875 0.8627450984375 0.6372549015625 0.810457515625 0.7009803921875 0.8333333328125001 0.7352941171875 0.8496732031249999 0.7892156859375 0.8627450984375 0.8088235296875 0.9166666671874999 0.8161764703125 0.9444444437499999 0.8014705875000001 0.965686275 0.7671568625 0.98202614375 0.7083333328125
0 0.527777778125 0.634803921875 0.49673202656250004 0.6911764703125 0.5 0.7794117640625 0.5310457515625 0.83823529375 0.542483659375 0.8333333328125001 0.5767973859375 0.78676470625 0.65849673125 0.76960784375 0.65849673125 0.67892156875 0.6470588234375 0.634803921875 0.581699346875 0.6176470593750001 0.527777778125 0.634803921875
0 0.421568628125 0.563725490625 0.3970588234375 0.526960784375 0.3790849671875 0.5171568625 0.3267973859375 0.5147058828125 0.3006535953125 0.526960784375 0.27450980468749997 0.57107843125 0.26633986875 0.6642156859375 0.2728758171875 0.7083333328125 0.295751634375 0.7450980390625 0.31535947656249996 0.7647058828125 0.3513071890625 0.7671568625 0.4068627453125 0.7279411765625 0.43300653593750005 0.6740196078125 0.437908496875 0.625 0.421568628125 0.563725490625
0 0.37745097968749997 0.23284313750000002 0.32516339843750003 0.2671568625 0.31535947656249996 0.294117646875 0.30882352968750004 0.367647059375 0.31535947656249996 0.3970588234375 0.33169934687499997 0.4264705875 0.383986928125 0.4509803921875 0.43137254843750006 0.40931372499999996 0.4526143796875 0.3602941171875 0.455882353125 0.31617647031249996 0.44771241875 0.2647058828125 0.37745097968749997 0.23284313750000002
0 0.2826797390625 0.39950980468749997 0.2516339875 0.330882353125 0.2205882359375 0.30392156875 0.1911764703125 0.30392156875 0.1552287578125 0.31617647031249996 0.12254902031249999 0.3602941171875 0.117647059375 0.419117646875 0.12418300625 0.4583333328125 0.1405228765625 0.5 0.16176470625 0.5220588234375 0.23856209218750002 0.53676470625 0.27450980468749997 0.49264705937500003 0.2728758171875 0.48039215625000004 0.2826797390625 0.455882353125 0.2826797390625 0.39950980468749997
0 0.24019607812500002 0.5588235296875 0.2140522875 0.5318627453125 0.1486928109375 0.5245098046875001 0.12418300625 0.5392156859375 0.08823529375 0.58823529375 0.071895425 0.6495098046875001 0.0735294125 0.7009803921875 0.08496732031250001 0.723039215625 0.1470588234375 0.7671568625 0.2173202609375 0.76960784375 0.241830065625 0.7426470593750001 0.2565359484375 0.7083333328125 0.25326797343749996 0.58823529375 0.24019607812500002 0.5588235296875
0 0.2892156859375 0.0588235296875 0.2467320265625 0.05392156875 0.2189542484375 0.07107843124999999 0.19444444375 0.12254902031249999 0.1911764703125 0.1740196078125 0.20751634062500002 0.23284313750000002 0.223856209375 0.2450980390625 0.2614379078125 0.2475490203125 0.3202614375 0.23284313750000002 0.3333333328125 0.1936274515625 0.3333333328125 0.15931372500000002 0.321895425 0.10294117656249999 0.2892156859375 0.0588235296875
0 0.3970588234375 0.1813725484375 0.382352940625 0.2279411765625 0.44607843125 0.2671568625 0.45751634062499996 0.3431372546875 0.5212418296875 0.328431371875 0.527777778125 0.31617647031249996 0.5294117640625 0.2549019609375 0.51797385625 0.203431371875 0.48202614375 0.1568627453125 0.436274509375 0.14460784375 0.3970588234375 0.1813725484375
0 0.707516340625 0.1936274515625 0.6944444437499999 0.16176470625 0.6732026140625 0.1372549015625 0.6372549015625 0.12745097968750002 0.6127450984375 0.13970588281250002 0.5866013078125001 0.1740196078125 0.5767973859375 0.1985294125 0.5751633984375 0.242647059375 0.5833333328125 0.257352940625 0.6176470593750001 0.2647058828125 0.6503267968750001 0.2892156859375 0.6732026140625 0.3333333328125 0.7009803921875 0.28431372499999996 0.7091503265625 0.23284313750000002 0.707516340625 0.1936274515625
0 0.5 0.328431371875 0.454248365625 0.35049019531250003 0.41176470624999995 0.43137254843750006 0.41176470624999995 0.46568627500000004 0.4264705875 0.51960784375 0.454248365625 0.5490196078125 0.508169934375 0.55392156875 0.534313725 0.5122549015625 0.563725490625 0.4852941171875 0.5310457515625 0.44607843125 0.5228758171875 0.330882353125 0.5 0.328431371875
0 0.08515625 0.521875 0.1484375 0.215625
0 0.16171875 0.33671875 0.13125 0.1625
0 0.21328125 0.22734375 0.1265625 0.1375
0 0.3515625 0.18046875 0.0859375 0.140625
0 0.53515625 0.22109375 0.0859375 0.1765625
0 0.73203125 0.32421875 0.1015625 0.19375
0 0.903125 0.50234375 0.1484375 0.196875
0 0.32109375 0.5015625 0.14375 0.159375
0 0.28671875 0.32578125 0.115625 0.1859375
0 0.7078125 0.63203125 0.140625 0.2
0 0.58515625 0.55546875 0.140625 0.15625
0 0.6703125 0.42578125 0.0890625 0.1765625