0 1 0.7179930796875 0.9911538468750001 0.73010380625 0.961153846875 0.75317185625 0.9188461531250001 0.7785467125000001 0.8719230765624999 0.797001153125 0.791153846875 0.8166089968750001 0.7634615390625 0.8316032296874999 0.7430769234375 0.862168396875 0.7430769234375 0.8829296421875 0.758846153125 0.9054209921874999 0.770384615625 0.9123414078125001 0.7823076921875 0.9129181078125 0.820384615625 0.9111880046874999 0.868846153125 0.896193771875 0.9480769234374999 0.853517878125 0.98423076875 0.8235294124999999 0.9934615390625 0.8200692046875 1 0.8125720875000001 1 0.7179930796875
0 0.9465384609375 0.6666666671875 0.870384615625 0.6955017296875 0.788846153125 0.717416378125 0.7519230765625 0.73587081875 0.7365384609375 0.74971165 0.7261538468750001 0.7733564015625001 0.7261538468750001 0.7848904265625001 0.73 0.79527105 0.745 0.8108419843749999 0.78 0.8183391 0.8634615390624999 0.797001153125 0.9419230765625001 0.760092271875 0.985 0.7324106109375 0.9949999999999999 0.7220299890625 1 0.71337946875 0.9969230765624999 0.68454440625 0.98423076875 0.657439446875 0.9726923078124999 0.65628604375 0.9626923078124999 0.6655132640625 0.9465384609375 0.6666666671875
0 0.9696153843750001 0.5663206453125 0.959615384375 0.56516724375 0.9457692312500001 0.5732410609375 0.9280769234375 0.575547865625 0.8442307687499999 0.606689734375 0.7365384609375 0.6539792390625 0.710384615625 0.6782006921875 0.6976923078125 0.7110726640625 0.69923076875 0.7272203 0.70423076875 0.7381776234374999 0.725 0.7462514421875001 0.734615384375 0.7456747406249999 0.7826923078125 0.71856978125 0.8719230765624999 0.693194925 0.9311538468749999 0.6712802765625 0.9619230765625 0.649365628125 0.9757692312499999 0.6482122265625 0.99076923125 0.6291810843750001 0.9869230765625 0.611880046875 0.993846153125 0.5957324109375 0.9930769234374999 0.586505190625 0.9696153843750001 0.5663206453125
0 0.9334615390625001 0.484429065625 0.8273076921875001 0.5178777390625 0.739615384375 0.5594002312499999 0.7161538468749999 0.5853517874999999 0.7084615390625 0.61072664375 0.7084615390625 0.6211072671875 0.71076923125 0.6326412921875 0.7165384609375 0.63898500625 0.7334615390625 0.65051903125 0.74 0.6499423296875 0.8919230765625 0.5859284890625001 0.945 0.5720876578125 0.9580769234375 0.564013840625 0.97423076875 0.56516724375 0.9769230765625 0.561130334375 0.9769230765625 0.541522490625 0.9723076921875 0.5161476359375 0.959615384375 0.48904267656249995 0.9519230765625 0.484429065625 0.9334615390625001 0.484429065625
0 0.885 0.4256055359375 0.8357692312499999 0.42906574375 0.8034615390625 0.43483275624999995 0.7226923078125 0.46366782031250003 0.70423076875 0.47750865 0.6934615390625 0.49134948125 0.683846153125 0.5057670125 0.6799999999999999 0.5265282578125 0.68076923125 0.5403690890624999 0.6873076921875 0.5513264125 0.705 0.5617070359375 0.7176923078125 0.5622837374999999 0.739615384375 0.5582468281249999 0.8265384609374999 0.515570934375 0.9326923078125 0.47750865 0.94076923125 0.47116493593750003 0.936153846875 0.46539792343749997 0.9438461531250001 0.456170703125 0.9400000000000001 0.42848904218749995 0.9373076921875001 0.42214532812499994 0.901153846875 0.41983852343750006 0.885 0.4256055359375
0 0.6434615390625 0.56516724375 0.6365384609375 0.5732410609375 0.6284615390625 0.5899653984375 0.633846153125 0.6130334484375 0.635384615625 0.6649365625 0.6492307687500001 0.7479815453125 0.65076923125 0.788350634375 0.6553846156249999 0.8183391 0.6634615390625 0.8362168390625 0.676153846875 0.8379469437499999 0.6830769234375 0.829873125 0.695384615625 0.7975778546875001 0.69923076875 0.7537485578124999 0.695384615625 0.68454440625 0.6923076921875 0.660322953125 0.6769230765625001 0.5968858125 0.6630769234375 0.55997693125 0.6573076921875 0.552479815625 0.6534615390625 0.5617070359375 0.6434615390625 0.56516724375
0 0.5723076921875 0.55997693125 0.5723076921875 0.5715109578125 0.5776923078125 0.5841983859375001 0.5815384609375001 0.6280276812500001 0.5984615390625 0.67301038125 0.604615384375 0.702998846875 0.6007692312499999 0.738754325 0.5869230765625 0.7525951562500001 0.59076923125 0.7987312578125 0.5969230765625 0.8183391 0.6065384609375 0.8339100343749999 0.618846153125 0.8465974624999999 0.6284615390625 0.8460207609375001 0.635 0.8419838531250001 0.646153846875 0.819492503125 0.65 0.768742790625 0.6430769234375 0.7110726640625 0.6184615390625 0.5715109578125 0.62 0.55420991875 0.608846153125 0.5363321796875 0.580384615625 0.538638984375 0.5769230765625 0.541522490625 0.5723076921875 0.55997693125
0 0.5307692312500001 0.670703575 0.559615384375 0.7324106109375 0.5900000000000001 0.74682814375 0.6 0.7364475203125 0.603846153125 0.6995386390625 0.58923076875 0.647635525 0.5 0.44925028906250003 0.49576923125 0.44405997656249996 0.4726923078125 0.44867358749999997 0.4630769234375 0.464244521875 0.4630769234375 0.47693195 0.4723076921875 0.5138408296875 0.5307692312500001 0.670703575
0 0.4615384609375 0.726066896875 0.47153846093749996 0.7525951562500001 0.4865384609375 0.7681660906250001 0.50076923125 0.7722029984375001 0.5115384609375 0.7606689734375001 0.5184615390625 0.7422145328124999 0.5215384609375 0.7226066890625 0.52 0.6983852359375 0.4634615390625 0.48904267656249995 0.44000000000000006 0.5103806234375 0.44076923125 0.54267589375 0.4476923078125 0.5841983859375001 0.4576923078125 0.7041522484375 0.4615384609375 0.726066896875
0 0.3915384609375 0.5334486734375 0.3969230765625 0.6441753171875 0.4130769234375 0.7895040375 0.425 0.8200692046875 0.43576923125 0.8269896187500001 0.4430769234375 0.82641291875 0.45384615312500004 0.8125720875000001 0.45999999999999996 0.7895040375 0.45999999999999996 0.739907728125 0.44923076875 0.6199538640625 0.44000000000000006 0.5715109578125 0.4376923078125 0.5334486734375 0.42923076875 0.49307958437500005 0.4080769234375 0.484429065625 0.3976923078125 0.5023068046875 0.3915384609375 0.5334486734375
0 0.3830769234375 0.7445213374999999 0.375384615625 0.7745098046875001 0.36076923125000004 0.79527105 0.36076923125000004 0.8010380625 0.373846153125 0.8414071515625 0.39038461562500004 0.8638985 0.3976923078125 0.8656286046874999 0.4115384609375 0.8587081890625001 0.4230769234375 0.8217993078125 0.4115384609375 0.783737025 0.395384615625 0.6314878890625 0.39 0.535755478125 0.388846153125 0.5317185703125 0.38038461562500003 0.5317185703125 0.375384615625 0.5472895046875 0.375384615625 0.5853517874999999 0.3830769234375 0.7445213374999999
0 0.341153846875 0.5063437140625 0.33923076874999997 0.5103806234375 0.3215384609375 0.646482121875 0.315 0.6655132640625 0.30615384687499997 0.6649365625 0.305384615625 0.739907728125 0.31076923125 0.765282584375 0.3226923078125 0.7877739328125 0.340384615625 0.7993079578125 0.3484615390625 0.7987312578125 0.35807692343749997 0.7958477515625 0.37076923125 0.78143021875 0.38 0.7595155703125 0.3830769234375 0.7352941171875 0.3830769234375 0.7110726640625 0.376153846875 0.6510957328125 0.373846153125 0.5449826984375 0.36615384687499997 0.5080738171875 0.361153846875 0.5005767015625 0.341153846875 0.5063437140625
0 0.334615384375 0.776816609375 0.344615384375 0.76989619375 0.3430769234375 0.7525951562500001 0.346153846875 0.74682814375 0.3423076921875 0.7179930796875 0.3380769234375 0.716262975 0.3334615390625 0.7277970015624999 0.3284615390625 0.7226066890625 0.3223076921875 0.6995386390625 0.3176923078125 0.7006920421875 0.316153846875 0.6753171859375 0.326153846875 0.6268742796875 0.3315384609375 0.5692041515625 0.3323076921875 0.5530565171874999 0.3280769234375 0.5513264125 0.30961538437499997 0.5547866203125 0.30307692343750003 0.5772779703124999 0.30615384687499997 0.677623990625 0.3015384609375 0.8644752015625 0.304615384375 0.8886966546874999 0.3115384609375 0.910611303125 0.32192307656249997 0.9284890421875 0.335384615625 0.930219146875 0.341153846875 0.9273356406250001 0.355384615625 0.9013840828124999 0.3615384609375 0.8460207609375001 0.35923076875 0.807958478125 0.353846153125 0.7895040375 0.348846153125 0.78662053125 0.34576923125 0.7958477515625 0.3323076921875 0.7895040375 0.336153846875 0.782583621875 0.334615384375 0.776816609375
0 0.251153846875 0.575547865625 0.24346153906249998 0.5720876578125 0.24 0.574971165625 0.24076923125 0.5888119953125 0.24615384687500003 0.6038062281250001 0.24153846093750003 0.6637831609375 0.20538461562500002 0.7848904265625001 0.20538461562500002 0.807958478125 0.21000000000000002 0.829873125 0.22346153906250002 0.853517878125 0.23461538437499999 0.8540945796875 0.25884615312500003 0.8419838531250001 0.2723076921875 0.8206459046875001 0.28230769218749996 0.78719723125 0.29 0.7318339093749999 0.29230769218749997 0.6614763546875 0.2876923078125 0.6188004609375 0.28076923125 0.5968858125 0.2634615390625 0.56516724375 0.2580769234375 0.56516724375 0.251153846875 0.575547865625
0 0.28230769218749996 0.79296424375 0.2623076921875 0.8529411765624999 0.25076923125 0.9036908875 0.2530769234375 0.947520184375 0.259615384375 0.9630911187500001 0.2730769234375 0.9705882359375 0.2880769234375 0.9607843140625001 0.2984615390625 0.947520184375 0.30923076875 0.9152249140625001 0.3015384609375 0.8702422140625 0.30076923125 0.8044982703124999 0.30615384687499997 0.6626297578125 0.3034615390625 0.65051903125 0.2969230765625 0.658016146875 0.295384615625 0.6995386390625 0.28230769218749996 0.79296424375
0 0.395384615625 0.8713956171874999 0.365 0.8269896187500001 0.36230769218750003 0.831026528125 0.36 0.879469434375 0.34923076875 0.9209919265625001 0.33423076875 0.9319492500000001 0.32192307656249997 0.9261822375 0.31923076875 0.9336793546875001 0.3215384609375 0.9498269890625 0.33076923125 0.953287196875 0.32923076875 0.9648212218750001 0.3369230765625 0.98558246875 0.3465384609375 0.9942329875 0.354615384375 0.9936562859375 0.368846153125 0.9850057671875 0.3830769234375 0.965974625 0.39076923125 0.947520184375 0.38923076874999996 0.9359861593750001 0.381153846875 0.9227220296875001 0.36923076875 0.91753171875 0.3773076921875 0.9123414078125001 0.39192307656250003 0.9284890421875 0.395384615625 0.924452134375 0.395384615625 0.8713956171874999
0 0.396153846875 0.879469434375 0.3976923078125 0.9256055359375001 0.41076923125000003 0.9579008078125 0.4115384609375 0.9694348328125001 0.4176923078125 0.9717416375000001 0.43038461562499997 0.9711649359375001 0.44923076875 0.9486735875000001 0.45923076875 0.9232987312500001 0.4615384609375 0.9025374859375 0.46076923125 0.8656286046874999 0.441153846875 0.8316032296874999 0.4280769234375 0.8258362171875 0.409615384375 0.8627450984375 0.3976923078125 0.8690888125 0.396153846875 0.879469434375
0 0.46038461562500005 0.8627450984375 0.47923076875000004 0.8656286046874999 0.49000000000000005 0.8506343718749999 0.49384615312499996 0.8379469437499999 0.49384615312499996 0.8010380625 0.48769230781250006 0.7722029984375001 0.4773076921875 0.7623990765624999 0.46269230781250004 0.7381776234374999 0.45999999999999996 0.8021914640625001 0.446153846875 0.8287197234375 0.446153846875 0.8356401390625001 0.46038461562500005 0.8627450984375
0 0.5053846156249999 0.776816609375 0.5165384609375 0.79815455625 0.5384615390625 0.8125720875000001 0.5469230765625 0.8033448671875 0.555384615625 0.7745098046875001 0.555384615625 0.7318339093749999 0.5107692312500001 0.6211072671875 0.5 0.586505190625 0.4865384609375 0.564013840625 0.515384615625 0.6741637828125 0.5215384609375 0.7099192624999999 0.5184615390625 0.7445213374999999 0.5053846156249999 0.776816609375
0 0.581153846875 0.9400230687500001 0.5915384609375 0.9417531718750001 0.603846153125 0.9325259515625 0.6130769234375 0.9013840828124999 0.60923076875 0.8414071515625 0.5915384609375 0.805651671875 0.5846153843749999 0.75028835 0.561153846875 0.7381776234374999 0.54923076875 0.8044982703124999 0.555384615625 0.8737024218749999 0.57076923125 0.9232987312500001 0.581153846875 0.9400230687500001
0 0.6980769234374999 0.8869665515625 0.71423076875 0.9031141874999999 0.7315384609375 0.9071510953124999 0.7523076921875 0.90023068125 0.7423076921875 0.881776240625 0.7415384609375 0.8656286046874999 0.7665384609375 0.822376009375 0.7380769234375 0.8108419843749999 0.7196153843750001 0.8131487890625 0.7019230765625 0.8235294124999999 0.6869230765625 0.84371395625 0.6853846156250001 0.8656286046874999 0.6980769234374999 0.8869665515625
0 0.495384615625 0.8333333328125001 0.48230769218749997 0.8690888125 0.486153846875 0.90599769375 0.4915384609375 0.9256055359375001 0.5057692312500001 0.9480968859375001 0.526153846875 0.9579008078125 0.5373076921875 0.9527104953125001 0.5515384609375 0.9256055359375001 0.554615384375 0.8967704734374999 0.55076923125 0.8598615921875 0.54076923125 0.8160322953125 0.5219230765625 0.805074971875 0.5042307687500001 0.7785467125000001 0.49576923125 0.7762399078125 0.4930769234375 0.782583621875 0.495384615625 0.8333333328125001
0 0 0.91176470625 0.0326923078125 0.9469434828125 0.051923076562500003 0.9630911187500001 0.08576923125 0.9780853515624999 0.090384615625 0.9757785468750001 0.10192307656249999 0.9850057671875 0.18923076875 0.9948096890624999 0.22423076874999998 0.9838523640625001 0.23615384687500002 0.9705882359375 0.24615384687500003 0.9486735875000001 0.25 0.887543253125 0.245384615625 0.8725490203125 0.23576923125000002 0.8592848906249999 0.22576923125 0.8581314875 0.20884615312500002 0.84083045 0.20269230781249997 0.8396770468750001 0.1880769234375 0.8396770468750001 0.1819230765625 0.847750865625 0.15423076875 0.8489042671875 0.0826923078125 0.8431372546875 0.0165384609375 0.8235294124999999 0 0.82641291875 0 0.91176470625
0 0.00038461562500000004 0.8212226062499999 0.014230768750000001 0.8200692046875 0.1119230765625 0.8431372546875 0.14846153906249998 0.842560553125 0.18423076875 0.8362168390625 0.20192307656250003 0.8235294124999999 0.204615384375 0.8183391 0.2030769234375 0.771049596875 0.190384615625 0.761245675 0.171153846875 0.7566320640625 0.0773076921875 0.7577854671875001 0.028846153125000003 0.7635524796875 0 0.78719723125 0.00038461562500000004 0.8212226062499999
0 0 0.757208765625 0.050769231250000005 0.75836216875 0.1373076921875 0.74971165 0.181153846875 0.73587081875 0.2015384609375 0.714532871875 0.20846153906249998 0.694925028125 0.20846153906249998 0.67877739375 0.19192307656250002 0.651672434375 0.161153846875 0.6366782 0.145 0.6470588234375 0.00038461562500000004 0.6770472890625 0 0.757208765625
0 0 0.6741637828125 0.003846153125 0.6741637828125 0.130384615625 0.6482122265625 0.145 0.6412918109375 0.15730769218750001 0.632064590625 0.1723076921875 0.61072664375 0.1823076921875 0.5853517874999999 0.1823076921875 0.5692041515625 0.1765384609375 0.5570934249999999 0.17076923125000001 0.5530565171874999 0.17076923125000001 0.543829296875 0.159615384375 0.5282583625 0.140384615625 0.5167243375 0.12192307656250001 0.5167243375 0.09576923125 0.5294117640625 0.09 0.535755478125 0.08653846093749999 0.5501730109375 0.0826923078125 0.5455593999999999 0.059615384375000004 0.5490196078125 0.021153846875 0.5686274515624999 0 0.5841983859375001 0 0.6741637828125
0 0.12153846093750001 0.4677047296875 0.10576923125 0.44867358749999997 0.080384615625 0.44636678124999996 0.040384615624999995 0.464821221875 0.00038461562500000004 0.490196078125 0.0015384609375000001 0.5807381781250001 0.0565384609375 0.5490196078125 0.0623076921875 0.54267589375 0.063846153125 0.529988465625 0.07115384687500001 0.5190311421875 0.081153846875 0.5178777390625 0.089615384375 0.5294117640625 0.1080769234375 0.5190311421875 0.12 0.49423298750000005 0.12307692343750001 0.47693195 0.12153846093750001 0.4677047296875
0 0.1465384609375 0.36678200625 0.1065384609375 0.381776240625 0.001153846875 0.442906575 0 0.4838523640625 0.005384615625 0.4850057671875 0.0734615390625 0.44752018437499996 0.1034615390625 0.44636678124999996 0.11884615312499999 0.4579008078125 0.16961538437499998 0.44636678124999996 0.1923076921875 0.421568628125 0.19692307656250002 0.4111880046875 0.1976923078125 0.3985005765625 0.190384615625 0.38408304531250004 0.16499999999999998 0.3656286046875 0.1465384609375 0.36678200625
0 0.008461539062499999 0.42502883437500005 0.012692307812500001 0.43137254843750006 0.0176923078125 0.43079584843749996 0.15653846093749998 0.350634371875 0.1723076921875 0.329296425 0.1769230765625 0.3143021921875 0.1769230765625 0.2831603234375 0.1626923078125 0.26989619375 0.140384615625 0.2722029984375 0.1226923078125 0.28373702500000003 0.0634615390625 0.336793540625 0.0076923078125 0.396193771875 0.008461539062499999 0.42502883437500005
0 0.17923076875 0.302768165625 0.1715384609375 0.3362168390625 0.1773076921875 0.33794694375 0.19615384687499998 0.302768165625 0.1984615390625 0.26701268749999996 0.19346153906250002 0.25836216875 0.17423076875000001 0.2445213375 0.15192307656249998 0.2433679359375 0.1334615390625 0.25259515625 0.069615384375 0.30565167187500003 0.015 0.3575547859375 0 0.3858131484375 0.0007692312500000001 0.4088812 0.0034615390625 0.399077278125 0.0326923078125 0.37254902031250003 0.04576923125 0.3529411765625 0.055769231249999995 0.3471741640625 0.0573076921875 0.3414071515625 0.129615384375 0.276816609375 0.1426923078125 0.271049596875 0.161153846875 0.268742790625 0.1769230765625 0.2820069203125 0.17923076875 0.302768165625
0 0.1719230765625 0.1753171859375 0.1419230765625 0.191464821875 0.1373076921875 0.189158015625 0.11807692343750001 0.202998846875 0.09423076875 0.2306805078125 0.04576923125 0.2722029984375 0.026153846874999997 0.29469434843750003 0.024615384375 0.316608996875 0.028461539062500003 0.3304498265625 0.036153846875 0.333910034375 0.139615384375 0.2479815453125 0.15576923125 0.2410611296875 0.17576923125 0.2433679359375 0.18423076875 0.2491349484375 0.201153846875 0.2433679359375 0.21923076875 0.21626297499999997 0.22153846093750001 0.1989619375 0.2184615390625 0.1874279125 0.19192307656250002 0.1741637828125 0.1719230765625 0.1753171859375
0 0.2080769234375 0.160322953125 0.224615384375 0.174740484375 0.22692307656250002 0.194348328125 0.213846153125 0.23010380625 0.220384615625 0.2364475203125 0.22999999999999998 0.23587081875 0.25538461562500003 0.2035755484375 0.254615384375 0.18973471718749998 0.2623076921875 0.1643598609375 0.2615384609375 0.1482122265625 0.24346153906249998 0.1326412921875 0.21730769218749998 0.1303344875 0.20576923125 0.13379469375 0.17884615312500002 0.1534025375 0.18423076875 0.15916955 0.2080769234375 0.160322953125
0 0.18576923125 0.10265282656250001 0.1626923078125 0.117647059375 0.1065384609375 0.1637831609375 0.09807692343749999 0.1753171859375 0.078846153125 0.1880046140625 0.06 0.21280276874999998 0.0630769234375 0.231257209375 0.06923076875 0.2335640140625 0.0965384609375 0.2191464828125 0.15346153906249999 0.1695501734375 0.20423076875 0.13379469375 0.21884615312500003 0.129181084375 0.2473076921875 0.129181084375 0.2515384609375 0.12399077343750001 0.24923076875 0.106689734375 0.24423076875 0.10034602031249999 0.21576923125 0.09342560625 0.18576923125 0.10265282656250001
0 0.098846153125 0.06343713906250001 0.0934615390625 0.0645905421875 0.075 0.0761245671875 0.065384615625 0.0905420984375 0.06076923125 0.106689734375 0.0730769234375 0.118223759375 0.07115384687500001 0.13610150000000001 0.075 0.1372549015625 0.0826923078125 0.12802768125 0.080384615625 0.14186851250000002 0.096153846875 0.1459054203125 0.12192307656250001 0.1384083046875 0.145 0.1257208765625 0.25423076875 0.0576701265625 0.2680769234375 0.04267589375 0.2784615390625 0.0236447515625 0.27999999999999997 0.0005767015625 0.195 0 0.11423076875 0.049596309374999994 0.1034615390625 0.06805075000000001 0.098846153125 0.06343713906250001
0 0.22538461562499998 0.08477508593750001 0.22807692343750002 0.09342560625 0.2473076921875 0.09919261874999999 0.2573076921875 0.1303344875 0.281153846875 0.1326412921875 0.2873076921875 0.1384083046875 0.30076923125 0.1401384078125 0.31423076875 0.134948096875 0.323846153125 0.12399077343750001 0.323846153125 0.1089965390625 0.3384615390625 0.07670126875 0.3330769234375 0.05363321875 0.31423076875 0.031141868750000003 0.2919230765625 0.02537485625 0.2780769234375 0.0276816609375 0.259615384375 0.055363321875 0.22538461562499998 0.08477508593750001
0 0.22923076875 0.30392156875 0.22153846093750001 0.32698961875 0.22884615312499998 0.33794694375 0.24153846093750003 0.341983853125 0.2580769234375 0.331026528125 0.2719230765625 0.3333333328125 0.2876923078125 0.3177623984375 0.29 0.30392156875 0.278846153125 0.276816609375 0.25423076875 0.2606689734375 0.238846153125 0.2606689734375 0.21923076875 0.2704728953125 0.22923076875 0.2935409453125 0.22923076875 0.30392156875
0 0.20384615312499998 0.3800461359375 0.20076923125 0.40657439375 0.22923076875 0.420415225 0.24500000000000002 0.4152249140625 0.251153846875 0.40830449843750005 0.2569230765625 0.396193771875 0.25846153906249997 0.382352940625 0.24500000000000002 0.35524798125 0.22423076874999998 0.342560553125 0.20884615312500002 0.342560553125 0.19692307656250002 0.359284890625 0.2023076921875 0.36851211093749997 0.20384615312499998 0.3800461359375
0 0.26769230781250003 0.382352940625 0.275384615625 0.4111880046875 0.28500000000000003 0.42445213437499996 0.295384615625 0.42733564062499996 0.3034615390625 0.42445213437499996 0.316153846875 0.4088812 0.316153846875 0.37427912343749997 0.29576923125 0.3517877734375 0.275 0.3460207609375 0.26269230781249997 0.33217993125 0.2534615390625 0.3344867359375 0.24692307656249998 0.345444059375 0.25 0.359284890625 0.26769230781250003 0.382352940625
0 0.2830769234375 0.5080738171875 0.29423076875 0.49942329843750005 0.2984615390625 0.488465975 0.3015384609375 0.4734717421875 0.30076923125 0.45271049531249996 0.28576923125000003 0.43137254843750006 0.26269230781249997 0.4279123421875 0.24384615312500002 0.48269896250000005 0.24807692343749999 0.48788927343750005 0.2680769234375 0.4925028828125 0.2830769234375 0.5080738171875
0 0.213846153125 0.5023068046875 0.21538461562500003 0.52306805 0.2076923078125 0.541522490625 0.20846153906249998 0.5461361015625 0.22807692343750002 0.57670126875 0.233846153125 0.578431371875 0.238846153125 0.5709342562499999 0.2519230765625 0.5720876578125 0.2565384609375 0.56516724375 0.270384615625 0.5628604390625 0.285384615625 0.5392156859375 0.2869230765625 0.5288350640624999 0.283846153125 0.5138408296875 0.26884615312500004 0.4936562859375 0.24346153906249998 0.48904267656249995 0.213846153125 0.5023068046875
0 0.18076923125 0.5634371390624999 0.1823076921875 0.5841983859375001 0.1630769234375 0.6303344875 0.168846153125 0.6366782 0.18153846093749998 0.6395617078125 0.19192307656250002 0.6343713953125001 0.211153846875 0.614763553125 0.226153846875 0.5911188 0.22692307656250002 0.579584775 0.223846153125 0.5692041515625 0.20576923125 0.5444059984375 0.19576923125 0.5374855828125 0.171153846875 0.5340253749999999 0.1669230765625 0.535755478125 0.18076923125 0.5634371390624999
0 0.349615384375 0.234140715625 0.3376923078125 0.248558246875 0.33999999999999997 0.29008073749999996 0.32769230781249997 0.37427912343749997 0.325384615625 0.4596309109375 0.3369230765625 0.49538639062499995 0.34423076875 0.504036909375 0.3523076921875 0.5034602078125 0.3619230765625 0.498269896875 0.37076923125 0.4780853515625 0.373846153125 0.41464821250000006 0.37230769218750004 0.3973471734375 0.354615384375 0.382352940625 0.3469230765625 0.35697808593749997 0.3469230765625 0.3200692046875 0.36076923125000004 0.2693194921875 0.355384615625 0.2404844296875 0.349615384375 0.234140715625
0 0.353846153125 0.3788927328125 0.35807692343749997 0.38638985 0.36923076875 0.3915801609375 0.39384615312500004 0.3604382921875 0.4 0.3304498265625 0.4 0.30392156875 0.3930769234375 0.2750865046875 0.37576923125 0.2664359859375 0.3634615390625 0.26758938906249996 0.3576923078125 0.2773933109375 0.346153846875 0.3327566328125 0.3469230765625 0.353517878125 0.353846153125 0.3788927328125
0 0.45153846093750005 0.09976931875 0.3976923078125 0.1966551328125 0.3930769234375 0.23010380625 0.39846153906250004 0.2508650515625 0.40423076875 0.257208765625 0.4276923078125 0.2577854671875 0.4319230765625 0.257208765625 0.454615384375 0.2208765859375 0.48461538437499996 0.15051903125 0.514615384375 0.0547866203125 0.509615384375 0.0288350640625 0.485 0.0288350640625 0.4634615390625 0.0588235296875 0.46076923125 0.06516724375 0.4615384609375 0.07670126875 0.45153846093750005 0.09976931875
0 0.4119230765625 0.1257208765625 0.3615384609375 0.2035755484375 0.355384615625 0.2277970015625 0.3569230765625 0.2566320640625 0.36423076875 0.2664359859375 0.384615384375 0.26701268749999996 0.39269230781250003 0.26412918125 0.39923076874999996 0.254325259375 0.3930769234375 0.237024221875 0.3923076921875 0.21856978124999998 0.4015384609375 0.186274509375 0.44461538437500003 0.114763553125 0.46461538437499994 0.07093425625000001 0.4680769234375 0.056516725000000004 0.46269230781250004 0.0588235296875 0.4119230765625 0.1257208765625
0 0.45615384687500005 0.23010380625 0.454615384375 0.260092271875 0.4569230765625 0.265859284375 0.46423076874999997 0.27912341406249996 0.47923076875000004 0.28662053125 0.490384615625 0.28143021875 0.50923076875 0.25317185625 0.513846153125 0.21049596249999997 0.513846153125 0.1355247984375 0.5130769234375 0.114763553125 0.5042307687500001 0.1014994234375 0.49846153906249996 0.1043829296875 0.4884615390625 0.1424452140625 0.4669230765625 0.194348328125 0.45615384687500005 0.23010380625
0 0.4573076921875 0.3690888125 0.46769230781250004 0.370818915625 0.48269230781249994 0.356401384375 0.4930769234375 0.3350634375 0.49923076875000005 0.31545559375 0.509615384375 0.25605536406249996 0.48961538437499996 0.282583621875 0.4773076921875 0.288350634375 0.461153846875 0.28373702500000003 0.443846153125 0.31545559375 0.4469230765625 0.353517878125 0.4573076921875 0.3690888125
0 0.494615384375 0.34083045 0.47076923125 0.3858131484375 0.47076923125 0.40196078437500005 0.47807692343749997 0.42329873124999995 0.5030769234375 0.42502883437500005 0.5119230765625 0.41753171875 0.5230769234375 0.396193771875 0.55923076875 0.2393310265625 0.55923076875 0.21164936562499997 0.5569230765625 0.2024221453125 0.549615384375 0.194925028125 0.5365384609375 0.19607843125 0.5307692312500001 0.2035755484375 0.5123076921874999 0.2554786625 0.494615384375 0.34083045
0 0.5630769234375 0.24163783125 0.5515384609375 0.2762399078125 0.524615384375 0.3985005765625 0.51923076875 0.43194925 0.52 0.443483275 0.529615384375 0.4602076125 0.5423076921875001 0.4607843140625 0.5573076921875 0.45213379531250003 0.5715384609374999 0.42733564062499996 0.605384615625 0.29008073749999996 0.6084615390625 0.2577854671875 0.6069230765625 0.237024221875 0.5984615390625 0.2081891578125 0.5926923078125 0.20069204218749997 0.57576923125 0.20069204218749997 0.565384615625 0.21741637812499998 0.5630769234375 0.24163783125
0 0.5869230765625 0.4123414078125 0.5942307687499999 0.4279123421875 0.61076923125 0.43079584843749996 0.6180769234375 0.42445213437499996 0.6269230765625 0.407727796875 0.6330769234375 0.3811995390625 0.64 0.28892733593750003 0.6376923078125001 0.24971165 0.6334615390625 0.2445213375 0.6115384609375 0.2450980390625 0.60923076875 0.28546712812499997 0.5869230765625 0.3731257203125 0.5869230765625 0.4123414078125
0 0.38423076875 0.5063437140625 0.3915384609375 0.5057670125 0.4080769234375 0.4832756625 0.419615384375 0.48788927343750005 0.4269230765625 0.4838523640625 0.43076923125000005 0.3327566328125 0.42346153906249995 0.3229527109375 0.40923076875 0.322376009375 0.385384615625 0.3973471734375 0.38076923125 0.44232987343749997 0.38076923125 0.49538639062499995 0.38423076875 0.5063437140625
0 0.43 0.4238754328125 0.42923076875 0.47693195 0.43615384687500003 0.5103806234375 0.45999999999999996 0.4907727796875 0.46230769218749995 0.464244521875 0.4723076921875 0.4354094578125 0.4723076921875 0.419261821875 0.465384615625 0.39504036875000004 0.46769230781250004 0.376585928125 0.4565384609375 0.3702422140625 0.44346153906249997 0.34948096875 0.435384615625 0.37197231875000003 0.43 0.4238754328125
0 0.729615384375 0.44752018437499996 0.75 0.45271049531249996 0.809615384375 0.43252595156250007 0.889615384375 0.42445213437499996 0.9099999999999999 0.41695501718749994 0.7542307687500001 0.367935409375 0.7334615390625 0.367935409375 0.7226923078125 0.37254902031250003 0.7076923078124999 0.3927335640625 0.706153846875 0.41464821250000006 0.71576923125 0.43252595156250007 0.729615384375 0.44752018437499996
0 0.8734615390625 0.40715109531250004 0.903846153125 0.41349480937500005 0.914615384375 0.40657439375 0.8680769234374999 0.3587081890625 0.8073076921875 0.313725490625 0.7557692312500001 0.29065743906249997 0.7326923078124999 0.2918108421875 0.72 0.310841984375 0.72076923125 0.3304498265625 0.7326923078124999 0.34948096875 0.759615384375 0.367935409375 0.8734615390625 0.40715109531250004
0 0.8003846156250001 0.238754325 0.761153846875 0.21683967656249997 0.7219230765625 0.21337946875 0.700384615625 0.228373703125 0.695384615625 0.2404844296875 0.695384615625 0.2554786625 0.7 0.26816609062499996 0.7180769234375 0.28950403750000003 0.72423076875 0.29296424375 0.759615384375 0.28950403750000003 0.7965384609374999 0.30565167187500003 0.8334615390625 0.3287197234375 0.8826923078125001 0.3702422140625 0.8911538468750001 0.36101499375 0.893846153125 0.365051903125 0.89076923125 0.37197231875000003 0.895384615625 0.37773933125000003 0.9030769234375 0.370818915625 0.9099999999999999 0.3546712796875 0.9057692312500001 0.344867359375 0.8988461531249999 0.3575547859375 0.8923076921875 0.353517878125 0.8992307687500001 0.347750865625 0.8976923078124999 0.339677046875 0.9015384609374999 0.3362168390625 0.9019230765625 0.329873125 0.8003846156250001 0.238754325
0 0.7480769234375 0.1130334484375 0.7334615390625 0.1130334484375 0.725 0.11649365625000001 0.7184615390625 0.12745097968750002 0.7169230765625 0.1401384078125 0.723846153125 0.1666666671875 0.7380769234375 0.1937716265625 0.7619230765625 0.215686275 0.788846153125 0.226066896875 0.8180769234374999 0.2479815453125 0.8973076921875001 0.3171856984375 0.9019230765625 0.3287197234375 0.91923076875 0.3362168390625 0.9230769234375 0.3316032296875 0.9292307687499999 0.29469434843750003 0.9265384609374999 0.27566320625 0.9180769234374999 0.268742790625 0.9034615390624999 0.265282584375 0.8873076921875 0.25259515625 0.8134615390625 0.1741637828125 0.78576923125 0.1395617078125 0.7619230765625 0.1188004609375 0.7480769234375 0.1130334484375
0 0.926153846875 0.2404844296875 0.9134615390624999 0.2214532875 0.879615384375 0.194925028125 0.8503846156250001 0.17877739374999999 0.8226923078124999 0.1649365625 0.80923076875 0.1643598609375 0.8780769234375001 0.2422145328125 0.90423076875 0.26412918125 0.9184615390624999 0.26701268749999996 0.926153846875 0.2404844296875
0 0.7380769234375 0.109573240625 0.76423076875 0.1188004609375 0.8003846156250001 0.1534025375 0.8803846156249999 0.1937716265625 0.9126923078125 0.2191464828125 0.929615384375 0.2445213375 0.9323076921875 0.24394463593750002 0.9400000000000001 0.23010380625 0.944615384375 0.21280276874999998 0.9434615390625 0.20645905468749998 0.81576923125 0.08189157968750001 0.788846153125 0.061130334375 0.770384615625 0.0530565171875 0.7473076921875 0.0576701265625 0.734615384375 0.0674740484375 0.7315384609375 0.08477508593750001 0.7380769234375 0.109573240625
0 0.8669230765625 0.12399077343750001 0.874615384375 0.11361015000000001 0.8769230765625 0.100922721875 0.8738461531249999 0.0928489046875 0.8565384609375 0.0715109578125 0.8430769234375 0.0455594 0.8134615390625 0.0023068046875 0.7215384609375 0.0005767015625 0.7511538468750001 0.0334486734375 0.8019230765625001 0.06805075000000001 0.8669230765625 0.12399077343750001
0 0.680384615625 0.170703575 0.7026923078125 0.191464821875 0.73 0.2012687421875 0.736153846875 0.193194925 0.7261538468750001 0.174740484375 0.7161538468749999 0.1412918109375 0.7234615390625 0.111880046875 0.7065384609375001 0.1014994234375 0.6819230765625 0.1014994234375 0.6630769234375 0.112456746875 0.65923076875 0.125144175 0.6599999999999999 0.1355247984375 0.680384615625 0.170703575
0 0.6826923078125 0.27566320625 0.68923076875 0.2750865046875 0.69923076875 0.2704728953125 0.693846153125 0.248558246875 0.6976923078125 0.231257209375 0.72076923125 0.2093425609375 0.7180769234375 0.20184544375 0.691153846875 0.189158015625 0.6665384609375 0.20645905468749998 0.6599999999999999 0.22318339062499998 0.67 0.2577854671875 0.6826923078125 0.27566320625
0 0.683846153125 0.3546712796875 0.69076923125 0.359284890625 0.701153846875 0.350634371875 0.7269230765625 0.3442906578125 0.7192307687499999 0.3246828140625 0.723846153125 0.29469434843750003 0.700384615625 0.27335640156249996 0.68423076875 0.27797001093749996 0.674615384375 0.28892733593750003 0.6715384609374999 0.2993079578125 0.674615384375 0.329296425 0.683846153125 0.3546712796875