0 0.5125 0.31015625 0.08125 0.10625
0 0.653125 0.32578125 0.0734375 0.09375
0 0.70390625 0.3765625 0.0578125 0.1109375
0 0.93046875 0.45 0.0453125 0.078125
0 0.7453125 0.47421875 0.071875 0.0984375
0 0.70390625 0.55625 0.0734375 0.1078125
0 0.5734375 0.5625 0.0671875 0.125
0 0.32734375 0.57578125 0.0859375 0.11875
0 0.77734375 0.57890625 0.0671875 0.1140625
0 0.94140625 0.58359375 0.0015625 0.0015625
0 0.2078125 0.684375 0.065625 0.1203125
0 0.38984375 0.75 0.084375 0.103125
0 0.62890625 0.8359375 0.0875 0.13125
0 0.66484375 0.24765625 0.0671875 0.1
0 0.728125 0.28125 0.071875 0.090625