0 0.6189516125 0.5517241375 0.6129032265625 0.5394088671875 0.6189516125 0.5320197046875 0.5786290328125 0.5320197046875 0.520161290625 0.5985221671875001 0.520161290625 0.6182266015625 0.5302419359375 0.630541871875 0.554435484375 0.6256157640625 0.5604838703125 0.6330049265625 0.5322580640625 0.6921182265625 0.52822580625 0.7216748765625 0.5362903218749999 0.76108374375 0.5665322578125 0.7931034484375 0.5887096781250001 0.77586206875 0.6189516125 0.72413793125 0.6431451609375001 0.72413793125 0.6572580640625 0.7364532015624999 0.667338709375 0.76847290625 0.7479838703125 0.7733990140625 0.78427419375 0.802955665625 0.798387096875 0.8004926109375001 0.8145161296874999 0.7709359609375 0.8427419359374999 0.74630541875 0.8427419359374999 0.7364532015624999 0.8145161296874999 0.608374384375 0.8004032265625 0.600985221875 0.77217741875 0.5615763546875 0.7318548390624999 0.5369458125000001 0.6915322578125 0.5270935953125 0.667338709375 0.5270935953125 0.6189516125 0.5517241375
0 0.4979838703125 0.295566503125 0.429435484375 0.295566503125 0.3850806453125 0.32019704375 0.3588709671875 0.3522167484375 0.34677419375 0.38177339843749997 0.33870967812499997 0.450738915625 0.3588709671875 0.5049261078125 0.40322580625000004 0.549261084375 0.423387096875 0.6133004921875 0.46572580625000004 0.6403940890625 0.4838709671875 0.637931034375 0.520161290625 0.6280788171875 0.5161290328125 0.6182266015625 0.52822580625 0.5788177343750001 0.5725806453125 0.534482759375 0.576612903125 0.4802955671875 0.610887096875 0.48275862031249994 0.6129032265625 0.4458128078125 0.5927419359375 0.376847290625 0.5584677421875 0.3300492609375 0.4979838703125 0.295566503125
0 0.27217741875 0.4876847296875 0.21572580624999999 0.5123152703125 0.16532258125 0.5640394093750001 0.161290321875 0.58866995 0.145161290625 0.6034482765625 0.145161290625 0.6330049265625 0.161290321875 0.6477832515624999 0.16935483906249998 0.6773399015625 0.16935483906249998 0.7857142859375 0.1935483875 0.7906403937500001 0.2802419359375 0.7733990140625 0.3286290328125 0.7192118234375 0.35282258125 0.704433496875 0.4193548390625 0.68719211875 0.423387096875 0.637931034375 0.41532258125 0.58866995 0.3991935484375 0.549261084375 0.36895161249999997 0.5123152703125 0.3165322578125 0.4876847296875 0.27217741875 0.4876847296875
0 0.29435483906250004 0.795566503125 0.3104838703125 0.8448275859375001 0.34879032187500003 0.906403940625 0.3649193546875 0.9162561578125 0.5 0.913793103125 0.548387096875 0.9088669953125 0.5524193546875 0.8300492609375001 0.5322580640625 0.7709359609375 0.485887096875 0.7192118234375 0.4334677421875 0.69458128125 0.3770161296875 0.6995073890625 0.3286290328125 0.72413793125 0.28629032187500003 0.7709359609375 0.2822580640625 0.7857142859375 0.29435483906250004 0.795566503125
0 0.5645161296875 0.82019704375 0.5685483875 0.8300492609375001 0.5604838703125 0.8300492609375001 0.5604838703125 0.854679803125 0.5524193546875 0.8793103453125 0.5524193546875 0.9088669953125 0.5584677421875 0.9162561578125 0.8225806453125 0.913793103125 0.8266129031249999 0.9088669953125 0.8225806453125 0.8645320203125 0.78427419375 0.8078817734375001 0.7318548390624999 0.7733990140625 0.667338709375 0.7733990140625 0.65322580625 0.73152709375 0.6431451609375001 0.72413793125 0.6189516125 0.72413793125 0.6088709671875 0.7364532015624999 0.5645161296875 0.82019704375
0 0.0645161296875 0.9039408859375 0.0665322578125 0.9162561578125 0.326612903125 0.913793103125 0.33467741875 0.9088669953125 0.326612903125 0.8743842359375 0.27217741875 0.7783251234375 0.2439516125 0.78325123125 0.22782258125000002 0.79802955625 0.2197580640625 0.7931034484375 0.167338709375 0.79802955625 0.14314516093750002 0.8226600984375001 0.1149193546875 0.8325123156249999 0.0645161296875 0.9039408859375
0 0 0.667487684375 0.054435484374999996 0.6699507390624999 0.058467742187500005 0.660098521875 0.0625 0.6699507390624999 0.10483870937499999 0.67241379375 0.1290322578125 0.65763546875 0.14717741875 0.5517241375 0.2661290328125 0.4802955671875 0.2661290328125 0.332512315625 0.1633064515625 0.23152709374999997 0.0504032265625 0.2266009859375 0.03427419375 0.23152709374999997 0 0.26847290625000003 0 0.667487684375
0 0.485887096875 0.2561576359375 0.4697580640625 0.2561576359375 0.45967741875 0.27832512343750004 0.4697580640625 0.29064039375 0.5181451609375001 0.3004926109375 0.5625 0.3300492609375 0.5806451609375001 0.3522167484375 0.6088709671875 0.41133005 0.616935484375 0.47044335000000004 0.6370967734375 0.47044335000000004 0.6834677421875 0.4532019703125 0.7137096781250001 0.421182265625 0.7137096781250001 0.391625615625 0.6975806453125 0.3571428578125 0.673387096875 0.2635467984375 0.6149193546875 0.197044334375 0.5745967734375 0.18226600937499998 0.514112903125 0.18226600937499998 0.5040322578125 0.23891625625000001 0.485887096875 0.2561576359375
0 0.6633064515625 0.167487684375 0.645161290625 0.1995073890625 0.645161290625 0.22413793124999998 0.6774193546875 0.2635467984375 0.6814516125 0.288177340625 0.6895161296875 0.302955665625 0.6935483875 0.33743842343749997 0.7137096781250001 0.3866995078125 0.735887096875 0.413793103125 0.7459677421875 0.41625615781249997 0.7681451609375001 0.413793103125 0.7741935484375 0.406403940625 0.77822580625 0.3522167484375 0.7943548390624999 0.302955665625 0.79032258125 0.2586206890625 0.77822580625 0.2290640390625 0.7520161296875 0.197044334375 0.7439516125 0.197044334375 0.707661290625 0.17241379375000002 0.6633064515625 0.167487684375
0 1 0.26847290625000003 0.9616935484375 0.2512315265625 0.90927419375 0.2561576359375 0.8729838703125001 0.27586206875 0.8427419359374999 0.3078817734375 0.8427419359374999 0.31773399062499996 0.8508064515625 0.3226600984375 0.838709678125 0.33743842343749997 0.84072580625 0.34482758593749996 0.8306451609375 0.34236453125 0.838709678125 0.32758620625 0.8286290328125 0.325123153125 0.8245967734375 0.34482758593749996 0.804435484375 0.34482758593749996 0.7943548390624999 0.3571428578125 0.798387096875 0.362068965625 0.7862903218749999 0.3669950734375 0.7822580640625 0.4014778328125 0.7862903218749999 0.426108375 0.8427419359374999 0.5 0.8649193546875 0.5566502468750001 0.90927419375 0.5566502468750001 0.9354838703125001 0.5689655171875 1 0.544334975 1 0.26847290625000003
0 0.8850806453125 0.7438423640625 0.901209678125 0.7290640390625 0.9193548390625 0.73152709375 0.90322580625 0.76108374375 0.9072580640625001 0.9088669953125 0.9133064515625 0.9162561578125 0.9677419359374999 0.913793103125 0.9818548390625 0.906403940625 0.9939516125000001 0.9113300499999999 1 0.9039408859375 0.9979838703125001 0.5566502468750001 0.9536290328125 0.5665024625 0.9133064515625 0.5960591140625 0.895161290625 0.6182266015625 0.8709677421875 0.67241379375 0.8790322578125 0.7413793109375 0.8850806453125 0.7438423640625
0 0.9879032265625 0.19458128125000002 0.9677419359374999 0.145320196875 0.929435484375 0.1034482765625 0.90927419375 0.093596059375 0.8689516125000001 0.093596059375 0.8568548390625 0.078817734375 0.84072580625 0.078817734375 0.8286290328125 0.093596059375 0.7963709671875 0.0985221671875 0.77822580625 0.11576354687499998 0.770161290625 0.1354679796875 0.770161290625 0.1847290640625 0.7661290328125 0.189655171875 0.770161290625 0.20935960625 0.798387096875 0.28325123125 0.8125 0.3004926109375 0.838709678125 0.302955665625 0.8810483874999999 0.2660098515625 0.90927419375 0.2512315265625 0.945564515625 0.24630541875 0.96572580625 0.2512315265625 0.97177419375 0.24384236406249998 0.97177419375 0.2192118234375 0.9778225812500001 0.2068965515625 0.9818548390625 0.21182265937500003 0.9879032265625 0.20443349687499998 0.9879032265625 0.19458128125000002
0 0.47580645156249995 0.20443349687499998 0.4677419359375 0.1699507390625 0.47177419374999996 0.1403940890625 0.451612903125 0.11083743906250001 0.46572580625000004 0.1034482765625 0.4677419359375 0.09113300468749999 0.473790321875 0.093596059375 0.47983870937499995 0.08128078749999999 0.4415322578125 0.064039409375 0.429435484375 0.0689655171875 0.41330645156249995 0.049261084375 0.38104838750000003 0.0591133 0.35282258125 0.0049261078125 0.264112903125 0.0049261078125 0.2177419359375 0.0665024625 0.207661290625 0.1034482765625 0.20161290312500002 0.09605911406249999 0.2056451609375 0.08620689687500001 0.1935483875 0.08128078749999999 0.1975806453125 0.22413793124999998 0.20161290312500002 0.24384236406249998 0.2177419359375 0.2586206890625 0.223790321875 0.2364532015625 0.2479838703125 0.2266009859375 0.27620967812499997 0.23152709374999997 0.292338709375 0.21182265937500003 0.3447580640625 0.21182265937500003 0.3649193546875 0.23152709374999997 0.41733870937499995 0.24137931093749998 0.4334677421875 0.2364532015625 0.445564515625 0.24630541875 0.47580645156249995 0.20443349687499998