0 0.3546666671875 0.46575 0.3693333328125 0.48025 0.37666666718749997 0.48550000000000004 0.3846666671875 0.48949999999999994 0.391 0.495 0.4103333328125 0.50125 0.4183333328125 0.50625 0.42699999999999994 0.509 0.4543333328125 0.51375 0.471 0.5145 0.489 0.513 0.507 0.509 0.5156666671875 0.5 0.5243333328124999 0.49375 0.523 0.49124999999999996 0.5163333328124999 0.48825 0.5053333328125 0.48025 0.4886666671875 0.46275000000000005 0.46666666718750005 0.4445 0.4493333328125 0.426 0.44066666718749997 0.41974999999999996 0.42833333281249997 0.40599999999999997 0.4233333328125 0.39849999999999997 0.4166666671875 0.393 0.40700000000000003 0.37675000000000003 0.40033333281249994 0.36875 0.3966666671875 0.36075 0.391 0.356 0.387 0.35075 0.368 0.3375 0.3543333328125 0.33225 0.341 0.32975 0.32766666718750004 0.333 0.31466666718749997 0.34049999999999997 0.3066666671875 0.355 0.304 0.3655 0.304 0.3705 0.30733333281249997 0.39125 0.31266666718749997 0.40425000000000005 0.3346666671875 0.43674999999999997 0.341 0.4485 0.34500000000000003 0.45225 0.3546666671875 0.46575
0 0.3346666671875 0.54075 0.3566666671875 0.55275 0.38166666718750003 0.56325 0.3973333328125 0.567 0.409 0.56825 0.4543333328125 0.5695 0.4823333328125 0.5655 0.5003333328124999 0.5589999999999999 0.5113333328125 0.55175 0.5183333328125 0.54225 0.5193333328125 0.5337500000000001 0.516 0.533 0.5083333328124999 0.53425 0.5043333328124999 0.53225 0.503 0.52625 0.505 0.52025 0.5046666671875 0.51675 0.499 0.50925 0.4943333328125 0.509 0.49133333281249997 0.511 0.47766666718749995 0.5157499999999999 0.466 0.51525 0.425 0.5077499999999999 0.41566666718749995 0.505 0.4 0.49850000000000005 0.3896666671875 0.49175 0.3806666671875 0.48324999999999996 0.373 0.47975 0.36833333281249997 0.47625 0.359 0.46749999999999997 0.3373333328125 0.43875000000000003 0.322 0.41425 0.3133333328125 0.40549999999999997 0.2926666671875 0.39249999999999996 0.2873333328125 0.391 0.2783333328125 0.39075000000000004 0.2713333328125 0.39249999999999996 0.26233333281250004 0.39825 0.2573333328125 0.41500000000000004 0.2556666671875 0.4245 0.256 0.43274999999999997 0.259 0.44675000000000004 0.26233333281250004 0.45575 0.277 0.483 0.2923333328125 0.5042500000000001 0.31033333281250003 0.52225 0.3346666671875 0.54075
0 0.487 0.46624999999999994 0.493 0.47225 0.5183333328125 0.48775 0.5223333328125 0.488 0.5256666671875 0.48600000000000004 0.5276666671875 0.48274999999999996 0.5243333328124999 0.46849999999999997 0.48266666718750006 0.39625 0.47366666718749995 0.37575 0.46799999999999997 0.366 0.4583333328125 0.33825 0.45133333281250004 0.3285 0.4446666671875 0.32325 0.434 0.318 0.4273333328125 0.3165 0.418 0.317 0.4113333328125 0.31925 0.4046666671875 0.32325 0.40033333281249994 0.32875 0.391 0.353 0.3966666671875 0.36974999999999997 0.4033333328125 0.38125 0.4143333328125 0.396 0.422 0.40325 0.449 0.43550000000000005 0.487 0.46624999999999994
0 0.504 0.43975 0.523 0.4665 0.528 0.481 0.5313333328125001 0.48525 0.5353333328125001 0.488 0.5413333328125 0.49000000000000005 0.5466666671875 0.49024999999999996 0.5596666671875 0.4875 0.5650000000000001 0.4835 0.5673333328125 0.47925000000000006 0.568 0.441 0.563 0.389 0.5516666671875 0.34049999999999997 0.546 0.32775 0.5389999999999999 0.317 0.532 0.31025 0.5256666671875 0.3075 0.518 0.30575 0.5073333328125 0.30575 0.5006666671875 0.30775 0.493 0.31375000000000003 0.489 0.32075 0.4853333328125 0.33199999999999996 0.483 0.34249999999999997 0.483 0.35425 0.4803333328125 0.37025 0.4803333328125 0.38075000000000003 0.4823333328125 0.39075000000000004 0.49133333281249997 0.41950000000000004 0.504 0.43975
0 0.579 0.4725 0.5846666671875 0.47450000000000003 0.5956666671875 0.47474999999999995 0.609 0.47175 0.623 0.45875000000000005 0.635 0.43274999999999997 0.6436666671875 0.40025000000000005 0.6493333328124999 0.36275 0.6496666671875 0.33975 0.648 0.32875 0.6416666671875 0.31825000000000003 0.6353333328125 0.313 0.6313333328125 0.3115 0.618 0.31074999999999997 0.6083333328125 0.31275 0.6006666671875001 0.31575000000000003 0.596 0.31975 0.5916666671875 0.3265 0.5866666671874999 0.33799999999999997 0.581 0.35750000000000004 0.571 0.404 0.5696666671874999 0.41600000000000004 0.5706666671875 0.45824999999999994 0.5753333328125 0.46900000000000003 0.579 0.4725
0 0.6253333328124999 0.46475 0.6286666671875001 0.46624999999999994 0.634 0.46725000000000005 0.6583333328125 0.46725000000000005 0.674 0.45899999999999996 0.6876666671875 0.44625000000000004 0.6990000000000001 0.43324999999999997 0.7313333328125 0.382 0.7366666671875 0.3655 0.7293333328125 0.341 0.722 0.3335 0.7083333328125 0.3305 0.693 0.33625 0.6793333328125 0.34925 0.6723333328125001 0.36 0.6653333328125 0.3675 0.659 0.384 0.653 0.3895 0.6463333328124999 0.3995 0.6356666671875 0.426 0.6216666671875 0.45375 0.6223333328125 0.46175 0.6253333328124999 0.46475
0 0.6883333328125001 0.5205 0.6793333328125 0.51625 0.6736666671875 0.51475 0.6723333328125001 0.517 0.6719999999999999 0.526 0.6703333328125 0.53225 0.6646666671875 0.53975 0.6636666671875 0.5429999999999999 0.693 0.5559999999999999 0.7006666671875 0.563 0.71 0.5690000000000001 0.7253333328125 0.57375 0.741 0.57575 0.7596666671875 0.57575 0.7846666671875 0.5735 0.8003333328125001 0.5702499999999999 0.8153333328124999 0.5700000000000001 0.8343333328125 0.5645 0.851 0.55725 0.868 0.5467500000000001 0.8763333328125 0.54 0.9 0.516 0.9199999999999999 0.492 0.9243333328125001 0.48425 0.9253333328125001 0.47450000000000003 0.9216666671875 0.46775 0.9216666671875 0.458 0.917 0.44775 0.9056666671875 0.43775000000000003 0.8993333328125 0.43624999999999997 0.8923333328125 0.43624999999999997 0.8793333328124999 0.43975 0.8703333328125 0.44425 0.8543333328125 0.4575 0.8283333328125 0.48274999999999996 0.8203333328125 0.48875 0.7986666671875 0.49874999999999997 0.7796666671875 0.50575 0.7523333328125 0.513 0.7026666671874999 0.52175 0.6973333328125 0.522 0.6883333328125001 0.5205
0 0.4166666671875 0.31675 0.40499999999999997 0.323 0.4006666671875 0.32725 0.3953333328125 0.34275 0.3916666671875 0.348 0.3786666671875 0.34675 0.368 0.33825 0.3433333328125 0.33075 0.3406666671875 0.3305 0.32766666718750004 0.33425 0.31433333281250003 0.34075 0.3063333328125 0.35625 0.3026666671875 0.36675 0.30333333281249997 0.38175 0.30533333281249997 0.38925 0.3046666671875 0.39375 0.294 0.3935 0.2773333328125 0.39125 0.2656666671875 0.39725 0.26033333281250004 0.40225 0.254 0.41725 0.2536666671875 0.43324999999999997 0.2626666671875 0.46025 0.2746666671875 0.4835 0.29100000000000004 0.50625 0.31766666718750003 0.5305 0.335 0.54225 0.3403333328125 0.54775 0.36666666718749996 0.5615 0.3846666671875 0.56475 0.4033333328125 0.5695 0.4166666671875 0.57075 0.4556666671875 0.5705 0.46666666718750005 0.5690000000000001 0.4773333328125 0.5655 0.488 0.5635 0.545 0.557 0.5693333328125 0.55525 0.5820000000000001 0.55725 0.5956666671875 0.562 0.618 0.56375 0.6323333328125 0.5665 0.6456666671875 0.56725 0.6736666671875 0.57175 0.708 0.57375 0.722 0.57625 0.7516666671875 0.57925 0.7746666671875 0.57975 0.7849999999999999 0.57875 0.8230000000000001 0.57175 0.8400000000000001 0.563 0.8506666671875 0.55925 0.873 0.54475 0.8846666671875001 0.53075 0.8869999999999999 0.524 0.8933333328125 0.51375 0.8996666671875 0.50975 0.905 0.49800000000000005 0.9096666671875001 0.49474999999999997 0.9119999999999999 0.4915 0.916 0.48175 0.9163333328125001 0.47775 0.914 0.46624999999999994 0.9103333328125001 0.45899999999999996 0.8996666671875 0.4525 0.883 0.4535 0.876 0.45775 0.8726666671875 0.45775 0.8716666671875 0.4565 0.8703333328125 0.44925 0.8713333328124999 0.40650000000000003 0.8666666671875 0.39325 0.8616666671875001 0.388 0.8493333328125001 0.3815 0.8423333328125 0.38075000000000003 0.8353333328125 0.38125 0.8130000000000001 0.38825 0.8089999999999999 0.38849999999999996 0.8039999999999999 0.381 0.7993333328125 0.366 0.7866666671875 0.353 0.7793333328125 0.35175 0.7696666671875 0.352 0.762 0.3545 0.7506666671875 0.3605 0.7446666671875 0.36175 0.7396666671875 0.35975 0.7373333328125 0.35750000000000004 0.7293333328125 0.34225 0.7263333328125 0.33875 0.72 0.33475 0.71 0.33225 0.6940000000000001 0.3375 0.6896666671875 0.34049999999999997 0.686 0.34550000000000003 0.6769999999999999 0.35175 0.6646666671875 0.3655 0.6586666671875 0.3795 0.6553333328125001 0.37425 0.654 0.369 0.6516666671875 0.34075 0.649 0.32775 0.6406666671875 0.316 0.636 0.3125 0.6223333328125 0.30924999999999997 0.6083333328125 0.311 0.599 0.31525 0.5896666671874999 0.32225000000000004 0.5820000000000001 0.33325 0.5733333328125 0.33975 0.5696666671874999 0.3525 0.5696666671874999 0.36625 0.5683333328125 0.37174999999999997 0.5646666671875 0.35775 0.5616666671874999 0.3545 0.558 0.35275 0.549 0.32825000000000004 0.5373333328125 0.31325 0.5316666671875 0.30874999999999997 0.5223333328125 0.305 0.5186666671875 0.304 0.5076666671875001 0.304 0.4993333328125 0.30674999999999997 0.48600000000000004 0.316 0.48200000000000004 0.3215 0.4723333328125 0.32825000000000004 0.4683333328125 0.3335 0.4623333328125 0.33075 0.458 0.33025000000000004 0.44800000000000006 0.32325 0.43166666718749996 0.316 0.42133333281249996 0.31575000000000003 0.4166666671875 0.31675
0 0.3486666671875 0.78 0.3596666671875 0.7809999999999999 0.37 0.7805 0.38166666718750003 0.778 0.394 0.77275 0.41 0.75875 0.429 0.7462500000000001 0.43 0.7415 0.429 0.739 0.426 0.736 0.4233333328125 0.735 0.413 0.734 0.4016666671875 0.73475 0.3956666671875 0.736 0.391 0.73925 0.387 0.7405 0.3776666671875 0.74125 0.3723333328125 0.74 0.3693333328125 0.738 0.3643333328125 0.7375 0.3613333328125 0.73575 0.3536666671875 0.73525 0.3513333328125 0.7335 0.34700000000000003 0.733 0.344 0.7304999999999999 0.3403333328125 0.73075 0.3333333328125 0.7262500000000001 0.33399999999999996 0.7235 0.33166666718750004 0.7224999999999999 0.3273333328125 0.7162499999999999 0.3153333328125 0.708 0.31233333281250003 0.70775 0.308 0.7055 0.29733333281249996 0.69325 0.29333333281249996 0.6910000000000001 0.27799999999999997 0.6775 0.2726666671875 0.6755 0.25866666718750003 0.66725 0.2506666671875 0.66575 0.2436666671875 0.667 0.238 0.6705 0.23199999999999998 0.68275 0.23199999999999998 0.6935 0.23866666718750001 0.71025 0.2496666671875 0.7264999999999999 0.264 0.74125 0.2823333328125 0.75625 0.301 0.76725 0.315 0.7725 0.3486666671875 0.78
0 0.115625 0.44296875 0.23125 0.2359375
0 0.140625 0.70234375 0.28125 0.1703125
0 0.45 0.6953125 0.3734375 0.16875