0 0.29609375 0.2359375 0.3390625 0.23125
0 0.578125 0.29375 0.3078125 0.296875
0 0.62421875 0.54140625 0.353125 0.30625
0 0.853125 0.3515625 0.29375 0.284375
0 0.8265625 0.1390625 0.3390625 0.253125
0 0.51796875 0.096875 0.353125 0.19375
0 0.8953125 0.5921875 0.209375 0.2515625
0 0.8453125 0.80546875 0.309375 0.3109375
0 0.39453125 0.8265625 0.38125 0.346875
0 0.1703125 0.51640625 0.3125 0.2765625
0 0.1386666671875 0.2785 0.1473333328125 0.294 0.1613333328125 0.30975 0.1833333328125 0.32575 0.20400000000000001 0.34275 0.21400000000000002 0.348 0.24133333281249997 0.354 0.2876666671875 0.3605 0.3223333328125 0.35625 0.356 0.34775 0.36666666718749996 0.34075 0.3806666671875 0.33399999999999996 0.39 0.32675 0.4 0.32275 0.40533333281250006 0.31825000000000003 0.4186666671875 0.31074999999999997 0.42300000000000004 0.304 0.4336666671875 0.26625 0.44166666718750003 0.251 0.461 0.22225 0.46799999999999997 0.21600000000000003 0.47300000000000003 0.20875 0.48166666718749995 0.20375000000000001 0.48266666718750006 0.20175 0.48200000000000004 0.19875 0.47933333281249996 0.19675 0.4663333328125 0.193 0.45466666718750004 0.1865 0.434 0.16599999999999998 0.414 0.14975 0.3786666671875 0.13 0.363 0.12425 0.344 0.12025 0.3263333328125 0.11850000000000001 0.3016666671875 0.11825000000000001 0.267 0.12075 0.2476666671875 0.12475 0.2146666671875 0.13674999999999998 0.192 0.14975 0.173 0.16399999999999998 0.16 0.177 0.1503333328125 0.191 0.13799999999999998 0.213 0.13433333281249998 0.22749999999999998 0.13433333281249998 0.24700000000000003 0.1386666671875 0.2785
0 0.43566666718749997 0.34049999999999997 0.44166666718750003 0.35525 0.45533333281250005 0.37825000000000003 0.4823333328125 0.39725 0.499 0.40374999999999994 0.511 0.41050000000000003 0.5183333328125 0.41325 0.5436666671875 0.41825 0.5543333328125 0.42424999999999996 0.558 0.42525 0.5716666671875 0.4245 0.596 0.41900000000000004 0.607 0.41550000000000004 0.6183333328125 0.4135 0.6446666671875 0.41075 0.6716666671875 0.40925 0.6809999999999999 0.40549999999999997 0.689 0.399 0.6946666671874999 0.3915 0.7036666671875 0.38725 0.7083333328125 0.38375 0.7226666671875 0.371 0.7273333328125 0.365 0.7313333328125 0.35550000000000004 0.7376666671875001 0.3275 0.7523333328125 0.2915 0.752 0.27825 0.7486666671875 0.26675 0.744 0.253 0.7373333328125 0.24075000000000002 0.7110000000000001 0.2125 0.6956666671875 0.1995 0.6676666671875 0.185 0.633 0.17375000000000002 0.622 0.17124999999999999 0.6116666671875 0.17024999999999998 0.5796666671875 0.16975 0.5583333328125 0.17124999999999999 0.541 0.17525 0.508 0.187 0.487 0.19924999999999998 0.46966666718749994 0.21325 0.45499999999999996 0.22799999999999998 0.44000000000000006 0.25225 0.434 0.266 0.4303333328125 0.2785 0.4306666671875 0.3125 0.43566666718749997 0.34049999999999997
0 0.479 0.5599999999999999 0.48666666718749996 0.592 0.501 0.6132500000000001 0.512 0.624 0.5423333328125 0.64375 0.5503333328125 0.6505 0.5593333328125001 0.6535 0.593 0.6565000000000001 0.6056666671875 0.6587500000000001 0.6226666671875 0.6625 0.6453333328124999 0.67 0.65 0.67 0.659 0.6695 0.6713333328125 0.666 0.6956666671875 0.66325 0.7096666671875 0.6597500000000001 0.7376666671875001 0.64825 0.76 0.637 0.7886666671875 0.6172500000000001 0.7963333328125 0.6094999999999999 0.7993333328125 0.6045 0.808 0.58175 0.8303333328125 0.5337500000000001 0.8310000000000001 0.5265 0.829 0.5145 0.8246666671874999 0.5005 0.8166666671874999 0.48575 0.8089999999999999 0.47975 0.7853333328125001 0.4565 0.76 0.43624999999999997 0.749 0.42874999999999996 0.7373333328125 0.42350000000000004 0.7086666671875 0.41475 0.669 0.409 0.643 0.40800000000000003 0.6063333328125 0.4125 0.572 0.422 0.5636666671875 0.4255 0.5549999999999999 0.43150000000000005 0.5389999999999999 0.43975 0.5246666671875 0.45075000000000004 0.5103333328125 0.465 0.5016666671875 0.47775 0.493 0.49375 0.4803333328125 0.544 0.479 0.5599999999999999
0 0.4653333328125 1 0.4783333328125 0.994 0.4853333328125 0.9877499999999999 0.4933333328125 0.975 0.49400000000000005 0.96125 0.49800000000000005 0.9497500000000001 0.5309999999999999 0.9112500000000001 0.5486666671875 0.8855000000000001 0.5559999999999999 0.8727499999999999 0.562 0.849 0.5636666671875 0.82825 0.5633333328125001 0.8082499999999999 0.5593333328125001 0.773 0.5549999999999999 0.7545 0.545 0.7325 0.5313333328125001 0.7110000000000001 0.5156666671875 0.6945 0.49866666718749997 0.6845 0.489 0.67675 0.479 0.67075 0.45599999999999996 0.6615 0.4423333328125 0.65775 0.4096666671875 0.65575 0.3806666671875 0.6575 0.323 0.67075 0.3026666671875 0.678 0.2943333328125 0.682 0.27799999999999997 0.69225 0.2646666671875 0.7032499999999999 0.25033333281250003 0.7190000000000001 0.2403333328125 0.73575 0.23533333281250002 0.74675 0.23033333281249999 0.77275 0.23033333281249999 0.8095000000000001 0.236 0.8320000000000001 0.24066666718750002 0.8435 0.24933333281249997 0.8622500000000001 0.265 0.8872500000000001 0.2723333328125 0.893 0.2823333328125 0.9035 0.3016666671875 0.9185000000000001 0.32766666718750004 0.93475 0.3556666671875 0.9487500000000001 0.374 0.961 0.3803333328125 0.97 0.38733333281250004 0.9875 0.3906666671875 0.9914999999999999 0.40366666718750005 1 0.4653333328125 1
0 0 0.5965 0.013000000000000001 0.6042500000000001 0.023 0.612 0.05 0.6224999999999999 0.09733333281249999 0.63425 0.1483333328125 0.64525 0.1643333328125 0.645 0.20433333281250002 0.6375 0.23733333281250002 0.624 0.2556666671875 0.6134999999999999 0.2716666671875 0.601 0.2846666671875 0.58875 0.2986666671875 0.57125 0.30733333281249997 0.5469999999999999 0.31033333281250003 0.534 0.31033333281250003 0.5285 0.3066666671875 0.5085 0.2983333328125 0.481 0.2916666671875 0.46624999999999994 0.2833333328125 0.45325 0.2686666671875 0.43775000000000003 0.23199999999999998 0.40875000000000006 0.221 0.4025 0.2113333328125 0.39875 0.1796666671875 0.3895 0.13899999999999998 0.38225 0.1263333328125 0.38075000000000003 0.1106666671875 0.38075000000000003 0.0636666671875 0.3865 0.044 0.39075000000000004 0.0203333328125 0.40049999999999997 0.009 0.40325 0 0.40675 0 0.483 0.0053333328125 0.49924999999999997 0.0073333328125 0.5237499999999999 0.0053333328125 0.54125 0 0.557 0 0.5965
0 0.353125 0.47421875 0.30625 0.25625
0 0.08046875 0.16328125 0.1609375 0.2359375
0 0.12109375 0.7453125 0.2421875 0.2671875
0 0.2203125 0.95078125 0.34375 0.0984375
0 0.8921875 0.91875 0.215625 0.1625
0 0.59765625 0.78046875 0.228125 0.2515625