0 0.31081081093749996 0.35567010312499997 0.2760617765625 0.3969072171875 0.20656370625 0.4484536078125 0.1583011578125 0.507731959375 0.146718146875 0.5438144328125001 0.152509653125 0.5618556703124999 0.2142857140625 0.6030927828125 0.24324324375 0.605670103125 0.2953667953125 0.5257731953125 0.37451737500000004 0.43556701093749994 0.415057915625 0.35567010312499997 0.4613899609375 0.3041237109375 0.478764478125 0.296391753125 0.4768339765625 0.2835051546875 0.45366795312499997 0.2835051546875 0.3918918921875 0.335051546875 0.36872586875 0.3298969078125 0.31081081093749996 0.35567010312499997
0 0.3262548265625 0 0.3127413125 0.0335051546875 0.2915057921875 0.046391753125000004 0.2741312734375 0.069587628125 0.25482625468750003 0.11597938125 0.247104246875 0.1881443296875 0.23166023125000001 0.2345360828125 0.2355212359375 0.30670103125 0.26833976875 0.35567010312499997 0.297297296875 0.3582474234375 0.3571428578125 0.3298969078125 0.37451737500000004 0.3015463921875 0.38610038593749996 0.25 0.38610038593749996 0.15721649531249998 0.37837837812499997 0.1108247421875 0.39382239375 0.0541237109375 0.3880308875 0.046391753125000004 0.3571428578125 0.0515463921875 0.3455598453125 0.041237114062500003 0.3378378375 0 0.3262548265625 0
0 0.4111969109375 0.0515463921875 0.40347490312499995 0.05670103125 0.39382239375 0.069587628125 0.39382239375 0.0798969078125 0.389961390625 0.085051546875 0.389961390625 0.105670103125 0.3976833984375 0.1108247421875 0.3976833984375 0.12113402031250001 0.43050193124999997 0.164948453125 0.44208494218750005 0.164948453125 0.4459459453125 0.1701030921875 0.47490347499999996 0.1675257734375 0.484555984375 0.164948453125 0.49227799218749996 0.154639175 0.5077220078125 0.1494845359375 0.5270270265625 0.13402061875 0.5366795359375 0.1108247421875 0.5328185328124999 0.0902061859375 0.515444015625 0.067010309375 0.48841698906250003 0.05670103125 0.484555984375 0.0515463921875 0.4111969109375 0.0515463921875
0 0.5675675671875 0.1005154640625 0.5714285718750001 0.09536082500000001 0.56949806875 0.087628865625 0.5579150578125 0.087628865625 0.54440154375 0.105670103125 0.5366795359375 0.126288659375 0.51930501875 0.1494845359375 0.5115830109374999 0.154639175 0.5 0.154639175 0.484555984375 0.164948453125 0.459459459375 0.203608246875 0.4613899609375 0.21649484531250002 0.47490347499999996 0.219072165625 0.4826254828125 0.2551546390625 0.49034749062499994 0.2551546390625 0.49613899687499996 0.2474226796875 0.5115830109374999 0.2525773203125 0.5366795359375 0.2242268046875 0.540540540625 0.213917525 0.540540540625 0.1726804125 0.5521235515625 0.15206185625 0.559845559375 0.1314432984375 0.559845559375 0.12113402031250001 0.5675675671875 0.1108247421875 0.5675675671875 0.1005154640625
0 0.60617760625 0.626288659375 0.5984555984375 0.6469072171875 0.6023166015625 0.69329896875 0.6216216218749999 0.7448453609375 0.6544401546875 0.7886597937500001 0.69305019375 0.8041237109375 0.758687259375 0.8505154640624999 0.79343629375 0.8505154640624999 0.808880309375 0.8711340203125 0.847490346875 0.8969072171875 0.864864865625 0.894329896875 0.864864865625 0.8685567015625001 0.833976834375 0.8221649484375 0.8378378375000001 0.7448453609375 0.8262548265625 0.6881443296875001 0.81853281875 0.6675257734375 0.7664092671875 0.6030927828125 0.7239382234375 0.5773195875 0.6853281859375 0.5721649484375 0.6389961390625001 0.5876288656249999 0.60617760625 0.626288659375
0 0.5115830109374999 0.536082475 0.48841698906250003 0.5515463921875 0.47104247031249996 0.57474226875 0.46332046406250005 0.6005154640625 0.46332046406250005 0.6469072171875 0.478764478125 0.69329896875 0.546332046875 0.798969071875 0.6003860999999999 0.798969071875 0.6293436296875 0.80670103125 0.6428571421875 0.798969071875 0.6486486484375 0.786082475 0.63127413125 0.7731958765625 0.610038609375 0.7345360828125 0.5945945953125 0.6726804125 0.590733590625 0.626288659375 0.575289575 0.57474226875 0.5540540546875 0.546391753125 0.5386100390624999 0.536082475 0.5115830109374999 0.536082475
0 0.5115830109374999 0.3298969078125 0.47490347499999996 0.3788659796875 0.46718146718750003 0.41494845312499995 0.4131274125 0.46134020624999994 0.415057915625 0.489690721875 0.4459459453125 0.463917525 0.4575289578125 0.463917525 0.49613899687499996 0.510309278125 0.51930501875 0.510309278125 0.51930501875 0.4845360828125 0.534749034375 0.52061855625 0.5772200765625 0.5412371140625 0.6872586875 0.5386597937500001 0.7007722000000001 0.530927834375 0.7297297296874999 0.48195876249999997 0.741312740625 0.3994845359375 0.7258687265625 0.3324742265625 0.696911196875 0.298969071875 0.6621621625 0.278350515625 0.5888030890625 0.2835051546875 0.5308880312500001 0.34020618593749996 0.5231660234375 0.32474226875 0.5115830109374999 0.3298969078125
0 0.8552123546875 0.2371134015625 0.8243243250000001 0.21134020625 0.7509652515624999 0.221649484375 0.741312740625 0.25 0.741312740625 0.2654639171875 0.73166023125 0.2731958765625 0.7277992281250001 0.2628865984375 0.71814671875 0.286082475 0.71814671875 0.3118556703125 0.7335907328125 0.3273195875 0.7432432437500001 0.35567010312499997 0.7702702703125001 0.36597938124999996 0.7799227796875 0.36340206249999996 0.8166023171875001 0.31958762812499997 0.84362934375 0.30927835 0.8745173749999999 0.278350515625 0.89382239375 0.2731958765625 0.9054054046875001 0.2628865984375 0.9208494203124999 0.2628865984375 0.9343629343750001 0.2448453609375 0.9208494203124999 0.2319587625 0.9131274125 0.2371134015625 0.8552123546875 0.2371134015625
0 0.8822393828124999 0.29381443281249997 0.8745173749999999 0.298969071875 0.8706563703124999 0.3144329890625 0.8397683390624999 0.335051546875 0.8030888031250001 0.3891752578125 0.7992277999999999 0.3994845359375 0.7992277999999999 0.43556701093749994 0.8030888031250001 0.44072164999999996 0.8069498062499999 0.471649484375 0.8281853281249999 0.4948453609375 0.8416988421875 0.49226804062499996 0.8590733593750001 0.469072165625 0.8745173749999999 0.45876288593750003 0.889961390625 0.45876288593750003 0.93050193125 0.39432989687500003 0.9420849421874999 0.34278350468749996 0.9382239374999999 0.337628865625 0.9420849421874999 0.3324742265625 0.924710425 0.3041237109375 0.9015444015625 0.29381443281249997 0.8822393828124999 0.29381443281249997
0 0.8359073359375 0.52061855625 0.8166023171875001 0.5051546390625 0.7895752890625001 0.5051546390625 0.7490347484375001 0.5438144328125001 0.7490347484375001 0.5644329890625001 0.741312740625 0.57474226875 0.7432432437500001 0.5876288656249999 0.7702702703125001 0.6030927828125 0.8030888031250001 0.6365979375 0.8320463328125 0.701030928125 0.8397683390624999 0.7061855671874999 0.8494208499999999 0.703608246875 0.864864865625 0.69329896875 0.8764478765625 0.6726804125 0.8841698843750001 0.6417525765625001 0.8841698843750001 0.6108247421875 0.86872586875 0.5541237109375 0.86872586875 0.5231958765625 0.8841698843750001 0.48711340156249994 0.8822393828124999 0.463917525 0.8706563703124999 0.463917525 0.8359073359375 0.52061855625
0 0.3706563703125 0.48195876249999997 0.364864865625 0.489690721875 0.3416988421875 0.489690721875 0.31853281875 0.5051546390625 0.28571428593750003 0.5438144328125001 0.25482625468750003 0.605670103125 0.29922780000000004 0.644329896875 0.36872586875 0.6804123718749999 0.428571428125 0.6778350515625 0.44401544375 0.65206185625 0.44401544375 0.626288659375 0.45559845625 0.595360825 0.4517374515625 0.55927835 0.42277992343750004 0.510309278125 0.3976833984375 0.4974226796875 0.3976833984375 0.44072164999999996 0.3880308875 0.4278350515625 0.3803088796875 0.4278350515625 0.3706563703125 0.48195876249999997