0 0.73125 0.1140625 0.1046875 0.0578125
0 0.62578125 0.1125 0.0953125 0.0625
0 0.52578125 0.10625 0.0984375 0.0734375
0 0.42109375 0.10078125 0.1140625 0.0734375
0 0.2859375 0.17109375 0.11875 0.0765625
0 0.29140625 0.246875 0.1 0.059375
0 0.16953125 0.2328125 0.1296875 0.075
0 0.17109375 0.31015625 0.11875 0.0625
0 0.08671875 0.36953125 0.1421875 0.06875
0 0.2328125 0.37421875 0.1265625 0.0828125
0 0.7515625 0.3828125 0.1296875 0.0796875
0 0.75 0.30859375 0.11875 0.0734375
0 0.73828125 0.2421875 0.1140625 0.059375
0 0.73125 0.17734375 0.109375 0.065625
0 0.61484375 0.17421875 0.1078125 0.0671875
0 0.50390625 0.1671875 0.1125 0.06875
0 0.40234375 0.16171875 0.1 0.059375
0 0.70703125 0.8265625 0.1015625 0.0953125
0 0.6703125 0.5140625 0.090625 0.0671875
0 0.67890625 0.5796875 0.09375 0.0609375
0 0.69296875 0.6515625 0.096875 0.078125
0 0.709375 0.9234375 0.1109375 0.0921875
0 0.5003476671875 0.81199975 0.477126 0.8253985 0.46774766718749994 0.85152625 0.477126 0.88301325 0.4999013328125 0.899427 0.5271423328125 0.90579125 0.5646543328125 0.8960772499999999 0.5869833328125 0.86124025 0.576712 0.8314280000000001 0.5561696671874999 0.8150145 0.5230716671875 0.80712775 0.5003476671875 0.81199975
0 0.3806656671875 0.8558807500000001 0.3632493328125 0.8575554999999999 0.339581 0.86593 0.3284166671875 0.8826784999999999 0.3181453328125 0.9007667500000001 0.313233 0.9198600000000001 0.3208246671875 0.9453177500000001 0.3386876671875 0.9603915000000001 0.35565766718749997 0.9654159999999999 0.3820056671875 0.9624012499999999 0.3998683328125 0.95101225 0.41683833281249993 0.92387975 0.4199643328125 0.9011017499999999 0.4074603328125 0.87396925 0.3806656671875 0.8558807500000001
0 0.6496139999999999 0.898422 0.622373 0.8820085000000001 0.5956276671875 0.8807997500000001 0.5817346671875 0.8840182499999999 0.566551 0.8937324999999999 0.5522606671875 0.90612625 0.5442223328125 0.9268945000000001 0.5527073328125 0.9513472500000001 0.5674443328125001 0.9617315 0.5906659999999999 0.9701057499999999 0.62148 0.96809575 0.6451483328125 0.95838175 0.6585453328125 0.94163325 0.658992 0.92053 0.6496139999999999 0.898422
0 0.7170466671875 0.6993335 0.7005233328125 0.691964 0.675997 0.68992225 0.6616716671875 0.6966537500000001 0.6469346671875 0.7100525 0.6375563328125 0.7211065 0.6335373328125 0.73618025 0.6388963328124999 0.7546035 0.651847 0.7753717499999999 0.6652440000000001 0.78073125 0.6898056671874999 0.7797262500000001 0.7188329999999999 0.771687 0.7331233328125 0.7448895 0.7340166671875 0.716082 0.7170466671875 0.6993335
0 0.619247 0.7241212499999999 0.595132 0.71976675 0.579442 0.71796775 0.5692306671875 0.7190967500000001 0.5491346671875 0.73015075 0.5406500000000001 0.7512537499999999 0.5402033328125 0.76331275 0.546902 0.7783865 0.5558333328125 0.7887705 0.5759293328124999 0.79312525 0.5937923328125 0.79312525 0.619247 0.78709575 0.6344303328125 0.771017 0.640236 0.7482392499999999 0.619247 0.7241212499999999
0 0.5495813328125 0.53492625 0.5460086671875 0.516168 0.5241266671875 0.502769 0.5096766671874999 0.50406775 0.49108 0.504444 0.4745566671875 0.51382325 0.46517866718749995 0.5315765 0.46562533281249996 0.54564525 0.4683046671875 0.5560295 0.47545000000000004 0.56373375 0.478576 0.57378275 0.49509933281249996 0.582492 0.5098363328125 0.582492 0.5348443328125 0.571438 0.5442223328125 0.55736925 0.5495813328125 0.53492625
0 0.5024213328125 0.58025125 0.487061 0.58691325 0.47545000000000004 0.602322 0.46875133281250003 0.624095 0.478576 0.64854775 0.49509933281249996 0.66060675 0.5232333328125 0.6636215 0.5442223328125 0.6562520000000001 0.5567266671875 0.635149 0.5531539999999999 0.613711 0.5402033328125 0.59863725 0.5138553328125 0.5828935000000001 0.5024213328125 0.58025125
0 0.5799483328124999 0.5158324999999999 0.568784 0.519852 0.5567266671875 0.52923125 0.5504743328124999 0.54564475 0.5549403328125 0.566748 0.5763756671875 0.57512225 0.6103153328124999 0.57411725 0.6304113328125001 0.5607185 0.6330906671875 0.5426300000000001 0.62148 0.522197 0.5922786671875 0.5145325 0.5799483328124999 0.5158324999999999
0 0.5969183328125001 0.57308425 0.5783256671875 0.574391 0.5620853328125001 0.5881577499999999 0.5522606671875 0.60088675 0.55628 0.6159605 0.5638716671874999 0.632039 0.5763756671875 0.64141825 0.5946853328125 0.642423 0.622373 0.64074825 0.6393426671875 0.6270145 0.648721 0.61261075 0.6438086671875001 0.5915075 0.6196933328124999 0.57844375 0.5969183328125001 0.57308425
0 0.5777153328125 0.65135925 0.564765 0.66442325 0.563425 0.6835165 0.566551 0.7026097499999999 0.5862003328125 0.7166785 0.6067426671875 0.721368 0.6326443328125 0.7160084999999999 0.654973 0.6955755 0.6567593328125 0.6731325 0.6384496671875 0.6463347500000001 0.5950693328125001 0.6442957500000001 0.5777153328125 0.65135925
0 0.46372566718749997 0.8061555 0.4856776671875 0.817174 0.514635 0.8068255000000001 0.5374103328125 0.80381075 0.5400896671875001 0.7937615 0.5369636671875 0.76863875 0.5289253328125 0.74753575 0.5141883328125 0.7364815 0.48382133281249995 0.7257625 0.46015300000000003 0.7257625 0.44362966718749997 0.7539 0.44675566718750004 0.7810327499999999 0.46372566718749997 0.8061555
0 0.40586599999999995 0.483138 0.3862823328125 0.48341 0.3697593328125 0.49513375000000004 0.3644003328125 0.5078627499999999 0.3661866671875 0.5202565 0.36484700000000003 0.5346602500000001 0.3800303328125 0.550739 0.4081646671875 0.5540885 0.4304933328125 0.54805925 0.44389066718750003 0.52997075 0.440318 0.5051829999999999 0.4264743328125 0.49044425 0.40586599999999995 0.483138
0 0.4479096671875 0.640718 0.44076466718749996 0.640383 0.4365626671875 0.6392727500000001 0.41129066718749996 0.6477525 0.3978933328125 0.65478675 0.3831563328125 0.6705305 0.3849426671875 0.69498325 0.39834 0.709722 0.419329 0.71776125 0.444337 0.719436 0.468452 0.709387 0.483189 0.6886187500000001 0.48274266718750003 0.665171 0.46577266718750004 0.6477525 0.4479096671875 0.640718
0 0.256776 0.7020175 0.2696843328125 0.71336325 0.2969676671875 0.721446 0.3295673328125 0.71809625 0.3487703328125 0.70168275 0.35234266718749996 0.6799095 0.3429646671875 0.66148625 0.32331533281249997 0.64976225 0.29786066718750004 0.64976225 0.2737456671875 0.6588065000000001 0.2590086671875 0.6688555 0.2518636671875 0.685604 0.256776 0.7020175
0 0.3840496671875 0.7999715000000001 0.3514496671875 0.7872425 0.3422403328125 0.78452375 0.3219756671875 0.78355775 0.29384166718750004 0.7986315 0.28044433281250003 0.8096855 0.277765 0.8311235 0.28982233281249997 0.8549065 0.3063456671875 0.8666305 0.3309073328125 0.871655 0.354129 0.859261 0.367973 0.8582562499999999 0.37824399999999997 0.8468672500000001 0.3880686671875 0.82509425 0.3840496671875 0.7999715000000001
0 0.402359 0.5603495 0.3911946671875 0.5707335 0.3862823328125 0.587482 0.3916413328125 0.6055705 0.419329 0.6162894999999999 0.4345126671875 0.61930425 0.46353999999999995 0.6065755 0.47783033281250004 0.57877275 0.469792 0.5553250000000001 0.4510356671875 0.5486255 0.419261 0.55011275 0.402359 0.5603495
0 0.2578125 0.91328125 0.1125 0.1046875
0 0.20366666718749998 0.70475 0.2403333328125 0.708 0.24866666718750002 0.7065 0.25166666718749997 0.70175 0.2536666671875 0.6837500000000001 0.2596666671875 0.671 0.2653333328125 0.6645 0.2783333328125 0.65675 0.286 0.647 0.28500000000000003 0.6435 0.2783333328125 0.63875 0.2636666671875 0.633 0.253 0.6265 0.24 0.62375 0.2246666671875 0.6255 0.21000000000000002 0.6285000000000001 0.1956666671875 0.6335 0.192 0.637 0.185 0.6535 0.182 0.669 0.182 0.68075 0.1863333328125 0.69675 0.1883333328125 0.6995 0.1936666671875 0.70275 0.20366666718749998 0.70475
0 0.2653333328125 0.618 0.2723333328125 0.6092500000000001 0.2783333328125 0.58275 0.2766666671875 0.5715 0.273 0.568 0.2686666671875 0.5660000000000001 0.254 0.564 0.2253333328125 0.563 0.2156666671875 0.56375 0.207 0.5675 0.2013333328125 0.57325 0.197 0.58375 0.1953333328125 0.606 0.1963333328125 0.6214999999999999 0.2026666671875 0.629 0.2136666671875 0.63225 0.25166666718749997 0.626 0.259 0.62275 0.2653333328125 0.618
0 0.26 0.55225 0.265 0.5465 0.265 0.52925 0.2676666671875 0.5135 0.267 0.50625 0.2636666671875 0.5035000000000001 0.25433333281250003 0.49974999999999997 0.24 0.49924999999999997 0.20600000000000002 0.50875 0.2006666671875 0.51275 0.198 0.5175 0.1963333328125 0.53325 0.199 0.54725 0.20433333281250002 0.55275 0.217 0.557 0.23033333281249999 0.55775 0.23933333281250002 0.5559999999999999 0.25466666718750003 0.55575 0.26 0.55225
0 0.1776666671875 0.86625 0.21433333281250003 0.8699999999999999 0.22033333281249998 0.86825 0.2276666671875 0.8640000000000001 0.24266666718750002 0.8487500000000001 0.25166666718749997 0.83625 0.25666666718750003 0.8244999999999999 0.26033333281250004 0.8115 0.26033333281250004 0.79925 0.2403333328125 0.7815000000000001 0.2273333328125 0.7775000000000001 0.2166666671875 0.77925 0.1663333328125 0.7825 0.1616666671875 0.7837500000000001 0.1573333328125 0.78675 0.155 0.79125 0.1503333328125 0.81125 0.15 0.8472500000000001 0.1526666671875 0.8567500000000001 0.1546666671875 0.8595 0.1586666671875 0.8619999999999999 0.1776666671875 0.86625
0 0.22000000000000003 0.77525 0.22233333281249998 0.772 0.223 0.757 0.2256666671875 0.7394999999999999 0.2273333328125 0.73175 0.2316666671875 0.7222500000000001 0.2293333328125 0.71175 0.2273333328125 0.70875 0.2173333328125 0.70425 0.1993333328125 0.7015 0.1873333328125 0.7025 0.1643333328125 0.70925 0.1553333328125 0.7155 0.1503333328125 0.72175 0.149 0.746 0.1516666671875 0.757 0.1606666671875 0.775 0.1636666671875 0.7787499999999999 0.175 0.7825 0.2136666671875 0.7785 0.22000000000000003 0.77525
0 0.0943333328125 0.7917500000000001 0.11200000000000002 0.79375 0.124 0.79375 0.1273333328125 0.7929999999999999 0.13233333281249998 0.78825 0.13633333281249999 0.7745 0.141 0.73675 0.13999999999999999 0.7224999999999999 0.127 0.708 0.124 0.70675 0.11233333281249999 0.70625 0.07566666718750001 0.71275 0.067 0.71675 0.062 0.7215 0.059 0.7335 0.058333332812500006 0.772 0.05933333281249999 0.7849999999999999 0.0626666671875 0.7917500000000001 0.0653333328125 0.7935 0.074 0.79425 0.087 0.7917500000000001 0.0943333328125 0.7917500000000001
0 0.0743333328125 0.8772500000000001 0.089 0.8772500000000001 0.10066666718749999 0.8797499999999999 0.1116666671875 0.8797499999999999 0.1176666671875 0.8775000000000001 0.1276666671875 0.8702500000000001 0.13633333281249999 0.8630000000000001 0.13999999999999999 0.858 0.143 0.84825 0.1433333328125 0.81075 0.1376666671875 0.7967500000000001 0.129 0.79075 0.123 0.78925 0.0956666671875 0.7885 0.0846666671875 0.78925 0.0636666671875 0.7927500000000001 0.0596666671875 0.79575 0.0543333328125 0.8022500000000001 0.049333332812500005 0.81175 0.0466666671875 0.86075 0.048333332812500004 0.86525 0.052000000000000005 0.8699999999999999 0.0576666671875 0.87425 0.062333332812499996 0.876 0.0743333328125 0.8772500000000001
0 0.16499999999999998 0.959 0.17466666718749999 0.95 0.1833333328125 0.93725 0.1926666671875 0.9099999999999999 0.1983333328125 0.8995 0.20166666718749998 0.8869999999999999 0.1983333328125 0.8825 0.1643333328125 0.8622500000000001 0.1506666671875 0.86025 0.13799999999999998 0.8654999999999999 0.1253333328125 0.87225 0.1106666671875 0.8825 0.10733333281249999 0.8872500000000001 0.10233333281250001 0.9109999999999999 0.0993333328125 0.9369999999999999 0.0993333328125 0.95 0.10600000000000001 0.9567500000000001 0.1136666671875 0.9602499999999999 0.1526666671875 0.9625 0.16499999999999998 0.959
0 0.1273333328125 0.708 0.1393333328125 0.716 0.1516666671875 0.718 0.1646666671875 0.71325 0.17233333281250002 0.70925 0.177 0.7035 0.1883333328125 0.6965 0.18 0.6839999999999999 0.17366666718749998 0.6587500000000001 0.16799999999999998 0.644 0.16399999999999998 0.6407499999999999 0.1556666671875 0.63825 0.1383333328125 0.6375 0.124 0.6407499999999999 0.11399999999999999 0.64625 0.1086666671875 0.646 0.10033333281250001 0.64275 0.0926666671875 0.6465 0.09066666718750001 0.669 0.091 0.6940000000000001 0.092 0.69675 0.0956666671875 0.6992499999999999 0.1173333328125 0.7035 0.1273333328125 0.708
0 0.1643333328125 0.6395 0.1676666671875 0.6385 0.173 0.63475 0.17633333281250002 0.6285000000000001 0.1783333328125 0.6212500000000001 0.179 0.6115 0.1793333328125 0.592 0.178 0.5805 0.17366666718749998 0.5730000000000001 0.16799999999999998 0.56875 0.16399999999999998 0.5675 0.1503333328125 0.5675 0.13999999999999999 0.56975 0.1243333328125 0.5702499999999999 0.11333333281249999 0.57275 0.10833333281249999 0.577 0.10333333281249998 0.58675 0.10166666718749999 0.5985 0.10333333281249998 0.609 0.10800000000000001 0.62275 0.1213333328125 0.636 0.127 0.639 0.1643333328125 0.6395
0 0.049 0.34925 0.0656666671875 0.34375 0.0853333328125 0.34199999999999997 0.10700000000000001 0.3435 0.1143333328125 0.343 0.1166666671875 0.34075 0.1126666671875 0.33075 0.11299999999999999 0.313 0.11699999999999999 0.3 0.12933333281249998 0.281 0.13 0.27799999999999997 0.1253333328125 0.27575 0.10033333281250001 0.27025 0.0843333328125 0.26549999999999996 0.077 0.2645 0.0413333328125 0.2645 0.025 0.26749999999999996 0.0096666671875 0.2745 0.005 0.27875 0.001 0.29025 0.0036666671875 0.31625000000000003 0.0063333328125 0.32825000000000004 0.0126666671875 0.34049999999999997 0.0236666671875 0.35475 0.0266666671875 0.35724999999999996 0.037 0.35625 0.049 0.34925
0 0.078 0.27125 0.10633333281249999 0.27775 0.1136666671875 0.28125 0.118 0.281 0.122 0.27825 0.1193333328125 0.2765 0.1173333328125 0.273 0.1153333328125 0.25875 0.1153333328125 0.24975 0.119 0.23075 0.119 0.22625 0.11699999999999999 0.2205 0.11333333281249999 0.21600000000000003 0.099 0.207 0.08499999999999999 0.19424999999999998 0.0773333328125 0.19025 0.0723333328125 0.19 0.037333332812499995 0.1935 0.0266666671875 0.197 0.018 0.20249999999999999 0.0123333328125 0.21375000000000002 0.0053333328125 0.24 0.0026666671875 0.266 0.0053333328125 0.26925 0.012 0.272 0.034999999999999996 0.27025 0.057999999999999996 0.27149999999999996 0.078 0.27125
0 0.0506666671875 0.5700000000000001 0.061333332812499995 0.56725 0.06833333281250001 0.56775 0.078 0.571 0.0826666671875 0.57625 0.0873333328125 0.57925 0.09066666718750001 0.5782499999999999 0.0926666671875 0.576 0.101 0.564 0.10400000000000001 0.5575 0.1076666671875 0.5427500000000001 0.1086666671875 0.52025 0.10600000000000001 0.51525 0.09733333281249999 0.5105000000000001 0.089 0.50875 0.073 0.5085 0.0486666671875 0.5117499999999999 0.0376666671875 0.5157499999999999 0.0333333328125 0.51875 0.028000000000000004 0.5245 0.024 0.53125 0.022333332812500002 0.541 0.0226666671875 0.54725 0.0276666671875 0.55925 0.037 0.56875 0.0396666671875 0.5700000000000001 0.0506666671875 0.5700000000000001
0 0.9265625 0.38046875 0.146875 0.0703125
0 0.84921875 0.61875 0.1171875 0.075
0 0.91015625 0.221875 0.1328125 0.078125
0 0.87578125 0.809375 0.090625 0.0984375
0 0.8546875 0.07578125 0.075 0.05625
0 0.96171875 0.61484375 0.0765625 0.0640625
0 0.0578125 0.6015625 0.0921875 0.06875
0 0.046875 0.6640625 0.084375 0.0671875
0 0.0484375 0.9109375 0.096875 0.0875
0 0.15078125 0.5453125 0.0890625 0.0671875
0 0.071875 0.159375 0.090625 0.09375
0 0.09453125 0.478125 0.075 0.05625
0 0.16640625 0.48203125 0.0796875 0.046875
0 0.21328125 0.12890625 0.1109375 0.0796875
0 0.09765625 0.09609375 0.115625 0.0796875
0 0.38203125 0.64140625 0.096875 0.065625
0 0.31796875 0.5921875 0.090625 0.059375
0 0.31796875 0.52578125 0.096875 0.0671875
0 0.4828125 0.9265625 0.1328125 0.0890625
0 0.434375 0.83984375 0.1046875 0.0796875
0 0.38984375 0.7421875 0.1140625 0.0734375
0 0.28671875 0.75390625 0.1109375 0.065625