0 0.125 0.7833333328125 0.0979166671875 0.790476190625 0.0979166671875 0.8047619046875001 0.14791666718750002 0.7952380953125 0.5604166671875 0.9857142859374999 0.7041666671875 0.9976190468749999 0.63125 0.9428571421875 0.5979166671875 0.947619046875 0.45208333281249996 0.8571428578125 0.21875 0.7476190468749999 0.1729166671875 0.7571428578125 0.1395833328125 0.71904761875 0.1145833328125 0.7142857140625 0.11041666718750001 0.7476190468749999 0.05 0.7357142859375 0.125 0.7833333328125
0 0.18125 0.6142857140625 0.16458333281249998 0.609523809375 0.14791666718750002 0.628571428125 0.10625 0.6142857140625 0.0875 0.621428571875 0.1875 0.6833333328125 0.16458333281249998 0.690476190625 0.1604166671875 0.7047619046875 0.23541666718749998 0.709523809375 0.39375 0.8333333328125001 0.46875 0.8619047625 0.5270833328125 0.9142857140625 0.6291666671875 0.9547619046875001 0.63125 0.9428571421875 0.5125 0.840476190625 0.5354166671875 0.8238095234375 0.49791666718750005 0.8333333328125001 0.46458333281249997 0.7952380953125 0.39791666718749996 0.7619047625 0.3104166671875 0.690476190625 0.2604166671875 0.6761904765625 0.2270833328125 0.6380952375 0.18125 0.6142857140625
0 0.40625 0.68095238125 0.43541666718750005 0.6952380953125 0.4895833328125 0.7476190468749999 0.5229166671875001 0.7523809531250001 0.5270833328125 0.7428571421875 0.5333333328125 0.75 0.5333333328125 0.7309523812500001 0.46666666718750005 0.659523809375 0.43333333281249997 0.597619046875 0.3729166671875 0.528571428125 0.34375 0.5238095234375 0.3375 0.53095238125 0.3375 0.55 0.30416666718749996 0.5738095234375 0.3645833328125 0.6476190468749999 0.40625 0.68095238125
0 0.2833333328125 0.6023809531250001 0.2791666671875 0.65 0.28958333281250004 0.6619047625000001 0.3270833328125 0.68095238125 0.41875 0.771428571875 0.4604166671875 0.790476190625 0.49791666718750005 0.8238095234375 0.5145833328125 0.81904761875 0.5083333328124999 0.8261904765624999 0.5270833328125 0.8380952374999999 0.5458333328125 0.8357142859375 0.5333333328125 0.83095238125 0.5354166671875 0.81904761875 0.54375 0.828571428125 0.55 0.8261904765624999 0.5333333328125 0.802380953125 0.4479166671875 0.709523809375 0.3645833328125 0.652380953125 0.31875 0.5952380953125 0.29375 0.590476190625 0.2833333328125 0.6023809531250001
0 0.49791666718750005 0.0571428578125 0.48125 0.0047619046875000005 0.43541666718750005 0 0.42083333281249996 0.0071428578125 0.42291666718750004 0.019047618750000002 0.40625 0.0047619046875000005 0.40833333281249995 0.0261904765625 0.4 0.0357142859375 0.45208333281249996 0.0857142859375 0.46666666718750005 0.078571428125 0.46666666718750005 0.1119047625 0.5125 0.18809523749999998 0.5291666671875 0.23095238125 0.5583333328125 0.26904761875 0.5875 0.33095238125000004 0.60625 0.347619046875 0.6166666671875001 0.3452380953125 0.6291666671875 0.3357142859375 0.6333333328124999 0.3166666671875 0.6166666671875001 0.2642857140625 0.5291666671875 0.08333333281250001 0.5083333328124999 0.0642857140625 0.5125 0.040476190625000005 0.5208333328125 0.040476190625000005 0.5375 0.0071428578125 0.5208333328125 0.0119047625 0.49791666718750005 0.0571428578125
0 1 0.40238095312500005 0.9791666671874999 0.3452380953125 0.9791666671874999 0.3071428578125 0.975 0.302380953125 0.9708333328125001 0.2642857140625 0.9479166671874999 0.247619046875 0.9229166671875 0.2428571421875 0.9166666671874999 0.25 0.9166666671874999 0.29285714218750003 0.9208333328125 0.297619046875 0.9166666671874999 0.302380953125 0.9208333328125 0.3071428578125 0.9166666671874999 0.32142857187499996 0.9208333328125 0.3261904765625 0.925 0.3642857140625 0.9833333328125 0.48809523749999995 1 0.5023809531250001 1 0.40238095312500005
0 1 0.5166666671875 0.9833333328125 0.49761904687499997 0.9666666671874999 0.45 0.9416666671874999 0.4119047625 0.9083333328125001 0.3261904765625 0.9020833328125001 0.32380952343749997 0.8916666671875 0.35 0.8916666671875 0.397619046875 0.9 0.4166666671875 0.9 0.4357142859375 0.9125 0.48809523749999995 0.9333333328125001 0.5261904765625001 0.95 0.540476190625 0.9666666671874999 0.56904761875 0.9770833328125 0.5761904765625 0.9895833328125001 0.5761904765625 0.9895833328125001 0.590476190625 1 0.5880952374999999 1 0.5166666671875
0 0.8458333328125001 0.43095238125 0.9 0.597619046875 0.925 0.6547619046875 0.9375 0.659523809375 0.9208333328125 0.521428571875 0.8791666671874999 0.3452380953125 0.8645833328125001 0.31904761875 0.8333333328125001 0.302380953125 0.8333333328125001 0.240476190625 0.80625 0.21904761874999998 0.7916666671875 0.23571428593750002 0.7916666671875 0.26904761875 0.8166666671874999 0.378571428125 0.8458333328125001 0.43095238125
0 0.7333333328125 0.3642857140625 0.7416666671875001 0.38333333281250004 0.7708333328125 0.4119047625 0.7708333328125 0.4357142859375 0.7895833328124999 0.447619046875 0.7979166671875 0.4619047625 0.8479166671874999 0.5047619046875 0.85625 0.509523809375 0.8666666671875 0.5071428578125 0.8583333328125 0.49761904687499997 0.8541666671874999 0.46428571406249997 0.8458333328125001 0.45 0.8416666671874999 0.42619047656250003 0.8 0.3547619046875 0.7520833328125 0.309523809375 0.7270833328124999 0.3142857140625 0.725 0.340476190625 0.7333333328125 0.3547619046875 0.7333333328125 0.3642857140625
0 0.58125 0.347619046875 0.5583333328125 0.3642857140625 0.5625 0.4166666671875 0.5770833328125 0.43333333281249997 0.59375 0.44285714218749994 0.6729166671875 0.528571428125 0.71875 0.5666666671875 0.7479166671875 0.5857142859375 0.7645833328125 0.590476190625 0.7729166671875001 0.5857142859375 0.7854166671875 0.6 0.7916666671875 0.597619046875 0.7541666671875 0.55 0.7458333328125 0.5357142859375 0.75 0.53095238125 0.6916666671875 0.43095238125 0.6729166671875 0.409523809375 0.6395833328125 0.4142857140625 0.625 0.40238095312500005 0.6208333328125 0.36904761875 0.6270833328125 0.352380953125 0.58125 0.347619046875
0 0.8791666671874999 0.697619046875 0.8020833328125001 0.6142857140625 0.7520833328125 0.6 0.53125 0.390476190625 0.49583333281249997 0.4119047625 0.5 0.440476190625 0.64375 0.590476190625 0.8479166671874999 0.71904761875 0.8916666671875 0.7261904765625 0.8791666671874999 0.697619046875
0 0.5208333328125 0.5547619046875 0.5875 0.640476190625 0.61875 0.6761904765625 0.6270833328125 0.671428571875 0.6979166671875 0.71904761875 0.7416666671875001 0.7309523812500001 0.7458333328125 0.721428571875 0.7291666671875 0.6928571421874999 0.6916666671875 0.6547619046875 0.6791666671875001 0.6261904765625 0.6645833328124999 0.609523809375 0.6395833328125 0.6 0.49375 0.43333333281249997 0.4875 0.4452380953125 0.5166666671875 0.5071428578125 0.5208333328125 0.5547619046875
0 0.44166666718750003 0.6166666671875001 0.5416666671875 0.740476190625 0.55 0.759523809375 0.5729166671875 0.7857142859375 0.5875 0.7833333328125 0.5458333328125 0.6357142859375 0.5333333328125 0.6166666671875001 0.5291666671875 0.5928571421875 0.5208333328125 0.5928571421875 0.525 0.5738095234375 0.4916666671875 0.5261904765625001 0.4791666671875 0.43095238125 0.4145833328125 0.4619047625 0.4125 0.5119047625 0.44166666718750003 0.6166666671875001