0 0.0359375 0.03125 0.071875 0.0625
0 0.07265625 0.1140625 0.1453125 0.21875
0 0.23359375 0.10390625 0.2453125 0.19375
0 0.1859375 0.29296875 0.371875 0.353125
0 0.46640625 0.16015625 0.3328125 0.2640625
0 0.86171875 0.1296875 0.259375 0.2453125
0 0.61171875 0.096875 0.228125 0.184375
0 0.78125 0.346875 0.3734375 0.371875
0 0.06875 0.83984375 0.1296875 0.2921875
0 0.1171875 0.60078125 0.2296875 0.4296875
0 0.41328125 0.8296875 0.4875 0.3328125
0 0.421875 0.6125 0.3796875 0.28125
0 0.51640625 0.47890625 0.43125 0.36875
0 0.778125 0.64921875 0.2515625 0.1828125
0 0.92578125 0.6703125 0.13125 0.28125
0 0.76640625 0.86015625 0.3515625 0.2625