0 0.86328125 0.8125 0.2734375 0.375
0 0.65859375 0.79453125 0.28125 0.259375
0 0.36640625 0.875 0.3671875 0.25
0 0.375 0.68515625 0.26875 0.2984375
0 0.60078125 0.44609375 0.2375 0.2234375
0 0.88125 0.44765625 0.2375 0.2359375
0 0.83203125 0.31171875 0.3359375 0.2140625
0 0.5515625 0.3546875 0.28125 0.21875
0 0.34140625 0.36640625 0.1640625 0.196875
0 0.17421875 0.3390625 0.20625 0.1703125
0 0.6453125 0.1453125 0.15625 0.175
0 0.80546875 0.125 0.2109375 0.196875
0 0.15859375 0.68046875 0.21875 0.2