0 0.41830065312500003 0.12745097968750002 0.385620915625 0.0735294125 0.3431372546875 0.0563725484375 0.30228758125 0.05392156875 0.26633986875 0.0563725484375 0.23692810468749997 0.0931372546875 0.2254901953125 0.12009803906250001 0.222222221875 0.2279411765625 0.24019607812500002 0.313725490625 0.30392156875 0.3529411765625 0.3594771234375 0.3602941171875 0.4052287578125 0.3455882359375 0.439542484375 0.28431372499999996 0.43464052343750004 0.1936274515625 0.41830065312500003 0.12745097968750002
0 0.2140522875 0.20098039218750002 0.1911764703125 0.16176470625 0.168300653125 0.14215686249999998 0.09640522812499999 0.12745097968750002 0.06535947656249999 0.134803921875 0.026143790625000003 0.17892156875 0.0049019609375 0.296568628125 0.01633986875 0.36274509843749997 0.034313725 0.39460784375 0.0735294125 0.419117646875 0.1127450984375 0.43382352968750004 0.18464052343749998 0.43382352968750004 0.20098039218750002 0.4044117640625 0.223856209375 0.313725490625 0.2140522875 0.20098039218750002
0 0.49346405156250006 0.57107843125 0.49346405156250006 0.5024509796875 0.4787581703125 0.419117646875 0.44771241875 0.3799019609375 0.4052287578125 0.36274509843749997 0.3349673203125 0.38725490156250003 0.30228758125 0.4142156859375 0.2892156859375 0.453431371875 0.2875817 0.5073529406249999 0.30228758125 0.5735294125 0.3366013078125 0.6225490203125 0.37581699375 0.6495098046875001 0.41013071874999996 0.6568627453125 0.4526143796875 0.6421568625 0.48202614375 0.60539215625 0.49346405156250006 0.57107843125
0 0.651960784375 0.453431371875 0.66176470625 0.4166666671875 0.6486928109375001 0.3602941171875 0.6225490203125 0.313725490625 0.5931372546875 0.2916666671875 0.5669934640625 0.2916666671875 0.527777778125 0.30392156875 0.5016339875 0.330882353125 0.4852941171875 0.365196078125 0.4787581703125 0.421568628125 0.4983660125 0.5220588234375 0.571895425 0.55392156875 0.6176470593750001 0.5171568625 0.6470588234375 0.5122549015625 0.6470588234375 0.49754902031250003 0.6568627453125 0.49754902031250003 0.651960784375 0.453431371875
0 0.60620915 0.0563725484375 0.5735294125 0.0735294125 0.55392156875 0.10294117656249999 0.5310457515625 0.1127450984375 0.526143790625 0.1372549015625 0.527777778125 0.2990196078125 0.5947712421875 0.294117646875 0.64379085 0.3455882359375 0.705882353125 0.2818627453125 0.7091503265625 0.15931372500000002 0.6748366015625 0.0686274515625 0.60620915 0.0563725484375
0 0.830065359375 0.9142156859374999 0.8790849671875 0.9436274515624999 0.8856209156249999 0.9877450984375 0.903594771875 0.9779411765624999 0.939542484375 0.98039215625 0.9640522875 0.96323529375 0.9967320265625 0.8921568625 1 0.598039215625 0.9509803921875 0.534313725 0.919934640625 0.5122549015625 0.8790849671875 0.5049019609375 0.8366013078125001 0.526960784375 0.7826797390625 0.5171568625 0.76797385625 0.5318627453125 0.7647058828125 0.561274509375 0.740196078125 0.5833333328125 0.75 0.6764705875 0.7434640515625001 0.703431371875 0.7450980390625 0.7745098046875001 0.7826797390625 0.8799019609375 0.8055555562500001 0.8799019609375 0.830065359375 0.9142156859374999
0 0.7450980390625 0.776960784375 0.7467320265625 0.6495098046875001 0.7385620921875 0.598039215625 0.6732026140625 0.5220588234375 0.6470588234375 0.5147058828125 0.6094771234375 0.5318627453125 0.5571895421875 0.58823529375 0.542483659375 0.6372549015625 0.544117646875 0.7524509796875 0.5751633984375 0.7916666671875 0.5947712421875 0.8357843140625001 0.6078431375 0.8455882359375 0.669934640625 0.8455882359375 0.7091503265625 0.830882353125 0.73366013125 0.8063725484375001 0.7450980390625 0.776960784375
0 0.7794117640625 0.5171568625 0.8366013078125001 0.5220588234375 0.846405228125 0.49754902031250003 0.8431372546875 0.44362745156249994 0.8496732031249999 0.38725490156250003 0.83986928125 0.348039215625 0.7745098046875001 0.2720588234375 0.7565359484374999 0.2671568625 0.7140522875 0.2818627453125 0.6993464046875 0.3014705875 0.6748366015625 0.348039215625 0.671568628125 0.382352940625 0.66176470625 0.39460784375 0.6470588234375 0.44362745156249994 0.6552287578125 0.5 0.6944444437499999 0.546568628125 0.7173202609375 0.5588235296875 0.759803921875 0.5563725484375001 0.7794117640625 0.5171568625
0 0.3202614375 0.784313725 0.3235294125 0.6421568625 0.30228758125 0.5686274515624999 0.27777777812500004 0.5318627453125 0.2173202609375 0.5220588234375 0.1748366015625 0.526960784375 0.151960784375 0.5392156859375 0.114379084375 0.5759803921875 0.10620915 0.6029411765625 0.11928104531249999 0.7377450984375 0.1372549015625 0.8063725484375001 0.1454248359375 0.8210784312499999 0.1764705875 0.83823529375 0.2450980390625 0.8333333328125001 0.30555555624999997 0.8088235296875 0.3202614375 0.784313725
0 0.5130718953125 0.7450980390625 0.45751634062499996 0.7818627453125 0.428104575 0.8259803921875 0.419934640625 0.8995098046875001 0.42483660156249997 0.9975490203125 0.6176470593750001 1 0.62418300625 0.9313725484375001 0.616013071875 0.8529411765624999 0.598039215625 0.8357843140625001 0.562091503125 0.76960784375 0.5326797390625 0.7450980390625 0.5130718953125 0.7450980390625
0 0.8055555562500001 0.296568628125 0.8153594765625 0.32107843125 0.85620915 0.30882352968750004 0.8970588234375001 0.2720588234375 0.9297385625000001 0.2647058828125 0.9640522875 0.1911764703125 0.9640522875 0.1568627453125 0.9444444437499999 0.061274509374999994 0.9264705875000001 0.044117646875 0.8725490203125 0.0294117640625 0.846405228125 0.034313725 0.8088235296875 0.0588235296875 0.7892156859375 0.098039215625 0.777777778125 0.1470588234375 0.776143790625 0.17892156875 0.7859477125 0.1666666671875 0.7892156859375 0.1764705875 0.776143790625 0.215686275 0.7745098046875001 0.2671568625 0.792483659375 0.2916666671875 0.8055555562500001 0.296568628125
0 0.5171875 0.09296875 0.159375 0.1859375
0 0.33359375 0.03984375 0.1890625 0.0796875
0 0.0671875 0.103125 0.13125 0.203125
0 0.03203125 0.5609375 0.0640625 0.2546875
0 0.090625 0.7875 0.16875 0.290625
0 0.28046875 0.87578125 0.1984375 0.2484375
0 0.4671875 0.68671875 0.16875 0.2375
0 0.278125 0.38046875 0.121875 0.178125
0 0.1875 0.47421875 0.1453125 0.1546875
0 0.47734375 0.28046875 0.1109375 0.209375
0 0.7390625 0.8859375 0.1796875 0.2125
0 0.9171875 0.41171875 0.165625 0.2890625
0 0.6953125 0.13125 0.16875 0.2578125