0 0.2975 0.7958333328125 0.3125 0.8175000000000001 0.34625 0.8333333328125001 0.39 0.8358333328124999 0.43875000000000003 0.8283333328125 0.47125000000000006 0.8133333328125 0.495 0.7925 0.5025000000000001 0.7741666671874999 0.48250000000000004 0.7175 0.41125 0.7016666671875 0.35625 0.71 0.315 0.7375 0.3 0.7641666671875 0.2975 0.7958333328125
0 0.21875 0.75 0.275 0.7541666671875 0.29625 0.7516666671875 0.3525 0.7091666671875 0.31625000000000003 0.6683333328125001 0.27125 0.6533333328125 0.23875000000000002 0.6533333328125 0.19875 0.665 0.18 0.6791666671875001 0.1775 0.7158333328125 0.19 0.7341666671875 0.21875 0.75
0 0.32375 0.6733333328125 0.33625 0.6716666671875 0.3625 0.6875 0.3725 0.6825 0.35 0.6575 0.31875 0.635 0.28625 0.6233333328125 0.22625 0.63 0.1925 0.6608333328125 0.19875 0.6666666671875 0.24375 0.6533333328125 0.28125 0.655 0.32375 0.6733333328125
0 0.11000000000000001 0.6341666671875 0.14750000000000002 0.6641666671875 0.15 0.7224999999999999 0.15 0.6991666671875 0.205 0.6441666671874999 0.22125 0.6316666671875 0.265 0.6174999999999999 0.2575 0.5925 0.21125 0.5616666671874999 0.16125 0.5633333328125001 0.12 0.5875 0.1075 0.6041666671875 0.11000000000000001 0.6341666671875
0 0.09 0.6008333328125001 0.1525 0.5658333328125 0.1525 0.5408333328125 0.11875 0.5066666671875 0.061250000000000006 0.5016666671875 0.02375 0.5133333328125 0.0075 0.5275000000000001 0.005 0.5691666671875 0.028749999999999998 0.5916666671875 0.06375 0.6016666671875 0.09 0.6008333328125001
0 0.3325 0.5541666671875001 0.34125 0.5816666671874999 0.37124999999999997 0.5766666671875 0.385 0.5658333328125 0.37124999999999997 0.5816666671874999 0.34500000000000003 0.5891666671875 0.36124999999999996 0.6083333328125 0.40750000000000003 0.6291666671875 0.43499999999999994 0.5991666671875 0.49749999999999994 0.5658333328125 0.48 0.5375 0.43624999999999997 0.52 0.41125 0.5333333328125 0.41125 0.52 0.38875000000000004 0.5216666671875 0.38875000000000004 0.5349999999999999 0.36375 0.5283333328125 0.3325 0.5541666671875001
0 0.4325 0.6025 0.42000000000000004 0.6208333328125 0.41500000000000004 0.6608333328125 0.45875000000000005 0.6950000000000001 0.52 0.7041666671875 0.54625 0.7016666671875 0.6 0.6775 0.6174999999999999 0.6591666671875 0.62 0.6291666671875 0.605 0.6025 0.57625 0.58 0.54875 0.5700000000000001 0.50125 0.5666666671875 0.46375 0.58 0.4325 0.6025
0 0.5675 0.7858333328125 0.58875 0.8 0.6075 0.8025 0.64375 0.7933333328125001 0.67625 0.795 0.7125 0.7758333328125 0.72 0.7575000000000001 0.7150000000000001 0.7291666671875 0.66875 0.6983333328125 0.60875 0.6983333328125 0.5275000000000001 0.7308333328125001 0.5549999999999999 0.7441666671875 0.5675 0.7858333328125
0 0.5700000000000001 0.8691666671875 0.60875 0.9083333328125001 0.6625 0.9175000000000001 0.7212500000000001 0.905 0.745 0.8875 0.7525000000000001 0.8591666671875 0.74 0.8324999999999999 0.71375 0.8116666671875 0.66625 0.795 0.63625 0.795 0.61125 0.8016666671875001 0.5775 0.8291666671875 0.5700000000000001 0.8691666671875
0 0.72875 0.635 0.68875 0.635 0.6525000000000001 0.6575 0.65 0.6875 0.7175 0.7175 0.7525000000000001 0.7008333328125 0.7625 0.6691666671875 0.72875 0.635
0 0.5599999999999999 0.45416666718750004 0.545 0.4791666671875 0.5525 0.5341666671875 0.5825 0.5691666671875 0.6287499999999999 0.5933333328125 0.67625 0.6033333328125 0.7375 0.6025 0.765 0.5875 0.7849999999999999 0.5575 0.8574999999999999 0.5191666671874999 0.8574999999999999 0.4791666671875 0.8300000000000001 0.4425 0.7837500000000001 0.41500000000000004 0.74375 0.4016666671875 0.66625 0.4016666671875 0.60875 0.4183333328125 0.5599999999999999 0.45416666718750004
0 0.37875000000000003 0.43166666718749996 0.40875000000000006 0.44000000000000006 0.43499999999999994 0.43916666718749997 0.45999999999999996 0.4308333328125 0.48125 0.4016666671875 0.53125 0.4033333328125 0.54 0.3958333328125 0.47874999999999995 0.3916666671875 0.44125 0.3633333328125 0.38875000000000004 0.3616666671875 0.36 0.3758333328125 0.3525 0.4091666671875 0.37875000000000003 0.43166666718749996
0 0.2875 0.4491666671875 0.3375 0.4308333328125 0.34249999999999997 0.4025 0.32 0.3675 0.29625 0.355 0.27625 0.3533333328125 0.21749999999999997 0.3725 0.21000000000000002 0.4058333328125 0.23374999999999999 0.43166666718749996 0.27125 0.45 0.2875 0.4491666671875
0 0.25625 0.2916666671875 0.185 0.3358333328125 0.1775 0.3458333328125 0.1925 0.3625 0.2225 0.36583333281249997 0.2925 0.34750000000000003 0.28375 0.29 0.25625 0.2916666671875
0 0.37875000000000003 0.3616666671875 0.42625 0.36 0.4625 0.3675 0.485 0.3491666671875 0.49000000000000005 0.3158333328125 0.47000000000000003 0.2741666671875 0.45625 0.2683333328125 0.44125 0.2816666671875 0.40374999999999994 0.2866666671875 0.3725 0.3025 0.36 0.32083333281250004 0.36 0.3458333328125 0.37875000000000003 0.3616666671875
0 0.1775 0.5091666671875 0.18 0.5341666671875 0.20249999999999999 0.5391666671875 0.2325 0.5275000000000001 0.225 0.5041666671875 0.26 0.47750000000000004 0.2625 0.4491666671875 0.20375000000000001 0.41 0.17625 0.40499999999999997 0.1325 0.42750000000000005 0.1375 0.4791666671875 0.14750000000000002 0.49416666718749996 0.1775 0.5091666671875
0 0.2575 0.5541666671875001 0.28125 0.5483333328125 0.3125 0.5191666671874999 0.31 0.4891666671875 0.28125 0.47000000000000003 0.26875 0.47000000000000003 0.22999999999999998 0.49916666718749997 0.2325 0.5275000000000001 0.1975 0.5408333328125 0.22625 0.5533333328125 0.2575 0.5541666671875001
0 0.5662499999999999 0.16999999999999998 0.5700000000000001 0.1741666671875 0.5375 0.2108333328125 0.525 0.2425 0.5375 0.2908333328125 0.575 0.3258333328125 0.61625 0.3466666671875 0.7675 0.3525 0.8099999999999999 0.3341666671875 0.835 0.2708333328125 0.8300000000000001 0.2258333328125 0.805 0.1941666671875 0.77625 0.1716666671875 0.7262500000000001 0.155 0.6287499999999999 0.15 0.5587500000000001 0.1383333328125 0.5525 0.1758333328125 0.5662499999999999 0.16999999999999998