0 0.1734375 0.67109375 0.31875 0.1609375
0 0.171875 0.81015625 0.3046875 0.1359375
0 0.1796875 0.92578125 0.246875 0.1171875
0 0.55 0.6484375 0.2109375 0.14375
0 0.48671875 0.7796875 0.271875 0.1625
0 0.43125 0.91484375 0.253125 0.1515625
0 0.90546875 0.684375 0.1890625 0.1328125
0 0.67890625 0.86875 0.265625 0.15625
0 0.49375 0.5140625 0.2109375 0.096875
0 0.72421875 0.45 0.196875 0.1078125
0 0.1734375 0.54140625 0.2515625 0.1109375
0 0.13515625 0.35546875 0.1484375 0.0875
0 0.3265625 0.23984375 0.1109375 0.0859375
0 0.69609375 0.325 0.153125 0.1265625
0 0.89296875 0.4140625 0.2140625 0.1234375
0 0.91796875 0.8484375 0.1640625 0.2
0 0.72109375 0.73515625 0.2234375 0.1453125
0 0.75 0.6046875 0.2234375 0.140625
0 0.275 0.4421875 0.190625 0.1234375