0 0.00659340625 0.1923828125 0.017582417187499998 0.1884765625 0.0197802203125 0.1748046875 0.016483517187499998 0.1689453125 0.03076923125 0.1552734375 0.0384615390625 0.1279296875 0.028021978125000003 0.0703125 0.015384615625 0.0947265625 0.00549450625 0.1337890625 0.0010989015625 0.1884765625 0.00659340625 0.1923828125
0 0.052747253125000004 0.1865234375 0.0642857140625 0.1640625 0.078571428125 0.15625 0.0791208796875 0.1396484375 0.052747253125000004 0.0576171875 0.046153846875 0.0185546875 0.0390109890625 0.013671875 0.029670329687500004 0.0263671875 0.028571428125 0.0654296875 0.046153846875 0.1767578125 0.052747253125000004 0.1865234375
0 0.03076923125 0.2021484375 0.0291208796875 0.1953125 0.0137362640625 0.19140625 0 0.2001953125 0.0010989015625 0.3681640625 0.00549450625 0.3583984375 0.0142857140625 0.2548828125 0.03076923125 0.2021484375
0 0.016483517187499998 0.2470703125 0.008791209375000001 0.3056640625 0.008791209375000001 0.3701171875 0.049450549999999996 0.1962890625 0.0478021984375 0.189453125 0.027472528125 0.2099609375 0.016483517187499998 0.2470703125
0 0.065384615625 0.1640625 0.0483516484375 0.1982421875 0.0076923078125 0.3759765625 0.0010989015625 0.4267578125 0.0043956046875000005 0.4638671875 0.0148351640625 0.486328125 0.03076923125 0.4892578125 0.046703296875 0.47265625 0.0615384609375 0.4384765625 0.0857142859375 0.3564453125 0.0879120875 0.3037109375 0.096153846875 0.283203125 0.1043956046875 0.2763671875 0.11208791250000001 0.2060546875 0.10659340625 0.1845703125 0.08736263749999999 0.162109375 0.065384615625 0.1640625
0 0.0510989015625 0 0.0483516484375 0.0302734375 0.052747253125000004 0.0537109375 0.0868131875 0.1611328125 0.108791209375 0.1865234375 0.11868131875000001 0.2353515625 0.1329670328125 0.1533203125 0.1417582421875 0.1318359375 0.127472528125 0.0517578125 0.1082417578125 0 0.0510989015625 0
0 0.20219780156249997 0.1689453125 0.2164835171875 0.1611328125 0.2164835171875 0.1142578125 0.1543956046875 0.015625 0.14450549375 0.005859375 0.1324175828125 0.0078125 0.128571428125 0.0146484375 0.1296703296875 0.0400390625 0.1428571421875 0.0810546875 0.1928571421875 0.16796875 0.20219780156249997 0.1689453125
0 0.165934065625 0.2001953125 0.1835164828125 0.1826171875 0.18131868125 0.1611328125 0.16868131875 0.12890625 0.1478021984375 0.12890625 0.1329670328125 0.1552734375 0.12307692343750001 0.2158203125 0.11978022031249999 0.2744140625 0.1351648359375 0.2783203125 0.165934065625 0.2001953125
0 0.0956043953125 0.3701171875 0.1368131875 0.427734375 0.158791209375 0.443359375 0.1758241765625 0.4423828125 0.190659340625 0.431640625 0.2010989015625 0.4052734375 0.2010989015625 0.3779296875 0.19670329687500002 0.3623046875 0.13571428593749998 0.283203125 0.1203296703125 0.27734375 0.09835164843750001 0.283203125 0.0879120875 0.3076171875 0.090109890625 0.3505859375 0.0956043953125 0.3701171875
0 0.1335164828125 0.431640625 0.09395604375 0.458984375 0.0615384609375 0.4970703125 0.0571428578125 0.5302734375 0.0708791203125 0.55859375 0.10329670312499999 0.5615234375 0.21373626406250001 0.521484375 0.252747253125 0.4814453125 0.25604395625 0.4599609375 0.253846153125 0.4306640625 0.23351648281249998 0.396484375 0.20604395625 0.39453125 0.1956043953125 0.4248046875 0.178571428125 0.443359375 0.15989010937499998 0.4453125 0.1335164828125 0.431640625
0 0.037912087500000004 0.486328125 0.016483517187499998 0.5576171875 0.0010989015625 0.5849609375 0.0021978015625 0.7138671875 0.0615384609375 0.6337890625 0.0736263734375 0.5654296875 0.05934065937500001 0.5439453125 0.0571428578125 0.5126953125 0.065384615625 0.48828125 0.0879120875 0.4619140625 0.0829670328125 0.443359375 0.075274725 0.439453125 0.0631868125 0.447265625 0.037912087500000004 0.486328125
0 0.054945054687499995 0.7119140625 0.0428571421875 0.7587890625 0.0131868125 0.8369140625 0.0131868125 0.8740234375 0.018681318750000002 0.8916015625 0.03131868125 0.904296875 0.05164835156249999 0.9052734375 0.077472528125 0.873046875 0.0879120875 0.8466796875 0.11978022031249999 0.7080078125 0.1241758234375 0.6669921875 0.1208791203125 0.5888671875 0.11648351718750001 0.5712890625 0.1082417578125 0.5625 0.078571428125 0.564453125 0.071428571875 0.5751953125 0.054945054687499995 0.7119140625
0 0.1384615390625 0.5966796875 0.1351648359375 0.6513671875 0.1582417578125 0.7900390625 0.20054945000000002 0.78515625 0.20934065937500002 0.79296875 0.21868131875 0.8291015625 0.2120879125 0.8876953125 0.22142857187499998 0.900390625 0.23736263750000003 0.9052734375 0.24395604375 0.8916015625 0.203296703125 0.7060546875 0.203296703125 0.6826171875 0.2131868125 0.6513671875 0.21098901093750003 0.6103515625 0.20219780156249997 0.5830078125 0.18846153906250002 0.568359375 0.1763736265625 0.56640625 0.153296703125 0.578125 0.1384615390625 0.5966796875
0 0.084065934375 0.8671875 0.053296703125 0.908203125 0.029670329687500004 0.9482421875 0.0208791203125 0.9775390625 0.0236263734375 1 0.0758241765625 0.9990234375 0.12252747187499999 0.951171875 0.1730769234375 0.919921875 0.20494505468750002 0.890625 0.2164835171875 0.8544921875 0.2164835171875 0.8291015625 0.209890109375 0.7978515625 0.19945055 0.787109375 0.1763736265625 0.7890625 0.1269230765625 0.82421875 0.084065934375 0.8671875
0 0.26538461562500004 0.9375 0.2478021984375 0.916015625 0.20824175781249998 0.890625 0.11648351718750001 0.9619140625 0.124725275 0.974609375 0.16868131875 1 0.2703296703125 0.9990234375 0.27692307656250004 0.9716796875 0.26538461562500004 0.9375
0 0.20549450625 0.7177734375 0.21978022031250002 0.7646484375 0.25054945 0.9130859375 0.2763736265625 0.9609375 0.28351648281249997 0.9638671875 0.2983516484375 0.955078125 0.3021978015625 0.9443359375 0.29010989062500003 0.8076171875 0.2703296703125 0.7197265625 0.2637362640625 0.6630859375 0.2521978015625 0.642578125 0.2302197796875 0.642578125 0.208791209375 0.6650390625 0.2043956046875 0.6845703125 0.20549450625 0.7177734375
0 0.24010989062500002 0.40234375 0.2516483515625 0.4228515625 0.2571428578125 0.4619140625 0.24890109843750002 0.48828125 0.21098901093750003 0.5244140625 0.2120879125 0.5439453125 0.23076923124999998 0.6201171875 0.241208790625 0.63671875 0.2516483515625 0.6357421875 0.2763736265625 0.619140625 0.2824175828125 0.6044921875 0.284615384375 0.5791015625 0.2483516484375 0.3642578125 0.23131868125000002 0.326171875 0.21373626406250001 0.31640625 0.2 0.3330078125 0.1956043953125 0.3525390625 0.203296703125 0.3916015625 0.24010989062500002 0.40234375
0 0.28571428593750003 0.4033203125 0.275274725 0.384765625 0.2620879125 0.380859375 0.2549450546875 0.3896484375 0.25604395625 0.4033203125 0.28571428593750003 0.5791015625 0.2802197796875 0.6298828125 0.28516483593749997 0.642578125 0.29230769218749997 0.6416015625 0.322527471875 0.6328125 0.33076923125 0.6083984375 0.31813186875 0.60546875 0.3076923078125 0.5908203125 0.30659340625 0.5498046875 0.31538461562500003 0.5107421875 0.3142857140625 0.4970703125 0.30549450624999996 0.4697265625 0.29010989062500003 0.4443359375 0.28571428593750003 0.4033203125
0 0.158791209375 0.294921875 0.1697802203125 0.306640625 0.191208790625 0.3095703125 0.324725275 0.298828125 0.3417582421875 0.2666015625 0.340659340625 0.2373046875 0.3291208796875 0.208984375 0.3071428578125 0.19921875 0.2642857140625 0.197265625 0.19175824218749998 0.21875 0.1697802203125 0.236328125 0.15714285781249998 0.2646484375 0.158791209375 0.294921875
0 0.2664835171875 0.197265625 0.26923076875 0.1865234375 0.2648351640625 0.1513671875 0.24010989062500002 0.126953125 0.228021978125 0.10546875 0.21868131875 0.1240234375 0.2175824171875 0.1611328125 0.2230769234375 0.2001953125 0.23186813125 0.2041015625 0.2664835171875 0.197265625
0 0.2741758234375 0.15234375 0.35 0.1796875 0.36373626406250004 0.1787109375 0.415384615625 0.1650390625 0.415934065625 0.083984375 0.32582417656249996 0.05859375 0.2631868125 0.01953125 0.23571428593750002 0.021484375 0.2208791203125 0.0439453125 0.21978022031250002 0.0732421875 0.225274725 0.1025390625 0.24670329687499998 0.1328125 0.2741758234375 0.15234375
0 0.35549450625 0.25 0.39065934062499996 0.21484375 0.41263736250000005 0.205078125 0.43351648281250005 0.216796875 0.43956043906250003 0.2470703125 0.4483516484375 0.2490234375 0.4851648359375 0.236328125 0.49945055 0.22265625 0.5109890109374999 0.1962890625 0.5016483515625 0.1875 0.40714285781250004 0.169921875 0.35219780156249997 0.18359375 0.34450549375 0.189453125 0.3373626375 0.2080078125 0.3428571421875 0.2333984375 0.35549450625 0.25
0 0.303296703125 0.3505859375 0.29010989062500003 0.3837890625 0.28791208749999997 0.4248046875 0.2983516484375 0.45703125 0.3175824171875 0.4677734375 0.334615384375 0.453125 0.3648351640625 0.3779296875 0.43296703281250004 0.2744140625 0.43956043906250003 0.2451171875 0.4324175828125 0.216796875 0.42252747187499995 0.20703125 0.409340659375 0.20703125 0.378571428125 0.2265625 0.353296703125 0.259765625 0.303296703125 0.3505859375
0 0.31538461562500003 0.5126953125 0.30659340625 0.5537109375 0.30659340625 0.5849609375 0.31703296718749996 0.603515625 0.33186813125 0.6044921875 0.35054945000000004 0.5888671875 0.36373626406250004 0.5537109375 0.396703296875 0.5009765625 0.41098901093749995 0.4560546875 0.43076923125000005 0.3486328125 0.43076923125000005 0.3212890625 0.4236263734375 0.294921875 0.397252746875 0.326171875 0.36593406562499997 0.3798828125 0.31538461562500003 0.5126953125
0 0.2703296703125 0.7001953125 0.27582417656249997 0.7314453125 0.29395604375 0.75390625 0.3148351640625 0.75 0.33076923125 0.7744140625 0.3428571421875 0.8115234375 0.3483516484375 0.8876953125 0.35659340624999997 0.90625 0.36593406562499997 0.9091796875 0.3824175828125 0.8896484375 0.3956043953125 0.8330078125 0.396703296875 0.7880859375 0.3835164828125 0.7158203125 0.3736263734375 0.6884765625 0.34780219843750004 0.65234375 0.3236263734375 0.638671875 0.2895604390625 0.646484375 0.27142857187499997 0.6806640625 0.2703296703125 0.7001953125
0 0.36593406562499997 1 0.37032967031249997 0.9970703125 0.346153846875 0.8837890625 0.3417582421875 0.8095703125 0.324725275 0.765625 0.3104395609375 0.767578125 0.3 0.7822265625 0.29450549375 0.8115234375 0.29450549375 0.8740234375 0.309890109375 0.9951171875 0.36593406562499997 1
0 0.4203296703125 1 0.4791208796875 0.9990234375 0.49450549375 0.8759765625 0.50659340625 0.8154296875 0.5076923078125 0.7353515625 0.502747253125 0.7265625 0.4851648359375 0.7265625 0.4763736265625 0.734375 0.45274725312499997 0.7939453125 0.43296703281250004 0.8857421875 0.41978022031249995 0.9892578125 0.4203296703125 1
0 0.396703296875 0.8349609375 0.4170329671875 0.8515625 0.4384615390625 0.8525390625 0.46263736250000004 0.7607421875 0.3928571421875 0.744140625 0.39780219843750003 0.7880859375 0.396703296875 0.8349609375
0 0.3895604390625 0.73046875 0.46373626406249996 0.7548828125 0.48076923125000004 0.728515625 0.503296703125 0.7236328125 0.49395604375 0.705078125 0.4708791203125 0.68359375 0.42142857187500005 0.66015625 0.40714285781250004 0.65625 0.39395604375 0.669921875 0.37472527499999997 0.6708984375 0.37472527499999997 0.6865234375 0.3895604390625 0.73046875
0 0.4489010984375 0.404296875 0.403296703125 0.4951171875 0.3582417578125 0.5673828125 0.35054945000000004 0.6005859375 0.35604395625 0.6396484375 0.37527472500000003 0.6640625 0.39340659375000003 0.6669921875 0.40714285781250004 0.654296875 0.4351648359375 0.5966796875 0.5 0.4892578125 0.5142857140625 0.4462890625 0.5164835171875 0.4208984375 0.5049450546875 0.38671875 0.490659340625 0.3828125 0.47197802187500004 0.40625 0.465384615625 0.400390625 0.4489010984375 0.404296875
0 0.46263736250000004 0.6689453125 0.48186813125 0.662109375 0.4890109890625 0.6279296875 0.50659340625 0.6005859375 0.48626373593750005 0.560546875 0.4697802203125 0.55859375 0.45439560468750007 0.56640625 0.4208791203125 0.6298828125 0.4230769234375 0.6455078125 0.4379120875 0.6640625 0.46263736250000004 0.6689453125
0 0.491208790625 0.5673828125 0.5126373625 0.6015625 0.5164835171875 0.5986328125 0.5164835171875 0.5576171875 0.534615384375 0.541015625 0.5510989015625001 0.55078125 0.56868131875 0.5859375 0.5884615390625 0.609375 0.6137362640624999 0.626953125 0.6373626375 0.6318359375 0.652747253125 0.6103515625 0.6571428578125 0.5908203125 0.65604395625 0.5537109375 0.641208790625 0.525390625 0.5730769234374999 0.51953125 0.5489010984375 0.509765625 0.5329670328125 0.4912109375 0.5181318687500001 0.447265625 0.4824175828125 0.5263671875 0.491208790625 0.5673828125
0 0.5576923078125 0.681640625 0.6104395609375 0.724609375 0.6516483515625 0.7353515625 0.6626373625 0.7158203125 0.6637362640625 0.6728515625 0.6576923078125 0.65625 0.5829670328125001 0.60546875 0.54450549375 0.544921875 0.5291208796875 0.54296875 0.5164835171875 0.5576171875 0.5142857140625 0.5810546875 0.5230769234375 0.6220703125 0.5576923078125 0.681640625
0 0.50604395625 0.609375 0.49340659374999996 0.6298828125 0.4868131875 0.6572265625 0.4879120875 0.6806640625 0.5093406593750001 0.728515625 0.546703296875 0.77734375 0.6192307687499999 0.853515625 0.652747253125 0.8701171875 0.6670329671874999 0.8427734375 0.66813186875 0.8193359375 0.659340659375 0.8017578125 0.6582417578124999 0.7880859375 0.641208790625 0.76171875 0.6126373625 0.7265625 0.55549450625 0.6796875 0.5340659343749999 0.6474609375 0.5181318687500001 0.609375 0.50604395625 0.609375
0 0.5197802203124999 0.7783203125 0.5208791203125 0.8017578125 0.508791209375 0.8447265625 0.509890109375 0.8740234375 0.5307692312500001 0.9287109375 0.565384615625 0.984375 0.5884615390625 1 0.691208790625 0.9990234375 0.6901098906249999 0.9619140625 0.684065934375 0.94921875 0.634615384375 0.921875 0.6082417578125 0.8984375 0.5868131875 0.8720703125 0.558791209375 0.8046875 0.5456043953124999 0.79296875 0.5324175828125 0.79296875 0.5225274718749999 0.775390625 0.5197802203124999 0.7783203125
0 0.702747253125 0.96875 0.7642857140625 1 0.8516483515625 0.9990234375 0.859340659375 0.9716796875 0.8549450546875 0.9443359375 0.8335164828125 0.9140625 0.7576923078125 0.890625 0.6884615390625 0.83984375 0.6675824171875 0.84375 0.659340659375 0.8642578125 0.659340659375 0.8994140625 0.665934065625 0.9208984375 0.702747253125 0.96875
0 0.6615384609375 0.6611328125 0.6648351640625 0.6767578125 0.6917582421875 0.708984375 0.7489010984375 0.732421875 0.7890109890625 0.7333984375 0.8489010984375 0.71875 0.8604395609375001 0.6806640625 0.852747253125 0.6474609375 0.8335164828125 0.625 0.7631868125 0.626953125 0.68076923125 0.6015625 0.659890109375 0.60546875 0.64945055 0.6259765625 0.64945055 0.6435546875 0.6615384609375 0.6611328125
0 0.6637362640625 0.4638671875 0.665934065625 0.5400390625 0.677472528125 0.59765625 0.7126373625 0.61328125 0.7296703296875 0.6123046875 0.7362637359375 0.5966796875 0.7373626375 0.5654296875 0.728571428125 0.5107421875 0.7230769234375 0.3935546875 0.7318681312499999 0.2724609375 0.7247252750000001 0.2578125 0.7082417578125 0.255859375 0.6824175828125 0.2919921875 0.672527471875 0.3388671875 0.6637362640625 0.4638671875
0 0.48296703281250003 0.287109375 0.4697802203125 0.287109375 0.4582417578125 0.2978515625 0.45164835156249994 0.3173828125 0.44945055 0.3447265625 0.45384615312500004 0.3642578125 0.46868131875 0.388671875 0.47527472499999995 0.39453125 0.497252746875 0.380859375 0.509890109375 0.3935546875 0.51923076875 0.4296875 0.5670329671875 0.4384765625 0.5851648359375 0.43359375 0.6032967031250001 0.4091796875 0.6076923078124999 0.3681640625 0.602747253125 0.357421875 0.58076923125 0.34375 0.5741758234375001 0.357421875 0.54340659375 0.357421875 0.5137362640625 0.330078125 0.497252746875 0.30078125 0.48296703281250003 0.287109375
0 0.44010989062499994 0.330078125 0.4483516484375 0.3271484375 0.46208791250000003 0.2890625 0.478571428125 0.28515625 0.5137362640625 0.306640625 0.5401098906249999 0.353515625 0.5571428578125001 0.3564453125 0.578021978125 0.3447265625 0.5802197796875 0.2861328125 0.558791209375 0.248046875 0.5258241765625 0.216796875 0.5082417578125 0.212890625 0.4873626375 0.236328125 0.44560439531249996 0.251953125 0.43076923125000005 0.2841796875 0.43076923125000005 0.3056640625 0.44010989062499994 0.330078125
0 0.60549450625 0.5029296875 0.6170329671875 0.51953125 0.6351648359375 0.5205078125 0.6483516484375 0.5029296875 0.6582417578124999 0.4677734375 0.6791208796875 0.2822265625 0.678021978125 0.2392578125 0.6642857140625 0.220703125 0.6357142859375 0.220703125 0.6208791203125 0.2509765625 0.6010989015625 0.4423828125 0.6010989015625 0.4833984375 0.60549450625 0.5029296875
0 0.6884615390625 0.7109375 0.6653846156250001 0.716796875 0.6549450546875 0.7353515625 0.6516483515625 0.7548828125 0.6571428578125 0.7802734375 0.6796703296875 0.818359375 0.7291208796875 0.861328125 0.7824175828125 0.8720703125 0.8818681312500001 0.845703125 0.8989010984375 0.8212890625 0.9065934062500001 0.7880859375 0.9043956046874999 0.7685546875 0.8895604390624999 0.73828125 0.8730769234375 0.71875 0.8609890109375 0.71875 0.8137362640625 0.748046875 0.7829670328125 0.748046875 0.6884615390625 0.7109375
0 0.8983516484375 0.89453125 0.89450549375 0.9072265625 0.8989010984375 0.9091796875 0.8983516484375 0.89453125
0 0.8879120875 1 0.9510989015625 0.98828125 0.9675824171875 0.974609375 0.9769230765625 0.9423828125 0.974725275 0.9072265625 0.9631868125 0.888671875 0.9489010984374999 0.884765625 0.9236263734374999 0.9140625 0.8604395609375001 0.9599609375 0.8576923078125 1 0.8879120875 1
0 1 0.8056640625 0.9631868125 0.775390625 0.9335164828125 0.791015625 0.9263736265625001 0.8056640625 0.9252747250000001 0.8291015625 0.9439560437500001 0.8486328125 0.95 0.880859375 0.9697802203125001 0.892578125 0.98076923125 0.927734375 1 0.9443359375 1 0.8056640625
0 0.878571428125 0.712890625 0.8758241765625 0.7177734375 0.9043956046874999 0.7646484375 0.9054945062499999 0.7783203125 0.9131868125 0.7822265625 0.9521978015625001 0.775390625 0.99945055 0.78125 1 0.6904296875 0.977472528125 0.681640625 0.93131868125 0.6875 0.9252747250000001 0.6962890625 0.9296703296875 0.7236328125 0.9225274718750001 0.736328125 0.902747253125 0.712890625 0.878571428125 0.712890625
0 0.846153846875 0.5087890625 0.859340659375 0.5283203125 0.8637362640624999 0.5458984375 0.8648351640625 0.6552734375 0.8829670328124999 0.6953125 0.9109890109375 0.7041015625 0.921428571875 0.697265625 0.9351648359375 0.6669921875 0.9351648359375 0.6025390625 0.89340659375 0.4072265625 0.8708791203124999 0.365234375 0.85549450625 0.359375 0.8362637359375 0.3779296875 0.83076923125 0.3955078125 0.83076923125 0.4248046875 0.846153846875 0.5087890625
0 0.7510989015625 0.623046875 0.7703296703125 0.6240234375 0.7824175828125 0.5947265625 0.791208790625 0.4755859375 0.8142857140625 0.4052734375 0.8109890109375 0.3720703125 0.7884615390625 0.349609375 0.777472528125 0.349609375 0.7571428578125 0.3759765625 0.7384615390625 0.4912109375 0.7406593406249999 0.6005859375 0.7510989015625 0.623046875
0 0.9 0.3251953125 0.89450549375 0.4052734375 0.9230769234375 0.5419921875 0.9439560437500001 0.5517578125 0.9741758234375 0.5390625 0.9857142859374999 0.5107421875 0.9912087906249999 0.4677734375 0.9901098906250001 0.4033203125 0.9802197796875 0.3154296875 0.9642857140625001 0.28125 0.9510989015625 0.2734375 0.9335164828125 0.279296875 0.9054945062499999 0.3037109375 0.9 0.3251953125
0 0.777472528125 0.349609375 0.7895604390625001 0.349609375 0.8142857140625 0.3701171875 0.8851648359375 0.298828125 0.89450549375 0.2822265625 0.8956043953125 0.2568359375 0.8708791203124999 0.251953125 0.834615384375 0.2578125 0.7983516484375001 0.27734375 0.7752747249999999 0.298828125 0.7582417578125 0.3408203125 0.7609890109374999 0.369140625 0.777472528125 0.349609375