0 0.28828125 0.54609375 0.1765625 0.2734375
0 0.4140625 0.4203125 0.140625 0.284375
0 0.28828125 0.384375 0.125 0.121875
0 0.19609375 0.58515625 0.125 0.1875
0 0.1828125 0.81171875 0.178125 0.340625
0 0.50390625 0.76015625 0.1125 0.2390625
0 0.41875 0.8328125 0.09375 0.1640625
0 0.43125 0.053125 0.1578125 0.1
0 0.59921875 0.2546875 0.075 0.146875
0 0.55625 0.2203125 0.0671875 0.128125
0 0.67265625 0.49453125 0.175 0.2703125
0 0.79921875 0.575 0.146875 0.2671875
0 0.61484375 0.76171875 0.0984375 0.2