0 0.37421875 0.40234375 0.140625 0.2171875
0 0.6546875 0.48125 0.225 0.20625
0 0.484375 0.49765625 0.1359375 0.2140625
0 0.15390625 0.53046875 0.153125 0.2109375
0 0.83046875 0.53515625 0.1359375 0.2
0 0.93046875 0.553125 0.1390625 0.2203125
0 0.503125 0.5640625 0.99375 0.871875
0 0.2796875 0.58828125 0.184375 0.2
0 0.69140625 0.66953125 0.184375 0.190625
0 0.10703125 0.7171875 0.1828125 0.2328125
0 0.4015625 0.7328125 0.196875 0.2703125
0 0.57265625 0.73984375 0.2265625 0.165625
0 0.78984375 0.81640625 0.19375 0.3671875
0 0.23515625 0.83203125 0.2296875 0.275
0 0.49609375 0.90859375 0.125 0.1828125
0 0.6890625 0.24609375 0.1875 0.2390625
0 0.525 0.2921875 0.1609375 0.221875
0 0.20625 0.36484375 0.203125 0.1734375