0 0.57109375 0.73671875 0.2875 0.4875
0 0.80625 0.68828125 0.2625 0.46875
0 0.67578125 0.91171875 0.359375 0.175
0 0.8921875 0.87421875 0.215625 0.2515625
0 0.93515625 0.72421875 0.1296875 0.2828125
0 0.8296875 0.471875 0.315625 0.428125
0 0.909375 0.2515625 0.18125 0.390625
0 0.79140625 0.08203125 0.3203125 0.1640625
0 0.5328125 0.07265625 0.25 0.1453125
0 0.7453125 0.16953125 0.2546875 0.2265625
0 0.64140625 0.30078125 0.246875 0.3921875
0 0.49921875 0.4203125 0.41875 0.421875
0 0.4359375 0.19375 0.321875 0.334375
0 0.18828125 0.346875 0.2796875 0.4046875
0 0.03125 0.396875 0.0625 0.28125
0 0.12421875 0.57890625 0.2390625 0.521875
0 0.08828125 0.80859375 0.1765625 0.3828125
0 0.22578125 0.86640625 0.303125 0.2671875
0 0.30703125 0.7109375 0.2203125 0.465625