0 0.4607843140625 0.438725490625 0.4869281046875 0.4044117640625 0.4869281046875 0.3455882359375 0.47385620937499995 0.28676470625 0.44444444375 0.242647059375 0.41013071874999996 0.2181372546875 0.366013071875 0.2107843140625 0.33823529375 0.223039215625 0.30228758125 0.2794117640625 0.28431372499999996 0.34068627500000004 0.276143790625 0.42892156875 0.2810457515625 0.4681372546875 0.2973856203125 0.5 0.349673203125 0.546568628125 0.37581699375 0.5514705875 0.4150326796875 0.534313725 0.44281045781249995 0.5073529406249999 0.4607843140625 0.438725490625
0 0.6454248359375 0.455882353125 0.62581699375 0.41176470624999995 0.6029411765625 0.3921568625 0.5359477125 0.382352940625 0.4787581703125 0.41176470624999995 0.455882353125 0.44362745156249994 0.44117647031249996 0.5294117640625 0.44281045781249995 0.6078431375 0.4509803921875 0.634803921875 0.491830065625 0.6838235296875 0.5359477125 0.6985294125 0.59150326875 0.6911764703125 0.6209150328125 0.625 0.653594771875 0.5833333328125 0.6454248359375 0.455882353125
0 0.8349673203125001 0.7475490203125 0.831699346875 0.6568627453125 0.8169934640625 0.60539215625 0.7990196078125 0.580882353125 0.7630718953125 0.561274509375 0.704248365625 0.5588235296875 0.65849673125 0.5735294125 0.6176470593750001 0.6225490203125 0.596405228125 0.6838235296875 0.5931372546875 0.759803921875 0.614379084375 0.830882353125 0.6503267968750001 0.8897058828125 0.6846405234375 0.9068627453125 0.7483660125 0.909313725 0.795751634375 0.8651960781250001 0.828431371875 0.794117646875 0.8349673203125001 0.7475490203125
0 1 0.4583333328125 0.954248365625 0.40931372499999996 0.8921568625 0.3970588234375 0.8578431375 0.4142156859375 0.8218954249999999 0.4607843140625 0.8022875812500001 0.5294117640625 0.8055555562500001 0.5833333328125 0.828431371875 0.6421568625 0.8366013078125001 0.69607843125 0.846405228125 0.7107843140625 0.8970588234375001 0.7524509796875 0.919934640625 0.759803921875 0.9607843140625001 0.7549019609375 1 0.7254901953124999 1 0.4583333328125
0 0.9428104578125 0.1642156859375 0.9248366015625 0.11519607812499999 0.901960784375 0.0857843140625 0.8643790843750001 0.061274509374999994 0.8366013078125001 0.061274509374999994 0.7908496734375 0.0857843140625 0.7549019609375 0.132352940625 0.740196078125 0.1985294125 0.7450980390625 0.27450980468749997 0.7908496734375 0.296568628125 0.846405228125 0.34068627500000004 0.8905228765625001 0.35049019531250003 0.9232026140625 0.31617647031249996 0.9346405234375 0.28431372499999996 0.9428104578125 0.24019607812500002 0.9428104578125 0.1642156859375
0 0.810457515625 0.32107843125 0.7810457515625 0.2892156859375 0.7287581703125 0.2794117640625 0.6797385625000001 0.30882352968750004 0.6454248359375 0.3700980390625 0.6388888890625 0.44117647031249996 0.6454248359375 0.5759803921875 0.704248365625 0.561274509375 0.7516339875 0.561274509375 0.7973856203125 0.5735294125 0.8055555562500001 0.5171568625 0.8349673203125001 0.44362745156249994 0.8333333328125001 0.37745097968749997 0.810457515625 0.32107843125
0 0.6372549015625 0.17892156875 0.6029411765625 0.151960784375 0.5669934640625 0.1470588234375 0.5212418296875 0.171568628125 0.49346405156250006 0.23039215624999998 0.4852941171875 0.28676470625 0.490196078125 0.3970588234375 0.5735294125 0.384803921875 0.635620915625 0.419117646875 0.6552287578125 0.3578431375 0.678104575 0.3186274515625 0.6813725484375001 0.2892156859375 0.6633986921874999 0.2254901953125 0.6372549015625 0.17892156875
0 0.19444444375 0.3897058828125 0.17810457500000001 0.3529411765625 0.1405228765625 0.3063725484375 0.1045751640625 0.28676470625 0.0735294125 0.28676470625 0.0359477125 0.313725490625 0.008169934375 0.365196078125 0.008169934375 0.48039215625000004 0.01960784375 0.5220588234375 0.042483659374999996 0.561274509375 0.07679738593749999 0.5833333328125 0.114379084375 0.5857843140625 0.16013071875 0.5686274515624999 0.18464052343749998 0.534313725 0.1993464046875 0.48774509843749997 0.19444444375 0.3897058828125
0 0.32516339843750003 0.186274509375 0.310457515625 0.1568627453125 0.26797385625 0.12009803906250001 0.223856209375 0.10294117656249999 0.19771241875 0.10294117656249999 0.168300653125 0.12254902031249999 0.1454248359375 0.1642156859375 0.1372549015625 0.21323529375 0.1405228765625 0.2794117640625 0.1993464046875 0.365196078125 0.2467320265625 0.3799019609375 0.26960784375 0.37745097968749997 0.2794117640625 0.367647059375 0.2990196078125 0.294117646875 0.3267973859375 0.23039215624999998 0.32516339843750003 0.186274509375
0 0.2026143796875 1 0.22875817031249998 0.909313725 0.2205882359375 0.8455882359375 0.2124183 0.8259803921875 0.2140522875 0.7573529406249999 0.19771241875 0.715686275 0.1666666671875 0.6813725484375001 0.099673203125 0.671568628125 0.062091503125 0.6813725484375001 0 0.7352941171875 0 0.9828431375 0.009803921875 1 0.2026143796875 1
0 0.325 0.8375 0.1921875 0.296875
0 0.39140625 0.6359375 0.1515625 0.2125
0 0.89140625 0.86328125 0.2015625 0.240625
0 0.6921875 0.93828125 0.21875 0.1234375
0 0.184375 0.66875 0.2125 0.2203125
0 0.1390625 0.10625 0.18125 0.203125
0 0.42265625 0.14765625 0.1984375 0.221875
0 0.59140625 0.121875 0.1734375 0.2046875