0 0.1116666671875 0.3916666671875 0.16 0.29500000000000004 0.1558333328125 0.272777778125 0.14791666718750002 0.262222221875 0.1383333328125 0.272777778125 0.1379166671875 0.27999999999999997 0.13333333281249998 0.2783333328125 0.1295833328125 0.292222221875 0.12625 0.2888888890625 0.12166666718750001 0.29722222187499997 0.11750000000000001 0.2916666671875 0.11374999999999999 0.3111111109375 0.1020833328125 0.3111111109375 0.0991666671875 0.3183333328125 0.0945833328125 0.31 0.09 0.3138888890625 0.0975 0.26277777812499997 0.10916666718750001 0.22611111093749997 0.12 0.172777778125 0.1158333328125 0.137222221875 0.1041666671875 0.11055555624999999 0.0883333328125 0.058333332812500006 0.0745833328125 0.0011111109375000002 0.0020833328125000002 0 0.00041666718749999997 0.912222221875 0.0083333328125 0.8816666671875 0.031666667187500004 0.73055555625 0.0566666671875 0.622777778125 0.0725 0.57055555625 0.0658333328125 0.52944444375 0.0508333328125 0.4916666671875 0.07291666718749999 0.4688888890625 0.0941666671875 0.4361111109375 0.1116666671875 0.3916666671875
0 0.1954166671875 0 0.1916666671875 0.0116666671875 0.19 0.052777778124999994 0.1858333328125 0.04944444375 0.1808333328125 0.01055555625 0.1745833328125 0.004444443750000001 0.1604166671875 0.0033333328125 0.1566666671875 0.0072222218749999996 0.16 0.023888889062499998 0.1575 0.031666667187500004 0.1591666671875 0.047222221875 0.1758333328125 0.10500000000000001 0.19083333281249998 0.242777778125 0.19583333281249998 0.25055555625000003 0.1916666671875 0.2661111109375 0.1729166671875 0.2833333328125 0.16999999999999998 0.27611111093749996 0.1758333328125 0.2616666671875 0.1633333328125 0.23611111093749998 0.1633333328125 0.22055555624999998 0.1583333328125 0.19944444374999998 0.1358333328125 0.12944444375 0.13 0.095 0.1208333328125 0.0783333328125 0.1108333328125 0.02944444375 0.09875 0.0022222218750000003 0.08208333281249999 0.0011111109375000002 0.08 0.005 0.09 0.057222221875 0.1058333328125 0.11055555624999999 0.1516666671875 0.25944444375 0.1583333328125 0.27055555625 0.1608333328125 0.2838888890625 0.1654166671875 0.287777778125 0.1575 0.30944444375 0.10833333281249999 0.4061111109375 0.09 0.48166666718749995 0.0858333328125 0.5416666671875 0.08333333281250001 0.675 0.0758333328125 0.7883333328125001 0.075 0.9072222218749999 0.0816666671875 0.975 0.08499999999999999 0.9938888890625 0.08875 0.9988888890625001 0.20875 0.9977777781249999 0.2141666671875 0.6072222218750001 0.2258333328125 0.4038888890625 0.2375 0.34944444375 0.24 0.3083333328125 0.265 0.28055555625 0.2816666671875 0.23611111093749998 0.2966666671875 0.12166666718750001 0.2991666671875 0.0161111109375 0.28291666718749997 0.0022222218750000003 0.2666666671875 0.0072222218749999996 0.265 0.0638888890625 0.26749999999999996 0.06944444375 0.2604166671875 0.0888888890625 0.2491666671875 0.08944444375 0.24666666718750002 0.00944444375 0.24375 0 0.22541666718750003 0 0.2208333328125 0.0216666671875 0.215 0.019444443750000002 0.2104166671875 0 0.1954166671875 0
0 0.24041666718750002 1 0.24500000000000002 0.985 0.24666666718750002 0.922777778125 0.25833333281250004 0.775 0.26916666718750004 0.675 0.28500000000000003 0.5716666671875 0.3008333328125 0.502777778125 0.3008333328125 0.4916666671875 0.3083333328125 0.47277777812500005 0.32083333281250004 0.41944444374999995 0.33166666718750004 0.3883333328125 0.3591666671875 0.332777778125 0.3625 0.3161111109375 0.3741666671875 0.2883333328125 0.36875 0.27777777812500004 0.3570833328125 0.27444444375 0.3445833328125 0.27999999999999997 0.3358333328125 0.292777778125 0.3366666671875 0.3083333328125 0.31875 0.3211111109375 0.3083333328125 0.33944444375 0.2791666671875 0.4183333328125 0.2833333328125 0.48722222187500003 0.25625 0.49888888906249995 0.2391666671875 0.5216666671875 0.21749999999999997 0.5816666671874999 0.215 0.61944444375 0.2158333328125 0.72055555625 0.21000000000000002 0.8316666671874999 0.2125 0.9894444437500001 0.21541666718750002 1 0.24041666718750002 1
0 0.4308333328125 0.3461111109375 0.45 0.29944444375 0.4516666671875 0.282777778125 0.46166666718749994 0.2561111109375 0.49000000000000005 0.1416666671875 0.48666666718749996 0.11055555624999999 0.47625 0.10555555624999999 0.4716666671875 0.1116666671875 0.465 0.1416666671875 0.43666666718749997 0.2061111109375 0.43333333281249997 0.20944444375 0.4258333328125 0.205 0.4375 0.14944444375 0.4441666671875 0.1316666671875 0.45083333281250004 0.0883333328125 0.42000000000000004 0.06833333281250001 0.4183333328125 0.047222221875 0.41375 0.037777778125 0.41041666718750003 0.037777778125 0.40416666718750005 0.04944444375 0.3825 0.18944444375 0.3775 0.252777778125 0.38 0.332777778125 0.3775 0.35055555625 0.3679166671875 0.352222221875 0.3495833328125 0.36555555625 0.33166666718750004 0.3983333328125 0.30333333281249997 0.495 0.2841666671875 0.5838888890625 0.2633333328125 0.742777778125 0.2475 0.9416666671874999 0.2479166671875 0.9977777781249999 0.35041666718750003 1 0.3608333328125 0.9949999999999999 0.375 0.86944444375 0.39249999999999996 0.627222221875 0.40833333281249995 0.5261111109375001 0.43166666718749996 0.4361111109375 0.43166666718749996 0.407222221875 0.42416666718749996 0.3761111109375 0.4308333328125 0.3461111109375
0 0.5175 0.2061111109375 0.5025000000000001 0.1416666671875 0.49458333281250005 0.12222222187500001 0.4925 0.12944444375 0.5033333328125 0.22833333281249998 0.5066666671875 0.2938888890625 0.49749999999999994 0.325 0.47291666718750003 0.342222221875 0.4525 0.36944444375 0.445 0.3883333328125 0.4125 0.5138888890625 0.3933333328125 0.635 0.3716666671875 0.9238888890625001 0.37 0.9949999999999999 0.3729166671875 1 0.5175 0.997222221875 0.5283333328125 0.7638888890625 0.5183333328125 0.47277777812500005 0.5316666671875 0.3383333328125 0.5433333328125001 0.2983333328125 0.5366666671875 0.282777778125 0.5325 0.25055555625000003 0.5175 0.2061111109375
0 0.6179166671874999 0 0.6125 0.0038888890625 0.6091666671875 0.025 0.6058333328125001 0.025 0.5983333328125 0.0061111109375 0.5945833328125001 0.00555555625 0.5891666671875 0.09388888906250001 0.5854166671875001 0.0888888890625 0.5766666671875 0.09388888906250001 0.5775 0.06833333281250001 0.5741666671875 0.057222221875 0.5766666671875 0.048333332812500004 0.5675 0.0083333328125 0.56125 0 0.5304166671874999 0.0011111109375000002 0.5375 0.1438888890625 0.5366666671875 0.15611111093750002 0.5333333328125 0.15722222187499998 0.5291666671875 0.132777778125 0.5166666671875 0.10055555625000001 0.51 0.0638888890625 0.49833333281250003 0.0338888890625 0.4933333328125 0.00944444375 0.4845833328125 0 0.46958333281250003 0.0011111109375000002 0.4683333328125 0.0072222218749999996 0.49000000000000005 0.1038888890625 0.49416666718749996 0.1416666671875 0.49874999999999997 0.14777777812499998 0.5025000000000001 0.1461111109375 0.5025000000000001 0.155 0.49833333281250003 0.155 0.49833333281250003 0.1616666671875 0.5020833328125 0.157777778125 0.5066666671875 0.1616666671875 0.515 0.197222221875 0.5333333328125 0.24722222187499998 0.5433333328125001 0.2661111109375 0.5583333328125 0.282777778125 0.5425 0.3116666671875 0.5325 0.3483333328125 0.5225 0.42833333281249997 0.5191666671874999 0.4938888890625 0.5291666671875 0.732777778125 0.5383333328125001 0.80055555625 0.54 0.8783333328125 0.5458333328125 0.9161111109375 0.55 0.9949999999999999 0.5570833328125 1 0.66875 0.9988888890625001 0.6741666671875 0.985 0.6775 0.8883333328124999 0.67 0.6605555562500001 0.655 0.4783333328125 0.6533333328125 0.3461111109375 0.65 0.32277777812499997 0.6341666671875 0.2883333328125 0.6333333328124999 0.26277777812499997 0.6283333328125 0.252777778125 0.6416666671875 0.125 0.6558333328125 0.027222221875 0.6558333328125 0.0061111109375 0.6470833328125 0.012222221875 0.6379166671875 0 0.6179166671874999 0
0 0.67875 0 0.6758333328125 0.01055555625 0.6666666671875 0.0038888890625 0.6625 0.0283333328125 0.6525000000000001 0.1983333328125 0.6483333328125 0.197222221875 0.64375 0.18222222187499998 0.6391666671875 0.18722222187499998 0.6333333328124999 0.22611111093749997 0.6325000000000001 0.25166666718749997 0.6383333328125 0.28944444375 0.6541666671875 0.3238888890625 0.6558333328125 0.33944444375 0.6566666671875 0.5083333328124999 0.6708333328125 0.6583333328125 0.6766666671875 0.8294444437499999 0.6775 0.9383333328125 0.6733333328125 0.9938888890625 0.67875 1 0.7004166671875 1 0.7066666671874999 0.9949999999999999 0.7075 0.9894444437500001 0.7216666671875 0.845 0.7391666671875 0.50944444375 0.7358333328125 0.407222221875 0.7275 0.3783333328125 0.7116666671874999 0.34944444375 0.7091666671875 0.327222221875 0.7120833328125 0.3211111109375 0.7224999999999999 0.315 0.7316666671875 0.29500000000000004 0.7304166671875 0.29 0.7204166671875 0.29111111093750003 0.7191666671875 0.287222221875 0.7291666671875 0.24722222187499998 0.735 0.23722222187500003 0.7566666671875 0.13055555624999998 0.7758333328125 0.017222221875 0.7737499999999999 0.0011111109375000002 0.7554166671875 0.0011111109375000002 0.75 0.00944444375 0.7466666671875 0.0083333328125 0.7445833328125 0 0.7245833328125 0 0.7183333328125 0.005 0.7158333328125 0.0183333328125 0.7058333328125 0.0183333328125 0.7033333328125 0.0072222218749999996 0.6954166671875 0 0.67875 0
0 0.8379166671875 1 0.8416666671874999 0.9961111109375 0.8425 0.8961111109375001 0.8474999999999999 0.827222221875 0.8433333328125 0.6961111109375 0.8308333328125 0.6116666671875 0.8150000000000001 0.5483333328125 0.7979166671875 0.5188888890625 0.7658333328125 0.49833333281250003 0.7783333328125 0.445 0.78 0.3183333328125 0.77625 0.31555555625 0.7420833328125 0.3433333328125 0.7358333328125 0.35055555625 0.7341666671875 0.367222221875 0.7341666671875 0.39388888906249997 0.74 0.44055555625 0.7408333328125 0.5061111109375 0.7383333328125 0.5783333328125 0.7333333328125 0.6183333328125 0.73 0.735 0.7125 0.9605555562499999 0.7133333328125 0.9894444437500001 0.7179166671874999 1 0.8379166671875 1
0 0.9995833328125 0.9988888890625001 1 0.7816666671875 0.9716666671875 0.63055555625 0.9333333328125001 0.49611111093750004 0.9158333328125 0.44944444375000003 0.8979166671875 0.42000000000000004 0.8708333328125001 0.39944444375 0.8633333328124999 0.3783333328125 0.8758333328125 0.23722222187500003 0.8766666671875001 0.21277777812499998 0.8712500000000001 0.202222221875 0.8316666671874999 0.2561111109375 0.8275 0.327222221875 0.8191666671875 0.3716666671875 0.8162499999999999 0.37555555625000003 0.81125 0.37333333281250003 0.7991666671875 0.3616666671875 0.78625 0.337777778125 0.7833333328125 0.33944444375 0.7833333328125 0.382777778125 0.7920833328125 0.3966666671875 0.81125 0.41 0.8208333328125 0.4238888890625 0.8125 0.46055555625 0.8125 0.49833333281250003 0.86 0.7705555562499999 0.8800000000000001 0.9949999999999999 0.8904166671875 1 0.9995833328125 0.9988888890625001
0 0.9883333328124999 0.5916666671875 0.9995833328125 0.6 0.9995833328125 0.1588888890625 0.9916666671875 0.19944444374999998 0.9741666671875 0.3783333328125 0.9708333328125001 0.47055555625 0.9791666671874999 0.5650000000000001 0.9883333328124999 0.5916666671875
0 0.06833333281250001 0.5916666671875 0.045 0.67944444375 0.0166666671875 0.8261111109374999 0.0116666671875 0.875 0.0008333328124999999 0.91944444375 0.00041666718749999997 1 0.07666666718750001 0.997222221875 0.08 0.9683333328125 0.075 0.927222221875 0.0733333328125 0.8727777781249999 0.0758333328125 0.765 0.0858333328125 0.5938888890625 0.0858333328125 0.57055555625 0.0829166671875 0.56444444375 0.06833333281250001 0.5916666671875