0 0.303125 0.834375 0.3125 0.303125
0 0.23828125 0.4921875 0.2921875 0.309375
0 0.1953125 0.2625 0.25625 0.221875
0 0.3984375 0.14296875 0.26875 0.2546875
0 0.57109375 0.296875 0.2703125 0.275
0 0.78046875 0.46953125 0.3109375 0.2609375
0 0.0984375 0.6453125 0.190625 0.275
0 0.15234375 0.11015625 0.2046875 0.1359375
0 0.821875 0.11796875 0.196875 0.1546875
0 0.840625 0.259375 0.175 0.18125
0 0.9640625 0.3953125 0.06875 0.20625
0 0.965625 0.60703125 0.06875 0.2296875
0 0.50078125 0.66015625 0.3515625 0.3609375
0 0.80703125 0.76875 0.3140625 0.334375
0 0.3984375 0.359375 0.140625 0.203125
0 0.0421875 0.43359375 0.08125 0.1828125