0 0.11875 0.728125 0.225 0.20625
0 0.27734375 0.72734375 0.278125 0.2265625
0 0.5078125 0.76640625 0.3078125 0.2734375
0 0.90859375 0.903125 0.1796875 0.1921875
0 0.3734375 0.83046875 0.1921875 0.171875
0 0.67890625 0.8921875 0.178125 0.1484375
0 0.49375 0.2265625 0.3203125 0.2453125
0 0.7453125 0.340625 0.3234375 0.2328125
0 0.496875 0.5125 0.25625 0.2140625
0 0.29453125 0.51953125 0.228125 0.20625
0 0.16953125 0.35078125 0.228125 0.18125
0 0.41953125 0.365625 0.2265625 0.16875
0 0.09140625 0.3078125 0.1828125 0.240625
0 0.1046875 0.5265625 0.209375 0.240625
0 0.08359375 0.10703125 0.1671875 0.2140625
0 0.653125 0.203125 0.16875 0.15625
0 0.7171875 0.525 0.184375 0.1546875