0 0.8396226421874999 0.26729559687500004 0.8191823906250001 0.2389937109375 0.7405660375 0.16981132031249999 0.699685534375 0.150943396875 0.6745283015625 0.1635220125 0.6477987421875 0.2106918234375 0.6352201265625 0.25471698125 0.6352201265625 0.29874213906249997 0.6572327046875001 0.39937106875 0.6713836484375 0.42767295625 0.7248427671875 0.459119496875 0.795597484375 0.4622641515625 0.872641509375 0.44654088124999997 0.9056603781250001 0.39937106875 0.90880503125 0.3238993703125 0.8993710687500001 0.24213836406250003 0.872641509375 0.16981132031249999 0.8616352203125001 0.185534590625 0.877358490625 0.23584905625000002 0.8757861640625 0.28301886718749997 0.84119496875 0.28301886718749997 0.8396226421874999 0.26729559687500004
0 0.6147798734375 0.6163522015625 0.5801886796875 0.641509434375 0.57232704375 0.6635220125 0.6210691828125 0.6666666671875 0.6336477984375 0.7106918234374999 0.6713836484375 0.73584905625 0.8805031453125001 0.7578616359375 0.9198113203125 0.7484276734375 0.9512578609375 0.704402515625 0.9622641515625 0.6194968546874999 0.9559748421875 0.5566037734375 0.9386792453125 0.522012578125 0.8820754718750001 0.477987421875 0.7625786156250001 0.4842767296875 0.680817609375 0.5157232703125 0.63993710625 0.55345911875 0.6147798734375 0.6163522015625
0 0.5125786156250001 0.74528301875 0.5471698109375 0.8018867921874999 0.555031446875 0.849056603125 0.58176100625 0.8647798734375 0.59119496875 0.94654088125 0.6147798734375 0.9937106921875 0.8113207546875 0.9968553453125001 0.8301886796875 0.9716981125 0.8427672953125 0.896226415625 0.8301886796875 0.8396226421874999 0.7877358484375 0.767295596875 0.6305031453125001 0.75471698125 0.599056603125 0.7798742140625 0.599056603125 0.7610062890625 0.5707547171875 0.7421383640625 0.555031446875 0.6981132078125001 0.5125786156250001 0.74528301875
0 0.30188679218750003 0.8647798734375 0.295597484375 0.9213836484375 0.295597484375 0.9905660375 0.30031446562499997 1 0.45283018906250005 0.9968553453125001 0.47169811250000004 0.9716981125 0.5 0.8836477984375 0.5031446546875 0.8144654093750001 0.48270440312499996 0.75471698125 0.4481132078125 0.7169811328125 0.435534590625 0.7106918234374999 0.39465408750000003 0.7295597484375 0.3569182390625 0.767295596875 0.3286163515625 0.8050314468750001 0.30188679218750003 0.8647798734375
0 0.363207546875 0.44654088124999997 0.3066037734375 0.4968553453125 0.2657232703125 0.5471698109375 0.22327044062499998 0.6446540875 0.213836478125 0.7075471703125 0.23584905625000002 0.827044025 0.25 0.8553459125 0.295597484375 0.8584905656249999 0.405660378125 0.6635220125 0.4150943390625 0.6257861640625 0.41194968593750003 0.550314465625 0.41823899375 0.5062893078124999 0.463836478125 0.3836477984375 0.41981132031249996 0.3836477984375 0.40251572343750003 0.41823899375 0.40880503125 0.430817609375 0.40094339687499997 0.44654088124999997 0.363207546875 0.44654088124999997
0 0.1194968546875 0.6698113203125 0.11320754687500001 0.6761006296875001 0.10377358437499999 0.7201257859375 0.094339621875 0.8081761000000001 0.0974842765625 0.9905660375 0.1022012578125 1 0.22641509375000002 0.9968553453125001 0.21698113281250003 0.7704402515625 0.20125786093750003 0.6823899375 0.20125786093750003 0.6446540875 0.185534590625 0.6069182390625001 0.1886792453125 0.5377358484375 0.1839622640625 0.522012578125 0.17452830156250002 0.522012578125 0.1572327046875 0.5880503140625 0.122641509375 0.6257861640625 0.1194968546875 0.6698113203125
0 0.1603773578125 0.4937106921875 0.1477987421875 0.4622641515625 0.14937106875 0.3207547171875 0.132075471875 0.35534591249999997 0.11792452812500001 0.43396226406249994 0.058176099999999994 0.477987421875 0 0.6069182390625001 0.0031446546875000003 0.7704402515625 0.026729559375 0.8113207546875 0.0660377359375 0.8144654093750001 0.08647798749999999 0.8050314468750001 0.094339621875 0.7830188671875 0.094339621875 0.74528301875 0.10377358437499999 0.713836478125 0.10377358437499999 0.6635220125 0.11320754687500001 0.594339621875 0.12421383593749999 0.5974842765624999 0.14937106875 0.5786163515625 0.1603773578125 0.550314465625 0.1603773578125 0.4937106921875
0 0.136792453125 0.0062893078125000005 0.122641509375 0.0283018875 0.11006289375 0.0849056609375 0.10062893125000001 0.1666666671875 0.0974842765625 0.26729559687500004 0.11006289375 0.3238993703125 0.12106918281250001 0.3396226421875 0.13364779843750002 0.3396226421875 0.14937106875 0.314465409375 0.15880503125 0.34591194999999997 0.17452830156250002 0.35849056562500003 0.18238993750000002 0.35534591249999997 0.1933962265625 0.34591194999999997 0.20125786093750003 0.3176100625 0.21698113281250003 0.2924528296875 0.2389937109375 0.204402515625 0.2389937109375 0.15408805 0.2295597484375 0.0660377359375 0.22327044062499998 0.0471698109375 0.22327044062499998 0.0283018875 0.2028301890625 0 0.136792453125 0.0062893078125000005
0 0 0.286163521875 0.015723270312500003 0.430817609375 0.0424528296875 0.47169811250000004 0.056603773437500005 0.468553459375 0.077044025 0.44654088124999997 0.09591195 0.440251571875 0.1069182390625 0.4245283015625 0.11320754687500001 0.39937106875 0.0974842765625 0.305031446875 0.09119496875000001 0.2106918234375 0.0801886796875 0.1886792453125 0.0487421390625 0.1635220125 0.0078616359375 0.1572327046875 0 0.1666666671875 0 0.286163521875
0 0.24685534531250003 0.276729559375 0.1933962265625 0.3710691828125 0.17295597499999998 0.386792453125 0.1635220125 0.430817609375 0.17295597499999998 0.5 0.1933962265625 0.5283018875 0.21226415156249998 0.540880503125 0.2295597484375 0.5377358484375 0.25314465468749997 0.5345911953125 0.27830188749999996 0.5031446546875 0.30345911875 0.4905660375 0.3742138359375 0.3930817609375 0.38050314531249996 0.367924528125 0.38050314531249996 0.27358490625 0.353773584375 0.20754717031249997 0.3160377359375 0.20125786093750003 0.272012578125 0.2578616359375 0.24685534531250003 0.276729559375
0 0.3789308171875 0 0.35849056562500003 0.0849056609375 0.35849056562500003 0.185534590625 0.36477987343749996 0.2106918234375 0.4135220125 0.3207547171875 0.4701257859375 0.34591194999999997 0.47169811250000004 0.3616352203125 0.48584905625 0.377358490625 0.5094339625 0.3742138359375 0.526729559375 0.3710691828125 0.5613207546875 0.3396226421875 0.5754716984375 0.3113207546875 0.58176100625 0.27358490625 0.5754716984375 0.204402515625 0.559748428125 0.2106918234375 0.5566037734375 0.1289308171875 0.5377358484375 0.022012578125 0.526729559375 0.0062893078125000005 0.48899371093750005 0 0.3789308171875 0
0 0.5581761000000001 0 0.5566037734375 0.059748428124999996 0.5660377359375001 0.1352201265625 0.577044025 0.1572327046875 0.5849056609375001 0.1603773578125 0.5801886796875 0.16981132031249999 0.5707547171875 0.1635220125 0.569182390625 0.17924528281250002 0.5754716984375 0.204402515625 0.6069182390625001 0.25471698125 0.6163522015625 0.305031446875 0.6289308171875 0.305031446875 0.632075471875 0.29874213906249997 0.632075471875 0.2484276734375 0.6446540875 0.204402515625 0.6446540875 0.1666666671875 0.6383647796874999 0.15408805 0.6477987421875 0.14150943437500002 0.6477987421875 0.1163522015625 0.65408805 0.10377358437499999 0.6572327046875001 0.05345911875 0.6635220125 0.0345911953125 0.6635220125 0.0094339625 0.65880503125 0 0.5581761000000001 0
0 0.5581761000000001 0.3522012578125 0.5204402515625 0.377358490625 0.47641509375 0.38993710625 0.4481132078125 0.42767295625 0.42138364843750004 0.5 0.4150943390625 0.5377358484375 0.4150943390625 0.6069182390625001 0.430817609375 0.6635220125 0.46698113281250003 0.7169811328125 0.48584905625 0.7295597484375 0.518867925 0.72641509375 0.5676100625 0.6666666671875 0.6383647796874999 0.5062893078124999 0.650943396875 0.44339622656250005 0.650943396875 0.3930817609375 0.6305031453125001 0.3081761 0.6257861640625 0.3113207546875 0.627358490625 0.3522012578125 0.617924528125 0.327044025 0.5738993703124999 0.327044025 0.5581761000000001 0.3522012578125
0 0.7248427671875 0 0.7106918234374999 0.0094339625 0.732704403125 0.07232704375 0.7389937109375 0.11006289375 0.772012578125 0.16981132031249999 0.8380503140625001 0.232704403125 0.8616352203125001 0.2295597484375 0.8647798734375 0.22327044062499998 0.8616352203125001 0.17295597499999998 0.8663522015625 0.1635220125 0.8852201265625 0.1761006296875 0.90408805 0.16981132031249999 0.9213836484375 0.1163522015625 0.9213836484375 0.07232704375 0.90408805 0 0.7248427671875 0
0 1 0.2484276734375 0.9937106921875 0.21698113281250003 0.9606918234374999 0.16981132031249999 0.9418238999999999 0.1572327046875 0.9292452828125001 0.1635220125 0.9150943390625 0.185534590625 0.9056603781250001 0.22327044062499998 0.9150943390625 0.386792453125 0.981132075 0.5377358484375 0.9905660375 0.5754716984375 1 0.5880503140625 1 0.2484276734375
0 1 0.6194968546874999 0.9732704406250001 0.5974842765624999 0.9654088046875 0.613207546875 0.9622641515625 0.6886792453125 0.9559748421875 0.7201257859375 0.9481132078125001 0.73584905625 0.90408805 0.77358490625 0.88993710625 0.8081761000000001 0.8836477984375 0.896226415625 0.877358490625 0.9213836484375 0.877358490625 0.9528301890625 0.8836477984375 0.9716981125 0.8820754718750001 1 0.9591194968750001 0.9968553453125001 0.9591194968750001 0.9716981125 0.9748427671875 0.940251571875 0.9748427671875 0.9213836484375 1 0.8333333328125001 1 0.6194968546874999