0 0.1984375 0.36484375 0.065625 0.2296875
0 0.5890625 0.38515625 0.125 0.5203125
0 0.12265625 0.3859375 0.0671875 0.3125
0 0.07109375 0.528125 0.0671875 0.234375
0 0.3984375 0.54609375 0.1234375 0.203125
0 0.6859375 0.565625 0.059375 0.1453125
0 0.48046875 0.58359375 0.0484375 0.159375
0 0.7828125 0.62421875 0.128125 0.3734375
0 0.959375 0.64765625 0.08125 0.3171875
0 0.471875 0.69296875 0.0796875 0.2078125
0 0.6546875 0.7109375 0.0609375 0.1328125
0 0.23203125 0.73125 0.06875 0.2296875
0 0.728125 0.7390625 0.0890625 0.2140625
0 0.85234375 0.796875 0.0859375 0.2375
0 0.3953125 0.80234375 0.0609375 0.184375
0 0.20546875 0.0984375 0.0765625 0.196875
0 0.89296875 0.17109375 0.1046875 0.1453125