0 0.7866666671875 0.9133333328125 0.7933333328125001 0.9199999999999999 0.8133333328125 0.917777778125 0.8422222218750001 0.9066666671875 0.877777778125 0.8800000000000001 1 0.7711111109375001 0.9977777781249999 0.6311111109375 0.93555555625 0.6888888890625 0.877777778125 0.7244444437500001 0.8577777781249999 0.74444444375 0.79555555625 0.8911111109375 0.7866666671875 0.89555555625 0.7866666671875 0.9133333328125
0 0.7066666671874999 0.82444444375 0.7066666671874999 0.9088888890625 0.73555555625 0.9288888890625 0.7511111109375 0.9266666671875001 0.7911111109375 0.8911111109375 0.9111111109375001 0.637777778125 0.92444444375 0.5711111109375 0.9199999999999999 0.5311111109375 0.9066666671875 0.5 0.882222221875 0.48444444375 0.8533333328125 0.49555555625 0.8355555562499999 0.57555555625 0.7733333328125 0.6688888890625 0.7066666671874999 0.82444444375
0 0.5599999999999999 0.7711111109375001 0.5688888890625 0.7888888890625 0.5733333328125 0.8688888890625 0.597777778125 0.8933333328125 0.622222221875 0.89555555625 0.64444444375 0.8422222218750001 0.6666666671875 0.7 0.7066666671874999 0.57555555625 0.7066666671874999 0.54 0.6866666671874999 0.51555555625 0.6777777781250001 0.51555555625 0.6488888890625 0.557777778125 0.5911111109375 0.6111111109375 0.56444444375 0.682222221875 0.5599999999999999 0.7711111109375001
0 0.45999999999999996 0.51555555625 0.42888888906249995 0.52444444375 0.37555555625000003 0.56444444375 0.3133333328125 0.5866666671874999 0.2711111109375 0.6288888890625 0.2711111109375 0.642222221875 0.29111111093750003 0.6533333328125 0.3311111109375 0.6711111109375001 0.35555555625 0.6688888890625 0.3888888890625 0.6488888890625 0.43333333281249997 0.64444444375 0.5088888890625001 0.6133333328125 0.6066666671875 0.5466666671875 0.6599999999999999 0.52444444375 0.6888888890625 0.4911111109375 0.6977777781250001 0.43777777812499996 0.6288888890625 0.40444444375 0.602222221875 0.41333333281250006 0.45999999999999996 0.51555555625
0 0.23333333281250002 0.36 0.1666666671875 0.37333333281250003 0.10888888906250001 0.40444444375 0.08444444375 0.43333333281249997 0.08444444375 0.46444444375 0.1 0.48 0.11333333281249999 0.48 0.12222222187500001 0.4888888890625 0.2133333328125 0.48666666718749996 0.27777777812500004 0.46666666718750005 0.317777778125 0.46666666718750005 0.37555555625000003 0.48444444375 0.42888888906249995 0.48444444375 0.4266666671875 0.4688888890625 0.44444444375 0.4511111109375 0.457777778125 0.40222222187499995 0.42888888906249995 0.37333333281250003 0.3933333328125 0.36 0.23333333281250002 0.36
0 0 0.7133333328125 0.0311111109375 0.717777778125 0.11777777812500001 0.64444444375 0.282222221875 0.5822222218750001 0.36222222187500003 0.56444444375 0.397777778125 0.5377777781249999 0.41333333281250006 0.5133333328125 0.322222221875 0.4711111109375 0.2733333328125 0.4711111109375 0.06444444375 0.5555555562500001 0.022222221875 0.5933333328125 0 0.637777778125 0 0.7133333328125
0 0.4511111109375 0.36 0.662222221875 0.36666666718749996 0.68444444375 0.3533333328125 0.6977777781250001 0.3266666671875 0.6977777781250001 0.3 0.6733333328125 0.2711111109375 0.6111111109375 0.24444444375000002 0.45555555625000005 0.2133333328125 0.2311111109375 0.202222221875 0.3088888890625 0.3066666671875 0.36666666718749996 0.3333333328125 0.4511111109375 0.36
0 0.41111111093749997 0.2 0.542222221875 0.2066666671875 0.78444444375 0.16444444375 0.8088888890625 0.13999999999999999 0.8088888890625 0.09111111093749999 0.7711111109375001 0.057777778125 0.597777778125 0.0666666671875 0.4066666671875 0.1111111109375 0.38 0.12444444375 0.35555555625 0.1533333328125 0.36666666718749996 0.18222222187499998 0.41111111093749997 0.2
0 0.7666666671875 0.1866666671875 0.66444444375 0.2 0.62 0.222222221875 0.6044444437500001 0.23777777812499998 0.6466666671875 0.262222221875 0.6777777781250001 0.2711111109375 0.69555555625 0.29333333281249996 0.71555555625 0.29111111093750003 0.78 0.2666666671875 0.9088888890625 0.23555555625000002 0.92444444375 0.22444444375 0.9333333328125001 0.2066666671875 0.9333333328125001 0.18 0.92444444375 0.162222221875 0.9044444437499999 0.14666666718750002 0.82444444375 0.14666666718750002 0.7977777781250001 0.15555555625 0.7666666671875 0.1866666671875
0 0.85555555625 0.04 0.85555555625 0.04444444375 0.82 0.04444444375 0.81555555625 0.0488888890625 0.7866666671875 0.0511111109375 0.8133333328125 0.1 0.8133333328125 0.1266666671875 0.8088888890625 0.13555555625 0.81555555625 0.142222221875 0.9 0.142222221875 0.9133333328125 0.14666666718750002 0.93555555625 0.1688888890625 0.9466666671875 0.1666666671875 0.9888888890624999 0.15111111093750001 1 0.13555555625 0.9866666671875001 0.10888888906250001 0.982222221875 0.0866666671875 0.9622222218750001 0.062222221875 0.9311111109375 0.0488888890625 0.8733333328124999 0.04 0.8688888890625 0.035555556249999995 0.8444444437499999 0.037777778125 0.85555555625 0.04
0 0.2511111109375 0.022222221875 0.24 0.0333333328125 0.2311111109375 0.0466666671875 0.2311111109375 0.0688888890625 0.26444444375 0.102222221875 0.29111111093750003 0.11555555625 0.3088888890625 0.11555555625 0.3266666671875 0.1288888890625 0.35555555625 0.1311111109375 0.42888888906249995 0.097777778125 0.557777778125 0.0711111109375 0.6 0.037777778125 0.6044444437500001 0.0022222218750000003 0.5133333328125 0 0.44666666718750003 0.013333332812500001 0.38444444375 0.013333332812500001 0.36222222187500003 0.022222221875 0.2866666671875 0.017777778124999997 0.2511111109375 0.022222221875
0 0.0688888890625 0.27999999999999997 0.055555556250000006 0.28444444375 0.04444444375 0.29555555624999996 0.04 0.30444444375 0.04 0.36222222187500003 0.055555556250000006 0.3688888890625 0.0733333328125 0.3911111109375 0.102222221875 0.3888888890625 0.13555555625 0.382222221875 0.162222221875 0.36444444374999996 0.2066666671875 0.3466666671875 0.222222221875 0.3311111109375 0.222222221875 0.29111111093750003 0.202222221875 0.262222221875 0.1488888890625 0.24444444375000002 0.1311111109375 0.24444444375000002 0.1 0.257777778125 0.0688888890625 0.27999999999999997
0 0.1488888890625 0.64444444375 0.0866666671875 0.6799999999999999 0.04444444375 0.722222221875 0.0311111109375 0.74444444375 0.0266666671875 0.7533333328125 0.0311111109375 0.7755555562499999 0.0466666671875 0.7866666671875 0.0666666671875 0.78444444375 0.1266666671875 0.75555555625 0.21111111093749999 0.7466666671875 0.22444444375 0.72 0.27777777812500004 0.71555555625 0.28444444375 0.7088888890625 0.28444444375 0.6688888890625 0.26444444375 0.6488888890625 0.22444444375 0.63555555625 0.1888888890625 0.63555555625 0.1488888890625 0.64444444375
0 0.5555555562500001 0.837777778125 0.5466666671875 0.7533333328125 0.5177777781249999 0.7288888890624999 0.482222221875 0.737777778125 0.44666666718750003 0.7688888890625 0.4 0.73555555625 0.397777778125 0.71555555625 0.34888888906250004 0.6977777781250001 0.317777778125 0.7244444437500001 0.23777777812499998 0.7244444437500001 0.20444444375 0.762222221875 0.20888888906249997 0.7977777781250001 0.16444444375 0.8688888890625 0.202222221875 0.8800000000000001 0.21111111093749999 0.862222221875 0.23333333281250002 0.862222221875 0.2666666671875 0.882222221875 0.1533333328125 0.9333333328125001 0.08 0.9977777781249999 0.337777778125 0.9977777781249999 0.3688888890625 0.97555555625 0.3888888890625 0.9288888890625 0.43777777812499996 0.9288888890625 0.4311111109375 0.93555555625 0.442222221875 0.9466666671875 0.4688888890625 0.942222221875 0.4711111109375 0.9088888890625 0.482222221875 0.8977777781249999 0.5688888890625 0.8644444437500001 0.5555555562500001 0.837777778125
0 0.8577777781249999 0.40222222187499995 0.8400000000000001 0.37555555625000003 0.8111111109375001 0.35555555625 0.7977777781250001 0.35555555625 0.757777778125 0.382222221875 0.71555555625 0.42444444375 0.71555555625 0.442222221875 0.74 0.48 0.8 0.48666666718749996 0.78 0.4933333328125 0.74 0.4888888890625 0.71555555625 0.5266666671875 0.7066666671874999 0.5888888890625 0.67555555625 0.6688888890625 0.662222221875 0.7311111109375 0.67555555625 0.74 0.74444444375 0.6933333328125 0.8088888890625 0.61555555625 0.8400000000000001 0.5355555562500001 0.8400000000000001 0.48666666718749996 0.85555555625 0.48444444375 0.8577777781249999 0.45999999999999996 0.88444444375 0.442222221875 0.882222221875 0.4311111109375 0.8577777781249999 0.42888888906249995 0.8577777781249999 0.40222222187499995