0 0.23359375 0.16015625 0.1734375 0.1859375
0 0.72109375 0.09765625 0.2015625 0.1953125
0 0.8765625 0.265625 0.23125 0.284375
0 0.6546875 0.27578125 0.1890625 0.2328125
0 0.46875 0.30703125 0.1734375 0.2421875
0 0.31640625 0.3140625 0.1625 0.2265625
0 0.18359375 0.37890625 0.1671875 0.2328125
0 0.03671875 0.5953125 0.065625 0.18125
0 0.14453125 0.5953125 0.14375 0.18125
0 0.27578125 0.5203125 0.103125 0.175
0 0.41875 0.528125 0.159375 0.2015625
0 0.58515625 0.5125 0.1890625 0.23125
0 0.778125 0.515625 0.2046875 0.26875
0 0.9421875 0.51015625 0.1078125 0.2578125
0 0.06171875 0.8890625 0.1 0.1703125
0 0.1953125 0.8765625 0.159375 0.175
0 0.3375 0.88671875 0.11875 0.1453125
0 0.4765625 0.9171875 0.159375 0.1453125
0 0.64296875 0.928125 0.159375 0.134375
0 0.86484375 0.9328125 0.2390625 0.1234375
0 0.9 0.75546875 0.19375 0.2125
0 0.7046875 0.73203125 0.1734375 0.246875
0 0.52890625 0.73203125 0.1625 0.2265625
0 0.37421875 0.71171875 0.1625 0.196875
0 0.10625 0.7140625 0.14375 0.0984375