0 0.42734375 0.35390625 0.125 0.1625
0 0.50859375 0.14140625 0.1328125 0.14375
0 0.6546875 0.1734375 0.125 0.153125
0 0.54921875 0.27109375 0.1375 0.125
0 0.33046875 0.596875 0.146875 0.15625
0 0.459375 0.5 0.1453125 0.1484375
0 0.70390625 0.30546875 0.1203125 0.1484375
0 0.58984375 0.40078125 0.15 0.14375
0 0.61796875 0.5390625 0.1375 0.153125
0 0.74921875 0.4515625 0.15 0.1609375
0 0.8671875 0.35859375 0.1375 0.153125
0 0.81796875 0.20859375 0.1328125 0.1390625
0 0.9484375 0.2546875 0.103125 0.1484375
0 0.84765625 0.7265625 0.1421875 0.2046875
0 0.70625 0.84296875 0.15 0.1765625
0 0.49375 0.64140625 0.1546875 0.171875
0 0.35859375 0.7453125 0.1671875 0.1671875
0 0.54296875 0.7984375 0.125 0.18125
0 0.39921875 0.90703125 0.171875 0.1484375
0 0.21875 0.84453125 0.1640625 0.153125
0 0.57109375 0.93046875 0.146875 0.1390625
0 0.665625 0.6875 0.1375 0.171875
0 0.79609375 0.57421875 0.140625 0.1390625
0 0.91875 0.48828125 0.1296875 0.18125