0 0.52421875 0.434375 0.2859375 0.3859375
0 0.50703125 0.84453125 0.1203125 0.16875
0 0.6078125 0.765625 0.0984375 0.1578125
0 0.721875 0.76171875 0.121875 0.159375
0 0.71171875 0.86796875 0.1234375 0.125
0 0.81640625 0.93359375 0.125 0.1328125
0 0.82890625 0.809375 0.1265625 0.1203125
0 0.83671875 0.69609375 0.109375 0.14375
0 0.76171875 0.634375 0.0953125 0.1328125
0 0.7078125 0.521875 0.115625 0.1171875
0 0.75859375 0.396875 0.140625 0.15
0 0.825 0.5 0.11875 0.1984375
0 0.91796875 0.55234375 0.1296875 0.1703125
0 0.88203125 0.32734375 0.1390625 0.1140625
0 0.93125 0.37421875 0.1125 0.140625
0 0.88046875 0.171875 0.1359375 0.1921875
0 0.7171875 0.1390625 0.11875 0.1890625
0 0.75859375 0.2421875 0.1078125 0.1484375
0 0.60546875 0.09609375 0.1421875 0.1703125
0 0.4125 0.08671875 0.1453125 0.165625
0 0.27890625 0.275 0.125 0.1515625
0 0.1859375 0.1796875 0.078125 0.14375
0 0.078125 0.190625 0.1328125 0.153125
0 0.0890625 0.071875 0.121875 0.1296875
0 0.1671875 0.2828125 0.090625 0.078125
0 0.203125 0.375 0.1140625 0.10625
0 0.225 0.4734375 0.078125 0.1109375
0 0.103125 0.41328125 0.14375 0.1875
0 0.03515625 0.4875 0.0640625 0.0984375
0 0.0828125 0.5734375 0.115625 0.1578125
0 0.16796875 0.64296875 0.0734375 0.1421875
0 0.0484375 0.703125 0.09375 0.171875