0 0.8076923078125 0.4357495875 0.7763736265625 0.397034596875 0.75 0.3723229 0.7423076921875 0.367380559375 0.7379120875 0.3723229 0.7280219781249999 0.35749588125 0.7148351640625 0.359143328125 0.671978021875 0.4003294890625 0.6417582421875 0.45222405312499997 0.6351648359375 0.47693575 0.63186813125 0.585667215625 0.627472528125 0.61367380625 0.6664835171875 0.7561779234375 0.70604395625 0.7495881390625 0.73131868125 0.75288303125 0.7730769234375 0.77594728125 0.8032967031249999 0.8031301484375 0.815934065625 0.7957166390625 0.8329670328125 0.7734761125 0.84945055 0.7388797359375 0.853846153125 0.7174629328125001 0.8516483515625 0.697693575 0.8428571421875001 0.6894563421875 0.8483516484375 0.635090609375 0.8439560437500001 0.5098846781249999 0.8362637359375 0.486820428125 0.8076923078125 0.4357495875
0 0.41263736250000005 0.4398682046875 0.38131868125 0.49505766093750003 0.384615384375 0.52306425 0.371428571875 0.5757825375000001 0.3802197796875 0.6153212515625001 0.38406593437500003 0.6210873140625 0.441208790625 0.616144975 0.4796703296875 0.6293245468750001 0.5181318687500001 0.66556836875 0.5521978015625 0.72981878125 0.5626373625000001 0.7289950578125 0.60054945 0.70675453125 0.628571428125 0.6565074140625 0.6252747249999999 0.6054365734375 0.6296703296875 0.58401976875 0.6296703296875 0.534596375 0.6175824171875 0.5016474468750001 0.56868131875 0.44151565000000004 0.5203296703125 0.4118616140625 0.458791209375 0.41021416874999994 0.41263736250000005 0.4398682046875
0 0.4478021984375 0.61943986875 0.3884615390625 0.6210873140625 0.34450549375 0.65403624375 0.3291208796875 0.6573311375 0.30604395625 0.678747940625 0.2824175828125 0.7306425046875 0.2824175828125 0.7635914328125 0.274725275 0.798187809375 0.27692307656250004 0.8624382203125001 0.28351648281249997 0.9019769359375 0.2956043953125 0.9382207578124999 0.341208790625 0.9637561781249999 0.377472528125 0.998352553125 0.4978021984375 0.9991762765625 0.5071428578125 0.9934102140625001 0.5241758234375 0.9678747937500001 0.5428571421874999 0.9217462937500001 0.54945055 0.8986820421875 0.5604395609374999 0.8097199343750001 0.5604395609374999 0.7784184515625 0.5483516484375001 0.7306425046875 0.5263736265625 0.6812191109375 0.4884615390625 0.6375617796874999 0.4478021984375 0.61943986875
0 0.290659340625 0.298187809375 0.284065934375 0.2915980234375 0.2236263734375 0.321252059375 0.1895604390625 0.317957165625 0.1824175828125 0.341845140625 0.1835164828125 0.37479406875 0.19340659375 0.42257001718750004 0.208791209375 0.45222405312499997 0.24230769218749998 0.49258649062500004 0.2884615390625 0.50906095625 0.30659340625 0.5082372328125 0.358791209375 0.46622734687499995 0.3917582421875 0.46622734687499995 0.4142857140625 0.42751235625 0.415384615625 0.37149917656250003 0.3835164828125 0.2957166390625 0.35 0.2619439875 0.328021978125 0.2537067546875 0.29725274687500003 0.28171334375 0.2956043953125 0.2940691921875 0.290659340625 0.298187809375
0 0.3175824171875 0.658154859375 0.3021978015625 0.5378912687499999 0.284065934375 0.507413509375 0.26538461562500004 0.4991762765625 0.23571428593750002 0.4991762765625 0.22142857187499998 0.507413509375 0.2104395609375 0.504118615625 0.15769230781250002 0.55848435 0.15769230781250002 0.56672158125 0.1510989015625 0.565074134375 0.146153846875 0.5823723234375 0.1329670328125 0.597199340625 0.10549450625000001 0.646622734375 0.0890109890625 0.696046128125 0.0879120875 0.722405271875 0.1 0.7537067546875 0.0989010984375 0.7685337718749999 0.10989010937499999 0.7899505765625 0.10989010937499999 0.8097199343750001 0.13131868124999999 0.8352553546875001 0.15054945 0.8377265234375001 0.18736263749999998 0.8187808890625 0.21703296718749998 0.81383855 0.24670329687499998 0.7841845140625 0.259890109375 0.7858319609375 0.2631868125 0.7940691921874999 0.2664835171875 0.7858319609375 0.27582417656249997 0.78171334375 0.2791208796875 0.7570016468749999 0.274725275 0.73558484375 0.3175824171875 0.658154859375
0 0.04340659375 0.2767710046875 0.00054945 0.2899505765625 0 0.5428336078125 0.0543956046875 0.553542009375 0.065384615625 0.553542009375 0.078571428125 0.5403624375 0.090659340625 0.5502471171875001 0.11483516406250001 0.545304778125 0.12252747187499999 0.5485996703125 0.13076923125 0.574135090625 0.1351648359375 0.5757825375000001 0.15989010937499998 0.5469522234374999 0.177472528125 0.5354200984374999 0.1879120875 0.5082372328125 0.19340659375 0.463756178125 0.1923076921875 0.41927512343749995 0.1769230765625 0.35996705156250003 0.1456043953125 0.309719934375 0.1115384609375 0.2850082375 0.08076923124999999 0.2767710046875 0.04340659375 0.2767710046875
0 0.096153846875 0 0.0879120875 0.0057660625 0.0791208796875 0.032125206249999996 0.07472527500000001 0.1243822078125 0.0791208796875 0.15403624375 0.0989010984375 0.22158154843750003 0.1521978015625 0.3014827015625 0.1741758234375 0.31136738125 0.21098901093750003 0.315485996875 0.23571428593750002 0.3130148265625 0.28076923125 0.2915980234375 0.315934065625 0.25864909375 0.3395604390625 0.2232289953125 0.3604395609375 0.1606260296875 0.36813186875000004 0.10955518906249999 0.3648351640625 0.0370675453125 0.3543956046875 0 0.096153846875 0
0 0.5148351640625 0 0.4049450546875 0.0016474468749999999 0.3736263734375 0.07166392031249999 0.3670329671875 0.129324546875 0.3670329671875 0.167215815625 0.3868131875 0.2907743 0.40659340625 0.35172981875 0.4324175828125 0.3871499171875 0.46208791250000003 0.4036243828125 0.5010989015625 0.40444810468750003 0.5390109890625 0.3789126859375 0.55604395625 0.35172981875 0.56923076875 0.31713344375 0.5945054937500001 0.19522240468750002 0.5923076921875 0.152388796875 0.5857142859375 0.12767710000000002 0.572527471875 0.11120263593749999 0.5538461531250001 0.0469522234375 0.5291208796875 0.0049423390625 0.5148351640625 0
0 0.8516483515625 0.14744645781250001 0.8082417578125 0.0757825375 0.7609890109374999 0.0576606265625 0.702747253125 0.0658978578125 0.671978021875 0.08237232343749999 0.6478021984375 0.10543657343749999 0.60659340625 0.1705107078125 0.5890109890625 0.23805601250000002 0.591208790625 0.3088962109375 0.609890109375 0.376441515625 0.641208790625 0.406919275 0.6582417578124999 0.414332784375 0.7159340656250001 0.355848434375 0.7302197796875001 0.3525535421875 0.7730769234375 0.3904448109375 0.7851648359375 0.39209225625 0.8049450546875001 0.3739703453125 0.8219780218749999 0.3484349265625 0.8351648359375 0.30065897812500003 0.8615384609375001 0.24464579843749998 0.8637362640624999 0.20675453125 0.8516483515625 0.14744645781250001
0 1 0.21993410156249998 0.997252746875 0.237232290625 0.9851648359375 0.237232290625 0.9653846156249999 0.2174629328125 0.941208790625 0.2520593078125 0.93076923125 0.24135090625000002 0.9230769234375 0.20510708437499997 0.9104395609375 0.1762767703125 0.8626373624999999 0.24794069218749998 0.8351648359375 0.3072487640625 0.8230769234374999 0.3665568375 0.8219780218749999 0.414332784375 0.834065934375 0.45881383906249995 0.859890109375 0.4975288296875 0.8895604390624999 0.515650740625 0.9164835171875 0.5181219109375 0.9543956046875 0.5057660625 1 0.4719934109375 1 0.21993410156249998
0 1 0.5164744640625 0.9763736265625 0.5123558484374999 0.94340659375 0.5172981875 0.90054945 0.5387149921875001 0.8637362640624999 0.58401976875 0.852747253125 0.6153212515625001 0.846153846875 0.6696869859375 0.85604395625 0.707578253125 0.84945055 0.7570016468749999 0.8604395609375001 0.794892915625 0.8851648359375 0.8352553546875001 0.9324175828125 0.8632619437500001 0.9879120875 0.867380559375 1 0.8640856671874999 1 0.5164744640625
0 0.7274725281250001 1 0.8489010984375 0.998352553125 0.8670329671875001 0.9761120265625 0.8450549453124999 0.9365733109375001 0.8428571421875001 0.8789126859374999 0.83076923125 0.847611203125 0.8137362640625 0.8220757828125 0.7730769234375 0.779242175 0.7521978015624999 0.76441515625 0.7203296703125 0.75288303125 0.6873626374999999 0.75288303125 0.6554945062499999 0.76441515625 0.6247252750000001 0.7841845140625 0.6016483515625 0.8088962109375 0.5703296703125 0.8558484343749999 0.5549450546875 0.89209225625 0.540659340625 0.94151565 0.5351648359375 0.984349259375 0.5379120875 1 0.7274725281250001 1
0 0.153846153125 1 0.18076923125 0.9950576609375 0.20604395625 0.9670510703125 0.23901098906249998 0.948929159375 0.24230769218749998 0.9291598015625 0.259890109375 0.9291598015625 0.253846153125 0.9349258656250001 0.25549450625 0.9390444812500001 0.2675824171875 0.9341021421875 0.275274725 0.9423393734375001 0.2917582421875 0.9423393734375001 0.274725275 0.85749588125 0.2510989015625 0.8385502468749999 0.19945055 0.8171334437500001 0.1631868125 0.8319604609375 0.1203296703125 0.8682042828125001 0.090109890625 0.9184514 0.078021978125 0.9629324546875001 0.078021978125 0.9958813843750001 0.08186813125 1 0.153846153125 1
0 0.0769230765625 0.7059308078125001 0.0769230765625 0.6235584843749999 0.06593406562500001 0.5675453046875 0.0521978015625 0.553542009375 0.00054945 0.5469522234374999 0 0.9991762765625 0.046153846875 0.9991762765625 0.071428571875 0.9711696875 0.0978021984375 0.8789126859374999 0.10329670312499999 0.885502471875 0.1 0.8360790781249999 0.108791209375 0.817957165625 0.10329670312499999 0.806425040625 0.1043956046875 0.786655684375 0.0978021984375 0.7751235578125 0.09120879062500001 0.73558484375 0.0769230765625 0.7059308078125001