0 0.4183333328125 0.17261904687500002 0.4066666671875 0.19345238125 0.39 0.25892857187499996 0.39 0.3303571421875 0.40833333281249995 0.3869047625 0.445 0.428571428125 0.46666666718750005 0.43154761875 0.5083333328124999 0.4047619046875 0.5216666671875 0.375 0.54 0.3541666671875 0.5466666671875 0.3303571421875 0.5466666671875 0.27678571406249997 0.53 0.2053571421875 0.5016666671875 0.16071428593749998 0.4783333328125 0.1428571421875 0.4516666671875 0.1428571421875 0.4183333328125 0.17261904687500002
0 0.2 0.3958333328125 0.2416666671875 0.4583333328125 0.2716666671875 0.48214285781250005 0.2966666671875 0.4791666671875 0.3633333328125 0.372023809375 0.36666666718749996 0.30654761875 0.3566666671875 0.252976190625 0.33166666718750004 0.196428571875 0.3116666671875 0.178571428125 0.265 0.17261904687500002 0.22833333281249998 0.20238095312499998 0.2133333328125 0.2232142859375 0.2 0.2886904765625 0.2 0.3958333328125
0 0.0233333328125 0.30654761875 0.03 0.3363095234375 0.0516666671875 0.3630952375 0.0783333328125 0.42261904687499996 0.1666666671875 0.42559523749999995 0.1966666671875 0.3958333328125 0.1966666671875 0.2886904765625 0.2166666671875 0.2053571421875 0.1816666671875 0.1428571421875 0.1516666671875 0.11904761875 0.0983333328125 0.125 0.058333332812500006 0.16071428593749998 0.0433333328125 0.1875 0.0266666671875 0.2708333328125 0.0233333328125 0.30654761875
0 0.0266666671875 0.56845238125 0.0166666671875 0.5982142859375 0.0166666671875 0.627976190625 0.0266666671875 0.6636904765625 0.03 0.7113095234375 0.038333332812499996 0.7261904765625 0.065 0.7261904765625 0.11499999999999999 0.75595238125 0.13333333281249998 0.752976190625 0.175 0.7261904765625 0.19 0.6994047625 0.2033333328125 0.610119046875 0.2 0.5267857140625 0.1816666671875 0.48214285781250005 0.145 0.434523809375 0.0716666671875 0.428571428125 0.0366666671875 0.48511904687499996 0.0266666671875 0.5208333328125 0.0266666671875 0.56845238125
0 0 0.997023809375 0.13333333281249998 0.997023809375 0.1566666671875 0.9196428578125 0.1566666671875 0.860119046875 0.1366666671875 0.80654761875 0.13333333281249998 0.7767857140625 0.12166666718750001 0.7619047625 0.095 0.75595238125 0.06833333281250001 0.7321428578125 0.025 0.7321428578125 0.005 0.74404761875 0 0.752976190625 0 0.997023809375
0 0.1866666671875 0.7291666671875 0.16999999999999998 0.80654761875 0.17333333281250002 0.8482142859374999 0.1966666671875 0.9077380953124999 0.2 0.94345238125 0.2116666671875 0.9642857140625001 0.2683333328125 1 0.3 0.997023809375 0.32999999999999996 0.872023809375 0.34500000000000003 0.8452380953124999 0.3716666671875 0.8214285718750001 0.37333333281250003 0.7946428578125 0.3566666671875 0.735119046875 0.3116666671875 0.6607142859375 0.29500000000000004 0.6488095234375 0.24500000000000002 0.6488095234375 0.2216666671875 0.672619046875 0.1866666671875 0.7291666671875
0 0.3483333328125 0.8452380953124999 0.3333333328125 0.872023809375 0.3066666671875 0.9672619046875001 0.3083333328125 1 0.5566666671875 0.997023809375 0.5633333328125001 0.9672619046875001 0.5466666671875 0.9732142859374999 0.5433333328125001 0.9375 0.53 0.8958333328125001 0.5016666671875 0.8333333328125001 0.485 0.809523809375 0.465 0.797619046875 0.4183333328125 0.7857142859375 0.3983333328125 0.7916666671875 0.3483333328125 0.8452380953124999
0 0.30333333281249997 0.4791666671875 0.3 0.514880953125 0.29 0.5446428578125 0.29 0.5922619046875 0.3016666671875 0.6488095234375 0.3183333328125 0.6607142859375 0.3483333328125 0.7142857140625 0.38166666718750003 0.7380952375 0.39 0.735119046875 0.42833333281249997 0.7321428578125 0.45 0.7053571421875 0.48333333281249996 0.5863095234375 0.48333333281249996 0.5386904765625 0.45999999999999996 0.4613095234375 0.4483333328125 0.440476190625 0.40499999999999997 0.3988095234375 0.3716666671875 0.3988095234375 0.3483333328125 0.41071428593750003 0.30333333281249997 0.4791666671875
0 0.49000000000000005 0.45535714218749995 0.48333333281249996 0.491071428125 0.49000000000000005 0.56845238125 0.52 0.6517857140625 0.5483333328125 0.690476190625 0.575 0.7083333328125 0.5933333328125 0.7053571421875 0.6383333328125 0.684523809375 0.675 0.6369047625 0.6966666671875 0.5922619046875 0.6966666671875 0.491071428125 0.6766666671875 0.40178571406249997 0.6616666671875 0.375 0.6083333328125 0.3333333328125 0.5549999999999999 0.3511904765625 0.5283333328125 0.375 0.49000000000000005 0.45535714218749995
0 0.5116666671875 0.6785714281249999 0.46666666718750005 0.735119046875 0.4566666671875 0.7827380953125 0.49833333281250003 0.8214285718750001 0.5233333328125 0.8660714281249999 0.5466666671875 0.9494047625 0.5516666671875 0.9583333328125001 0.5633333328125001 0.9553571421875 0.5633333328125001 0.9910714281249999 0.58 0.9910714281249999 0.5933333328125 0.9791666671874999 0.6433333328125 0.872023809375 0.6433333328125 0.8422619046875001 0.6333333328124999 0.80654761875 0.63 0.764880953125 0.6233333328125 0.7410714281249999 0.605 0.7142857140625 0.5783333328125 0.7142857140625 0.5316666671875 0.6785714281249999 0.5116666671875 0.6785714281249999
0 0.7083333328125 0.577380953125 0.6933333328125 0.6160714281249999 0.6583333328125 0.6607142859375 0.6333333328124999 0.7172619046875 0.6333333328124999 0.764880953125 0.6599999999999999 0.8958333328125001 0.6849999999999999 0.9285714281249999 0.7333333328125 0.93154761875 0.805 0.8988095234375001 0.8166666671874999 0.877976190625 0.8300000000000001 0.81845238125 0.8333333328125001 0.735119046875 0.8466666671875 0.7053571421875 0.8400000000000001 0.6577380953125 0.8083333328125001 0.5892857140625 0.7616666671875 0.559523809375 0.7316666671875 0.559523809375 0.7083333328125 0.577380953125
0 0.8516666671875001 0.7202380953125 0.8400000000000001 0.747023809375 0.8366666671875 0.7946428578125 0.8266666671875 0.8482142859374999 0.8266666671875 0.8839285718750001 0.82 0.9017857140625001 0.82 0.9375 0.8283333328125 0.9464285718750001 0.9083333328125001 0.952380953125 0.9183333328125001 0.9642857140625001 0.93 0.9613095234375001 0.9416666671874999 0.934523809375 0.9650000000000001 0.9285714281249999 0.97 0.9136904765624999 0.97 0.8482142859374999 0.9666666671874999 0.8422619046875001 0.97 0.7232142859375 0.9550000000000001 0.690476190625 0.9349999999999999 0.672619046875 0.8816666671875 0.6785714281249999 0.8516666671875001 0.7202380953125
0 0.7833333328125 0.491071428125 0.78 0.5446428578125 0.7883333328125001 0.565476190625 0.8016666671875001 0.5714285718750001 0.8416666671874999 0.6488095234375 0.8550000000000001 0.6607142859375 0.8966666671875 0.6577380953125 0.925 0.625 0.95 0.5744047625 0.9533333328125 0.5446428578125 0.9400000000000001 0.43154761875 0.9216666671875 0.3988095234375 0.8816666671875 0.3571428578125 0.825 0.36904761875 0.8116666671875 0.38095238125 0.8 0.4077380953125 0.7833333328125 0.491071428125
0 0.7866666671875 0.3541666671875 0.79 0.3303571421875 0.7866666671875 0.2946428578125 0.7666666671875 0.23511904687500002 0.7483333328125 0.20238095312499998 0.7316666671875 0.190476190625 0.6849999999999999 0.190476190625 0.675 0.196428571875 0.6516666671875 0.2380952375 0.6316666671875 0.25 0.6166666671875001 0.27678571406249997 0.61 0.31845238125 0.615 0.3333333328125 0.655 0.3630952375 0.6733333328125 0.389880953125 0.6933333328125 0.47321428593750003 0.7016666671875 0.48809523749999995 0.72 0.48511904687499996 0.7383333328125 0.4761904765625 0.7516666671875 0.4583333328125 0.76 0.4613095234375 0.7583333328124999 0.4761904765625 0.7766666671875 0.47321428593750003 0.7933333328125001 0.389880953125 0.7933333328125001 0.372023809375 0.7866666671875 0.36607142812500004 0.7933333328125001 0.360119046875 0.7866666671875 0.3541666671875
0 0.525 0 0.51 0.0327380953125 0.4933333328125 0.116071428125 0.4933333328125 0.13988095312499998 0.5116666671875 0.1666666671875 0.5183333328125 0.1666666671875 0.5333333328125 0.1994047625 0.5549999999999999 0.28571428593750003 0.5966666671875 0.2827380953125 0.6116666671875 0.2738095234375 0.6216666671875 0.25 0.6616666671875 0.2142857140625 0.6766666671875 0.18154761875 0.6833333328125 0.13988095312499998 0.6833333328125 0.0982142859375 0.67 0.0505952375 0.6666666671875 0.014880953124999999 0.6516666671875 0 0.525 0
0 0.7633333328125 0.1755952375 0.77 0.22916666718749998 0.7933333328125001 0.3125 0.8116666671875 0.3511904765625 0.8216666671875 0.3571428578125 0.875 0.3511904765625 0.8883333328124999 0.3630952375 0.9 0.360119046875 0.9366666671875 0.3005952375 0.9466666671875 0.24107142812500001 0.9566666671874999 0.2172619046875 0.9533333328125 0.1755952375 0.9333333328125001 0.110119046875 0.8983333328124999 0.0416666671875 0.8583333328125 0.0357142859375 0.825 0.047619046875 0.78 0.116071428125 0.7633333328125 0.1755952375
0 0.6716666671875 0 0.6666666671875 0.008928571875000001 0.67 0.0208333328125 0.67 0.0446428578125 0.6799999999999999 0.0744047625 0.6799999999999999 0.08630952343750001 0.6866666671874999 0.110119046875 0.6866666671874999 0.13988095312499998 0.6799999999999999 0.1636904765625 0.6799999999999999 0.18154761875 0.6916666671875 0.184523809375 0.6950000000000001 0.190476190625 0.72 0.1875 0.745 0.184523809375 0.77 0.127976190625 0.7733333328125 0.116071428125 0.7733333328125 0.0625 0.7766666671875 0.056547618749999994 0.7733333328125 0.0327380953125 0.77 0.0208333328125 0.755 0 0.6716666671875 0
0 0.29 0.1636904765625 0.33166666718750004 0.190476190625 0.3566666671875 0.247023809375 0.3633333328125 0.2827380953125 0.36833333281249997 0.2916666671875 0.37333333281250003 0.2886904765625 0.3866666671875 0.27678571406249997 0.39 0.24107142812500001 0.4066666671875 0.1875 0.43166666718749996 0.1547619046875 0.4516666671875 0.1428571421875 0.4533333328125 0.127976190625 0.40499999999999997 0.053571428125 0.3416666671875 0.047619046875 0.3066666671875 0.1041666671875 0.29 0.1636904765625
0 0.2266666671875 0.1994047625 0.25833333281250004 0.17261904687500002 0.28500000000000003 0.1666666671875 0.30333333281249997 0.1041666671875 0.3366666671875 0.0446428578125 0.33999999999999997 0.002976190625 0.1616666671875 0 0.14666666718750002 0.1041666671875 0.1783333328125 0.13095238125 0.215 0.196428571875 0.2266666671875 0.1994047625
0 0.0216666671875 0.1369047625 0.031666667187500004 0.1428571421875 0.0433333328125 0.13988095312499998 0.058333332812500006 0.13095238125 0.0783333328125 0.13095238125 0.0983333328125 0.11309523749999999 0.125 0.10714285781249999 0.1416666671875 0.0892857140625 0.1533333328125 0.0505952375 0.1566666671875 0.002976190625 0.0016666671875 0 0 0.110119046875 0.0216666671875 0.1369047625