0 0.5265625 0.6083333328125 0.5220343749999999 0.4835375 0.5120328125 0.46686666718750003 0.5057828125 0.4418583328125 0.4921875 0.39791666718749996 0.4421875 0.33125 0.4203125 0.32083333281250004 0.378125 0.32083333281250004 0.340625 0.3416666671875 0.309375 0.38125 0.2984375 0.42083333281249996 0.3046875 0.48333333281249996 0.3265625 0.54375 0.38125 0.6458333328125 0.434375 0.6708333328125 0.463275 0.66025625 0.4857796875 0.6502520828125 0.513284375 0.6269125 0.5265625 0.6083333328125
0 0.1234375 0 0.121875 0.0395833328125 0.1375 0.0770833328125 0.2015625 0.15625 0.2421875 0.1895833328125 0.309375 0.20625 0.371875 0.20833333281250002 0.4109375 0.1916666671875 0.428125 0.16458333281249998 0.43125 0.1208333328125 0.41875 0.0666666671875 0.3953125 0.0333333328125 0.3546875 0.0020833328125000002 0.3140625 0 0.2640625 0.0125 0.246875 0 0.1234375 0
0 0.3375 0.23958333281250002 0.3140625 0.2208333328125 0.2859375 0.21875 0.2640625 0.225 0.234375 0.2479166671875 0.215625 0.28125 0.2125 0.33541666718749996 0.2171875 0.36875 0.25 0.39791666718749996 0.2921875 0.40208333281249997 0.3234375 0.3604166671875 0.35625 0.33125 0.353125 0.28958333281250004 0.3375 0.23958333281250002
0 0.365625 0.8520833328125 0.4359375 0.7458333328125 0.4390625 0.69375 0.4328125 0.6708333328125 0.3890625 0.6520833328125 0.35625 0.5958333328125 0.340625 0.5958333328125 0.2359375 0.6270833328125 0.209375 0.64375 0.1890625 0.6729166671875 0.159375 0.7666666671875 0.15625 0.8270833328125 0.1640625 0.8604166671875 0.1890625 0.9020833328125001 0.2046875 0.9104166671874999 0.2421875 0.9083333328125001 0.3421875 0.875 0.365625 0.8520833328125
0 0.6453125 0.6895833328125 0.646875 0.6625 0.625 0.6291666671875 0.603125 0.6104166671875 0.552040625 0.6185770828125 0.509375 0.65625 0.4046875 0.7833333328125 0.3609375 0.86875 0.35625 0.9145833328125 0.3640625 0.9458333328125 0.4078125 0.99375 0.4546875 1 0.5015625 0.9708333328125001 0.5203125 0.9395833328125001 0.5578125 0.83125 0.6453125 0.6895833328125
0 0.690625 1 0.709375 0.99375 0.7578125 0.95 0.803125 0.8708333328125001 0.8328125 0.7770833328125 0.8375 0.74375 0.834375 0.6854166671875 0.825 0.65625 0.7984375 0.6125 0.7640625 0.5895833328125 0.7359375 0.5875 0.7015625 0.6041666671875 0.665625 0.6416666671875 0.625 0.7208333328125 0.5421875 0.8541666671874999 0.5265625 0.8979166671875 0.5234375 0.9354166671874999 0.528125 0.9645833328125001 0.54375 1 0.690625 1
0 0.9515625 1 0.965625 0.9625 0.971875 0.85 0.9640625 0.7833333328125 0.9375 0.7416666671875001 0.90625 0.7354166671875 0.8828125 0.7416666671875001 0.8578125 0.7666666671875 0.8328125 0.8333333328125001 0.8265625 0.9354166671874999 0.8328125 0.9666666671874999 0.8515625 1 0.9515625 1
0 0.6765625 0.3395833328125 0.6546875 0.31875 0.628125 0.3125 0.60625 0.32083333281250004 0.5921875 0.3416666671875 0.578125 0.40416666718750005 0.5875 0.49375 0.603125 0.5458333328125 0.6203125 0.5729166671875 0.653125 0.58125 0.684375 0.55625 0.709375 0.4166666671875 0.7015625 0.3791666671875 0.6765625 0.3395833328125
0 0.8640625 0.425 0.8796875 0.3854166671875 0.8796875 0.35 0.8671875 0.3 0.8390625 0.23541666718749998 0.8109375 0.1916666671875 0.74375 0.13333333281249998 0.7078125 0.12291666718750001 0.6703125 0.14375 0.6453125 0.20416666718749998 0.64375 0.2666666671875 0.6609375 0.31875 0.696875 0.375 0.7140625 0.43125 0.73125 0.4458333328125 0.759375 0.4625 0.7890625 0.46875 0.8421875 0.45 0.8640625 0.425
0 0.6109375 0 0.5421875 0.0083333328125 0.525 0.029166667187500002 0.521875 0.058333332812500006 0.534375 0.125 0.5046875 0.17916666718750002 0.5 0.21875 0.5109375 0.25625 0.53125 0.27291666718749996 0.5890625 0.27291666718749996 0.609375 0.2625 0.65625 0.18125 0.6640625 0.1375 0.65625 0.054166667187499996 0.659375 0.0229166671875 0.6515625 0 0.6109375 0
0 1 0.14791666718750002 0.965625 0.12291666718750001 0.9359375 0.12291666718750001 0.9140625 0.13333333281249998 0.88125 0.1708333328125 0.8625 0.2270833328125 0.8625 0.2833333328125 0.8875 0.3645833328125 0.9109375 0.40416666718750005 0.9375 0.41875 0.9734375 0.4166666671875 1 0.40208333281249997 1 0.14791666718750002
0 0.18125 0.35 0.1578125 0.35 0.1171875 0.3791666671875 0.1015625 0.425 0.103125 0.46875 0.1328125 0.5375 0.2078125 0.6041666671875 0.2515625 0.6208333328125 0.3546875 0.5958333328125 0.3 0.46666666718750005 0.2515625 0.4 0.2125 0.3625 0.18125 0.35
0 0.1578125 1 0.1734375 0.9625 0.171875 0.9291666671875 0.1625 0.9 0.1359375 0.8645833328125001 0.1015625 0.84375 0.0875 0.84375 0.009375 0.9104166671874999 0.003125 0.9604166671875 0.009375 0.9770833328125 0.0296875 1 0.1578125 1
0 0.521875 0.2875 0.4984375 0.3479166671875 0.5015625 0.40625 0.5328125 0.43958333281249995 0.559375 0.43541666718750005 0.5765625 0.42083333281249996 0.5796875 0.38125 0.596875 0.3229166671875 0.5828125 0.2791666671875 0.553125 0.2666666671875 0.521875 0.2875
0 0.8828125 0.3791666671875 0.8421875 0.45625 0.8484375 0.5375 0.8796875 0.5604166671875 0.934375 0.5625 0.95625 0.5395833328124999 0.9703125 0.5041666671875 0.9734375 0.46666666718750005 0.96875 0.44375 0.9609375 0.425 0.925 0.41875 0.8828125 0.3791666671875
0 0.1671875 0.23046875 0.159375 0.2578125
0 0.42734375 0.28515625 0.1453125 0.1875
0 0.4765625 0.11875 0.0984375 0.2265625
0 0.79296875 0.096875 0.16875 0.171875
0 0.940625 0.06796875 0.11875 0.13125
0 0.625 0.27734375 0.065625 0.096875
0 0.73046875 0.54921875 0.21875 0.1859375
0 0.5796875 0.51484375 0.084375 0.1671875
0 0.87578125 0.65546875 0.1046875 0.1984375
0 0.96484375 0.6875 0.0703125 0.1921875
0 0.26484375 0.928125 0.1890625 0.14375
0 0.12265625 0.69296875 0.18125 0.315625
0 0.05078125 0.790625 0.1015625 0.19375
0 0.03203125 0.51640625 0.0578125 0.165625
0 0.0765625 0.3984375 0.14375 0.28125
0 0.0359375 0.19921875 0.0703125 0.2015625
0 0.07265625 0.0734375 0.115625 0.146875