0 0.20390625 0.6171875 0.1671875 0.3375
0 0.38515625 0.66796875 0.175 0.3421875
0 0.51328125 0.46953125 0.16875 0.271875
0 0.68984375 0.8984375 0.2171875 0.203125
0 0.3921875 0.92578125 0.203125 0.1484375
0 0.16953125 0.9203125 0.215625 0.1578125
0 0.0640625 0.625 0.128125 0.2765625
0 0.078125 0.84921875 0.15625 0.3015625
0 0.125 0.4515625 0.1484375 0.171875
0 0.1234375 0.23828125 0.13125 0.215625
0 0.05546875 0.15703125 0.1109375 0.3140625
0 0.14765625 0.04921875 0.128125 0.0984375
0 0.2296875 0.278125 0.146875 0.2609375
0 0.3546875 0.38359375 0.171875 0.2203125
0 0.33359375 0.16640625 0.1421875 0.225
0 0.60546875 0.67734375 0.178125 0.240625
0 0.8890625 0.83359375 0.221875 0.2359375
0 0.453125 0.09296875 0.14375 0.1859375
0 0.5125 0.2046875 0.1234375 0.203125
0 0.59453125 0.09296875 0.15625 0.1640625
0 0.646875 0.25546875 0.1078125 0.2390625
0 0.721875 0.1125 0.0984375 0.18125
0 0.85234375 0.253125 0.11875 0.25625
0 0.7390625 0.2421875 0.1125 0.2
0 0.828125 0.059375 0.1078125 0.11875
0 0.95703125 0.084375 0.0828125 0.16875