0 0.071875 0.09765625 0.14375 0.1953125
0 0.265625 0.0609375 0.1578125 0.121875
0 0.39453125 0.07578125 0.153125 0.1515625
0 0.47109375 0.04140625 0.0859375 0.0828125
0 0.6109375 0.03046875 0.1421875 0.0609375
0 0.85625 0.04921875 0.1703125 0.0984375
0 0.7015625 0.0890625 0.1859375 0.178125
0 0.92734375 0.134375 0.1453125 0.225
0 0.8390625 0.28828125 0.2109375 0.225
0 0.91953125 0.384375 0.1609375 0.1796875
0 0.9375 0.58515625 0.125 0.221875
0 0.95546875 0.81953125 0.0890625 0.1765625
0 0.80234375 0.8578125 0.2078125 0.128125
0 0.5453125 0.84765625 0.1921875 0.1765625
0 0.3703125 0.78984375 0.159375 0.2125
0 0.25390625 0.88984375 0.13125 0.0875
0 0.08515625 0.76484375 0.165625 0.1828125
0 0.0265625 0.86640625 0.053125 0.0921875
0 0.00546875 0.62265625 0.0109375 0.1140625
0 0.0296875 0.3875 0.059375 0.1890625
0 0.125 0.31953125 0.1828125 0.221875
0 0.278125 0.23515625 0.1578125 0.196875
0 0.52109375 0.240625 0.165625 0.234375
0 0.64375 0.28984375 0.1609375 0.18125
0 0.84609375 0.3 0.1953125 0.2203125
0 0.77578125 0.4671875 0.196875 0.203125
0 0.57578125 0.49765625 0.18125 0.2453125
0 0.36484375 0.3921875 0.15625 0.18125
0 0.2015625 0.45703125 0.1609375 0.203125
0 0.19296875 0.6453125 0.16875 0.2046875
0 0.37109375 0.57109375 0.153125 0.221875
0 0.625 0.68671875 0.175 0.25
0 0.7625 0.6890625 0.1703125 0.20625