0 0.41982395781250004 0.8568877546874999 0.4156142359375 0.8375 0.415231534375 0.8135204078125 0.40815155000000003 0.805102040625 0.3951396859375 0.8005102046875001 0.36337543125 0.7954081625 0.32127822500000003 0.794897959375 0.2929582859375 0.7994897953125 0.2853042484375 0.8025510203125 0.282625334375 0.8056122453125001 0.265786453125 0.8107142859375 0.2516264828125 0.8122448984374999 0.226368159375 0.8214285718750001 0.2068503640625 0.8214285718750001 0.19575200937499998 0.8255102046875 0.142173746875 0.8607142859374999 0.137198621875 0.8668367343750001 0.129544584375 0.8668367343750001 0.12227324843750001 0.8734693874999999 0.11653272031249999 0.8755102046875001 0.0928052046875 0.8954081625000001 0.077305778125 0.9140306125000001 0.0711825484375 0.930867346875 0.07003444375 0.9405612250000001 0.070799846875 0.9625 0.0792192875 0.9793367343750001 0.0901262921875 0.993367346875 0.0977803296875 0.9989795921875 0.11098354375 0.9992346937500001 0.1249521625 0.9959183671874999 0.13911213125 0.9872448984375 0.1666666671875 0.9637755109375 0.2190968234375 0.9244897953125 0.2784156140625 0.88520408125 0.28913126718750004 0.880102040625 0.351894375 0.8709183671874999 0.3982013015625 0.8688775515625 0.41542288593750004 0.8642857140625001 0.41982395781250004 0.8568877546874999
0 0.49119785625 1 0.4952162265625 0.9987244890625 0.4843092234375 0.9892857140625001 0.447187140625 0.9683673468749999 0.4066207421875 0.9510204078125 0.38136241875 0.9464285718750001 0.367967853125 0.9469387749999999 0.3262533484375 0.956632653125 0.31400688906249996 0.9576530609375 0.282625334375 0.9688775515625 0.26272483750000003 0.9709183671874999 0.2439724453125 0.9760204078125 0.2305778796875 0.9760204078125 0.20723306562500002 0.9801020406250001 0.184270953125 0.9872448984375 0.17814772343750002 0.9908163265625 0.17221584375000001 0.9987244890625 0.1800612328125 1 0.19613471093749998 1 0.3218522765625 1 0.47206276249999995 1 0.49119785625 1
0 0.9841178718749999 0.727040815625 0.9883275921875001 0.719897959375 0.9925373140625 0.718367346875 0.995024875 0.7114795921875 0.9996172984375 0.7068877546875 0.9998086484375 0.4887755109375 0.962495215625 0.533928571875 0.953310371875 0.5512755109375 0.9446995796875 0.5627551015625001 0.9332185234375 0.5714285718750001 0.907577496875 0.6015306125000001 0.906238040625 0.607397959375 0.89934940625 0.619132653125 0.878109453125 0.6489795921875 0.8532338312500001 0.6755102046875 0.8230003828125 0.7005102046875 0.790088021875 0.7357142859375 0.7344048984375 0.8181122453125 0.7275162640625 0.8323979593749999 0.721393034375 0.8548469390625 0.7202449296875 0.8767857140625 0.7217757359375 0.889540815625 0.7286643703125 0.9053571421875001 0.73344814375 0.9096938781249999 0.73842326875 0.918367346875 0.7529659390625 0.9290816328125 0.770378875 0.9298469390624999 0.7782242640625 0.9280612250000001 0.7893226171875 0.9209183671875 0.8272101031249999 0.8780612250000001 0.8673938 0.8428571421875001 0.9056639875 0.8035714281249999 0.9462303859375 0.7678571421875 0.9577114421875 0.753571428125 0.9619211640625001 0.7515306125000001 0.96804439375 0.7423469390624999 0.9841178718749999 0.727040815625
0 1 0.334438775 0.9963643328125 0.334693878125 0.9959816296874999 0.33826530625 0.9921546109375001 0.3387755109375 0.989092996875 0.343367346875 0.9845005734375001 0.3408163265625 0.9799081515625 0.3438775515625 0.9764638343750001 0.35 0.969957903125 0.355102040625 0.9542671265625 0.37295918437500003 0.9492920015624999 0.3760204078125 0.9362801375 0.391836734375 0.9179104484374999 0.4061224484375 0.9006888640625 0.42448979531250003 0.8945656328125 0.428571428125 0.8811710671874999 0.444897959375 0.816877153125 0.5076530609375001 0.7751626484374999 0.53826530625 0.719288175 0.5739795921875 0.6821660921875 0.6045918375 0.6636050515624999 0.62729591875 0.6542288562499999 0.6438775515625 0.630884040625 0.6678571421874999 0.6107921921874999 0.69617346875 0.6039035593750001 0.709438775 0.600267890625 0.7275510203125 0.5922311515625001 0.728571428125 0.581132796875 0.733163265625 0.5348258703125001 0.76632653125 0.5214313046875 0.7739795921875 0.5080367390625 0.7857142859375 0.476272484375 0.805102040625 0.46823574375000004 0.8127551015625001 0.44986605468749996 0.8193877546874999 0.4334098734375 0.8311224484374999 0.43666283906250003 0.8369897953125 0.4362801375 0.8415816328125001 0.438002296875 0.8438775515625 0.45139686250000005 0.8387755109375 0.45445847656250005 0.8341836734375001 0.458668196875 0.8321428578125 0.46708763906249995 0.8321428578125 0.47053195625 0.8265306125 0.475124378125 0.822959184375 0.4812476078125 0.8214285718750001 0.48660543437500003 0.8158163265624999 0.5015308078125 0.8107142859375 0.5080367390625 0.8045918375 0.548985840625 0.780102040625 0.5570225796875 0.7734693874999999 0.576540375 0.7622448984375 0.5807500953125 0.76020408125 0.5813241484375 0.7614795921875 0.5801760421875 0.7686224484374999 0.569460390625 0.7849489796875 0.5179869874999999 0.853061225 0.5118637578125 0.8576530609375 0.49961729843749997 0.875 0.48660543437500003 0.881632653125 0.482778415625 0.8954081625000001 0.47053195625 0.8979591843750001 0.46460007656249996 0.9048469390625 0.46268656718749995 0.908928571875 0.461155759375 0.930867346875 0.46287791875 0.9326530609375 0.468809796875 0.9329081625000001 0.47091465781249997 0.9326530609375 0.4770378875 0.9239795921875 0.4984691921875 0.905102040625 0.5007654031250001 0.8994897953125 0.51148105625 0.893367346875 0.5195177953125001 0.8795918374999999 0.52946804375 0.8744897953124999 0.5359739765625 0.859693878125 0.546689628125 0.8545918374999999 0.5589360890624999 0.8408163265624999 0.5780711828125 0.81479591875 0.5841944125 0.8107142859375 0.596440871875 0.7928571421874999 0.607730578125 0.7813775515625 0.623230003125 0.7494897953125 0.6354764640624999 0.744897959375 0.6431305015625 0.7357142859375 0.6641791046875001 0.7306122453125 0.6756601609375 0.721428571875 0.6909682359375 0.7132653062500001 0.740336778125 0.703571428125 0.7617680828125 0.696938775 0.770952928125 0.690306121875 0.8061615 0.6760204078125 0.8214695750000001 0.6678571421874999 0.8800229625 0.6234693874999999 0.8907386140625 0.61326530625 0.8945656328125 0.6061224484375 0.9003061609375 0.6040816328124999 0.9194412546875 0.58367346875 0.9492920015624999 0.5438775515625001 0.9642173749999999 0.528571428125 1 0.4849489796875 1 0.3732142859375 0.9946421734375 0.37117346875 0.99617298125 0.3665816328125 1 0.3625 1 0.334438775
0 0.9996172984375 0.3063775515625 1 0.2334183671875 0.9810562578124999 0.23571428593750002 0.9642173749999999 0.240306121875 0.91714504375 0.2612244890625 0.87122081875 0.29132653125 0.843666284375 0.3142857140625 0.7962112515624999 0.3454081625 0.69517795625 0.4005102046875 0.6783390734375 0.4056122453125 0.6469575203125 0.421938775 0.62361270625 0.431632653125 0.5876387296875001 0.43367346875 0.5612323 0.44132653125 0.5342518171874999 0.4446428578125 0.53693073125 0.46556122499999997 0.5399923453125 0.47117346875 0.5399923453125 0.49923469374999996 0.5413318031250001 0.5025510203125 0.5451588218750001 0.5025510203125 0.576540375 0.51632653125 0.58802143125 0.5193877546875 0.6247608109375 0.5188775515625 0.64657481875 0.5234693874999999 0.6584385765625 0.5295918375 0.6854190578125 0.5313775515625 0.7261768078124999 0.521428571875 0.7747799468750001 0.503571428125 0.808075009375 0.48673469375 0.8490241109375001 0.4571428578125 0.9110218140624999 0.3954081625 0.943168771875 0.35612244843749996 0.9607730578125 0.3428571421875 0.9760811328125 0.3265306125 0.9879448906249999 0.318367346875 0.9996172984375 0.3063775515625
0 0.7874091078125 0.319897959375 0.8103712203125 0.29285714218750003 0.8164944515625001 0.2821428578125 0.8199387671875 0.281632653125 0.8318025265625 0.265306121875 0.83792575625 0.26020408125 0.8432835828125 0.2515306125 0.8626100265625001 0.2303571421875 0.8702640640625001 0.21301020468749998 0.8702640640625001 0.20382653125 0.8660543437499999 0.1890306125 0.8660543437499999 0.1829081625 0.8631840796875 0.17704081562500001 0.8497895140624999 0.1760204078125 0.8383084578125001 0.178061225 0.808075009375 0.1877551015625 0.79468044375 0.196428571875 0.7881745125 0.196938775 0.7728664375000001 0.2040816328125 0.7598545734375 0.2061224484375 0.7411021812499999 0.2158163265625 0.7016838875 0.22704081562499998 0.6151932640625 0.258163265625 0.523727515625 0.296938775 0.46326062031250004 0.3137755109375 0.3779181015625 0.33010204062500004 0.3675851515625 0.3377551015625 0.350172215625 0.355867346875 0.3478760046875 0.37117346875 0.3524684265625 0.3818877546875 0.3568694984375 0.38367346874999997 0.37830080312500003 0.40306122499999997 0.41886720312500003 0.42397959218750003 0.447187140625 0.430102040625 0.474358975 0.44030612187499996 0.504401071875 0.4436224484375 0.555491771875 0.43826530625000004 0.578453884375 0.433163265625 0.6201683890624999 0.4188775515625 0.6297359359375 0.4173469390625 0.6798698812499999 0.3959183671875 0.7139303484374999 0.37704081562499997 0.7219670875 0.375 0.7407194796875001 0.36326530625000003 0.754496746875 0.3525510203125 0.7874091078125 0.319897959375
0 0.77420589375 0.1436224484375 0.7738231921875001 0.13545918437499999 0.7713356296875 0.13061224531249999 0.7686567171875 0.1290816328125 0.759471871875 0.1275510203125 0.73842326875 0.11887755156249999 0.721201684375 0.1173469390625 0.703597396875 0.1193877546875 0.6611174890625 0.1326530609375 0.5535782625000001 0.16020408125000002 0.49923459687499994 0.1693877546875 0.4345579796875 0.18367346874999999 0.4085342515625 0.19132653125000001 0.370646765625 0.20765306093749997 0.324722540625 0.23571428593750002 0.3178339078125 0.23673469374999997 0.2986988140625 0.2459183671875 0.278798315625 0.2607142859375 0.2707615765625 0.26326530625 0.2610026796875 0.272193878125 0.25373134375 0.2931122453125 0.2590891703125 0.3084183671875 0.26693455781250003 0.3193877546875 0.2795637203125 0.3239795921875 0.296402603125 0.3239795921875 0.31592039843749997 0.3290816328125 0.32950631406249997 0.32882653125 0.38786835000000003 0.3265306125 0.47168006093750003 0.3107142859375 0.53444316875 0.29132653125 0.607921928125 0.25918367343750004 0.6917336390625 0.2290816328125 0.711251434375 0.21887755156250002 0.7445464984375 0.1938775515625 0.7527745890624999 0.1834183671875 0.7719096828125 0.15178571406250002 0.77420589375 0.1436224484375
0 0.9244163796875 0.119897959375 0.9420206656250001 0.11428571406250002 0.9492920015624999 0.10714285781249999 0.9577114421875 0.10306122499999999 0.959816303125 0.0997448984375 0.9601990046875001 0.0890306125 0.9563719859375001 0.0584183671875 0.948335246875 0.038520407812500004 0.931687715625 0.016836734375000002 0.9102564109375001 0.0005102046875000001 0.6982395718750001 0.0005102046875000001 0.65958668125 0.0234693875 0.58036739375 0.08112244843750001 0.5474550328125 0.11428571406250002 0.5451588218750001 0.1204081625 0.540183696875 0.121428571875 0.5154994265624999 0.1466836734375 0.51396861875 0.15229591874999998 0.5086107921874999 0.157397959375 0.507079984375 0.1625 0.5099502484375 0.1658163265625 0.5181783390625 0.166071428125 0.6048603140625 0.1459183671875 0.7081898203125 0.11632653125 0.73459625 0.11632653125 0.7445464984375 0.11836734687499999 0.7610026796875 0.12551020468750002 0.8203214703124999 0.106632653125 0.847493303125 0.10510204062499999 0.8639494828125001 0.10714285781249999 0.9026023734375 0.11887755156249999 0.9244163796875 0.119897959375
0 0 0.43596938749999997 0.006505931249999999 0.43903061250000003 0.0049751249999999995 0.4446428578125 0.0024875624999999998 0.4454081625 0.00114810625 0.4497448984375 0.0040183703125 0.45663265312499995 0.01645618125 0.46096938749999994 0.0279372375 0.45280612187499997 0.0329123609375 0.4400510203125 0.0432453125 0.42882653125000003 0.0463069265625 0.414540815625 0.053004209375 0.40714285781250004 0.0820895515625 0.3989795921875 0.09510141562499999 0.3928571421875 0.10313815468750001 0.381632653125 0.114045159375 0.37117346875 0.11595866875000001 0.36709183749999996 0.11481056249999999 0.35484693906250003 0.1023727515625 0.3494897953125 0.0958668203125 0.3362244890625 0.08974358906249999 0.3357142859375 0.0864906234375 0.3329081625 0.08610792187500001 0.32423469374999997 0.0916570984375 0.31887755156250003 0.17661691562499998 0.29132653125 0.1865671640625 0.28520408124999996 0.1884806734375 0.2821428578125 0.203406046875 0.2877551015625 0.204745503125 0.2875 0.20417144999999998 0.281632653125 0.20838117031249997 0.2826530609375 0.2116341375 0.2869897953125 0.2120168390625 0.2931122453125 0.213547646875 0.29413265312500003 0.21431304999999998 0.2987244890625 0.218714121875 0.3005102046875 0.2196708765625 0.2982142859375 0.21660926093750002 0.2920918375 0.21928817500000003 0.2880102046875 0.2169919625 0.2813775515625 0.213738996875 0.2795918375 0.2106773828125 0.2739795921875 0.20493685468749998 0.271938775 0.21756601562500003 0.27142857187499997 0.22789896718749997 0.2734693875 0.2566016078125 0.2704081625 0.2688480671875 0.26173469374999997 0.2814772296875 0.2571428578125 0.2994642171875 0.2428571421875 0.3197474171875 0.23418367343750002 0.336203596875 0.21887755156250002 0.36777650156249997 0.183928571875 0.3754305390625 0.17270408125 0.385763490625 0.15076530625 0.3899732109375 0.12933673437499998 0.3899732109375 0.12117346874999999 0.3869115953125 0.10943877500000002 0.3800229625 0.0936224484375 0.3702640640625 0.08520408125 0.35840030624999997 0.08112244843750001 0.3484500578125 0.081632653125 0.32740145468750004 0.09081632656250001 0.288748565625 0.122959184375 0.26693455781250003 0.14693877500000002 0.2179487171875 0.1938775515625 0.19001148125 0.21479591875 0.16590126249999998 0.2290816328125 0.161308840625 0.23418367343750002 0.1567164171875 0.234693878125 0.1417910453125 0.225 0.1375813234375 0.225 0.1337543046875 0.2193877546875 0.11806352812500001 0.21020408124999998 0.11040949062500001 0.203571428125 0.10084194375 0.2 0.09510141562499999 0.20153061249999998 0.0933792578125 0.204336734375 0.096440871875 0.20943877500000002 0.0966322234375 0.21479591875 0.098928434375 0.215306121875 0.1023727515625 0.2122448984375 0.121890546875 0.22857142812500003 0.1299272859375 0.2239795921875 0.129353234375 0.2349489796875 0.143513203125 0.24617346874999999 0.130692690625 0.2474489796875 0.10619977031250001 0.2658163265625 0.097014925 0.269897959375 0.0901262921875 0.278571428125 0.08438576406250001 0.2821428578125 0.0673555296875 0.302806121875 0.05931879062499999 0.3170918375 0.0443934171875 0.3375 0.035591275 0.35535714218750003 0.030042096875 0.3627551015625 0.0200918484375 0.36581632656249996 0.008228090625 0.3637755109375 0 0.365561225 0 0.43596938749999997
0 0.3779181015625 0.08979591875000001 0.38805970156249997 0.1053571421875 0.3911213171875 0.1283163265625 0.3888251046875 0.145663265625 0.3848067359375 0.15714285781249998 0.4142747796875 0.1627551015625 0.46287791875 0.16020408125000002 0.484691925 0.155102040625 0.49789513906250005 0.14260204062499998 0.5066972828125 0.1201530609375 0.5078453890625 0.0936224484375 0.5063145812500001 0.084438775 0.5009567546875 0.0737244890625 0.48660543437500003 0.062244898437499994 0.40815155000000003 0.0423469390625 0.317068503125 0.0372448984375 0.24741676250000003 0.03979591875 0.1892460765625 0.046428571875000005 0.1643704546875 0.052040815625 0.1100267890625 0.07346938750000001 0.0943360125 0.084693878125 0.0864906234375 0.09566326562500001 0.08304630625000001 0.10433673437499999 0.08151549999999999 0.11352040781249999 0.08304630625000001 0.12321428593749999 0.10466896249999999 0.1459183671875 0.11806352812500001 0.1688775515625 0.1305013390625 0.170663265625 0.19651741250000002 0.16632653125000002 0.2125908921875 0.1622448984375 0.24512055156249998 0.1591836734375 0.25507080000000004 0.1561224484375 0.307883659375 0.1045918375 0.33161117500000004 0.0877551015625 0.351511671875 0.0806122453125 0.36146192187500004 0.08112244843750001 0.372942978125 0.08520408125 0.3779181015625 0.08979591875000001
0 0.347684653125 0.5112244890625 0.3683505546875 0.5183673468750001 0.4027937234375 0.5239795921875 0.42422502812499996 0.5244897953125001 0.4391504015625 0.521428571875 0.460964409375 0.508163265625 0.4779946421875 0.48698979531250003 0.48105625781250005 0.47270408125 0.4768465359375 0.4579081625 0.4695752015625 0.4451530609375 0.46287791875 0.4392857140625 0.43991580625 0.4295918375 0.4219288171875 0.427040815625 0.4108304625 0.42295918437499996 0.3779181015625 0.4040816328125 0.3649062375 0.4010204078125 0.337351703125 0.3908163265625 0.333524684375 0.3877551015625 0.267317259375 0.3760204078125 0.2122081890625 0.37704081562499997 0.17240719531249998 0.38673469374999997 0.098928434375 0.4142857140625 0.05989284375 0.44030612187499996 0.0392269421875 0.458163265625 0.0225794109375 0.479336734375 0.014542671875 0.494132653125 0.010715653125 0.5119897953125 0.0118637578125 0.5283163265625 0.0156907765625 0.540561225 0.0231534640625 0.5510204078125 0.0346345203125 0.55867346875 0.050516646875 0.560459184375 0.0709911984375 0.5535714281249999 0.083620359375 0.5438775515625001 0.1203597390625 0.522959184375 0.15327210156249998 0.51479591875 0.1762342140625 0.5122448984375 0.2631075390625 0.4943877546875 0.27994642187499996 0.4938775515625 0.31400688906249996 0.4974489796875 0.3319938765625 0.5025510203125 0.347684653125 0.5112244890625
0 0.44603903593750005 0.63673469375 0.4590509 0.6295918375 0.46766169218750003 0.6196428578125001 0.4734022203125 0.6012755109375 0.47493302656249997 0.585459184375 0.46995790312499996 0.5635204078125 0.45981630312500005 0.5484693875 0.4429774203125 0.53367346875 0.42422502812499996 0.5265306125 0.3943742828125 0.5244897953125001 0.34462303906249997 0.5153061218749999 0.297933409375 0.5122448984375 0.25928052031250004 0.5066326531249999 0.23287409062500003 0.5061224484375 0.2026406421875 0.5091836734374999 0.1735553 0.5153061218749999 0.1494450828125 0.527040815625 0.1368159203125 0.5295918375 0.10084194375 0.5428571421874999 0.08438576406250001 0.5515306125 0.0786452359375 0.55867346875 0.0736701109375 0.5607142859375001 0.0671641796875 0.5678571421874999 0.0587447375 0.5729591843749999 0.0533869109375 0.5734693875 0.045541523437499995 0.5808673468750001 0.042862609375 0.6017857140625 0.04726368125 0.6091836734375 0.0507079984375 0.6122448984375 0.059127439062499995 0.61326530625 0.0767317265625 0.6311224484375 0.09816303125 0.6403061218749999 0.1067738234375 0.640561225 0.13643321875 0.6377551015625 0.15442020625 0.633163265625 0.168962878125 0.6244897953125 0.22254114062500002 0.61632653125 0.267317259375 0.616836734375 0.3101798703125 0.6209183671875 0.3893991578125 0.621938775 0.4161882890625 0.6275510203125 0.43111366249999994 0.63673469375 0.44603903593750005 0.63673469375
0 0.137198621875 0.8255102046875 0.1555683125 0.828571428125 0.18503635624999998 0.830102040625 0.20838117031249997 0.8183673468749999 0.22828166875 0.8178571421875 0.252009184375 0.8107142859375 0.25507080000000004 0.8071428578125 0.2623421359375 0.808163265625 0.270952928125 0.8048469390624999 0.26349024062500004 0.8025510203125 0.25507080000000004 0.8035714281249999 0.2523918875 0.8015306125 0.23823191718749998 0.8005102046875001 0.1762342140625 0.7984693875 0.17259854531250002 0.7890306125000001 0.17145044062499998 0.77423469375 0.17259854531250002 0.7517857140624999 0.1706850359375 0.745663265625 0.17259854531250002 0.729336734375 0.178721775 0.722193878125 0.178721775 0.716071428125 0.1750861078125 0.7147959187499999 0.1341370078125 0.728061225 0.11768082656250001 0.7362244890625 0.079793340625 0.7622448984375 0.07060849531249999 0.7755102046875 0.06257175625 0.7744897953125001 0.05491771875 0.7775510203125 0.040757749999999995 0.7790816328125 0.0001913515625 0.79132653125 0 0.8686224484375 0.00114810625 0.8686224484375 0.044584768749999996 0.8520408156249999 0.066398775 0.8387755109375 0.0832376578125 0.8372448984374999 0.08036739375 0.8313775515625 0.08036739375 0.8262755109375 0.0824722546875 0.8255102046875 0.0859165703125 0.828571428125 0.0928052046875 0.8290816328125 0.1016073484375 0.8260204078125 0.137198621875 0.8255102046875
0 0.5176042859375001 0.7744897953125001 0.523727515625 0.771938775 0.5493685421875 0.7525510203125 0.5627631078124999 0.744897959375 0.56505931875 0.74132653125 0.576540375 0.73520408125 0.5799846921875 0.7306122453125 0.59070034375 0.727040815625 0.5916570984375 0.7216836734375 0.5581706843750001 0.718367346875 0.527554534375 0.7122448984374999 0.504592421875 0.7061224484374999 0.49387677031250005 0.702040815625 0.4869881359375 0.696938775 0.4785686953125 0.694897959375 0.4345579796875 0.6928571421874999 0.4249904328125 0.6938775515625 0.39934940625 0.703061225 0.37102946875 0.721428571875 0.3568694984375 0.7346938781250001 0.352659778125 0.7346938781250001 0.3465365484375 0.733163265625 0.3415614234375 0.728571428125 0.333524684375 0.7255102046874999 0.329697665625 0.7295918375 0.327210103125 0.7267857140625 0.32854955937499997 0.721428571875 0.30214313125 0.7061224484374999 0.29027937187499997 0.705102040625 0.286452353125 0.7025510203125 0.27420589375 0.7025510203125 0.27152698124999997 0.7 0.25889781875 0.7010204078125 0.254305396875 0.6989795921875 0.24320704218750003 0.7005102046875 0.2324913890625 0.6943877546875 0.209911978125 0.690306121875 0.1838882515625 0.690306121875 0.18178339062499999 0.6941326531249999 0.1827401453125 0.6964285718750001 0.1884806734375 0.6959183671875 0.1923076921875 0.6984693875 0.20417144999999998 0.6994897953125 0.20780711875 0.7058673468750001 0.20417144999999998 0.708163265625 0.19613471093749998 0.708163265625 0.1923076921875 0.705102040625 0.1846536546875 0.7056122453125 0.17661691562499998 0.7239795921875001 0.172789896875 0.7193877546875 0.170302334375 0.7216836734375 0.17336395 0.7267857140625 0.17336395 0.7329081625 0.16953693125 0.7436224484375 0.1758515109375 0.752040815625 0.1903941828125 0.753061225 0.1980482203125 0.7561224484375 0.23210868750000002 0.76173469375 0.23459625 0.7635204078125 0.234213546875 0.769132653125 0.23842326875 0.7737244890625 0.23593570625 0.7760204078124999 0.23210868750000002 0.772959184375 0.22368924531249998 0.7744897953125001 0.21335629531250003 0.780102040625 0.19575200937499998 0.7790816328125 0.1873325671875 0.7806122453125 0.178530425 0.778061225 0.17661691562499998 0.771428571875 0.174129353125 0.7926020406250001 0.1745120546875 0.7966836734375 0.17661691562499998 0.7994897953125 0.180443934375 0.7974489796875 0.19613471093749998 0.796938775 0.20799846875 0.7989795921875 0.22828166875 0.797959184375 0.23861461875 0.7994897953125 0.24320704218750003 0.797959184375 0.25507080000000004 0.7994897953125 0.25928052031250004 0.7974489796875 0.286452353125 0.7974489796875 0.31821660937499996 0.7908163265625 0.329697665625 0.7852040812500001 0.3503635671875 0.7857142859375 0.3572522 0.7872448984375 0.36873325625 0.7938775515625001 0.39667049374999996 0.7984693875 0.42269422187499994 0.8117346937500001 0.4347493296875 0.8130102046875001 0.4372368921875 0.8122448984374999 0.44048985781249994 0.8053571421875001 0.445656334375 0.7994897953125 0.45484117812499997 0.7938775515625001 0.47014925312500006 0.7892857140625 0.47818599375000004 0.79132653125 0.4889016453125 0.7908163265625 0.498086490625 0.78826530625 0.5091848453125001 0.7821428578125 0.5176042859375001 0.7744897953125001