0 0.23046875 0.38828125 0.2453125 0.2265625
0 0.2828125 0.17890625 0.2328125 0.225
0 0.4640625 0.15390625 0.2453125 0.2078125
0 0.75 0.175 0.25 0.1671875
0 0.74140625 0.29609375 0.28125 0.225
0 0.5390625 0.328125 0.2453125 0.221875
0 0.4078125 0.3546875 0.2 0.2421875
0 0.52890625 0.5125 0.140625 0.225
0 0.4171875 0.53203125 0.1015625 0.196875
0 0.434375 0.7125 0.253125 0.2578125
0 0.57890625 0.84375 0.2578125 0.2375
0 0.684375 0.70078125 0.21875 0.2359375
0 0.46484375 0.8921875 0.196875 0.184375