0 0.519 0.5667500000000001 0.5316666671875 0.5795 0.5446666671875 0.58475 0.557 0.583 0.5700000000000001 0.583 0.633 0.5755 0.6596666671875 0.57475 0.6713333328125 0.5715 0.6746666671875 0.5667500000000001 0.6773333328125 0.55675 0.6806666671875 0.55225 0.7063333328125 0.53425 0.738 0.50875 0.749 0.496 0.7636666671875 0.47575 0.7773333328125 0.45525000000000004 0.783 0.44325000000000003 0.7906666671875 0.4175 0.795 0.39225 0.7976666671875 0.36625 0.7986666671875 0.3125 0.7966666671875 0.2925 0.7929999999999999 0.277 0.784 0.2525 0.7593333328125 0.20400000000000001 0.738 0.17124999999999999 0.7273333328125 0.1595 0.7093333328125 0.14750000000000002 0.6963333328125 0.14375 0.6813333328125 0.141 0.6646666671875 0.13925 0.627 0.13974999999999999 0.6086666671875001 0.141 0.5883333328125 0.145 0.5746666671875 0.149 0.536 0.1665 0.5146666671875 0.17425 0.4903333328125 0.187 0.462 0.207 0.4543333328125 0.21125 0.4376666671875 0.22549999999999998 0.4126666671875 0.25125000000000003 0.3863333328125 0.2855 0.36666666718749996 0.32975 0.363 0.34049999999999997 0.3596666671875 0.35625 0.3543333328125 0.37124999999999997 0.3496666671875 0.40149999999999997 0.3496666671875 0.42774999999999996 0.3536666671875 0.45099999999999996 0.3643333328125 0.4795 0.3723333328125 0.49124999999999996 0.37666666718749997 0.5037499999999999 0.37966666718750003 0.5065000000000001 0.3896666671875 0.51025 0.41500000000000004 0.5157499999999999 0.4533333328125 0.5277499999999999 0.4803333328125 0.5395 0.5063333328125 0.5559999999999999 0.519 0.5667500000000001
0 0.1953333328125 0.86625 0.2096666671875 0.8717499999999999 0.22033333281249998 0.8795 0.2396666671875 0.8845000000000001 0.2456666671875 0.8867499999999999 0.252 0.89125 0.25866666718750003 0.8935000000000001 0.2906666671875 0.9 0.3056666671875 0.8995 0.32999999999999996 0.8949999999999999 0.3776666671875 0.89375 0.3933333328125 0.8915 0.44000000000000006 0.8792500000000001 0.4663333328125 0.86725 0.4783333328125 0.858 0.48600000000000004 0.8542500000000001 0.4933333328125 0.8474999999999999 0.501 0.8425 0.509 0.834 0.53 0.8154999999999999 0.5626666671875 0.7765 0.5826666671875 0.7445 0.5843333328125 0.7355 0.5826666671875 0.6839999999999999 0.576 0.6595 0.5733333328125 0.6445000000000001 0.5703333328125 0.63525 0.5606666671875 0.61525 0.5486666671875 0.59375 0.5413333328125 0.58425 0.512 0.5555 0.49466666718749996 0.54325 0.4806666671875 0.536 0.4643333328125 0.529 0.42800000000000005 0.5157499999999999 0.40700000000000003 0.51025 0.37733333281250003 0.50475 0.356 0.50225 0.3346666671875 0.50175 0.3046666671875 0.50275 0.2766666671875 0.50525 0.229 0.51475 0.1883333328125 0.529 0.16899999999999998 0.54075 0.1516666671875 0.554 0.13533333281249998 0.56875 0.11033333281249999 0.59575 0.0986666671875 0.61175 0.0856666671875 0.63425 0.07566666718750001 0.65925 0.0726666671875 0.674 0.0733333328125 0.69875 0.07666666718750001 0.7125 0.0873333328125 0.741 0.11033333281249999 0.78625 0.1226666671875 0.8022500000000001 0.1403333328125 0.8215 0.1463333328125 0.8310000000000001 0.1556666671875 0.8404999999999999 0.16599999999999998 0.8460000000000001 0.173 0.853 0.187 0.8595 0.1953333328125 0.86625
0 0.187 0.2705 0.1913333328125 0.27475 0.1966666671875 0.28300000000000003 0.2096666671875 0.29075 0.2146666671875 0.2975 0.2193333328125 0.301 0.22433333281249998 0.30325 0.23866666718750001 0.30674999999999997 0.2683333328125 0.30775 0.2906666671875 0.30575 0.3036666671875 0.30125 0.3473333328125 0.29025 0.3576666671875 0.28675 0.36833333281249997 0.27949999999999997 0.373 0.27749999999999997 0.37466666718749997 0.26825 0.3776666671875 0.26425 0.382 0.26275 0.391 0.262 0.4006666671875 0.26325 0.40499999999999997 0.26275 0.4103333328125 0.25575000000000003 0.41900000000000004 0.24925000000000003 0.4386666671875 0.22974999999999998 0.449 0.21800000000000003 0.45133333281250004 0.21349999999999997 0.45099999999999996 0.20125 0.4413333328125 0.1885 0.43966666718749997 0.18175 0.43533333281250003 0.173 0.42800000000000005 0.16775 0.42300000000000004 0.16075 0.41500000000000004 0.15625 0.40033333281249994 0.145 0.3903333328125 0.1405 0.378 0.133 0.3633333328125 0.128 0.33166666718750004 0.12225 0.30533333281249997 0.11875 0.29 0.11775 0.2763333328125 0.12075 0.26433333281250004 0.12575 0.23700000000000002 0.13374999999999998 0.2133333328125 0.14875 0.199 0.16299999999999998 0.1863333328125 0.1805 0.1803333328125 0.19175 0.17266666718749998 0.21325 0.17433333281250002 0.2415 0.182 0.2615 0.187 0.2705
0 1 0.7212500000000001 0.9863333328125 0.71475 0.9786666671875001 0.709 0.9546666671875 0.70375 0.9359999999999999 0.6950000000000001 0.914 0.69225 0.9029999999999999 0.69225 0.885 0.6950000000000001 0.8583333328125 0.693 0.8366666671875 0.6955 0.8323333328125001 0.6965 0.8083333328125001 0.70875 0.7956666671875 0.7195 0.7903333328125 0.7264999999999999 0.7836666671875 0.7325 0.7696666671875 0.7565000000000001 0.765 0.7777499999999999 0.7666666671875 0.80175 0.7686666671875 0.8105 0.7723333328125 0.81775 0.786 0.837 0.8 0.84975 0.826 0.8640000000000001 0.8493333328125001 0.8724999999999999 0.861 0.8744999999999999 0.913 0.876 0.9383333328125 0.87575 0.9496666671874999 0.87375 0.9603333328125 0.869 0.978 0.8632500000000001 1 0.8470000000000001 1 0.80325 0.9976666671875 0.7969999999999999 0.9973333328124999 0.78425 1 0.77625 1 0.7212500000000001
0 0.6950000000000001 0.584 0.696 0.5965 0.6873333328125 0.60875 0.6796666671875 0.61475 0.6673333328125 0.6224999999999999 0.646 0.63075 0.6433333328125 0.6345 0.647 0.639 0.6546666671875 0.6535 0.6636666671875 0.6637500000000001 0.679 0.6757500000000001 0.701 0.6877500000000001 0.7273333328125 0.69825 0.7453333328125 0.7025 0.7666666671875 0.70425 0.7996666671875 0.7045 0.8096666671875001 0.70375 0.8293333328125 0.697 0.8583333328125 0.68275 0.8779999999999999 0.6679999999999999 0.892 0.6537499999999999 0.8966666671875 0.644 0.8986666671875 0.6335 0.8986666671875 0.58075 0.893 0.5675 0.8796666671875 0.5495 0.8666666671875 0.538 0.8503333328125 0.528 0.8276666671875 0.517 0.8093333328125001 0.5115000000000001 0.7826666671875 0.5065000000000001 0.759 0.503 0.747 0.50225 0.7353333328125 0.507 0.7233333328125 0.5145 0.6956666671875 0.537 0.6813333328125 0.546 0.6719999999999999 0.55575 0.6706666671875 0.5585 0.6706666671875 0.5685 0.6746666671875 0.57125 0.6856666671875 0.57475 0.692 0.5795 0.6950000000000001 0.584
0 0.840625 0.3953125 0.1953125 0.2296875
0 0.3375 0.0609375 0.259375 0.121875
0 0.5921875 0.06953125 0.2390625 0.1234375
0 0.8734375 0.15078125 0.253125 0.2359375
0 0.8796875 0.93203125 0.240625 0.1359375
0 0.45546875 0.90546875 0.2671875 0.1890625
0 0.24921875 0.95234375 0.2546875 0.0953125
0 0.096875 0.17890625 0.19375 0.1875