0 0.06875 0.4015625 0.1234375 0.1234375
0 0.42578125 0.4203125 0.23125 0.1609375
0 0.8734375 0.50546875 0.221875 0.1703125
0 0.54453125 0.5421875 0.16875 0.1359375
0 0.359375 0.54375 0.16875 0.13125
0 0.06875 0.57265625 0.1328125 0.1515625
0 0.7375 0.58828125 0.215625 0.1734375
0 0.23046875 0.6171875 0.190625 0.1625
0 0.58515625 0.73125 0.240625 0.1734375
0 0.809375 0.746875 0.228125 0.14375
0 0.3 0.75390625 0.19375 0.1578125
0 0.58828125 0.08125 0.215625 0.1390625
0 0.10234375 0.81953125 0.178125 0.14375
0 0.46171875 0.84296875 0.209375 0.165625
0 0.89609375 0.87890625 0.2078125 0.1703125
0 0.71171875 0.88359375 0.246875 0.115625
0 0.225 0.9203125 0.2625 0.159375
0 0.328125 0.09453125 0.1484375 0.096875
0 0.7625 0.09609375 0.1859375 0.1546875
0 0.1609375 0.1140625 0.1640625 0.1359375
0 0.459375 0.1890625 0.215625 0.09375
0 0.07890625 0.22578125 0.1234375 0.1046875
0 0.92265625 0.26015625 0.1546875 0.134375
0 0.4953125 0.296875 0.225 0.146875
0 0.2640625 0.30703125 0.1640625 0.11875
0 0.11484375 0.30859375 0.175 0.1078125
0 0.79140625 0.35703125 0.271875 0.1734375