0 0.937908496875 0.3006535953125 0.8921568625 0.2919389984375 0.8267973859375 0.313725490625 0.7434640515625001 0.4161220046875 0.7745098046875001 0.4705882359375 0.7810457515625 0.525054465625 0.8186274515624999 0.527233115625 0.8774509796875 0.509803921875 0.9150326796874999 0.48148148125 0.9477124187499999 0.43137254843750006 0.965686275 0.37690631875 0.957516340625 0.3246187359375 0.937908496875 0.3006535953125
0 0.7794117640625 0.5076252718750001 0.7745098046875001 0.45751634062499996 0.73202614375 0.41176470624999995 0.6830065359375 0.40087145937499996 0.6372549015625 0.4074074078125 0.598039215625 0.42483660156249997 0.5326797390625 0.509803921875 0.5114379078125 0.5686274515624999 0.5016339875 0.6230936812500001 0.5359477125 0.671023965625 0.578431371875 0.6884531593750001 0.6503267968750001 0.6753812640625 0.7026143796875 0.633986928125 0.7614379078125 0.5555555562500001 0.7794117640625 0.5076252718750001
0 0.62581699375 0.8692810453125001 0.6454248359375 0.8235294124999999 0.653594771875 0.777777778125 0.651960784375 0.73420479375 0.6405228765625 0.6993464046875 0.6290849671875 0.686274509375 0.5735294125 0.6840958609375 0.527777778125 0.6688453156249999 0.42973856250000003 0.721132896875 0.3888888890625 0.7625272328125 0.36274509843749997 0.8017429187499999 0.33986928125000004 0.8583878 0.330065359375 0.9063180828125 0.328431371875 0.9520697171875 0.3366013078125 1 0.4052287578125 0.99782135 0.51633986875 0.9629629625 0.5767973859375 0.9281045750000001 0.62581699375 0.8692810453125001
0 0.85620915 0.6296296296875 0.83986928125 0.58823529375 0.8055555562500001 0.5315904140625001 0.7745098046875001 0.525054465625 0.715686275 0.6165577343749999 0.6633986921874999 0.671023965625 0.671568628125 0.7450980390625 0.6830065359375 0.786492375 0.69607843125 0.8169934640625 0.7467320265625 0.87581699375 0.759803921875 0.87581699375 0.7826797390625 0.8496732031249999 0.8333333328125001 0.758169934375 0.8578431375 0.6884531593750001 0.85620915 0.6296296296875
0 0.9787581703124999 0.44444444375 0.9477124187499999 0.43355119843749995 0.9133986921874999 0.48366013125 0.8660130718750001 0.5206971671875 0.848039215625 0.5773420484375 0.8594771234374999 0.644880175 0.8594771234374999 0.69498910625 0.8970588234375001 0.7559912859375 0.918300653125 0.7712418296875 0.937908496875 0.7538126359375 0.9983660125 0.6361655765625 1 0.4705882359375 0.9787581703124999 0.44444444375
0 0.437908496875 0.7189542484375 0.5326797390625 0.6732026140625 0.5049019609375 0.6230936812500001 0.508169934375 0.5664488015625 0.5032679734375 0.5642701531250001 0.49673202656250004 0.5708061 0.383986928125 0.5751633984375 0.294117646875 0.6209150328125 0.26633986875 0.6470588234375 0.2205882359375 0.7167755984374999 0.19607843125 0.784313725 0.19771241875 0.8235294124999999 0.25326797343749996 0.832244009375 0.3529411765625 0.8213507625 0.40032679687500006 0.7538126359375 0.437908496875 0.7189542484375
0 0.5506535953125 0.37690631875 0.48039215625000004 0.37254902031250003 0.43137254843750006 0.3943355125 0.3807189546875 0.4488017421875 0.348039215625 0.5032679734375 0.3447712421875 0.544662309375 0.385620915625 0.57298475 0.48856209218749996 0.5686274515624999 0.51633986875 0.55337690625 0.544117646875 0.4945533765625 0.596405228125 0.42265795156249997 0.571895425 0.3899782140625 0.5506535953125 0.37690631875
0 0.6405228765625 0.276688453125 0.6307189546874999 0.2178649234375 0.60620915 0.18954248437500001 0.5490196078125 0.1830065359375 0.5032679734375 0.1938997828125 0.4754901953125 0.2113289765625 0.43464052343750004 0.259259259375 0.4150326796875 0.3224400875 0.41830065312500003 0.34640522812499996 0.42973856250000003 0.3616557734375 0.454248365625 0.37472766874999996 0.544117646875 0.366013071875 0.58986928125 0.348583878125 0.6176470593750001 0.3202614375 0.6405228765625 0.276688453125
0 0.7630718953125 0.2461873640625 0.7140522875 0.24400871406250002 0.65849673125 0.26579520625 0.6192810453125001 0.313725490625 0.6013071890624999 0.357298475 0.6013071890624999 0.3943355125 0.6094771234375 0.4161220046875 0.7124183000000001 0.4074074078125 0.7467320265625 0.4161220046875 0.8202614374999999 0.3224400875 0.813725490625 0.2875817 0.7973856203125 0.2636165578125 0.7630718953125 0.2461873640625
0 0.5571895421875 0.12418300625 0.5245098046875001 0.1220043578125 0.4591503265625 0.14379085 0.41830065312500003 0.1764705875 0.40032679687500006 0.2113289765625 0.40196078437500005 0.2483660125 0.43300653593750005 0.2701525046875 0.4787581703125 0.2178649234375 0.5359477125 0.18736383437499998 0.60620915 0.18954248437500001 0.6045751640625 0.1633986921875 0.58823529375 0.13943355156249998 0.5571895421875 0.12418300625
0 0.419934640625 0.3093681921875 0.42973856250000003 0.276688453125 0.4150326796875 0.2701525046875 0.37254902031250003 0.2832244015625 0.3202614375 0.328976034375 0.26960784375 0.3899782140625 0.2549019609375 0.41830065312500003 0.2549019609375 0.43137254843750006 0.2794117640625 0.4488017421875 0.310457515625 0.45751634062499996 0.37418300625 0.4509803921875 0.4607843140625 0.3812636171875 0.419934640625 0.3420479296875 0.419934640625 0.3093681921875
0 0.3709150328125 0.579520696875 0.37254902031250003 0.5686274515624999 0.348039215625 0.546840959375 0.3447712421875 0.527233115625 0.37418300625 0.45533769062499996 0.3513071890625 0.453159040625 0.2859477125 0.4771241828125 0.23856209218750002 0.51633986875 0.2107843140625 0.55337690625 0.18464052343749998 0.6165577343749999 0.1748366015625 0.6644880171875001 0.1764705875 0.6993464046875 0.187908496875 0.7385620921875 0.20751634062500002 0.7450980390625 0.25 0.6732026140625 0.27777777812500004 0.6405228765625 0.3709150328125 0.579520696875
0 0.3888888890625 0.0958605671875 0.3545751640625 0.1045751640625 0.3267973859375 0.1220043578125 0.295751634375 0.1633986921875 0.2973856203125 0.1938997828125 0.3431372546875 0.23093681875 0.3921568625 0.23529411718749998 0.40849673124999997 0.18954248437500001 0.4264705875 0.167755990625 0.49346405156250006 0.1285403046875 0.4705882359375 0.10021786562499999 0.3888888890625 0.0958605671875
0 0.2173202609375 0.383442265625 0.2107843140625 0.37254902031250003 0.223856209375 0.3267973859375 0.20915032656250002 0.3267973859375 0.1486928109375 0.3529411765625 0.1127450984375 0.3877995640625 0.08333333281250001 0.435729846875 0.0702614375 0.47276688437500003 0.071895425 0.490196078125 0.0866013078125 0.5010893249999999 0.1290849671875 0.509803921875 0.1748366015625 0.453159040625 0.23692810468749997 0.4052287578125 0.24019607812500002 0.3921568625 0.2173202609375 0.383442265625
0 0.25326797343749996 0.3943355125 0.186274509375 0.44008714531250004 0.13888888906250002 0.4945533765625 0.11928104531249999 0.544662309375 0.11601307187500001 0.5860566453125 0.1928104578125 0.5925925921874999 0.23856209218750002 0.5228758171875 0.3186274515625 0.4596949890625 0.259803921875 0.43137254843750006 0.2565359484375 0.41830065312500003 0.26633986875 0.3943355125 0.25326797343749996 0.3943355125
0 0.3125 0.31171875 0.21875 0.1703125
0 0.246875 0.24375 0.184375 0.1609375
0 0.3484375 0.10859375 0.1703125 0.1125
0 0.29765625 0.09140625 0.1640625 0.1296875
0 0.26171875 0.05 0.1515625 0.0953125
0 0.11875 0.1078125 0.1203125 0.0984375
0 0.17578125 0.14296875 0.1328125 0.09375
0 0.17421875 0.21875 0.15 0.1203125
0 0.11640625 0.35078125 0.1703125 0.14375
0 0.090625 0.3265625 0.1453125 0.15625
0 0.0734375 0.25546875 0.1125 0.11875