0 0.77265625 0.77265625 0.4546875 0.4546875
0 0.23125 0.81484375 0.4625 0.3640625
0 0.4609375 0.56953125 0.40625 0.4578125
0 0.63046875 0.18125 0.3296875 0.3609375
0 0.815625 0.4359375 0.3625 0.3046875
0 0.85703125 0.1046875 0.2140625 0.209375
0 0.87890625 0.31953125 0.2125 0.2171875
0 0.15703125 0.10625 0.3140625 0.2125
0 0.34140625 0.3328125 0.375 0.3875
0 0.07734375 0.28203125 0.1546875 0.3390625
0 0.1109375 0.43359375 0.221875 0.228125
0 0.0609375 0.653125 0.121875 0.3078125
0 0.209375 0.6 0.18125 0.2515625
0 0.36171875 0.075 0.2 0.15
0 0.63671875 0.17109375 0.2890625 0.3421875