0 0.7296875 0.3015625 0.3515625 0.2015625
0 0.86328125 0.3984375 0.2734375 0.15625
0 0.60234375 0.5359375 0.1875 0.1609375
0 0.50234375 0.37265625 0.2640625 0.2265625
0 0.38203125 0.40859375 0.15625 0.15625
0 0.3125 0.296875 0.1796875 0.1484375
0 0.203125 0.39921875 0.165625 0.175
0 0.55546875 0.6515625 0.2265625 0.20625
0 0.63828125 0.85234375 0.1609375 0.2421875
0 0.8328125 0.70078125 0.2109375 0.1515625
0 0.89296875 0.53359375 0.134375 0.228125
0 0.74296875 0.5265625 0.1484375 0.1875
0 0.453125 0.64296875 0.175 0.1796875
0 0.2546875 0.6671875 0.26875 0.2546875
0 0.3234375 0.78828125 0.1828125 0.28125
0 0.171875 0.56953125 0.2015625 0.2109375
0 0.09375 0.4796875 0.1796875 0.1484375
0 0.55546875 0.17890625 0.3171875 0.2140625
0 0.93046875 0.1828125 0.1390625 0.259375
0 0.8078125 0.875 0.14375 0.25
0 0.21015625 0.23203125 0.1875 0.20625
0 0.2078125 0.1453125 0.1296875 0.1125
0 0.36171875 0.0984375 0.1515625 0.125