0 0.05703125 0.7734375 0.096875 0.1296875
0 0.1 0.35859375 0.1515625 0.2125
0 0.05859375 0.15703125 0.1171875 0.2203125
0 0.2046875 0.1828125 0.128125 0.2234375
0 0.2203125 0.36015625 0.146875 0.15625
0 0.26484375 0.4828125 0.146875 0.2
0 0.36640625 0.25390625 0.1375 0.2328125
0 0.45078125 0.0984375 0.121875 0.153125
0 0.3296875 0.071875 0.09375 0.1140625
0 0.51640625 0.26796875 0.121875 0.2171875
0 0.44765625 0.41171875 0.1234375 0.15625
0 0.57734375 0.38046875 0.1203125 0.1921875
0 0.6109375 0.21484375 0.090625 0.1953125
0 0.5671875 0.075 0.1125 0.1359375
0 0.18203125 0.04765625 0.1578125 0.0859375
0 0.23039215624999998 0.634803921875 0.23039215624999998 0.6176470593750001 0.20751634062500002 0.5514705875 0.1764705875 0.5294117640625 0.1568627453125 0.5392156859375 0.1209150328125 0.5833333328125 0.117647059375 0.598039215625 0.11928104531249999 0.6495098046875001 0.1307189546875 0.6936274515624999 0.1568627453125 0.715686275 0.1748366015625 0.7083333328125 0.1813725484375 0.6838235296875 0.19444444375 0.669117646875 0.1993464046875 0.6421568625 0.23039215624999998 0.634803921875
0 0.348039215625 0.42892156875 0.3235294125 0.39950980468749997 0.2794117640625 0.384803921875 0.24019607812500002 0.4044117640625 0.20588235312499997 0.4509803921875 0.20098039218750002 0.4681372546875 0.20424836562499998 0.546568628125 0.215686275 0.5661764703125 0.3071895421875 0.578431371875 0.330065359375 0.5686274515624999 0.328431371875 0.5588235296875 0.3431372546875 0.53676470625 0.3529411765625 0.49754902031250003 0.348039215625 0.42892156875
0 0.385620915625 0.66176470625 0.3807189546875 0.6029411765625 0.3594771234375 0.5735294125 0.33823529375 0.5735294125 0.276143790625 0.5857843140625 0.259803921875 0.60539215625 0.2565359484375 0.6274509796875 0.241830065625 0.64460784375 0.23529411718749998 0.671568628125 0.23692810468749997 0.705882353125 0.2516339875 0.7352941171875 0.28431372499999996 0.7549019609375 0.3447712421875 0.7573529406249999 0.3807189546875 0.715686275 0.385620915625 0.66176470625
0 0.2875817 0.8848039218749999 0.2875817 0.8529411765624999 0.295751634375 0.8235294124999999 0.2908496734375 0.7818627453125 0.2859477125 0.7573529406249999 0.23856209218750002 0.7254901953124999 0.2140522875 0.723039215625 0.18954248437500001 0.7279411765625 0.1764705875 0.7450980390625 0.16013071875 0.8063725484375001 0.16176470625 0.8455882359375 0.17320261406249998 0.8676470593750001 0.1764705875 0.8995098046875001 0.19444444375 0.9289215687500001 0.2107843140625 0.938725490625 0.2565359484375 0.936274509375 0.276143790625 0.919117646875 0.2875817 0.8848039218749999
0 0.321895425 0.7892156859375 0.31535947656249996 0.8578431375 0.33169934687499997 0.901960784375 0.34640522812499996 0.919117646875 0.41013071874999996 0.9264705875000001 0.44771241875 0.89460784375 0.455882353125 0.840686275 0.43464052343750004 0.75 0.40359477187500004 0.723039215625 0.3807189546875 0.7181372546875 0.321895425 0.7892156859375
0 0.16176470625 0.7254901953124999 0.132352940625 0.7009803921875 0.1127450984375 0.6495098046875001 0.1045751640625 0.669117646875 0.1111111109375 0.7009803921875 0.09640522812499999 0.7647058828125 0.098039215625 0.8504901953124999 0.12254902031249999 0.89460784375 0.13888888906250002 0.9044117640625 0.16013071875 0.901960784375 0.1748366015625 0.8921568625 0.16176470625 0.8088235296875 0.18464052343749998 0.73039215625 0.16176470625 0.7254901953124999
0 0.58823529375 0.8161764703125 0.5767973859375 0.7916666671875 0.5392156859375 0.776960784375 0.5049019609375 0.7916666671875 0.49346405156250006 0.8259803921875 0.49346405156250006 0.8823529406249999 0.508169934375 0.919117646875 0.5228758171875 0.9313725484375001 0.5473856203125 0.9264705875000001 0.5555555562500001 0.9142156859374999 0.5571895421875 0.8995098046875001 0.5767973859375 0.8774509796875 0.58823529375 0.8333333328125001 0.58823529375 0.8161764703125
0 0.5947712421875 0.6225490203125 0.5653594765625 0.6421568625 0.542483659375 0.705882353125 0.545751634375 0.73039215625 0.5555555562500001 0.7450980390625 0.58823529375 0.7745098046875001 0.6045751640625 0.76960784375 0.6209150328125 0.740196078125 0.6568627453125 0.7181372546875 0.6633986921874999 0.69607843125 0.6372549015625 0.6299019609375 0.5947712421875 0.6225490203125
0 0.66176470625 0.7745098046875001 0.62581699375 0.8161764703125 0.6323529406249999 0.938725490625 0.6454248359375 0.9607843140625001 0.6928104578125 0.955882353125 0.7369281046875 0.89460784375 0.741830065625 0.8774509796875 0.7385620921875 0.811274509375 0.707516340625 0.76960784375 0.6830065359375 0.7647058828125 0.66176470625 0.7745098046875001
0 0.8921875 0.903125 0.13125 0.19375
0 0.8 0.87578125 0.1140625 0.19375
0 0.915625 0.73046875 0.16875 0.1578125
0 0.79609375 0.59765625 0.1359375 0.1703125
0 0.8765625 0.5 0.11875 0.1625
0 0.7046875 0.55546875 0.0734375 0.140625
0 0.73359375 0.45390625 0.096875 0.134375
0 0.821875 0.36171875 0.1109375 0.1703125
0 0.89296875 0.15703125 0.1453125 0.1875
0 0.93515625 0.34296875 0.1296875 0.20625
0 0.66171875 0.06796875 0.075 0.0921875
0 0.74140625 0.20390625 0.1328125 0.16875