0 0.7875 0.6640625 0.425 0.35625
0 0.4484375 0.3125 0.290625 0.375
0 0.29453125 0.40390625 0.45625 0.2546875
0 0.28984375 0.6296875 0.2234375 0.3203125
0 0.109375 0.76796875 0.1921875 0.3484375
0 0.43046875 0.90390625 0.1921875 0.1921875
0 0.61640625 0.86640625 0.23125 0.1875
0 0.859375 0.4265625 0.2375 0.165625
0 0.56015625 0.09375 0.3359375 0.1609375
0 0.56484375 0.19609375 0.2375 0.1515625
0 0.82109375 0.1765625 0.2421875 0.1375
0 0.671875 0.2921875 0.2453125 0.15625
0 0.65390625 0.4265625 0.165625 0.175
0 0.078125 0.125 0.15625 0.1875
0 0.2296875 0.16953125 0.1921875 0.2671875
0 0.44453125 0.73203125 0.175 0.16875