0 0.175 0.57578125 0.0234375 0.028125
0 0.18359375 0.60234375 0.021875 0.0234375
0 0.228125 0.6046875 0.028125 0.0359375
0 0.1546875 0.6078125 0.028125 0.0328125
0 0.28203125 0.63046875 0.028125 0.0328125
0 0.084375 0.6453125 0.046875 0.0328125
0 0.71640625 0.6609375 0.0921875 0.05625
0 0.4078125 0.66796875 0.0859375 0.0796875
0 0.70859375 0.69375 0.09375 0.0640625
0 0.64609375 0.725 0.0375 0.0859375
0 0.6859375 0.72734375 0.0875 0.06875
0 0.109375 0.728125 0.0453125 0.075
0 0.353125 0.73046875 0.0984375 0.1296875
0 0.62265625 0.74375 0.0671875 0.1265625
0 0.5671875 0.75546875 0.0921875 0.1609375
0 0.31328125 0.78125 0.0671875 0.1109375
0 0.2515625 0.79140625 0.0796875 0.1390625
0 0.08046875 0.7921875 0.0671875 0.0578125
0 0.5359375 0.809375 0.071875 0.1453125
0 0.4859375 0.82578125 0.1046875 0.1421875
0 0.23515625 0.88828125 0.1140625 0.1453125
0 0.45546875 0.90625 0.0953125 0.1375
0 0.378125 0.93359375 0.103125 0.1328125
0 0.19765625 0.94921875 0.11875 0.1015625