0 0.146875 0.44921875 0.228125 0.2953125
0 0.334375 0.3796875 0.1921875 0.24375
0 0.1546875 0.209375 0.196875 0.2125
0 0.25859375 0.70078125 0.240625 0.340625
0 0.4640625 0.59921875 0.209375 0.259375
0 0.6375 0.51640625 0.221875 0.25
0 0.51328125 0.28828125 0.1984375 0.246875
0 0.334375 0.14765625 0.15 0.2328125
0 0.80703125 0.40625 0.20625 0.246875
0 0.6703125 0.19921875 0.196875 0.2078125
0 0.48828125 0.86796875 0.2484375 0.2640625
0 0.6796875 0.80078125 0.24375 0.3140625
0 0.8703125 0.66640625 0.215625 0.3109375
0 0.9 0.90078125 0.2 0.1734375
0 0.5 0.084375 0.1765625 0.1625