0 0.09453125 0.1359375 0.1703125 0.2640625
0 0.190625 0.31953125 0.309375 0.4
0 0.4859375 0.3171875 0.2890625 0.403125
0 0.82890625 0.484375 0.3421875 0.525
0 0.8265625 0.8953125 0.346875 0.209375
0 0.63203125 0.67578125 0.2953125 0.3921875
0 0.34375 0.67421875 0.30625 0.415625
0 0.09921875 0.696875 0.171875 0.4171875
0 0.21328125 0.8859375 0.3125 0.225
0 0.665625 0.11484375 0.3359375 0.2125
0 0.3390625 0.07578125 0.3046875 0.1515625
0 0.782222221875 0.377777778125 0.64 0.67555555625 0.64 0.7066666671874999 0.6666666671875 0.737777778125 0.76 0.75555555625 0.8711111109375 0.7244444437500001 1 0.622222221875 0.99555555625 0.222222221875 0.8800000000000001 0.27555555625 0.782222221875 0.377777778125
0 0.24 0.12 0.17333333281250002 0.12 0.1111111109375 0.2266666671875 0.0533333328125 0.27999999999999997 0.07555555625 0.4933333328125 0.15555555625 0.5377777781249999 0.23555555625000002 0.52444444375 0.3066666671875 0.4711111109375 0.337777778125 0.41333333281250006 0.35555555625 0.29333333281249996 0.3466666671875 0.2133333328125 0.297777778125 0.14666666718750002 0.24 0.12
0 0.617777778125 0.2 0.5688888890625 0.15555555625 0.47555555624999996 0.1288888890625 0.41333333281250006 0.15555555625 0.3688888890625 0.21777777812500002 0.3466666671875 0.41777777812499994 0.40444444375 0.5111111109375 0.4533333328125 0.5377777781249999 0.5066666671875 0.5377777781249999 0.5866666671874999 0.48 0.6266666671875 0.41777777812499994 0.6488888890625 0.35555555625 0.6488888890625 0.2711111109375 0.617777778125 0.2
0 0.462222221875 0.5555555562500001 0.4311111109375 0.52 0.377777778125 0.48 0.31555555625 0.47555555624999996 0.24444444375000002 0.52 0.20888888906249997 0.56444444375 0.19555555625 0.6977777781250001 0.24444444375000002 0.862222221875 0.2888888890625 0.8888888890625 0.36 0.8888888890625 0.41333333281250006 0.862222221875 0.457777778125 0.8088888890625 0.4888888890625 0.7288888890624999 0.4933333328125 0.64444444375 0.462222221875 0.5555555562500001
0 0.72 0.51555555625 0.6711111109375001 0.4711111109375 0.6088888890625 0.4711111109375 0.502222221875 0.5511111109375 0.4933333328125 0.6933333328125 0.51555555625 0.75555555625 0.6 0.862222221875 0.657777778125 0.8755555562499999 0.742222221875 0.8222222218749999 0.7733333328125 0.7511111109375 0.68444444375 0.737777778125 0.6533333328125 0.7111111109375 0.6533333328125 0.662222221875 0.72 0.51555555625
0 0.19555555625 0 0.21777777812500002 0.097777778125 0.30222222187500003 0.15111111093750001 0.4 0.16444444375 0.47555555624999996 0.1288888890625 0.502222221875 0.0888888890625 0.497777778125 0 0.19555555625 0
0 0.5111111109375 0 0.5333333328125 0.12 0.617777778125 0.19555555625 0.67555555625 0.222222221875 0.7688888890625 0.222222221875 0.8133333328125 0.20444444375 0.7866666671875 0.04444444375 0.76444444375 0 0.5111111109375 0
0 0.3688888890625 1 0.36444444374999996 0.8888888890625 0.257777778125 0.8711111109375 0.2311111109375 0.7866666671875 0.177777778125 0.7111111109375 0.15111111093750001 0.7688888890625 0.0666666671875 0.862222221875 0.04444444375 1 0.3688888890625 1
0 1 1 0.9911111109374999 0.8977777781249999 0.8444444437499999 0.7333333328125 0.7733333328125 0.7511111109375 0.7466666671875 0.8088888890625 0.68444444375 0.8666666671875 0.68444444375 1 1 1