0 0.3261163734375 0.106024096875 0.294993234375 0.033734939062500004 0.27875507499999996 0.0192771078125 0.255751015625 0.0168674703125 0.23410013593749998 0.0385542171875 0.2205683359375 0.10120481875000001 0.22598105624999998 0.19277108437499998 0.24357239531250002 0.26987951875 0.2692828140625 0.322891565625 0.28281461406249997 0.31566265 0.33423545312499997 0.31807228906249996 0.34641407343749997 0.2819277109375 0.34641407343749997 0.21445783125 0.3437077125 0.178313253125 0.3261163734375 0.106024096875
0 0.208389715625 0.15903614531250002 0.17861975624999998 0.149397590625 0.1569688765625 0.1614457828125 0.1380243578125 0.19518072343749998 0.1339648171875 0.30120481875 0.13937753749999998 0.3397590359375 0.1542625171875 0.3734939765625 0.188092015625 0.38554216874999997 0.211096075 0.3759036140625 0.24086603593749997 0.34216867500000003 0.24357239531250002 0.2867469875 0.22598105624999998 0.18072289218749998 0.208389715625 0.15903614531250002
0 0.3504736125 0.52771084375 0.380243571875 0.4674698796875 0.3843031125 0.4048192765625 0.3775372125 0.3759036140625 0.3585926921875 0.337349396875 0.33152909375 0.320481928125 0.294993234375 0.31807228906249996 0.254397834375 0.334939759375 0.1935047359375 0.4048192765625 0.17591339687500002 0.4674698796875 0.17591339687500002 0.49879518125000005 0.181326115625 0.537349396875 0.19485791562500002 0.5686746984375 0.2138024359375 0.5879518078125 0.231393775 0.592771084375 0.27740189375 0.5445783125 0.327469553125 0.5542168671875001 0.3504736125 0.52771084375
0 0.439783490625 0.706024096875 0.453315290625 0.6457831328125 0.46684709062499996 0.6265060234375001 0.49661704999999995 0.621686746875 0.5480378890625001 0.64337349375 0.566982409375 0.607228915625 0.5913396484375 0.52771084375 0.5737483078125 0.46987951875 0.5696887687500001 0.378313253125 0.5345060890625 0.3542168671875 0.5155615703125 0.3518072296875 0.48308524999999997 0.3662650609375 0.42354533125 0.41445783125 0.393775371875 0.4409638546875 0.3775372125 0.4674698796875 0.3518267921875 0.534939759375 0.34641407343749997 0.5734939765625 0.3491204328125 0.621686746875 0.3721244921875 0.70120481875 0.4018944515625 0.7180722890625 0.43166441093749996 0.7180722890625 0.439783490625 0.706024096875
0 0.761840325 0.322891565625 0.7537212453125 0.2674698796875 0.7401894453125 0.24819277031250003 0.6941813265625 0.2385542171875 0.619756428125 0.30120481875 0.5832205687500001 0.3542168671875 0.5737483078125 0.4481927703125 0.5805142078125 0.49397590312500006 0.5953991875 0.5228915656249999 0.6143437078125 0.534939759375 0.6644113671875 0.52771084375 0.7144790249999999 0.48192771093750003 0.748308525 0.41686747031250004 0.757780784375 0.3807228921875 0.761840325 0.322891565625
0 0.9729364 0.48433735 0.9715832203125 0.43373493906249994 0.9648173203124999 0.4048192765625 0.9512855203124999 0.3759036140625 0.9255751015625 0.3518072296875 0.864682003125 0.334939759375 0.7699594046875 0.39277108437499997 0.7212449249999999 0.4674698796875 0.7104194859375 0.5036144578124999 0.7361299046875 0.5686746984375 0.757780784375 0.58554216875 0.7794316640625001 0.5879518078125 0.8308525031249999 0.5590361453125 0.94046008125 0.5614457828125 0.943166440625 0.5397590359375 0.96752368125 0.5060240968749999 0.9729364 0.48433735
0 0.6048714484375 0.836144578125 0.6156968875 0.7807228921875 0.606224628125 0.749397590625 0.546684709375 0.6481927703125 0.51014885 0.621686746875 0.4749661703125 0.6192771078125 0.45060893125 0.64337349375 0.43166441093749996 0.7253012046875 0.43843031093749996 0.8072289156249999 0.45737483125 0.8746987953125 0.4776725296875 0.9253012046875 0.533152909375 0.9903614453125 0.5723951281249999 1 0.6008119078124999 0.9807228921875 0.6156968875 0.9542168671875 0.6048714484375 0.877108434375 0.6048714484375 0.836144578125
0 0.8281461437500001 0.9108433734375 0.8335588640625 0.8409638546875 0.82138024375 0.7855421687499999 0.8037889046875 0.75662650625 0.7767253046875 0.7325301203125 0.732070365625 0.722891565625 0.6427604875 0.7518072296875 0.6211096078125 0.7759036140625 0.6089309875 0.8024096390625 0.6035182671875 0.8337349390625001 0.6075778078125 0.906024096875 0.618403246875 0.9542168671875 0.6414073078125 0.9951807234375 0.7239512859375 1 0.7537212453125 0.9879518078125 0.8024357234374999 0.9542168671875 0.8281461437500001 0.9108433734375
0 0.3694181328125 0.7445783125000001 0.3667117734375 0.677108434375 0.3491204328125 0.6048192765625 0.3328822734375 0.5710843375 0.3058186734375 0.5469879515625 0.2801082546875 0.5445783125 0.2462787546875 0.5710843375 0.221921515625 0.61445783125 0.21244925625 0.657831325 0.21244925625 0.734939759375 0.22598105624999998 0.792771084375 0.251691475 0.8481927703125001 0.2868741546875 0.877108434375 0.3098782140625 0.877108434375 0.3355886328125 0.857831325 0.3599458734375 0.8120481921874999 0.3694181328125 0.7445783125000001
0 0.8064952640625 0.6240963859375 0.744248984375 0.607228915625 0.7334235453125 0.6313253015625 0.7280108249999999 0.720481928125 0.7658998640625 0.72771084375 0.7997293640625001 0.7542168671875 0.824086603125 0.8 0.8362652234375 0.850602409375 0.90663058125 0.7903614453125 0.9093369421874999 0.7542168671875 0.9039242218749999 0.73012048125 0.8728010828125001 0.677108434375 0.8064952640625 0.6240963859375
0 0.7401894453125 0.6192771078125 0.738836265625 0.5734939765625 0.7198917453125 0.51566265 0.6928281468749999 0.49879518125000005 0.6468200265624999 0.53012048125 0.5940460078124999 0.537349396875 0.5656292281249999 0.6265060234375001 0.560216509375 0.6530120484374999 0.5642760484375 0.6746987953125 0.5886332875 0.71566265 0.612990528125 0.7807228921875 0.619756428125 0.7831325296875 0.652232746875 0.749397590625 0.7293640046875 0.720481928125 0.7401894453125 0.6192771078125
0 0.1745602171875 1 0.1975642765625 0.9542168671875 0.182679296875 0.7734939765625 0.169147496875 0.722891565625 0.1474966171875 0.6891566265625 0.10013531875 0.6819277109375 0.07983761874999999 0.691566265625 0.0703653578125 0.706024096875 0.056833559374999995 0.7397590359375 0.0541271984375 0.7734939765625 0.096075778125 0.879518071875 0.1109607578125 0.9879518078125 0.121786196875 1 0.1745602171875 1
0 0.08984375 0.2390625 0.1203125 0.2046875
0 0.0875 0.4328125 0.1265625 0.134375
0 0.17109375 0.46015625 0.0875 0.1359375
0 0.11640625 0.63046875 0.184375 0.271875
0 0.259375 0.8875 0.15 0.19375
0 0.39453125 0.8140625 0.115625 0.1875
0 0.41484375 0.3390625 0.14375 0.1484375
0 0.47265625 0.209375 0.171875 0.259375
0 0.58984375 0.2625 0.1078125 0.178125
0 0.1015625 0.05234375 0.203125 0.090625
0 0.31015625 0.053125 0.2140625 0.10625
0 0.653125 0.1140625 0.2375 0.2140625
0 0.83359375 0.0640625 0.1546875 0.128125
0 0.8609375 0.234375 0.1421875 0.165625
0 0.95859375 0.33046875 0.0828125 0.2421875
0 0.94765625 0.69140625 0.1046875 0.275
0 0.925 0.903125 0.15 0.19375
0 0.4234375 0.95078125 0.1921875 0.0984375