0 0.385620915625 0.2279411765625 0.3970588234375 0.1666666671875 0.3905228765625 0.12254902031249999 0.295751634375 0.0931372546875 0.23202614375000002 0.0563725484375 0.1568627453125 0.046568628125 0.11928104531249999 0.063725490625 0.0866013078125 0.0931372546875 0.063725490625 0.125 0.0473856203125 0.1666666671875 0.044117646875 0.23284313750000002 0.0751633984375 0.296568628125 0.1911764703125 0.3455882359375 0.23856209218750002 0.3455882359375 0.3267973859375 0.30392156875 0.3611111109375 0.26960784375 0.385620915625 0.2279411765625
0 0.777777778125 0.3578431375 0.7859477125 0.313725490625 0.7794117640625 0.25 0.6323529406249999 0.1985294125 0.5702614374999999 0.1936274515625 0.4983660125 0.223039215625 0.46241830000000006 0.276960784375 0.44281045781249995 0.3455882359375 0.44117647031249996 0.375 0.4526143796875 0.41176470624999995 0.4787581703125 0.44117647031249996 0.580065359375 0.4607843140625 0.6748366015625 0.4583333328125 0.7369281046875 0.419117646875 0.76633986875 0.384803921875 0.777777778125 0.3578431375
0 0.5490196078125 0.6838235296875 0.581699346875 0.6740196078125 0.62418300625 0.6323529406249999 0.651960784375 0.590686275 0.6633986921874999 0.55392156875 0.669934640625 0.490196078125 0.65849673125 0.46323529375000005 0.436274509375 0.4485294125 0.4150326796875 0.4583333328125 0.366013071875 0.509803921875 0.33986928125000004 0.5245098046875001 0.312091503125 0.64460784375 0.313725490625 0.6666666671875 0.32516339843750003 0.686274509375 0.37581699375 0.7107843140625 0.4869281046875 0.7181372546875 0.527777778125 0.7107843140625 0.544117646875 0.6985294125 0.5490196078125 0.6838235296875
0 0.295751634375 0.705882353125 0.33169934687499997 0.5833333328125 0.34150326875000003 0.49754902031250003 0.3333333328125 0.40931372499999996 0.30555555624999997 0.35539215625 0.2810457515625 0.33823529375 0.2614379078125 0.33823529375 0.2254901953125 0.3529411765625 0.2189542484375 0.3799019609375 0.1454248359375 0.5122549015625 0.1127450984375 0.6176470593750001 0.1094771234375 0.715686275 0.114379084375 0.740196078125 0.13888888906250002 0.7990196078125 0.16993464062500002 0.8259803921875 0.23039215624999998 0.813725490625 0.26960784375 0.7647058828125 0.295751634375 0.705882353125
0 0.9509803921875 0.973039215625 0.972222221875 0.9509803921875 0.9869281046875 0.8995098046875001 0.9918300656250001 0.8039215687500001 0.98039215625 0.7083333328125 0.9477124187499999 0.6102941171875 0.9068627453125 0.5416666671875 0.8725490203125 0.5122549015625 0.848039215625 0.5122549015625 0.828431371875 0.526960784375 0.8088235296875 0.563725490625 0.7892156859375 0.671568628125 0.7908496734375 0.6985294125 0.8055555562500001 0.73039215625 0.8251633984375 0.8210784312499999 0.8251633984375 0.8921568625 0.810457515625 0.9485294124999999 0.8545751640624999 0.98039215625 0.8823529406249999 0.9705882359375 0.9509803921875 0.973039215625
0 0.8169934640625 0.9411764703125 0.831699346875 0.8872549015625 0.8251633984375 0.794117646875 0.8055555562500001 0.723039215625 0.7892156859375 0.688725490625 0.7565359484374999 0.6568627453125 0.723856209375 0.705882353125 0.66176470625 0.703431371875 0.616013071875 0.7328431375 0.6274509796875 0.76960784375 0.6290849671875 0.8455882359375 0.6127450984375 0.9289215687500001 0.6388888890625 0.973039215625 0.6993464046875 0.9901960781250001 0.7483660125 0.9901960781250001 0.777777778125 0.9779411765624999 0.8169934640625 0.9411764703125
0 0.42973856250000003 0.75 0.30228758125 0.7328431375 0.27777777812500004 0.75 0.23856209218750002 0.8039215687500001 0.1764705875 0.8333333328125001 0.1666666671875 0.8872549015625 0.1748366015625 0.9411764703125 0.2140522875 0.9754901953124999 0.2826797390625 0.9852941171875 0.3578431375 0.96323529375 0.41339869218749997 0.8970588234375001 0.43137254843750006 0.8259803921875 0.42973856250000003 0.75
0 0.4689542484375 0 0.455882353125 0.0294117640625 0.45751634062499996 0.10539215625000001 0.4673202609375 0.1495098046875 0.5 0.1985294125 0.51797385625 0.2107843140625 0.560457515625 0.1985294125 0.616013071875 0.1985294125 0.6764705875 0.2181372546875 0.6993464046875 0.215686275 0.7009803921875 0.12009803906250001 0.6944444437499999 0.0735294125 0.6797385625000001 0.026960784375 0.66013071875 0 0.4689542484375 0
0 0.0546875 0.3421875 0.109375 0.221875
0 0.3625 0.14296875 0.203125 0.28125
0 0.3546875 0.3796875 0.1375 0.23125
0 0.5078125 0.8265625 0.2515625 0.315625
0 0.69609375 0.60546875 0.2234375 0.2078125
0 0.76953125 0.12578125 0.19375 0.2328125
0 0.83359375 0.31328125 0.2265625 0.4796875