0 0.3355119828125 0.4787581703125 0.3529411765625 0.44934640468750003 0.3355119828125 0.34640522812499996 0.3333333328125 0.2434640515625 0.30283224375 0.1830065359375 0.276688453125 0.1552287578125 0.23093681875 0.12581699375 0.19825708125 0.11928104531249999 0.16122004375 0.13888888906250002 0.1067538125 0.20588235312499997 0.05010893281249999 0.3447712421875 0.045751634375 0.419934640625 0.056644879687500004 0.46568627500000004 0.0958605671875 0.48366013125 0.132897603125 0.5228758171875 0.167755990625 0.5359477125 0.2461873640625 0.5408496734375 0.2897603484375 0.5228758171875 0.3355119828125 0.4787581703125
0 0.49673202656250004 0.5735294125 0.5642701531250001 0.571895425 0.596949890625 0.55228758125 0.6209150328125 0.5245098046875001 0.644880175 0.455882353125 0.6470588234375 0.348039215625 0.633986928125 0.2826797390625 0.6100217859375 0.23202614375000002 0.5490196078125 0.15359477187499998 0.48801742968750006 0.1094771234375 0.4488017421875 0.09477124218750001 0.40305010937499997 0.0931372546875 0.36819172187500004 0.10294117656249999 0.33986928125000004 0.12418300625 0.313725490625 0.1830065359375 0.313725490625 0.20751634062500002 0.331154684375 0.241830065625 0.331154684375 0.349673203125 0.3507625265625 0.439542484375 0.3638344234375 0.4689542484375 0.40305010937499997 0.51960784375 0.4509803921875 0.5588235296875 0.49673202656250004 0.5735294125
0 0.9694989109375 0.30392156875 0.9498910671875 0.2565359484375 0.8867102390625 0.19771241875 0.8453159046875 0.168300653125 0.7995642703125 0.1650326796875 0.760348584375 0.1764705875 0.723311546875 0.2124183 0.705882353125 0.27450980468749997 0.705882353125 0.3447712421875 0.73420479375 0.42973856250000003 0.8082788671875001 0.4689542484375 0.8888888890625 0.47222222187499996 0.9302832249999999 0.455882353125 0.9694989109375 0.41339869218749997 0.9760348578125001 0.33823529375 0.9694989109375 0.30392156875
0 0.87363834375 0.8856209156249999 0.8801742921875 0.8202614374999999 0.8627450984375 0.7647058828125 0.8278867109375 0.7205882359375 0.7712418296875 0.689542484375 0.7080610015625 0.6813725484375001 0.6405228765625 0.6993464046875 0.6034858390625 0.73202614375 0.5925925921874999 0.76797385625 0.5925925921874999 0.828431371875 0.6122004359375001 0.8823529406249999 0.653594771875 0.936274509375 0.6993464046875 0.965686275 0.7472766890625 0.9754901953124999 0.8017429187499999 0.9640522875 0.847494553125 0.9313725484375001 0.87363834375 0.8856209156249999
0 0.5642701531250001 0.937908496875 0.599128540625 0.8888888890625 0.6013071890624999 0.8578431375 0.5925925921874999 0.776143790625 0.542483659375 0.6911764703125 0.492374728125 0.6633986921874999 0.42483660156249997 0.66013071875 0.37690631875 0.6732026140625 0.3507625265625 0.6928104578125 0.31590413906250003 0.7352941171875 0.2984749453125 0.7794117640625 0.294117646875 0.848039215625 0.3224400875 0.9150326796874999 0.3638344234375 0.9624183000000001 0.40305010937499997 0.9787581703124999 0.4509803921875 0.98039215625 0.525054465625 0.965686275 0.5642701531250001 0.937908496875
0 0 0.9444444437499999 0.061002178124999994 0.954248365625 0.1307189546875 0.9477124187499999 0.25054466249999996 0.9150326796874999 0.3006535953125 0.8839869281249999 0.2875817 0.8267973859375 0.2984749453125 0.7532679734375 0.294117646875 0.7352941171875 0.27450980468749997 0.722222221875 0.24400871406250002 0.7140522875 0.1721132890625 0.7124183000000001 0.1089324625 0.7254901953124999 0 0.7728758171875 0 0.8349673203125001 0.015250545312499999 0.830065359375 0.015250545312499999 0.84150326875 0 0.8513071890624999 0 0.9444444437499999
0 0.12890625 0.59375 0.2578125 0.2765625
0 0.6578125 0.56484375 0.275 0.253125
0 0.89140625 0.565625 0.1796875 0.284375
0 0.93359375 0.7125 0.1328125 0.4125
0 0.3875 0.571875 0.240625 0.2390625
0 0.13203125 0.165625 0.18125 0.190625
0 0.22421875 0.08515625 0.175 0.1703125
0 0.4 0.0984375 0.1859375 0.184375
0 0.75078125 0.1125 0.246875 0.203125