0 0.40546875 0.78984375 0.3296875 0.3140625
0 0.128125 0.803125 0.246875 0.275
0 0.15 0.5 0.271875 0.24375
0 0.41015625 0.346875 0.2703125 0.25
0 0.4046875 0.5609375 0.225 0.165625
0 0.8046875 0.8140625 0.23125 0.265625
0 0.74765625 0.5140625 0.2640625 0.25
0 0.65 0.12578125 0.25 0.2484375
0 0.2140625 0.1546875 0.21875 0.203125
0 0.4171875 0.15078125 0.19375 0.1828125
0 0.86015625 0.16796875 0.1859375 0.1609375
0 0.7078125 0.35546875 0.228125 0.1828125
0 0.9078125 0.3703125 0.18125 0.19375
0 0.94375 0.5390625 0.109375 0.221875
0 0.1796875 0.31171875 0.215625 0.1796875
0 0.82109375 0.06015625 0.1640625 0.1046875
0 0.41484375 0.0390625 0.2078125 0.071875
0 0.134375 0.96015625 0.25 0.0765625