0 0.14140625 0.3390625 0.271875 0.1921875
0 0.08671875 0.63671875 0.1625 0.4015625
0 0.115625 0.91875 0.1640625 0.159375
0 0.2796875 0.96015625 0.159375 0.0765625
0 0.24296875 0.71484375 0.171875 0.459375
0 0.409375 0.85546875 0.203125 0.2875
0 0.5046875 0.7140625 0.3234375 0.3578125
0 0.7015625 0.8984375 0.340625 0.2
0 0.8515625 0.95859375 0.296875 0.0828125
0 0.8296875 0.7734375 0.340625 0.3375
0 0.603125 0.53671875 0.5328125 0.2421875
0 0.92109375 0.59453125 0.1578125 0.21875
0 0.88515625 0.34296875 0.2296875 0.4640625
0 0.7 0.2421875 0.228125 0.4203125
0 0.43359375 0.1640625 0.3421875 0.2296875
0 0.38359375 0.2734375 0.2984375 0.2265625
0 0.23046875 0.29765625 0.2203125 0.2421875