0 0.06171875 0.24140625 0.0875 0.165625
0 0.15859375 0.3609375 0.1125 0.1328125
0 0.08828125 0.47890625 0.140625 0.171875
0 0.19140625 0.57421875 0.121875 0.165625
0 0.31171875 0.6703125 0.1078125 0.159375
0 0.425 0.75234375 0.1234375 0.159375
0 0.5203125 0.88828125 0.125 0.159375
0 0.65390625 0.903125 0.14375 0.146875
0 0.34921875 0.8984375 0.1671875 0.203125
0 0.2125 0.80703125 0.1265625 0.19375
0 0.08515625 0.696875 0.1265625 0.18125
0 0.071875 0.8921875 0.1359375 0.1890625
0 0.78203125 0.11171875 0.1390625 0.190625
0 0.90859375 0.1234375 0.159375 0.203125
0 0.91953125 0.30234375 0.14375 0.16875