0 0.390909090625 0.415300546875 0.48181818125 0.47540983593749997 0.51818181875 0.47540983593749997 0.5690909093750001 0.44808743125 0.6927272734375001 0.584699453125 0.7127272734375001 0.6147540984375001 0.7163636359375001 0.647540984375 0.730909090625 0.6530054640625 0.7345454546875 0.59836065625 0.5963636359375 0.3852459015625 0.58181818125 0.27595628437499997 0.5 0.14754098437500002 0.45999999999999996 0.1147540984375 0.409090909375 0.10928961718750001 0.3527272734375 0.1612021859375 0.349090909375 0.188524590625 0.389090909375 0.30874316875 0.390909090625 0.415300546875
0 0.16181818125 0.0710382515625 0.11454545468749999 0.00546448125 0.0745454546875 0.00546448125 0.1527272734375 0.172131146875 0.1454545453125 0.265027321875 0.2 0.41256830625 0.24545454531250002 0.4699453546875 0.3163636359375 0.4890710375 0.3636363640625 0.450819671875 0.3854545453125 0.3852459015625 0.3854545453125 0.3032786890625 0.3527272734375 0.22131147499999998 0.309090909375 0.172131146875 0.3127272734375 0.13387978125 0.250909090625 0.07377049218750001 0.23818181875 0.00546448125 0.16545454531249998 0.00546448125 0.16181818125 0.0710382515625
0 0.1745454546875 0.363387978125 0.13999999999999999 0.278688525 0.130909090625 0.3907103828125 0.1745454546875 0.5491803281250001 0.16363636406249998 0.6038251359375 0.17090909062499998 0.6748633875000001 0.249090909375 0.8306010921875 0.4036363640625 0.8825136609375 0.41818181875000004 0.85519125625 0.43272727343749995 0.77322404375 0.41818181875000004 0.6693989078125 0.39818181875 0.6284153 0.3363636359375 0.5628415296875 0.31818181874999996 0.5191256828124999 0.27818181875 0.497267759375 0.2272727265625 0.508196721875 0.18181818125 0.4234972671875 0.1745454546875 0.363387978125
0 0.0345454546875 0.7103825140625 0 0.76229508125 0.0018181812499999997 1 0.22909090937499998 0.9972677593749999 0.22909090937499998 0.8989071031250001 0.2254545453125 0.8715847 0.2145454546875 0.85519125625 0.21818181874999998 0.8060109296875 0.2036363640625 0.76229508125 0.18 0.721311475 0.1545454546875 0.6994535515625 0.1363636359375 0.6994535515625 0.09272727343750001 0.677595628125 0.0345454546875 0.7103825140625
0 0 0.734972678125 0.0072727265625 0.7404371578125 0.0272727265625 0.7103825140625 0.08545454531249999 0.677595628125 0.1072727265625 0.677595628125 0.1363636359375 0.6939890703125 0.16 0.69125683125 0.16 0.6092896171875 0.17090909062499998 0.5546448093749999 0.12 0.363387978125 0.11636363593750002 0.3360655734375 0.130909090625 0.30874316875 0.1254545453125 0.3005464484375 0.0963636359375 0.3060109296875 0.0872727265625 0.32513661250000003 0.0945454546875 0.34153005468750003 0.06363636406249999 0.3606557375 0.0363636359375 0.3961748640625 0.0145454546875 0.47814207656249996 0 0.50546448125 0 0.734972678125
0 0.5654545453125001 0.1748633875 0.5454545453125 0.19398907031249998 0.549090909375 0.22131147499999998 0.5963636359375 0.2978142078125 0.6 0.374316940625 0.6963636359375001 0.5191256828124999 0.7363636359375 0.5519125687499999 0.7727272734375 0.5573770484375 0.78 0.584699453125 0.8127272734375 0.584699453125 0.849090909375 0.5519125687499999 0.8745454546874999 0.5519125687499999 0.9254545453125 0.5792349734375 0.9545454546875 0.6229508203125 0.970909090625 0.6202185796874999 0.9745454546874999 0.59836065625 0.89818181875 0.4890710375 0.8872727265625 0.4234972671875 0.8472727265625 0.368852459375 0.8363636359375001 0.30874316875 0.80181818125 0.25683060156250004 0.7436363640625 0.21857923437500001 0.6672727265625 0.23497267812499997 0.6054545453125 0.1748633875 0.5654545453125001 0.1748633875
0 1 0.1065573765625 0.9872727265625001 0.10928961718750001 0.9781818187500001 0.090163934375 0.9963636359375 0.0300546453125 0.9945454546875 0.0109289625 0.9400000000000001 0.0218579234375 0.9181818187499999 0.043715846875 0.8654545453125 0.1120218578125 0.8254545453125001 0.21038251406250003 0.8254545453125001 0.265027321875 0.8472727265625 0.31967213125 0.8545454546875 0.363387978125 0.8709090906249999 0.38797814218750004 0.8818181812500001 0.38797814218750004 0.9072727265625 0.40983606562499997 0.949090909375 0.41256830625 0.9836363640625001 0.40437158437500004 1 0.3907103828125 1 0.1065573765625
0 0.6654545453125 0.1120218578125 0.669090909375 0.22131147499999998 0.6745454546875 0.229508196875 0.6963636359375001 0.229508196875 0.7363636359375 0.2131147546875 0.7872727265624999 0.23497267812499997 0.8109090906249999 0.2322404375 0.8254545453125001 0.1994535515625 0.8290909093750001 0.1666666671875 0.85818181875 0.11748633906249999 0.8727272734374999 0.07377049218750001 0.8800000000000001 0.0464480875 0.8800000000000001 0.002732240625 0.6963636359375001 0 0.6890909093750001 0.00546448125 0.6799999999999999 0.0300546453125 0.6654545453125 0.1120218578125
0 0.4254545453125 0.5655737703125 0.41818181875000004 0.6530054640625 0.44181818125000005 0.7158469953125 0.46181818124999996 0.642076503125 0.4745454546875 0.6229508203125 0.49818181875 0.6147540984375001 0.49818181875 0.647540984375 0.4836363640625 0.6748633875000001 0.4763636359375 0.7131147546875 0.4727272734375 0.816939890625 0.48909090937500005 0.8360655734375 0.509090909375 0.8333333328125001 0.5763636359375 0.81420765 0.6672727265625 0.81420765 0.7272727265625 0.69125683125 0.7054545453125 0.642076503125 0.70181818125 0.6092896171875 0.64181818125 0.535519125 0.5763636359375 0.48633879843749994 0.4963636359375 0.48633879843749994 0.44181818125000005 0.535519125 0.4254545453125 0.5655737703125
0 0.46181818124999996 0.904371584375 0.46181818124999996 0.9644808749999999 0.470909090625 1 0.6763636359375 0.9972677593749999 0.690909090625 0.8825136609375 0.6745454546875 0.8524590156249999 0.6454545453125 0.8360655734375 0.6272727265625 0.8306010921875 0.5545454546874999 0.8360655734375 0.5545454546874999 0.8251366125 0.5327272734374999 0.8360655734375 0.5145454546875 0.8360655734375 0.4854545453125 0.857923496875 0.46181818124999996 0.904371584375
0 1 0.9262295078125 0.9727272734374999 0.8797814203125001 0.8963636359375 0.7978142078125 0.889090909375 0.7978142078125 0.8836363640625 0.816939890625 0.890909090625 0.8661202187500001 0.8745454546874999 0.8797814203125001 0.8836363640625 0.8661202187500001 0.8836363640625 0.8387978140625 0.8709090906249999 0.8196721312499999 0.790909090625 0.8196721312499999 0.7327272734375 0.8469945359375 0.69818181875 0.904371584375 0.6836363640625 0.9808743171875 0.6890909093750001 1 0.8745454546874999 1 0.8745454546874999 0.9781420765625001 0.8927272734375 1 1 0.9972677593749999 1 0.9262295078125
0 0.9563636359375 0.636612021875 0.9254545453125 0.584699453125 0.8963636359375 0.5628415296875 0.849090909375 0.5573770484375 0.82 0.584699453125 0.79818181875 0.590163934375 0.77818181875 0.6202185796874999 0.7636363640625 0.68032786875 0.770909090625 0.811475409375 0.7763636359375 0.8196721312499999 0.8709090906249999 0.81420765 0.8800000000000001 0.8060109296875 0.8854545453125 0.781420765625 0.9363636359375 0.8251366125 0.94181818125 0.822404371875 0.94181818125 0.8060109296875 0.9563636359375 0.8005464484375 0.950909090625 0.7868852453125 0.94181818125 0.7841530046875 0.95818181875 0.781420765625 0.9636363640625 0.7568306015624999 0.96 0.7459016390625 0.9636363640625 0.68579235 0.9563636359375 0.6639344265625 0.9563636359375 0.636612021875