0 0.434375 0.3234375 0.0015625 0.0015625
0 0.47040433281249994 0.17967225 0.5010986671875 0.10964325 0.49470400000000003 0.060719 0.4422683328125 0.016591 0.38712566718749997 0.00503475 0.33611800000000003 0.006998 0.2555463328125 0.0367365 0.22357333281249997 0.0655155 0.196716 0.10005025000000001 0.1916003328125 0.140341 0.20566866718750001 0.17487575 0.23380466718749998 0.19981775 0.2811246671875 0.22092225000000001 0.307982 0.239149 0.3616963328125 0.24298625000000001 0.43843166718750004 0.21708525 0.47040433281249994 0.17967225
0 0.7466506671875 0.31109675000000003 0.7632766671875 0.2564165 0.7325826671875 0.203655 0.682705 0.1547305 0.6156926671875 0.11772 0.5458606671874999 0.12115499999999998 0.5062143328125 0.143219 0.48958833281249997 0.18255025 0.4716833328125 0.23051525 0.4819146671875 0.2823175 0.5023773328125001 0.3264455 0.5599286671875 0.35906175 0.604691 0.37057324999999997 0.6545686671875 0.36673625 0.6737526671875 0.37057324999999997 0.7172356671875 0.34946875 0.7466506671875 0.31109675000000003
0 0.2555463328125 0.33028274999999996 0.3105396671875 0.31013725000000003 0.337397 0.30534075 0.32077100000000003 0.26217225 0.2644986671875 0.21132925 0.20311066718749998 0.18926525 0.169747 0.18724924999999998 0.12637566718749998 0.19022475 0.072661 0.20653275 0.0291776671875 0.24298625000000001 0.0215043328125 0.280399 0.0291776671875 0.32356775 0.050919332812499996 0.34850949999999997 0.104634 0.3897595 0.12125999999999999 0.41278249999999994 0.1762533328125 0.42333499999999996 0.20822633281249997 0.42237549999999996 0.21206299999999997 0.36865475000000003 0.2555463328125 0.33028274999999996
0 0.525398 0.39422875 0.5049353328125 0.35297875 0.45633633281249997 0.31844375 0.4218056671875 0.30501375 0.37433866718750003 0.29873574999999997 0.31821333281249997 0.30693225 0.2555463328125 0.32899625 0.21206299999999997 0.37024625 0.20438966718749998 0.41725199999999996 0.22101533281250002 0.47097274999999994 0.2555463328125 0.5083854999999999 0.306703 0.52949025 0.3655333328125 0.5371645 0.43843166718750004 0.5275715 0.495983 0.4863215 0.525398 0.443153 0.525398 0.39422875
0 0.7338616671875 0.564025 0.7683923328125 0.5371645 0.786297 0.48440300000000003 0.7799026671875 0.43931575 0.7581610000000001 0.4095775 0.71639 0.383849 0.6520106671875 0.36832750000000003 0.585507 0.37504275 0.543303 0.39614725 0.52284 0.40382175 0.525398 0.4383565 0.5126086671875 0.46809500000000004 0.49342499999999995 0.487281 0.5126086671875 0.5419609999999999 0.553534 0.56786225 0.6072486671874999 0.58512975 0.6750313328125 0.58992625 0.7338616671875 0.564025
0 0.3962273328125 0.55731 0.36425433281249997 0.5342867499999999 0.291356 0.5275715 0.24915166718749998 0.49879249999999997 0.233682 0.485745 0.1698586671875 0.4863215 0.10974966718750001 0.506467 0.071382 0.5371645 0.047082667187499996 0.5870482499999999 0.061150667187499994 0.6282982500000001 0.09184466718749999 0.66954825 0.15706966718749998 0.70120525 0.2657776671875 0.7107982500000001 0.35146533281250003 0.69161225 0.3872746671875 0.6580367500000001 0.4115743328125 0.60911225 0.3962273328125 0.55731
0 0.7070043328125 0.75108875 0.7082833328125 0.69640875 0.6801470000000001 0.64460625 0.6379426671874999 0.60623425 0.5791126671875 0.5784144999999999 0.5149953328125 0.5648645 0.4716833328125 0.56498425 0.4371526671875 0.58417025 0.41413200000000006 0.62062375 0.4051796671875 0.665711 0.4051796671875 0.713676 0.4422683328125 0.77603075 0.5049353328125 0.81632125 0.5330713328125001 0.8172805000000001 0.5995753328125 0.7980945 0.6494530000000001 0.7913795 0.6865416671875 0.796176 0.7070043328125 0.75108875
0 0.5022083328125 0.9760455 0.507493 0.996617 0.8131546671875001 0.9994949999999999 0.8336173328125 0.91028 0.8093176671875 0.8642334999999999 0.7645556671875 0.83353575 0.71212 0.79996025 0.6302693328125 0.7884487499999999 0.5471396671875 0.8153090000000001 0.49342499999999995 0.87286725 0.48703033281249997 0.9184592500000001 0.5022083328125 0.9760455
0 0.4985406671875 0.87478575 0.525398 0.8392917499999999 0.42548633281250003 0.77225325 0.3591386671875 0.760629 0.307982 0.7692625 0.2517096671875 0.7970824999999999 0.23508366718749998 0.8450475000000001 0.22101533281250002 0.9006869999999999 0.2325256671875 0.9371404999999999 0.2683356671875 0.96975675 0.3284446671875 0.99373925 0.44354733281250003 0.9985357499999999 0.508772 0.97839025 0.4831936671875 0.9217915 0.4985406671875 0.87478575
0 1 0.634 0.998 0.6195 0.991 0.596 0.9793333328125 0.5780000000000001 0.9696666671875 0.5715 0.961 0.5627500000000001 0.9403333328124999 0.5505 0.9273333328125 0.54825 0.9086666671874999 0.54725 0.8859999999999999 0.5445 0.849 0.53525 0.8346666671875 0.53325 0.8 0.5385 0.786 0.5425 0.7693333328125 0.55025 0.741 0.57125 0.7206666671875 0.59275 0.709 0.6094999999999999 0.6986666671874999 0.6345 0.6943333328125 0.65525 0.6953333328125 0.67125 0.7043333328125 0.6975 0.7126666671875 0.7144999999999999 0.724 0.72575 0.736 0.73375 0.742 0.74 0.7503333328124999 0.744 0.7606666671875 0.75125 0.7776666671875 0.7565000000000001 0.7943333328125 0.764 0.8213333328125 0.7675 0.8336666671874999 0.76625 0.8453333328125 0.76325 0.8833333328125 0.75675 0.924 0.752 0.9400000000000001 0.74775 0.9603333328125 0.7355 0.977 0.722 0.9906666671875 0.7035 1 0.68225 1 0.634
0 1 0.3185 0.978 0.3115 0.9640000000000001 0.30874999999999997 0.95 0.3075 0.9296666671875 0.3075 0.8993333328125 0.31 0.8746666671875 0.31525 0.8470000000000001 0.325 0.8233333328124999 0.33825 0.8063333328125 0.353 0.7956666671875 0.36524999999999996 0.7873333328125 0.3785 0.78 0.395 0.7763333328125 0.42024999999999996 0.78 0.45475000000000004 0.7833333328125 0.47000000000000003 0.7883333328125001 0.4835 0.7956666671875 0.49749999999999994 0.8056666671875 0.5095 0.818 0.521 0.8243333328125001 0.52525 0.8456666671875 0.536 0.8756666671875 0.5445 0.8873333328124999 0.5467500000000001 0.914 0.5495 0.9369999999999999 0.55025 0.9633333328125 0.54575 0.9753333328125 0.541 0.991 0.5365 1 0.53225 1 0.3185
0 1 0.10800000000000001 0.9643333328124999 0.096 0.9496666671874999 0.09225 0.9356666671875 0.09025 0.9109999999999999 0.09 0.8743333328125 0.091 0.8496666671875 0.09425 0.828 0.10049999999999999 0.8096666671875001 0.10925 0.7863333328125 0.1255 0.7823333328125 0.12975 0.768 0.14750000000000002 0.7576666671875001 0.1625 0.7523333328125 0.1755 0.7473333328125 0.21549999999999997 0.7583333328124999 0.25375000000000003 0.7673333328124999 0.27149999999999996 0.7773333328125 0.282 0.8013333328125001 0.2985 0.8213333328125 0.308 0.8503333328125 0.31525 0.8623333328125 0.31625000000000003 0.8789999999999999 0.313 0.9113333328125 0.30975 0.9593333328125 0.30874999999999997 0.9713333328125 0.3075 0.9773333328125 0.30575 0.986 0.29975 1 0.2925 1 0.10800000000000001
0 0 0.9654999999999999 0.009 0.96875 0.025 0.9724999999999999 0.05933333281249999 0.97875 0.06733333281250001 0.9792500000000001 0.0773333328125 0.978 0.10400000000000001 0.9637499999999999 0.1116666671875 0.958 0.137 0.94575 0.1513333328125 0.942 0.1756666671875 0.94025 0.1946666671875 0.9375 0.21033333281250002 0.93125 0.215 0.9279999999999999 0.217 0.9252499999999999 0.217 0.9099999999999999 0.23900000000000002 0.8484999999999999 0.24133333281249997 0.83575 0.2316666671875 0.8109999999999999 0.22033333281249998 0.7927500000000001 0.2093333328125 0.78125 0.199 0.7745 0.191 0.76725 0.16999999999999998 0.754 0.142 0.7424999999999999 0.09733333281249999 0.7315 0.08399999999999999 0.73 0.05 0.72975 0.0363333328125 0.73 0.0233333328125 0.7315 0 0.739 0 0.7985 0.011 0.8092499999999999 0.0113333328125 0.8119999999999999 0.004 0.8220000000000001 0 0.8300000000000001 0 0.8385 0.0033333328125 0.8470000000000001 0.0043333328125 0.86025 0 0.873 0 0.9654999999999999
0 0.89453125 0.87578125 0.2109375 0.2453125
0 0.609375 0.06171875 0.2921875 0.1234375
0 0.071875 0.15234375 0.14375 0.2328125