0 0.24609375 0.53359375 0.1265625 0.221875
0 0.3421875 0.42890625 0.121875 0.2203125
0 0.45390625 0.4671875 0.140625 0.2078125
0 0.6476923078125 0.41570438750000005 0.6215384609375 0.40415704375 0.573846153125 0.401847575 0.524615384375 0.45034642031249994 0.5184615390625 0.5519630484375 0.524615384375 0.5704387984375 0.5523076921875 0.61431870625 0.593846153125 0.6558891453125 0.64 0.6374133953125 0.6599999999999999 0.6397228640625 0.6784615390625001 0.6258660515625001 0.70923076875 0.58198614375 0.684615384375 0.45958429531249995 0.6476923078125 0.41570438750000005
0 0.515384615625 0.5635103921875 0.5015384609375 0.5635103921875 0.426153846875 0.60508083125 0.42153846093749997 0.6212471125000001 0.424615384375 0.720554271875 0.48461538437499996 0.8152424937499999 0.54923076875 0.8129330250000001 0.566153846875 0.7990762124999999 0.59076923125 0.7598152421875 0.6 0.722863740625 0.5984615390625 0.681293303125 0.5323076921875 0.57736720625 0.515384615625 0.5635103921875
0 0.4184615390625 0.61893764375 0.3769230765625 0.5450346421875001 0.3384615390625 0.5357967671874999 0.32 0.5404157046875 0.304615384375 0.5565819859375 0.3015384609375 0.58660508125 0.3076923078125 0.6351039265625 0.3 0.6651270203124999 0.30307692343750003 0.697459584375 0.3384615390625 0.7297921484375001 0.39384615312500004 0.7367205546875 0.41230769218749996 0.713625865625 0.42153846093749997 0.685912240625 0.4184615390625 0.61893764375
0 0.61076923125 0.7505773671875 0.604615384375 0.8637413390625 0.624615384375 0.8868360281250001 0.6630769234375 0.9099307156249999 0.70923076875 0.8868360281250001 0.7246153843750001 0.8521939953125001 0.7246153843750001 0.8267898390624999 0.7076923078124999 0.7598152421875 0.6723076921875 0.7251732109375 0.62 0.7066974593750001 0.61076923125 0.7505773671875
0 0.3615384609375 1 0.38769230781249997 0.9792147812499999 0.3784615390625 0.9422632796875 0.3430769234375 0.9330254046875 0.32 0.896073903125 0.3123076921875 0.896073903125 0.2876923078125 0.9030023093749999 0.273846153125 0.9168591218750001 0.2615384609375 0.9607390296875 0.27076923124999996 1 0.3615384609375 1
0 0.2184615390625 1 0.2276923078125 0.9676674359374999 0.22923076875 0.9330254046875 0.25846153906249997 0.8429561203124999 0.2169230765625 0.8383371828125 0.1923076921875 0.81986143125 0.16 0.8129330250000001 0.1369230765625 0.8267898390624999 0.124615384375 0.8498845265625 0.12769230781250002 0.9030023093749999 0.14923076875000002 0.9861431875 0.155384615625 1 0.2184615390625 1
0 0.104615384375 0.7367205546875 0.0784615390625 0.7852194 0.07076923125 0.875288684375 0.08769230781250001 0.923787528125 0.13076923125 0.9468822171875001 0.13999999999999999 0.9353348734375 0.1323076921875 0.8406466515625001 0.15076923125 0.80600461875 0.16 0.7344110859375 0.11846153906250001 0.7297921484375001 0.104615384375 0.7367205546875
0 0.1984375 0.7328125 0.0765625 0.1453125
0 0.846875 0.8609375 0.096875 0.1375