0 0.40944881874999994 0.9522613062499999 0.42125984218749996 0.922110553125 0.42125984218749996 0.8417085421875001 0.3838582671875 0.773869346875 0.3287401578125 0.7437185921875 0.25 0.7437185921875 0.22440944843750002 0.7613065328124999 0.188976378125 0.8718592968750001 0.1850393703125 0.922110553125 0.19488188906249998 0.95477386875 0.40944881874999994 0.9522613062499999
0 0.08267716562500001 0.8567839203125001 0.08858267656249999 0.95477386875 0.1850393703125 0.9522613062499999 0.188976378125 0.9472361812500001 0.1850393703125 0.9371859296875 0.1850393703125 0.8819095484374999 0.188976378125 0.876884421875 0.1870078734375 0.85427135625 0.1791338578125 0.8492462312500001 0.167322834375 0.8492462312500001 0.1633858265625 0.84422110625 0.1003937015625 0.84422110625 0.08267716562500001 0.8567839203125001
0 0.08858267656249999 0.6180904515625001 0.0551181109375 0.65577889375 0.039370078125 0.6909547734375 0.0314960625 0.726130653125 0.039370078125 0.7864321609375 0.0807086609375 0.84422110625 0.10236220468749999 0.8417085421875001 0.1712598421875 0.8391959796874999 0.2086614171875 0.8015075375 0.220472440625 0.771356784375 0.22834645625 0.731155778125 0.22440944843750002 0.680904521875 0.2086614171875 0.6457286437499999 0.17519685000000002 0.6130653265625 0.14763779531250001 0.603015075 0.1240157484375 0.603015075 0.08858267656249999 0.6180904515625001
0 0 0.9522613062499999 0.07480315 0.9522613062499999 0.08267716562500001 0.9472361812500001 0.08267716562500001 0.8668341703125 0.0787401578125 0.8618090453124999 0.0787401578125 0.85175879375 0.07086614218750001 0.8417085421875001 0.0629921265625 0.821608040625 0.0492125984375 0.8040201 0.02165354375 0.7839195984375 0.0019685046875 0.7839195984375 0 0.9522613062499999
0 0.0019685046875 0.49748743749999996 0 0.7160804015625 0.0059055125 0.723618090625 0.0275590546875 0.7211055281250001 0.051181103125 0.65577889375 0.0807086609375 0.623115578125 0.104330709375 0.6080402015625 0.112204725 0.6080402015625 0.1181102359375 0.6005025125000001 0.1181102359375 0.5854271359375 0.1102362203125 0.55527638125 0.08464566875 0.5175879390625 0.045275590625 0.49748743749999996 0.0019685046875 0.49748743749999996
0 0.01574803125 0.329145728125 0.007874015625 0.3844221109375 0.023622046875 0.4396984921875 0.06496062968750001 0.49246231093750004 0.10826771718749999 0.5175879390625 0.137795275 0.5150753765625 0.2086614171875 0.47487437187500003 0.2322834640625 0.429648240625 0.236220471875 0.3592964828125 0.21653543281249998 0.3090452265625 0.183070865625 0.2663316578125 0.151574803125 0.24623115625 0.08858267656249999 0.2412060296875 0.0688976375 0.25125628125 0.0314960625 0.29396985 0.01574803125 0.329145728125
0 0.0433070859375 0.123115578125 0.039370078125 0.173366834375 0.039370078125 0.1884422109375 0.05905511875 0.24874371874999998 0.0688976375 0.25125628125 0.08464566875 0.2412060296875 0.14370078749999998 0.2412060296875 0.1791338578125 0.2613065328125 0.212598425 0.29396985 0.22440944843750002 0.223618090625 0.2519685046875 0.1834170859375 0.2519685046875 0.1683417078125 0.2322834640625 0.128140703125 0.19488188906249998 0.0854271359375 0.1555118109375 0.0603015078125 0.1003937015625 0.05527638124999999 0.06496062968750001 0.075376884375 0.0551181109375 0.0879396984375 0.0433070859375 0.123115578125
0 0.1535433078125 0.0025125625 0.045275590625 0 0.0433070859375 0.0175879390625 0.0314960625 0.0376884421875 0.0314960625 0.04773869375 0.023622046875 0.052763818750000004 0.023622046875 0.0879396984375 0.0334645671875 0.1005025125 0.041338582812500003 0.10552763750000001 0.04724409375 0.103015075 0.051181103125 0.0929648234375 0.0688976375 0.070351759375 0.08464566875 0.0603015078125 0.092519684375 0.0603015078125 0.0964566921875 0.05527638124999999 0.14763779531250001 0.05527638124999999 0.1535433078125 0.04773869375 0.1535433078125 0.027638190624999996 0.157480315625 0.022613065625 0.1535433078125 0.0025125625
0 0.212598425 0.0879396984375 0.220472440625 0.0678391953125 0.2460629921875 0.030150753125000002 0.273622046875 0.0100502515625 0.2814960625 0.0100502515625 0.2913385828125 0.0025125625 0.15944881875 0 0.157480315625 0.05778894531249999 0.19488188906249998 0.080402009375 0.20275590625 0.0904522609375 0.212598425 0.0879396984375
0 0.40157480312500005 0.0427135671875 0.3602362203125 0.005025125 0.28937007812500004 0.005025125 0.2539370078125 0.025125628125 0.22440944843750002 0.0628140703125 0.212598425 0.09798995 0.24015747968749998 0.1381909546875 0.24803149531250002 0.1582914578125 0.257874015625 0.170854271875 0.263779528125 0.1683417078125 0.28937007812500004 0.15075376875 0.3287401578125 0.15075376875 0.348425196875 0.16080402031250002 0.36417322812499997 0.16080402031250002 0.3759842515625 0.15075376875 0.3996062984375 0.14572864375 0.40944881874999994 0.1331658296875 0.40944881874999994 0.103015075 0.4133858265625 0.09798995 0.40157480312500005 0.0427135671875
0 0.21653543281249998 0.26381909531250003 0.21653543281249998 0.3090452265625 0.2322834640625 0.34422110625 0.257874015625 0.3668341703125 0.28937007812500004 0.376884421875 0.326771653125 0.374371859375 0.3602362203125 0.3567839203125 0.38582677187500003 0.324120603125 0.40157480312500005 0.2587939703125 0.38582677187500003 0.19849246250000002 0.36811023593750003 0.175879396875 0.32480315000000004 0.15075376875 0.301181103125 0.15075376875 0.26968503906249996 0.16582914531249998 0.22834645625 0.2185929640625 0.21653543281249998 0.26381909531250003
0 0.2322834640625 0.4396984921875 0.212598425 0.46984924687499996 0.21850393750000002 0.477386934375 0.26968503906249996 0.477386934375 0.273622046875 0.4824120609375 0.28937007812500004 0.48743718593749996 0.29724409375 0.49748743749999996 0.316929134375 0.5075376890625 0.32480315000000004 0.5175879390625 0.33464566875 0.5150753765625 0.33464566875 0.505025125 0.3385826765625 0.5 0.3385826765625 0.45477386875 0.3228346453125 0.40954773906249997 0.301181103125 0.3819095484375 0.2460629921875 0.3668341703125 0.24015747968749998 0.374371859375 0.24015747968749998 0.3994974875 0.236220471875 0.4045226125 0.2322834640625 0.4396984921875
0 0.12992125937500001 0.5653266328125001 0.12992125937500001 0.5954773875 0.135826771875 0.603015075 0.1555118109375 0.603015075 0.1870078734375 0.6180904515625001 0.22440944843750002 0.675879396875 0.22834645625 0.7211055281250001 0.23425196874999998 0.728643215625 0.30314960625 0.726130653125 0.3149606296875 0.630653265625 0.3228346453125 0.6105527640624999 0.354330709375 0.575376884375 0.33464566875 0.530150753125 0.2854330703125 0.48743718593749996 0.25 0.477386934375 0.21850393750000002 0.477386934375 0.1712598421875 0.5025125625 0.137795275 0.54522613125 0.12992125937500001 0.5653266328125001
0 0.3228346453125 0.620603015625 0.311023621875 0.65577889375 0.311023621875 0.731155778125 0.3208661421875 0.7437185921875 0.34055118125 0.7437185921875 0.387795275 0.773869346875 0.417322834375 0.8316582921875 0.4291338578125 0.8417085421875001 0.4665354328125 0.8391959796874999 0.51574803125 0.7964824125 0.5433070859375 0.7160804015625 0.5433070859375 0.675879396875 0.51574803125 0.6155778890625 0.47834645625 0.577889446875 0.43503937031250006 0.5577889453125 0.395669290625 0.5577889453125 0.36417322812499997 0.572864321875 0.3228346453125 0.620603015625
0 0.507874015625 0.9321608046875 0.5137795281249999 0.9497487437500001 0.7244094484375 0.9522613062499999 0.7480314953125 0.9070351765625 0.7598425203125 0.821608040625 0.7480314953125 0.771356784375 0.7106299218750001 0.723618090625 0.6751968500000001 0.7035175875 0.6240157484375 0.7135678390625 0.5649606296874999 0.74874371875 0.523622046875 0.8015075375 0.507874015625 0.85175879375 0.507874015625 0.9321608046875
0 0.4311023625 0.84422110625 0.42519685 0.85175879375 0.42519685 0.8969849249999999 0.42125984218749996 0.90201005 0.42125984218749996 0.9271356781250001 0.417322834375 0.9321608046875 0.4133858265625 0.9522613062499999 0.4803149609375 0.9522613062499999 0.4881889765625 0.9271356781250001 0.5039370078125 0.9070351765625 0.5039370078125 0.8919597984375001 0.507874015625 0.8869346734375 0.507874015625 0.8718592968750001 0.5039370078125 0.8618090453124999 0.4980314953125 0.85427135625 0.4901574796875 0.85427135625 0.4744094484375 0.84422110625 0.4311023625 0.84422110625
0 0.6476377953125 0.6934673359375 0.6240157484375 0.6884422109375 0.620078740625 0.6834170859375 0.58464566875 0.6834170859375 0.5807086609375001 0.6884422109375 0.5649606296874999 0.6934673359375 0.5433070859375 0.7160804015625 0.5354330703125 0.7361809046875 0.5354330703125 0.75125628125 0.5314960625 0.7562814078125 0.5314960625 0.771356784375 0.5275590546875 0.776381909375 0.529527559375 0.7839195984375 0.5354330703125 0.7814070359375 0.5728346453125 0.7386934671875001 0.5807086609375001 0.7386934671875001 0.6003937015624999 0.723618090625 0.6082677171875 0.723618090625 0.612204725 0.7185929640625 0.620078740625 0.7185929640625 0.6240157484375 0.7135678390625 0.6318897640625 0.7135678390625 0.6535433078125 0.701005025 0.6476377953125 0.6934673359375
0 0.7598425203125 0.8618090453124999 0.7480314953125 0.9120603015625001 0.7519685046875 0.9472361812500001 0.757874015625 0.95477386875 0.8858267718749999 0.9522613062499999 0.9192913390624999 0.879396984375 0.9724409453125 0.84673366875 0.960629921875 0.7964824125 0.9192913390624999 0.7386934671875001 0.8917322828125 0.7185929640625 0.8366141734375001 0.7035175875 0.7814960625 0.7185929640625 0.7440944875 0.7562814078125 0.7598425203125 0.8065326640625001 0.7598425203125 0.8618090453124999
0 0.854330709375 0.65577889375 0.8700787406250001 0.701005025 0.9311023625000001 0.7386934671875001 0.9724409453125 0.7412060296874999 0.98425196875 0.731155778125 0.98425196875 0.6608040203125001 1 0.6155778890625 0.9980314953124999 0.44221105468750005 0.97834645625 0.44221105468750005 0.9429133859375 0.45728643281250003 0.9074803156250001 0.48743718593749996 0.8700787406250001 0.54522613125 0.854330709375 0.5904522609375 0.854330709375 0.65577889375
0 0.779527559375 0.5402010046875 0.7913385828124999 0.5653266328125001 0.8208661421875 0.6130653265625 0.8287401578125 0.6180904515625001 0.8503937015625 0.6155778890625 0.854330709375 0.580402009375 0.8897637796875 0.505025125 0.933070865625 0.4597989953125 0.8858267718749999 0.40954773906249997 0.8799212593749999 0.3869346734375 0.8562992125 0.3869346734375 0.8287401578125 0.39698492500000004 0.7913385828124999 0.4396984921875 0.779527559375 0.46984924687499996 0.779527559375 0.5402010046875
0 1 0.23366834218750002 0.97834645625 0.221105528125 0.9350393703125001 0.22613065312499997 0.91535433125 0.2412060296875 0.8858267718749999 0.278894471875 0.8740157484375001 0.324120603125 0.87795275625 0.3592964828125 0.8858267718749999 0.37939698437499997 0.8858267718749999 0.4045226125 0.9192913390624999 0.44221105468750005 0.9350393703125001 0.45226130624999994 0.948818896875 0.44974874375 1 0.43467336718749994 1 0.23366834218750002
0 0.7224409453125 0.271356784375 0.7007874015625 0.298994975 0.688976378125 0.3341708546875 0.688976378125 0.3994974875 0.69685039375 0.42462311562500005 0.7145669296875 0.45226130624999994 0.7303149609374999 0.45728643281250003 0.7696850390625001 0.5025125625 0.7755905515625 0.5 0.7834645671875 0.45477386875 0.8208661421875 0.40201005 0.8523622046874999 0.3869346734375 0.87795275625 0.3844221109375 0.8740157484375001 0.34422110625 0.8503937015625 0.29396985 0.8248031499999999 0.2663316578125 0.7893700781249999 0.24623115625 0.7618110234375 0.24623115625 0.7224409453125 0.271356784375
0 0.773622046875 0.1909547734375 0.73425196875 0.2110552765625 0.712598425 0.24371859218749997 0.7145669296875 0.276381909375 0.7618110234375 0.24623115625 0.7933070859375 0.24623115625 0.8248031499999999 0.2663316578125 0.8405511812500001 0.2814070359375 0.8681102359375 0.32160804062500004 0.8700787406250001 0.319095478125 0.8740157484375001 0.3090452265625 0.8740157484375001 0.268844221875 0.8700787406250001 0.26381909531250003 0.8700787406250001 0.25376884375 0.8582677171875 0.228643215625 0.8444881890625 0.2110552765625 0.8287401578125 0.201005025 0.8208661421875 0.201005025 0.8051181109375 0.1909547734375 0.773622046875 0.1909547734375
0 0.5118110234375 0.228643215625 0.5 0.27386934687500003 0.5 0.324120603125 0.5216535437500001 0.3618090453125 0.5570866140625 0.35175879375 0.604330709375 0.35175879375 0.673228346875 0.3844221109375 0.6850393703125001 0.35427135625 0.688976378125 0.319095478125 0.712598425 0.27386934687500003 0.704724409375 0.23366834218750002 0.683070865625 0.1959799 0.667322834375 0.180904521875 0.6358267718749999 0.16582914531249998 0.592519684375 0.16582914531249998 0.545275590625 0.1909547734375 0.5118110234375 0.228643215625
0 0.529527559375 0.3668341703125 0.507874015625 0.3994974875 0.507874015625 0.45477386875 0.5137795281249999 0.4673366828125 0.5196850390625001 0.4648241203125 0.523622046875 0.45477386875 0.5413385828124999 0.4371859296875 0.6003937015624999 0.44221105468750005 0.6161417328125001 0.45728643281250003 0.704724409375 0.44472361875 0.688976378125 0.40954773906249997 0.6594488187499999 0.3819095484375 0.6003937015624999 0.35175879375 0.561023621875 0.35175879375 0.529527559375 0.3668341703125
0 0.51574803125 0.3592964828125 0.4980314953125 0.3316582921875 0.47047244062500004 0.3115577890625 0.4192913390625 0.3065326640625 0.3917322828125 0.3165829140625 0.326771653125 0.3994974875 0.326771653125 0.41457286406250005 0.33464566875 0.429648240625 0.342519684375 0.47487437187500003 0.3503937015625 0.47487437187500003 0.354330709375 0.4597989953125 0.37204724375 0.44221105468750005 0.40354330781250003 0.4321608046875 0.42322834687500005 0.4321608046875 0.4271653546875 0.427135678125 0.44291338593749996 0.427135678125 0.5019685046875 0.45728643281250003 0.5039370078125 0.40954773906249997 0.5196850390625001 0.369346734375 0.51574803125 0.3592964828125
0 0.4271653546875 0.14572864375 0.395669290625 0.14572864375 0.362204725 0.1633165828125 0.362204725 0.1683417078125 0.3897637796875 0.2035175875 0.40157480312500005 0.24371859218749997 0.40157480312500005 0.278894471875 0.3937007875 0.298994975 0.395669290625 0.3115577890625 0.407480315625 0.3115577890625 0.41141732343750004 0.3065326640625 0.45866141718750003 0.3065326640625 0.47834645625 0.3165829140625 0.492125984375 0.31407035156249996 0.49606299218750005 0.3090452265625 0.49606299218750005 0.2889447234375 0.5 0.2839195984375 0.5 0.2386934671875 0.49606299218750005 0.23366834218750002 0.49606299218750005 0.2185929640625 0.48425196875000004 0.1934673359375 0.45472440937499997 0.15577889375 0.4311023625 0.15075376875 0.4271653546875 0.14572864375
0 0.47047244062500004 0.0904522609375 0.43503937031250006 0.0904522609375 0.4311023625 0.0954773875 0.4192913390625 0.0954773875 0.4133858265625 0.103015075 0.4133858265625 0.11306532656249998 0.40944881874999994 0.1180904515625 0.40944881874999994 0.1432160796875 0.4311023625 0.14572864375 0.43503937031250006 0.15075376875 0.44685039375 0.15075376875 0.45472440937499997 0.15577889375 0.4803149609375 0.1834170859375 0.4803149609375 0.1884422109375 0.49409448749999996 0.2110552765625 0.5 0.20854271406249997 0.5098425203125 0.1959799 0.537401575 0.180904521875 0.5433070859375 0.173366834375 0.5433070859375 0.1582914578125 0.5314960625 0.1432160796875 0.5314960625 0.1381909546875 0.5098425203125 0.1105527640625 0.49409448749999996 0.1005025125 0.4744094484375 0.0954773875 0.47047244062500004 0.0904522609375
0 0.4507874015625 0.0854271359375 0.47834645625 0.0904522609375 0.48228346406249994 0.0954773875 0.5059055125 0.1005025125 0.5098425203125 0.10552763750000001 0.51574803125 0.103015075 0.51574803125 0.0376884421875 0.523622046875 0.022613065625 0.523622046875 0.0125628140625 0.5275590546875 0.0075376890625 0.5255905515625 0 0.4291338578125 0.0025125625 0.43307086562499997 0.0175879390625 0.4448818890625 0.0376884421875 0.4448818890625 0.077889446875 0.4507874015625 0.0854271359375
0 0.537401575 0 0.5275590546875 0.0075376890625 0.51574803125 0.0427135671875 0.51574803125 0.09798995 0.5196850390625001 0.11306532656249998 0.5413385828124999 0.15075376875 0.5688976375 0.170854271875 0.5787401578125 0.1683417078125 0.6614173234375 0.1633165828125 0.6614173234375 0.15326633125 0.6929133859375 0.11306532656249998 0.7086614171875001 0.05778894531249999 0.7086614171875001 0.0175879390625 0.70275590625 0 0.537401575 0
0 0.7696850390625001 0.0402010046875 0.7303149609374999 0.0402010046875 0.7185039375 0.04522613125 0.7086614171875001 0.05778894531249999 0.6929133859375 0.1180904515625 0.6692913390624999 0.15326633125 0.6692913390624999 0.173366834375 0.688976378125 0.19849246250000002 0.7007874015625 0.223618090625 0.712598425 0.23366834218750002 0.7381889765625 0.20603015 0.7696850390625001 0.1909547734375 0.826771653125 0.1934673359375 0.8307086609375001 0.1834170859375 0.8307086609375001 0.123115578125 0.826771653125 0.1180904515625 0.826771653125 0.103015075 0.8188976374999999 0.0829145734375 0.79724409375 0.05527638124999999 0.7696850390625001 0.0402010046875
0 0.7893700781249999 0 0.7755905515625 0.027638190624999996 0.7755905515625 0.0376884421875 0.7933070859375 0.05025125625 0.8188976374999999 0.0829145734375 0.8228346453125001 0.09798995 0.8287401578125 0.10552763750000001 0.8385826765625 0.103015075 0.8602362203125 0.0904522609375 0.8700787406250001 0.077889446875 0.8661417328125 0.072864321875 0.8661417328125 0.05778894531249999 0.862204725 0.04773869375 0.8366141734375001 0.015075376562500001 0.8326771656249999 0.015075376562500001 0.8248031499999999 0.005025125 0.816929134375 0 0.7893700781249999 0
0 0.8996062984375 0.0854271359375 0.8759842515624999 0.0854271359375 0.87204724375 0.0904522609375 0.8602362203125 0.0904522609375 0.8366141734375001 0.10552763750000001 0.8307086609375001 0.1180904515625 0.8307086609375001 0.19849246250000002 0.8661417328125 0.2386934671875 0.8700787406250001 0.2587939703125 0.8740157484375001 0.268844221875 0.87795275625 0.268844221875 0.8818897640625 0.228643215625 0.8937007875 0.1934673359375 0.9114173234375 0.16582914531249998 0.9409448812500001 0.1432160796875 0.9370078734374999 0.1331658296875 0.9370078734374999 0.11306532656249998 0.923228346875 0.0954773875 0.91535433125 0.0904522609375 0.9035433078124999 0.0904522609375 0.8996062984375 0.0854271359375
0 0.8818897640625 0.228643215625 0.8818897640625 0.27386934687500003 0.8858267718749999 0.27386934687500003 0.9074803156250001 0.24623115625 0.9468503937499999 0.221105528125 0.9822834640625 0.221105528125 0.9980314953124999 0.231155778125 1 0.1582914578125 0.9862204718750001 0.14572864375 0.954724409375 0.14070351718750002 0.91535433125 0.16582914531249998 0.8976377953125001 0.1884422109375 0.8818897640625 0.228643215625
0 1 0.0025125625 0.962598425 0 0.948818896875 0.0125628140625 0.9448818890625 0.027638190624999996 0.9370078734374999 0.0376884421875 0.9370078734374999 0.04773869375 0.933070865625 0.052763818750000004 0.933070865625 0.09798995 0.9409448812500001 0.10804020156250001 0.9507874015625 0.1356783921875 0.962598425 0.1356783921875 0.9665354328125 0.14070351718750002 0.97834645625 0.14070351718750002 0.9822834640625 0.14572864375 0.9940944875 0.14572864375 0.9980314953124999 0.15075376875 1 0.14824120624999998 1 0.0025125625
0 0.40354330781250003 0.4371859296875 0.37204724375 0.44221105468750005 0.3582677171875 0.45477386875 0.3385826765625 0.505025125 0.3385826765625 0.5351758796875 0.3602362203125 0.572864321875 0.387795275 0.5577889453125 0.44291338593749996 0.5577889453125 0.48228346406249994 0.577889446875 0.5059055125 0.603015075 0.51574803125 0.6055276375 0.5275590546875 0.575376884375 0.5275590546875 0.54522613125 0.523622046875 0.5402010046875 0.523622046875 0.5150753765625 0.5118110234375 0.4899497484375 0.5118110234375 0.47487437187500003 0.5059055125 0.4623115578125 0.4507874015625 0.4321608046875 0.407480315625 0.4321608046875 0.40354330781250003 0.4371859296875
0 0.6712598421875 0.477386934375 0.6594488187499999 0.45728643281250003 0.6358267718749999 0.45728643281250003 0.6161417328125001 0.4824120609375 0.612204725 0.472361809375 0.5885826765625 0.477386934375 0.582677165625 0.520100503125 0.566929134375 0.5351758796875 0.55905511875 0.5603015078125 0.55905511875 0.6155778890625 0.566929134375 0.6457286437499999 0.604330709375 0.6834170859375 0.6318897640625 0.6834170859375 0.6633858265625 0.6984924625 0.6929133859375 0.6959799 0.726377953125 0.6783919593750001 0.7519685046875 0.6457286437499999 0.7598425203125 0.625628140625 0.7716535437500001 0.570351759375 0.7716535437500001 0.5402010046875 0.7598425203125 0.5 0.73425196875 0.4673366828125 0.7185039375 0.45728643281250003 0.683070865625 0.45728643281250003 0.6712598421875 0.477386934375
0 0.7854330703125 0.6130653265625 0.76574803125 0.6281407031249999 0.7559055125 0.6457286437499999 0.712598425 0.6959799 0.7086614171875001 0.7060301499999999 0.7086614171875001 0.7160804015625 0.7381889765625 0.75376884375 0.7440944875 0.75125628125 0.7775590546875 0.7185929640625 0.8090551187499999 0.7035175875 0.8602362203125 0.7035175875 0.862204725 0.6859296484375 0.8582677171875 0.680904521875 0.8503937015625 0.6407035171875 0.8326771656249999 0.623115578125 0.8051181109375 0.6180904515625001 0.801181103125 0.6130653265625 0.7854330703125 0.6130653265625