0 1 0.4426433921875 0.9700996671875 0.4152119703125 0.9700996671875 0.3977556109375 0.9393687703125 0.33915212031249997 0.9186046515624999 0.3753117203125 0.92524916875 0.4077306734375 0.941860465625 0.4301745640625 0.9269102984375 0.45760598437500005 0.9269102984375 0.47755610937500004 0.9584717609375 0.6122194515625 0.953488371875 0.6670822937499999 0.9700996671875 0.7518703234374999 0.9817275750000001 0.7967581046875 1 0.8092269328125001 1 0.4426433921875
0 0.0913621265625 0.8142144640625 0.06478405312499999 0.654613465625 0.02491694375 0.51496259375 0.0008305640625 0.46384039843749997 0.0016611296875 0.7019950125000001 0.044850498437500004 0.866583540625 0.09302325624999999 0.9314214468750001 0.0847176078125 0.8765586031250001 0.0913621265625 0.8142144640625
0 0.0564784046875 0.40024937656250004 0.054817275 0.42518703281250003 0.096345515625 0.659600996875 0.107973421875 0.7892768078125 0.1345514953125 0.8266832921875 0.1561461796875 0.7817955109375 0.1561461796875 0.6147132171874999 0.1495016609375 0.5698254359375 0.08970099687500001 0.5024937656249999 0.0863787375 0.472568578125 0.11295681093750001 0.39526184531249997 0.1088039859375 0.381546134375 0.0938538203125 0.376558603125 0.06395348906250001 0.38902743125 0.0564784046875 0.40024937656250004
0 0.28654484999999996 0.2693266828125 0.29568106250000004 0.2132169578125 0.25913621249999996 0.1608478796875 0.2275747515625 0.083541146875 0.21843853750000003 0.03990025 0.16528239218750002 0.049875312500000005 0.142026578125 0.062344139062500005 0.1345514953125 0.07605985 0.172757475 0.148379053125 0.16611295625 0.1583541140625 0.16611295625 0.17830423906249998 0.17940199375000002 0.2406483796875 0.2176079734375 0.35286782968749997 0.2176079734375 0.3877805484375 0.25083056406250004 0.41770573593749993 0.237541528125 0.480049875 0.22840531562500002 0.6059850375 0.22591362187500003 0.5798004984375 0.21926910312499998 0.5847880296875 0.23421926875 0.8042394015625 0.2516611296875 0.83291770625 0.2632890359375 0.8254364093750001 0.2948504984375 0.8827930171875 0.327242525 0.903990025 0.33388704375 0.88902743125 0.3289036546875 0.8391521203125001 0.290697675 0.7319202 0.2890365453125 0.711970075 0.2923588046875 0.4351620953125 0.287375415625 0.41271820468750003 0.2940199328125 0.35286782968749997 0.25913621249999996 0.25311720625 0.2632890359375 0.22443890312499998 0.28654484999999996 0.2693266828125
0 0.3654485046875 0.29301745625 0.34053156093750003 0.270573565625 0.3322259140625 0.1658354109375 0.305647840625 0.07855361562499999 0.30398671093749996 0.038653367187499996 0.283222590625 0.002493765625 0.253322259375 0.012468828125000001 0.22591362187500003 0.038653367187499996 0.2275747515625 0.073566084375 0.2408637875 0.113466334375 0.3006644515625 0.21571072343750003 0.289867109375 0.2867830421875 0.2666112953125 0.24688279375 0.262458471875 0.25561097187500004 0.29568106250000004 0.34788030000000003 0.2973421921875 0.40523690781250005 0.327242525 0.46009975000000003 0.3222591359375 0.5024937656249999 0.3504983390625 0.6521197 0.4368770765625 0.9164588531250001 0.4559800671875 0.9426433921875 0.48338870468749995 0.9538653359374999 0.4916943515625 0.946384040625 0.4916943515625 0.8965087281249999 0.4700996671875 0.7593516203124999 0.42524916875 0.6321695765625 0.3953488375 0.5 0.3621262453125 0.4426433921875 0.39202657812499997 0.3753117203125 0.3903654484375 0.33291770625 0.369601328125 0.3216957609375 0.3654485046875 0.29301745625
0 0.5681063125 0.7718204484375 0.5348837203125 0.7019950125000001 0.48671096406250003 0.5598503734375 0.4551495015625 0.34289276874999997 0.43853820624999995 0.30798005 0.44850498281249995 0.2680798 0.44850498281249995 0.21571072343750003 0.4393687703125 0.19700748125 0.4360465109375 0.209476309375 0.42524916875 0.2057356609375 0.42026578125 0.1733167078125 0.3870431890625 0.098503740625 0.37458471718749997 0.0897755609375 0.3787375421875 0.135910225 0.40365448437499996 0.2007481296875 0.4053156140625 0.2132169578125 0.3970099671875 0.21820448906249998 0.40863787343749997 0.22319202031250002 0.41196013281250005 0.2431421453125 0.39784053125 0.23192020000000002 0.3779069765625 0.23192020000000002 0.37458471718749997 0.21197007499999998 0.3529900328125 0.20698254375 0.35215946875 0.21820448906249998 0.3654485046875 0.2381546140625 0.37375415312500004 0.27306733125 0.37043189375 0.28304239375 0.40365448437499996 0.30798005 0.3936877078125 0.34039900312500004 0.398671096875 0.4900249375 0.42026578125 0.5947630921875 0.45182724218750003 0.679551121875 0.5 0.7643391515625 0.5340531562499999 0.815461346875 0.5681063125 0.8241895265625001 0.5822259140625 0.815461346875 0.5780730890625 0.8067331671875 0.5830564781249999 0.8017456359375 0.5772425250000001 0.7980049874999999 0.576411959375 0.8117206984375 0.5714285718750001 0.8092269328125001 0.5730897015624999 0.7892768078125 0.5689368765625 0.780548628125 0.564784053125 0.7867830421875001 0.5681063125 0.7718204484375
0 0.5091362125 0.00498753125 0.49833887031249996 0.021197007812499998 0.481727575 0.09102244375 0.4792358796875 0.164588528125 0.4651162796875 0.148379053125 0.46179402031250005 0.128428928125 0.45182724218750003 0.123441396875 0.44186046562500003 0.093516209375 0.4368770765625 0.0361596015625 0.44352159531249996 0.0187032421875 0.4244186046875 0.007481296875 0.4186046515625 0.0311720703125 0.428571428125 0.0361596015625 0.41943521562499997 0.03990025 0.40863787343749997 0.0286783046875 0.41279069843749994 0.01496259375 0.3729235875 0.00498753125 0.36378737499999997 0.0137157109375 0.3654485046875 0.061097256249999995 0.3903654484375 0.093516209375 0.40116279062500004 0.1271820453125 0.4136212625 0.13092269375 0.410299003125 0.14339152187499998 0.445182725 0.1857855359375 0.4584717609375 0.2406483796875 0.5 0.3179551125 0.4800664453125 0.3728179546875 0.4767441859375 0.46508728125000004 0.48338870468749995 0.527431421875 0.50664451875 0.6221945140625 0.5697674421875 0.7743142140625 0.630398671875 0.8678304234375 0.6461794015625 0.8740648375 0.6312292359375 0.8017456359375 0.614617940625 0.7618453859375001 0.554817275 0.53990025 0.5448504984375 0.4351620953125 0.546511628125 0.35286782968749997 0.528239203125 0.31296758125 0.5265780734375001 0.2381546140625 0.503322259375 0.103491271875 0.5166112953125 0.0087281796875 0.5091362125 0.00498753125
0 0.6960132890625 0.8316708234375 0.6976744187499999 0.7668329171875 0.6553156140625 0.7406483796875001 0.6403654484375 0.7456359109374999 0.6287375421875 0.7306733171875 0.632890365625 0.8192019953124999 0.6411960140625 0.8541147125 0.65199335625 0.8802992515625 0.682724253125 0.8940149625 0.6960132890625 0.8316708234375
0 0.596345515625 0.335411471875 0.5946843859375 0.25810473749999996 0.5888704312499999 0.249376559375 0.5514950171875 0.3179551125 0.5498338875 0.482543640625 0.558139534375 0.547381546875 0.6245847171875 0.719451371875 0.6461794015625 0.679551121875 0.6594684390625 0.6221945140625 0.65199335625 0.6159601 0.6370431890625 0.6259351625 0.62043189375 0.6558603484375001 0.6063122921875 0.6197007484375 0.61129568125 0.48503740625 0.57973421875 0.43765586093750003 0.5847176078125 0.3753117203125 0.596345515625 0.335411471875
0 0.7176079734374999 0.280548628125 0.7225913625 0.265586034375 0.7159468437500001 0.25311720625 0.7225913625 0.2431421453125 0.7176079734374999 0.14339152187499998 0.700996678125 0.118453865625 0.7026578078125 0.10099750625 0.6943521593749999 0.10099750625 0.6993355484375 0.0860349125 0.687707640625 0.07107231875 0.6810631234375 0.011221945312499999 0.65697674375 0.002493765625 0.5589701 0.012468828125000001 0.524086378125 0.00498753125 0.5199335546875 0.0236907734375 0.52491694375 0.0411471328125 0.5506644515625 0.0822942640625 0.5780730890625 0.108478803125 0.6411960140625 0.22568578593750002 0.619601328125 0.25561097187500004 0.6245847171875 0.31296758125 0.6503322265625 0.3291770578125 0.6586378734375 0.3216957609375 0.67940199375 0.3678304234375 0.660299003125 0.37905236875 0.65199335625 0.39900249374999996 0.636212625 0.3927680796875 0.636212625 0.41271820468750003 0.644518271875 0.4152119703125 0.6279069765624999 0.43765586093750003 0.6096345515625 0.517456359375 0.6063122921875 0.5847880296875 0.614617940625 0.6446384046875 0.6237541531249999 0.6458852875 0.65199335625 0.6109725687500001 0.6611295687500001 0.6147132171874999 0.6561461796875 0.65710723125 0.632890365625 0.7094763093750001 0.632890365625 0.724438903125 0.6428571421875 0.7319202 0.6436877078125 0.7431421453125 0.716777409375 0.765586034375 0.737541528125 0.719451371875 0.73421926875 0.67705735625 0.7392026578124999 0.654613465625 0.7275747515625001 0.6147132171874999 0.735049834375 0.578553615625 0.7408637875 0.6072319203125 0.7641196015625 0.65710723125 0.8313953484375001 0.760598503125 0.8546511625000001 0.785536159375 0.898671096875 0.7967581046875 0.8953488374999999 0.7693266828125 0.8621262453125 0.672069825 0.7607973421875001 0.4351620953125 0.7300664453125 0.3840399 0.700996678125 0.3778054859375 0.7142857140625 0.3603491265625 0.7209302328125 0.31296758125 0.7176079734374999 0.295511221875 0.7225913625 0.290523690625 0.7176079734374999 0.280548628125
0 0.8164451828124999 0.421446384375 0.8147840531250001 0.44139650937499997 0.805647840625 0.4326683296875 0.790697675 0.39526184531249997 0.7823920265625001 0.3902743140625 0.7607973421875001 0.30798005 0.7508305640625 0.30049875312499996 0.7508305640625 0.28304239375 0.737541528125 0.2780548625 0.73421926875 0.23566084843750001 0.744186046875 0.1708229421875 0.73837209375 0.1496259359375 0.7275747515625001 0.1608478796875 0.7159468437500001 0.2381546140625 0.7209302328125 0.320448878125 0.737541528125 0.3728179546875 0.7292358796875 0.3778054859375 0.75 0.401496259375 0.76578073125 0.40523690781250005 0.762458471875 0.4351620953125 0.805647840625 0.54488778125 0.8920265781250001 0.71695760625 0.9235880406250001 0.8042394015625 0.9435215953125 0.8067331671875 0.9817275750000001 0.8017456359375 0.96345515 0.714463840625 0.9460132890624999 0.6708229421875 0.8945182718750001 0.6633416453125001 0.880398671875 0.6296758109375 0.8787375421875 0.6022443890625 0.8471760796875 0.5847880296875 0.8388704312499999 0.52493765625 0.8538205984375 0.487531171875 0.8164451828124999 0.421446384375