0 0.25166666718749997 0.3285 0.2636666671875 0.3445 0.27799999999999997 0.3565 0.2886666671875 0.361 0.3046666671875 0.36575 0.327 0.37025 0.3313333328125 0.37025 0.3416666671875 0.36825 0.356 0.35775 0.367 0.355 0.37966666718750003 0.35375 0.3803333328125 0.34249999999999997 0.374 0.33225 0.362 0.30474999999999997 0.3506666671875 0.269 0.343 0.217 0.337 0.1935 0.3323333328125 0.1805 0.32166666718750003 0.1615 0.3016666671875 0.136 0.2916666671875 0.128 0.2773333328125 0.125 0.264 0.128 0.253 0.135 0.2323333328125 0.16275 0.2266666671875 0.17525 0.2226666671875 0.19075 0.2213333328125 0.229 0.227 0.26525 0.2336666671875 0.28925 0.2396666671875 0.3045 0.24533333281249997 0.3135 0.25166666718749997 0.3285
0 0.182 0.35924999999999996 0.181 0.367 0.1823333328125 0.37124999999999997 0.1896666671875 0.38475000000000004 0.1983333328125 0.39449999999999996 0.2026666671875 0.39825 0.21000000000000002 0.40175 0.2186666671875 0.40199999999999997 0.22200000000000003 0.40325 0.2273333328125 0.40925 0.2316666671875 0.41775 0.23733333281250002 0.42125 0.24533333281249997 0.4245 0.2703333328125 0.42975 0.2846666671875 0.43099999999999994 0.3046666671875 0.43 0.313 0.42725 0.327 0.41974999999999996 0.34199999999999997 0.40800000000000003 0.3476666671875 0.40499999999999997 0.3453333328125 0.40175 0.3303333328125 0.398 0.3253333328125 0.39175 0.327 0.3825 0.331 0.37725 0.335 0.37425 0.3286666671875 0.36974999999999997 0.3026666671875 0.36275 0.284 0.3545 0.2716666671875 0.346 0.258 0.33199999999999996 0.2526666671875 0.32325 0.24700000000000003 0.307 0.2396666671875 0.296 0.23333333281250002 0.27999999999999997 0.2286666671875 0.26375000000000004 0.22400000000000003 0.22875 0.22433333281249998 0.1945 0.2226666671875 0.193 0.21633333281249997 0.19424999999999998 0.2073333328125 0.19175 0.20166666718749998 0.19125 0.1963333328125 0.1925 0.1926666671875 0.19524999999999998 0.1793333328125 0.21725 0.16933333281250001 0.23025 0.1613333328125 0.24975 0.1576666671875 0.26775000000000004 0.1576666671875 0.284 0.1616666671875 0.3125 0.1666666671875 0.329 0.181 0.353 0.182 0.35924999999999996
0 0.3553333328125 0.29375 0.3716666671875 0.33325 0.3806666671875 0.35150000000000003 0.3913333328125 0.364 0.3943333328125 0.365 0.4046666671875 0.3655 0.41333333281250006 0.3685 0.43 0.37225 0.43433333281250003 0.37075 0.43966666718749997 0.3665 0.4443333328125 0.354 0.44000000000000006 0.32925 0.4403333328125 0.2915 0.4573333328125 0.186 0.458 0.16575 0.4533333328125 0.13874999999999998 0.4486666671875 0.1255 0.44266666718750003 0.121 0.43499999999999994 0.11875 0.426 0.11750000000000001 0.4166666671875 0.11750000000000001 0.4066666671875 0.12025 0.40199999999999997 0.12375 0.3976666671875 0.1295 0.378 0.14950000000000002 0.3616666671875 0.17350000000000002 0.3506666671875 0.20625 0.35 0.22774999999999998 0.3476666671875 0.23825 0.3473333328125 0.25325000000000003 0.34900000000000003 0.26749999999999996 0.3553333328125 0.29375
0 0.4526666671875 0.2385 0.4413333328125 0.275 0.43933333281250003 0.28875 0.4386666671875 0.32999999999999996 0.44000000000000006 0.341 0.442 0.34625 0.44733333281250004 0.35375 0.4516666671875 0.3775 0.45466666718750004 0.38 0.466 0.3785 0.4806666671875 0.373 0.49133333281249997 0.36475 0.49533333281249997 0.35875 0.5013333328125 0.34475 0.514 0.3245 0.5206666671875 0.3165 0.525 0.309 0.532 0.30125 0.5506666671875 0.27325 0.558 0.26549999999999996 0.563 0.25775000000000003 0.568 0.25325000000000003 0.5876666671875 0.21875 0.5936666671874999 0.20175 0.5996666671875001 0.178 0.6013333328125 0.151 0.596 0.11274999999999999 0.587 0.10075 0.5823333328125 0.09825 0.5796666671875 0.09825 0.568 0.10075 0.548 0.1085 0.5413333328125 0.11274999999999999 0.5333333328125 0.12075 0.5223333328125 0.12575 0.5176666671875 0.12925 0.505 0.1405 0.4916666671875 0.15625 0.4743333328125 0.18875 0.4613333328125 0.22275 0.4526666671875 0.2385
0 0.5463333328125 0.2815 0.5276666671875 0.3015 0.5183333328125 0.31425000000000003 0.5033333328125 0.33825 0.49000000000000005 0.3755 0.4763333328125 0.39075000000000004 0.479 0.3935 0.491 0.39649999999999996 0.5056666671875 0.39675 0.521 0.39375 0.5269999999999999 0.391 0.5353333328125001 0.38475000000000004 0.5436666671875 0.381 0.5496666671875 0.37425 0.5596666671875 0.3685 0.5656666671874999 0.36225 0.5816666671874999 0.35425 0.589 0.348 0.5983333328125 0.344 0.6073333328125 0.33625 0.6223333328125 0.33075 0.6296666671875 0.32375 0.6456666671875 0.31625000000000003 0.6503333328124999 0.31124999999999997 0.661 0.3065 0.6703333328125 0.29874999999999996 0.6833333328125 0.29075 0.6900000000000001 0.2835 0.6956666671875 0.2815 0.6996666671875 0.27875 0.7033333328125 0.27349999999999997 0.714 0.26575000000000004 0.7166666671875 0.259 0.7223333328125 0.25075 0.7256666671875001 0.23825 0.7326666671875001 0.22825 0.736 0.21974999999999997 0.743 0.18925 0.7446666671875 0.1755 0.7413333328125 0.1665 0.736 0.1615 0.7216666671875 0.15525 0.7076666671875 0.15275 0.6956666671875 0.156 0.6663333328125 0.17024999999999998 0.6533333328125 0.1755 0.6346666671875 0.1885 0.5936666671874999 0.2245 0.5756666671875 0.24674999999999997 0.5716666671875 0.2535 0.562 0.26225 0.5583333328125 0.26825 0.5513333328125001 0.2745 0.5463333328125 0.2815
0 0.6296666671875 0.3215 0.6186666671875 0.33075 0.5983333328125 0.34475 0.5893333328125 0.3485 0.5803333328125 0.354 0.5256666671875 0.3935 0.5153333328125 0.399 0.5093333328125 0.40099999999999997 0.5093333328125 0.42000000000000004 0.5236666671875 0.42074999999999996 0.5453333328125 0.41624999999999995 0.5563333328125 0.41500000000000004 0.5813333328125 0.40700000000000003 0.5953333328125 0.40449999999999997 0.62 0.398 0.6323333328125 0.39675 0.6526666671875 0.3915 0.6616666671875 0.3875 0.667 0.38375 0.675 0.381 0.6856666671875 0.37975 0.706 0.3705 0.7176666671875 0.36775 0.7336666671875001 0.36625 0.7406666671875 0.364 0.751 0.3585 0.765 0.34875 0.7796666671875 0.34249999999999997 0.7883333328125001 0.33575 0.807 0.31625000000000003 0.8143333328125 0.307 0.8240000000000001 0.29100000000000004 0.834 0.264 0.836 0.2555 0.8356666671875 0.2505 0.8320000000000001 0.24125000000000002 0.836 0.23825 0.837 0.2325 0.8356666671875 0.22974999999999998 0.8303333328125 0.229 0.8173333328125001 0.23224999999999998 0.8123333328125 0.23199999999999998 0.8083333328125001 0.2305 0.8023333328125 0.2305 0.7873333328125 0.236 0.7436666671875 0.24900000000000003 0.7246666671875001 0.258 0.6966666671875 0.2745 0.6563333328125001 0.2955 0.6366666671875 0.3125 0.6296666671875 0.3215
0 0.583 0.40824999999999995 0.5583333328125 0.41050000000000003 0.5413333328125 0.41375 0.5186666671875 0.41500000000000004 0.5026666671875 0.4255 0.4996666671875 0.429 0.4996666671875 0.43324999999999997 0.504 0.43899999999999995 0.511 0.44375 0.5233333328125 0.44800000000000006 0.5446666671875 0.45775 0.595 0.47050000000000003 0.6176666671875 0.47325 0.661 0.47225 0.7153333328125 0.46399999999999997 0.7736666671875 0.46075 0.8203333328125 0.45525000000000004 0.8363333328125 0.44825 0.8763333328125 0.41875 0.9056666671875 0.38075000000000003 0.9066666671875 0.368 0.8966666671875 0.35575 0.8853333328125 0.34925 0.8710000000000001 0.34750000000000003 0.8566666671875 0.34900000000000003 0.8246666671874999 0.35025 0.8073333328125001 0.35225 0.7666666671875 0.36225 0.7536666671875001 0.36875 0.7313333328125 0.37525 0.7176666671875 0.38125 0.687 0.38675000000000004 0.6679999999999999 0.393 0.622 0.4 0.583 0.40824999999999995
0 0.49000000000000005 0.5157499999999999 0.483 0.52225 0.47000000000000003 0.5269999999999999 0.466 0.53 0.4566666671875 0.553 0.4573333328125 0.5622499999999999 0.4606666671875 0.5745 0.4663333328125 0.581 0.4823333328125 0.59175 0.49233333281249997 0.60075 0.5003333328124999 0.60475 0.509 0.612 0.513 0.61375 0.522 0.6205 0.5616666671874999 0.6425 0.5833333328125 0.65175 0.6116666671875 0.66125 0.6293333328124999 0.66425 0.658 0.6655 0.6746666671875 0.6679999999999999 0.708 0.6677500000000001 0.7303333328125 0.6655 0.7536666671875001 0.6597500000000001 0.7763333328125 0.65025 0.8013333328125001 0.63475 0.8156666671874999 0.6275000000000001 0.8286666671875 0.61875 0.836 0.612 0.8400000000000001 0.60475 0.8396666671874999 0.60175 0.8363333328125 0.59825 0.8336666671874999 0.592 0.8220000000000001 0.5862499999999999 0.8109999999999999 0.58575 0.7976666671875 0.5875 0.788 0.5875 0.776 0.5855 0.751 0.579 0.7286666671875001 0.57575 0.6993333328125 0.5730000000000001 0.6773333328125 0.56975 0.6746666671875 0.5685 0.6816666671875 0.5650000000000001 0.7 0.5627500000000001 0.708 0.56075 0.705 0.5582499999999999 0.6443333328125 0.5585 0.6226666671875 0.5555 0.6063333328125 0.54975 0.5773333328125 0.53825 0.5650000000000001 0.532 0.524 0.5155000000000001 0.516 0.51125 0.501 0.5015 0.4916666671875 0.49375 0.48266666718750006 0.484 0.4726666671875 0.47000000000000003 0.47000000000000003 0.46825 0.46266666718750005 0.46725000000000005 0.43166666718749996 0.479 0.429 0.4805 0.4273333328125 0.4835 0.43200000000000005 0.4915 0.4436666671875 0.49974999999999997 0.46333333281250005 0.5075000000000001 0.4693333328125 0.50875 0.4843333328125 0.50925 0.4886666671875 0.5105000000000001 0.4903333328125 0.5125 0.49000000000000005 0.5157499999999999
0 0.51640625 0.39140625 0.7296875 0.5546875
0 0.3515625 0.7015625 0.396875 0.25625
0 0.5140625 0.87109375 0.265625 0.2296875