0 0.589375 0.24015009375 0.569375 0.223264540625 0.510625 0.2270168859375 0.46687500000000004 0.257035646875 0.45 0.28236397812499997 0.4175 0.3592870546875 0.41624999999999995 0.379924953125 0.4225 0.389305815625 0.42000000000000004 0.443714821875 0.43624999999999997 0.546904315625 0.468125 0.6041275796875001 0.5075000000000001 0.61257035625 0.521875 0.6022514078125 0.5756249999999999 0.5872420265625 0.608125 0.53470919375 0.654375 0.5178236390625 0.66875 0.4962476546875 0.675 0.4080675421875 0.655 0.3292682921875 0.6537499999999999 0.2954971859375 0.634375 0.2589118203125 0.589375 0.24015009375
0 0.41125 0.31050656718749997 0.40625 0.3536585359375 0.41500000000000004 0.3742964359375 0.43125 0.3217636015625 0.46312499999999995 0.2589118203125 0.516875 0.223264540625 0.56875 0.218574109375 0.538125 0.1876172609375 0.488125 0.168855534375 0.45062499999999994 0.1951219515625 0.429375 0.21951219531250002 0.40875000000000006 0.25797373281249997 0.41125 0.31050656718749997
0 0.42625 0.0590994375 0.43 0.08911819843749999 0.448125 0.12382739218750001 0.45875000000000005 0.130393996875 0.465625 0.1632270171875 0.473125 0.1707317078125 0.49312500000000004 0.168855534375 0.536875 0.1857410875 0.569375 0.17636022499999998 0.571875 0.1857410875 0.5862499999999999 0.186679175 0.604375 0.17636022499999998 0.615 0.14727954999999998 0.6125 0.0984990625 0.62 0.0722326453125 0.61875 0.0478424015625 0.62375 0.027204503125 0.618125 0 0.41624999999999995 0.002814259375 0.41500000000000004 0.0309568484375 0.42625 0.0590994375
0 0.351875 0.001876171875 0.315625 0 0.294375 0.0206378984375 0.26937500000000003 0.024390243750000002 0.255 0.036585365625 0.2325 0.11538461562499999 0.22749999999999998 0.1960600375 0.23500000000000001 0.2335834890625 0.259375 0.255159475 0.274375 0.2589118203125 0.301875 0.311444653125 0.34125 0.3217636015625 0.37687499999999996 0.313320825 0.385 0.3030018765625 0.3975 0.26172607812500004 0.44749999999999995 0.1960600375 0.45125000000000004 0.14165103125 0.42874999999999996 0.0947467171875 0.42625 0.0647279546875 0.414375 0.0356472796875 0.370625 0.0187617265625 0.351875 0.001876171875
0 0.135 0.30863039375 0.12875 0.3667917453125 0.141875 0.4052532828125 0.18937500000000002 0.3864915578125 0.216875 0.3883677296875 0.231875 0.39587242031250003 0.24562499999999998 0.42026266406249996 0.281875 0.44652908125 0.294375 0.463414634375 0.3025 0.4643527203125 0.305 0.4324577859375 0.33625 0.38742964375 0.34249999999999997 0.3592870546875 0.325625 0.32833020625 0.29562499999999997 0.3076923078125 0.274375 0.26829268281249996 0.234375 0.24015009375 0.21187499999999998 0.2345215765625 0.168125 0.255159475 0.135 0.30863039375
0 0.28312499999999996 0.4521575984375 0.24312499999999998 0.42026266406249996 0.22562500000000002 0.393996246875 0.190625 0.3883677296875 0.150625 0.4052532828125 0.12625 0.4380863046875 0.125 0.46247654843749997 0.09625 0.4962476546875 0.0875 0.5262664171875 0.08249999999999999 0.56378986875 0.1 0.597560975 0.09375 0.659474671875 0.10375000000000001 0.6894934328125 0.140625 0.752345215625 0.181875 0.75984990625 0.24874999999999997 0.7589118203125 0.27937500000000004 0.7467166984375 0.30125 0.7101313328125001 0.30375 0.6726078796875 0.315 0.650093809375 0.315 0.6238273921874999 0.33375 0.5844277671875 0.33375 0.5356472796875 0.32875 0.5131332078125 0.316875 0.48968105 0.28312499999999996 0.4521575984375
0 0 0.51500938125 0.021249999999999998 0.51500938125 0.065625 0.5009380859375 0.0975 0.4643527203125 0.10124999999999999 0.42870544062500004 0.09 0.389305815625 0.10625 0.37054409062500004 0.10375000000000001 0.349906190625 0.1125 0.3348968109375 0.12625 0.2786116328125 0.11875 0.252345215625 0.11750000000000001 0.22420262656249998 0.109375 0.208255159375 0.074375 0.17636022499999998 0.023125 0.17448405312499998 0.01875 0.1604127578125 0.008125 0.150093809375 0.0043749999999999995 0.16510318906250002 0.00375 0.154784240625 0 0.154784240625 0 0.51500938125
0 0.001875 0 0 0.13227016875 0.015625 0.14634146406249998 0.028125 0.144465290625 0.039375 0.15196998125 0.05437499999999999 0.1726078796875 0.083125 0.1782363984375 0.12 0.21106941875000002 0.13999999999999999 0.186679175 0.13999999999999999 0.1529080671875 0.14625 0.1435272046875 0.15125 0.100375234375 0.1575 0.08911819843749999 0.16 0.0234521578125 0.155 0.01031895 0.145625 0 0.001875 0
0 0.16499999999999998 0.0966228890625 0.155 0.1041275796875 0.14750000000000002 0.17166979375 0.15375 0.1848030015625 0.155 0.2054409 0.18062499999999998 0.24202626718750003 0.19125 0.242964353125 0.210625 0.23076923124999998 0.225 0.2073170734375 0.2325 0.10975609687500001 0.24625 0.0553470921875 0.26187499999999997 0.024390243750000002 0.28625 0.0140712953125 0.280625 0 0.18562499999999998 0.001876171875 0.16375 0.0328330203125 0.16499999999999998 0.0966228890625
0 0 0.7776735453125 0.034999999999999996 0.7851782359375 0.09812499999999999 0.7654784234374999 0.118125 0.76923076875 0.13125 0.74953095625 0.11625 0.7120075046875 0.10124999999999999 0.6969981234375 0.09125 0.66135084375 0.0975 0.5994371484375 0.08 0.5600375234375 0.09125 0.507504690625 0.08562499999999999 0.4990619140625 0.035625000000000004 0.5196998125000001 0.014374999999999999 0.521575984375 0 0.5375234515625 0 0.7776735453125
0 0.051875000000000004 0.782363978125 0.045625 0.7917448406250001 0.025625 0.7973733578125 0.019375 0.7973733578125 0.011875 0.7804878046875 0 0.787054409375 0.000625 1 0.2475 0.9990619140625 0.25125000000000003 0.99530956875 0.2475 0.948405253125 0.2375 0.9240150093749999 0.22875 0.8789868671875001 0.20437500000000003 0.8499061906250001 0.18562499999999998 0.8142589125 0.159375 0.7861163234374999 0.099375 0.76923076875 0.079375 0.7804878046875 0.051875000000000004 0.782363978125
0 0.41312499999999996 0.694183865625 0.366875 0.6772983109374999 0.343125 0.679174484375 0.31437499999999996 0.7016885546875 0.289375 0.7448405250000001 0.263125 0.7617260781249999 0.231875 0.7954971859375 0.21875 0.81894934375 0.215 0.845215759375 0.2325 0.8771106937500001 0.2425 0.9258911812499999 0.26 0.9634146343750001 0.255 0.9859287046875 0.26687500000000003 0.9962476546874999 0.4 0.9990619140625 0.41125 0.978424015625 0.42625 0.9202626640625 0.44000000000000006 0.899624765625 0.43875000000000003 0.8733583484375 0.44625000000000004 0.8677298312499999 0.45999999999999996 0.8339587234374999 0.46125 0.8170731703125 0.4425 0.7645403375 0.43875000000000003 0.7363977484374999 0.41312499999999996 0.694183865625
0 0.38937499999999997 0.35834896875 0.354375 0.360225140625 0.31625000000000003 0.4230769234375 0.3125 0.45684802968750005 0.31375000000000003 0.47560975625 0.325 0.49061913749999997 0.335 0.5262664171875 0.33875 0.597560975 0.355 0.644465290625 0.368125 0.6660412765625 0.396875 0.679174484375 0.42374999999999996 0.6801125703124999 0.458125 0.6679174484375 0.49000000000000005 0.6238273921874999 0.468125 0.607879925 0.43375 0.5450281421875001 0.43 0.5093808625 0.4175 0.468105065625 0.4125 0.4324577859375 0.41624999999999995 0.40619137031249997 0.40750000000000003 0.37054409062500004 0.38937499999999997 0.35834896875
0 0.5875 1 0.5925 0.9934333953125 0.59375 0.970919325 0.57375 0.9127579734375001 0.548125 0.8911819890625001 0.524375 0.889305815625 0.510625 0.8555347093749999 0.48312499999999997 0.8442776734375 0.4575 0.8508442781250001 0.445 0.8827392125 0.44000000000000006 0.9183864921874999 0.42125 0.9502814265625 0.41500000000000004 0.987804878125 0.418125 1 0.429375 1 0.5875 1
0 0.715625 0.615384615625 0.685625 0.606003753125 0.639375 0.606003753125 0.625625 0.590994371875 0.600625 0.5891181984375 0.559375 0.606003753125 0.521875 0.6322701687500001 0.51 0.6482176359375 0.5037499999999999 0.6726078796875 0.52125 0.717636021875 0.51875 0.7682926828125 0.53125 0.8114446531249999 0.5493750000000001 0.8273921203124999 0.5818749999999999 0.8217636015625001 0.5900000000000001 0.8433395875 0.6068749999999999 0.8555347093749999 0.624375 0.8911819890625001 0.65 0.9015009375 0.659375 0.8911819890625001 0.6693749999999999 0.8968105062499999 0.683125 0.8930581609375 0.6950000000000001 0.8714821765625 0.69625 0.8564727953125001 0.70875 0.8470919328125 0.72 0.8133208249999999 0.73375 0.659474671875 0.72875 0.6275797375 0.715625 0.615384615625
0 0.9393750000000001 0.6754221390625 0.906875 0.6566604125 0.8793749999999999 0.6510318953125 0.851875 0.6247654781249999 0.829375 0.630393996875 0.809375 0.6510318953125 0.770625 0.664165103125 0.750625 0.6810506562499999 0.73875 0.7101313328125001 0.74 0.7664165109375001 0.7275 0.78893058125 0.725 0.8133208249999999 0.7306250000000001 0.831144465625 0.7525000000000001 0.8489681046875001 0.7474999999999999 0.8846153843750001 0.75625 0.9202626640625 0.776875 0.9399624765624999 0.779375 0.9549718578125 0.8006249999999999 0.9418386484375001 0.811875 0.960600375 0.838125 0.96622889375 0.836875 0.9868667921875 0.9075 0.9934333953125 0.9256249999999999 0.9906191375000001 0.9425000000000001 0.9690431515625001 0.945625 0.9305816140625 0.960625 0.9324577859375 0.9793749999999999 0.92120075 0.9925 0.8977485921874999 0.99875 0.8470919328125 0.97625 0.74015009375 0.9525 0.7101313328125001 0.9393750000000001 0.6754221390625
0 0.779375 0.35834896875 0.744375 0.3414634140625 0.720625 0.320825515625 0.6956249999999999 0.287054409375 0.665625 0.2851782359375 0.65625 0.2936210125 0.65625 0.30863039375 0.67625 0.40619137031249997 0.67375 0.4793621015625 0.66625 0.5093808625 0.6325000000000001 0.5450281421875001 0.6275000000000001 0.5769230765625 0.639375 0.5759849906250001 0.663125 0.6022514078125 0.686875 0.5984990625 0.72375 0.605065665625 0.759375 0.5947467171875 0.784375 0.5553470921875 0.804375 0.55347091875 0.8237500000000001 0.5356472796875 0.8400000000000001 0.4793621015625 0.8412499999999999 0.42682926875 0.8243750000000001 0.3883677296875 0.8081250000000001 0.384615384375 0.8006249999999999 0.392120075 0.779375 0.35834896875
0 0.809375 0.0600375234375 0.798125 0.06941838593750001 0.765625 0.07317073125 0.750625 0.08630394062499999 0.7224999999999999 0.14915572187499998 0.70125 0.179174484375 0.6925 0.2467166984375 0.6950000000000001 0.2711069421875 0.7056250000000001 0.28893058125 0.760625 0.33771106875 0.776875 0.3395872421875 0.790625 0.3320825515625 0.8018750000000001 0.305816134375 0.818125 0.30018761718750003 0.8318749999999999 0.3076923078125 0.8768750000000001 0.3639774859375 0.8949999999999999 0.37054409062500004 0.930625 0.3489681046875 0.9525 0.31050656718749997 0.95875 0.25422138906249997 0.9525 0.21106941875000002 0.95875 0.1904315203125 0.95875 0.16228893125 0.9475 0.1266416515625 0.9268750000000001 0.095684803125 0.868125 0.0581613515625 0.809375 0.0600375234375
0 0.6224999999999999 0.0553470921875 0.62 0.0947467171875 0.625 0.10975609687500001 0.61875 0.12476547812500001 0.62 0.18105065625 0.6368750000000001 0.198874296875 0.661875 0.20450281406249998 0.67625 0.22045028125 0.6950000000000001 0.197936209375 0.70125 0.1660412765625 0.7212500000000001 0.14727954999999998 0.74 0.0984990625 0.7575000000000001 0.0703564734375 0.75625 0.0384615390625 0.723125 0.007504690625 0.6956249999999999 0.0037523453125 0.658125 0.0131332078125 0.6224999999999999 0.0553470921875
0 0.809375 0.0581613515625 0.8793749999999999 0.061913695312499996 0.9018750000000001 0.0825515953125 0.929375 0.095684803125 0.94625 0.1210131328125 0.96 0.154784240625 0.96125 0.1960600375 0.9675 0.1960600375 0.9887499999999999 0.173545965625 0.9949999999999999 0.14727954999999998 0.9949999999999999 0.09287054375 0.976875 0.001876171875 0.778125 0 0.7725 0.0065666046875 0.7625 0.036585365625 0.764375 0.071294559375 0.7931250000000001 0.06941838593750001 0.809375 0.0581613515625
0 1 0.25609756093749997 0.971875 0.2532833015625 0.9625 0.25984990625000004 0.95625 0.3180112578125 0.9418749999999999 0.345215759375 0.903125 0.37898686718749997 0.8731249999999999 0.390243903125 0.86 0.40619137031249997 0.8474999999999999 0.4474671671875 0.8474999999999999 0.501876171875 0.8868750000000001 0.6022514078125 0.929375 0.6341463421875 0.9418749999999999 0.6341463421875 0.9793749999999999 0.6566604125 1 0.6575984984375001 1 0.25609756093749997
0 0.781875 0.5684802999999999 0.7424999999999999 0.6144465296875 0.73375 0.6801125703124999 0.73875 0.70075046875 0.750625 0.679174484375 0.770625 0.6604127578125001 0.796875 0.654784240625 0.843125 0.62288930625 0.8556250000000001 0.6247654781249999 0.880625 0.6454033765625 0.88125 0.6238273921874999 0.8675 0.5900562859375 0.840625 0.5590994375 0.781875 0.5684802999999999
0 0.628125 0.24953095625000002 0.65625 0.28799249531250004 0.6625 0.2786116328125 0.6587500000000001 0.2485928703125 0.649375 0.2270168859375 0.63875 0.22420262656249998 0.630625 0.1969981234375 0.6068749999999999 0.183864915625 0.5675 0.2091932453125 0.5743750000000001 0.2251407125 0.589375 0.238273921875 0.628125 0.24953095625000002
0 0.75 1 0.764375 0.9868667921875 0.77125 0.9896810500000001 0.76 0.9615384609375001 0.75875 0.9333958718750001 0.7474999999999999 0.893996246875 0.735625 0.8742964359375 0.7056250000000001 0.8761726078125 0.684375 0.8986866796875 0.649375 0.9080675421875 0.630625 0.902439025 0.608125 0.8780487812500001 0.58875 0.9071294562500001 0.5912499999999999 0.948405253125 0.6168750000000001 1 0.75 1
0 0.44749999999999995 0.7682926828125 0.47562499999999996 0.83864915625 0.5237499999999999 0.8621013140624999 0.5337500000000001 0.8245778609375 0.5237499999999999 0.8058161343749999 0.51625 0.772045028125 0.51625 0.723264540625 0.5075000000000001 0.693245778125 0.49312500000000004 0.673545965625 0.48 0.683864915625 0.47375 0.723264540625 0.45 0.747654784375 0.44749999999999995 0.7682926828125