0 0.6725 0.678 0.638 0.6956666671875 0.629 0.7063333328125 0.626 0.7163333328125 0.628 0.7396666671875 0.635 0.7536666671875001 0.65 0.771 0.6675 0.7833333328125 0.7115 0.7973333328125001 0.763 0.7996666671875 0.8065 0.7913333328125 0.8494999999999999 0.768 0.861 0.757 0.873 0.733 0.8699999999999999 0.7103333328125 0.851 0.6856666671875 0.8244999999999999 0.6713333328125 0.7915 0.6639999999999999 0.7455 0.6646666671875 0.6725 0.678
0 0.5535 0.5886666671875 0.538 0.5976666671875 0.516 0.6236666671875 0.51 0.6443333328125 0.518 0.665 0.5435 0.688 0.5785 0.7026666671874999 0.604 0.7043333328125 0.6295 0.7013333328125 0.6515 0.6853333328125 0.667 0.6783333328125 0.678 0.6563333328125001 0.6759999999999999 0.6336666671875 0.666 0.6063333328125 0.6445000000000001 0.5893333328125 0.6105 0.58 0.5805 0.58 0.5535 0.5886666671875
0 0.6875 0.6233333328125 0.678 0.6316666671875 0.6755 0.6753333328125 0.7445 0.6639999999999999 0.7835 0.6633333328125001 0.8085000000000001 0.6666666671875 0.842 0.6769999999999999 0.849 0.663 0.8470000000000001 0.641 0.834 0.6256666671875 0.8135 0.616 0.7895 0.6106666671875 0.7474999999999999 0.6086666671875001 0.7365 0.6126666671875001 0.7245 0.6126666671875001 0.6985 0.6186666671875 0.6875 0.6233333328125
0 0.7184999999999999 0.4993333328125 0.6950000000000001 0.5163333328124999 0.6809999999999999 0.5456666671875 0.683 0.5603333328125 0.693 0.577 0.713 0.593 0.7365 0.604 0.773 0.6076666671875001 0.8055 0.6013333328125 0.8295 0.5893333328125 0.8560000000000001 0.5650000000000001 0.861 0.5509999999999999 0.858 0.529 0.843 0.5056666671875 0.8185 0.49133333281249997 0.7875 0.484 0.7535000000000001 0.48666666718749996 0.7184999999999999 0.4993333328125
0 0.8775000000000001 0.5326666671875 0.86 0.537 0.861 0.557 0.857 0.5650000000000001 0.8300000000000001 0.5896666671874999 0.8009999999999999 0.6056666671875 0.8065 0.6133333328125 0.8265 0.6206666671875001 0.8390000000000001 0.629 0.8474999999999999 0.6393333328125 0.8625 0.6426666671875 0.882 0.6423333328124999 0.9045 0.6346666671875 0.914 0.623 0.9480000000000001 0.605 0.962 0.593 0.966 0.5843333328125 0.9640000000000001 0.5696666671874999 0.9490000000000001 0.553 0.9285 0.5413333328125 0.8905 0.5326666671875 0.8775000000000001 0.5326666671875
0 0.873 0.717 0.873 0.7376666671875001 0.86 0.7603333328125 0.8345 0.7786666671875 0.8045 0.7933333328125001 0.7655000000000001 0.8013333328125001 0.734 0.8036666671875 0.747 0.8283333328125 0.7615000000000001 0.8366666671875 0.7895 0.844 0.8314999999999999 0.86 0.869 0.8630000000000001 0.8995 0.8619999999999999 0.9375 0.8480000000000001 0.96 0.8316666671874999 0.974 0.8023333328125 0.9710000000000001 0.7783333328125 0.9550000000000001 0.7543333328124999 0.9410000000000001 0.7423333328124999 0.9175000000000001 0.7286666671875001 0.8785000000000001 0.7153333328125 0.873 0.717
0 0.7365 0.8386666671875 0.7005 0.8446666671875 0.666 0.8616666671875001 0.643 0.8856666671875001 0.634 0.9176666671874999 0.636 0.9303333328125 0.644 0.945 0.6755 0.9673333328125 0.7184999999999999 0.9833333328125 0.752 0.985 0.8015000000000001 0.9813333328124999 0.8345 0.9686666671875 0.859 0.9456666671875 0.865 0.9196666671875 0.858 0.893 0.844 0.8743333328125 0.8314999999999999 0.8640000000000001 0.7855000000000001 0.844 0.7635 0.8393333328124999 0.7365 0.8386666671875
0 0.5974999999999999 0.7953333328125 0.583 0.805 0.5730000000000001 0.8210000000000001 0.575 0.8403333328124999 0.583 0.8550000000000001 0.5980000000000001 0.8710000000000001 0.6184999999999999 0.8826666671875 0.64 0.8869999999999999 0.661 0.8643333328124999 0.6865 0.8493333328125001 0.7184999999999999 0.8400000000000001 0.743 0.837 0.739 0.8183333328125 0.728 0.8023333328125 0.6895 0.7926666671875 0.6565000000000001 0.7793333328125 0.6255 0.7826666671875 0.5974999999999999 0.7953333328125
0 0.4525 0.7386666671875 0.4225 0.7493333328125 0.41 0.757 0.40499999999999997 0.7683333328125 0.387 0.7889999999999999 0.41050000000000003 0.8 0.437 0.8210000000000001 0.44400000000000006 0.8303333328125 0.4525 0.8560000000000001 0.506 0.8596666671875001 0.5265 0.858 0.5475 0.8526666671875001 0.572 0.8403333328124999 0.5740000000000001 0.8150000000000001 0.592 0.7963333328125 0.5900000000000001 0.7823333328125 0.5740000000000001 0.761 0.5415 0.744 0.49450000000000005 0.7353333328125 0.4525 0.7386666671875
0 0.33849999999999997 0.7913333328125 0.3055 0.8 0.275 0.8210000000000001 0.258 0.8536666671875001 0.261 0.889 0.27799999999999997 0.913 0.3055 0.9306666671875 0.3285 0.9373333328125 0.35 0.9390000000000001 0.3765 0.9366666671875 0.3915 0.932 0.41900000000000004 0.9156666671875 0.44000000000000006 0.893 0.44800000000000006 0.8710000000000001 0.446 0.8383333328125 0.43200000000000005 0.817 0.4085 0.8 0.3705 0.79 0.33849999999999997 0.7913333328125
0 0.39449999999999996 0.776 0.40099999999999997 0.7656666671875 0.40199999999999997 0.7576666671875001 0.398 0.751 0.40099999999999997 0.7503333328124999 0.40199999999999997 0.757 0.40549999999999997 0.7573333328125 0.41200000000000003 0.7463333328124999 0.409 0.7323333328125 0.40099999999999997 0.7216666671875 0.39449999999999996 0.7186666671874999 0.3895 0.7213333328125 0.3785 0.72 0.382 0.7136666671875 0.363 0.6963333328125 0.3415 0.686 0.3245 0.682 0.2945 0.682 0.2535 0.6913333328125 0.20950000000000002 0.7106666671874999 0.196 0.7203333328125 0.187 0.7336666671875001 0.186 0.7576666671875001 0.194 0.7743333328124999 0.217 0.7883333328125001 0.2325 0.8099999999999999 0.273 0.8196666671875 0.3015 0.8013333328125001 0.3205 0.794 0.3485 0.7893333328125001 0.3795 0.7893333328125001 0.386 0.7743333328124999 0.385 0.7643333328125 0.3895 0.7626666671875 0.394 0.765 0.39 0.7696666671875 0.39449999999999996 0.776
0 0.1335 0.7753333328124999 0.0785 0.8039999999999999 0.067 0.8123333328125 0.059 0.8236666671874999 0.05600000000000001 0.845 0.063 0.857 0.0865 0.8753333328125 0.1065 0.8806666671875 0.121 0.8803333328124999 0.1615 0.8733333328124999 0.1875 0.8633333328124999 0.213 0.8476666671875 0.22400000000000003 0.8356666671875 0.22999999999999998 0.8216666671875 0.22599999999999998 0.8023333328125 0.213 0.787 0.1915 0.7753333328124999 0.1685 0.7706666671875 0.1335 0.7753333328124999
0 0.1365 0.644 0.0975 0.6573333328125 0.08299999999999999 0.6703333328125 0.08 0.6809999999999999 0.081 0.7030000000000001 0.088 0.7236666671875 0.10300000000000001 0.7376666671875001 0.1365 0.7473333328125 0.157 0.7476666671875 0.1825 0.7453333328125 0.19 0.727 0.20099999999999998 0.7156666671874999 0.258 0.6876666671875 0.2545 0.6833333328125 0.21749999999999997 0.6786666671875 0.1925 0.67 0.173 0.6563333328125001 0.1615 0.6406666671875 0.1365 0.644
0 0.2945 0.5686666671875 0.2685 0.5700000000000001 0.2015 0.5860000000000001 0.17099999999999999 0.6043333328125 0.162 0.6183333328125 0.161 0.633 0.173 0.6556666671875 0.1875 0.6666666671875 0.20550000000000002 0.6746666671875 0.2405 0.6813333328125 0.259 0.6809999999999999 0.2985 0.6793333328125 0.3285 0.6719999999999999 0.34950000000000003 0.6646666671875 0.372 0.6476666671875 0.382 0.6296666671875 0.382 0.6116666671875 0.37 0.5936666671874999 0.3505 0.5806666671875 0.3175 0.5713333328125 0.2945 0.5686666671875
0 0.2465 0.4413333328125 0.22349999999999998 0.45199999999999996 0.195 0.4763333328125 0.179 0.5003333328124999 0.179 0.515 0.186 0.5303333328125001 0.2085 0.5493333328125 0.2245 0.5559999999999999 0.2685 0.5673333328125 0.28900000000000003 0.5683333328125 0.3395 0.5546666671875 0.36150000000000004 0.542 0.384 0.5223333328125 0.391 0.5056666671875 0.387 0.4756666671875 0.371 0.4563333328125 0.34249999999999997 0.44066666718749997 0.3075 0.43333333281249997 0.26749999999999996 0.43533333281250003 0.2465 0.4413333328125
0 0.1395 0.47066666718750005 0.1135 0.47000000000000003 0.08149999999999999 0.4773333328125 0.053000000000000005 0.495 0.041999999999999996 0.5103333328125 0.031 0.537 0.031 0.5509999999999999 0.045 0.5876666671875 0.056999999999999995 0.6016666671875 0.0685 0.6093333328125 0.0925 0.6186666671875 0.133 0.621 0.1595 0.6166666671875001 0.172 0.6016666671875 0.192 0.587 0.196 0.5516666671875 0.193 0.541 0.178 0.5183333328125 0.178 0.4903333328125 0.175 0.48566666718749996 0.1625 0.47800000000000004 0.1395 0.47066666718750005
0 0.065 0.3376666671875 0.05600000000000001 0.357 0.057999999999999996 0.3883333328125 0.067 0.40499999999999997 0.0895 0.4226666671875 0.1095 0.42800000000000005 0.125 0.42766666718749996 0.1925 0.4066666671875 0.207 0.3963333328125 0.211 0.385 0.182 0.3583333328125 0.176 0.33166666718750004 0.1585 0.3233333328125 0.1385 0.32 0.1085 0.3226666671875 0.0735 0.3306666671875 0.065 0.3376666671875
0 0.2535 0.2666666671875 0.20950000000000002 0.2866666671875 0.186 0.3063333328125 0.178 0.33366666718750004 0.178 0.34900000000000003 0.184 0.3603333328125 0.21150000000000002 0.384 0.2525 0.3966666671875 0.274 0.3963333328125 0.3105 0.38933333281250004 0.3335 0.3806666671875 0.356 0.3603333328125 0.364 0.341 0.36 0.313 0.339 0.28300000000000003 0.3155 0.268 0.2915 0.2633333328125 0.27149999999999996 0.2633333328125 0.2535 0.2666666671875
0 0.2805 0.3973333328125 0.2465 0.398 0.22349999999999998 0.4026666671875 0.2015 0.4113333328125 0.178 0.429 0.16399999999999998 0.4603333328125 0.16699999999999998 0.4783333328125 0.184 0.4883333328125 0.202 0.4683333328125 0.22949999999999998 0.4486666671875 0.2495 0.44000000000000006 0.2765 0.43333333281249997 0.3085 0.4326666671875 0.3285 0.43533333281250003 0.33199999999999996 0.42766666718749996 0.32799999999999996 0.41900000000000004 0.3065 0.4046666671875 0.2805 0.3973333328125
0 0.33799999999999997 0.4216666671875 0.331 0.43566666718749997 0.372 0.4563333328125 0.387 0.47366666718749995 0.393 0.49233333281249997 0.40499999999999997 0.493 0.4325 0.488 0.45949999999999996 0.4773333328125 0.48 0.46166666718749994 0.483 0.44699999999999995 0.46799999999999997 0.425 0.4505 0.41200000000000003 0.4185 0.40133333281250005 0.38849999999999996 0.3986666671875 0.35750000000000004 0.4073333328125 0.33799999999999997 0.4216666671875
0 0.3605 0.3586666671875 0.323 0.3896666671875 0.327 0.41566666718749995 0.33599999999999997 0.4223333328125 0.35150000000000003 0.41 0.3775 0.4 0.40449999999999997 0.3993333328125 0.44349999999999995 0.4073333328125 0.446 0.3936666671875 0.437 0.3763333328125 0.4225 0.3673333328125 0.39449999999999996 0.3566666671875 0.3795 0.3553333328125 0.3605 0.3586666671875
0 0.5115000000000001 0.4206666671875 0.493 0.43166666718749996 0.48600000000000004 0.441 0.484 0.4663333328125 0.496 0.485 0.5145 0.49866666718749997 0.5385 0.5073333328125 0.577 0.5123333328124999 0.6035 0.5053333328125 0.624 0.4916666671875 0.627 0.485 0.596 0.46966666718749994 0.583 0.4543333328125 0.58 0.43099999999999994 0.587 0.4143333328125 0.5695 0.4106666671875 0.5345 0.41333333281250006 0.5115000000000001 0.4206666671875
0 0.6155 0.398 0.6014999999999999 0.4046666671875 0.589 0.4143333328125 0.58 0.43166666718749996 0.5820000000000001 0.44966666718750004 0.596 0.46900000000000003 0.6115 0.47866666718750006 0.6445000000000001 0.4893333328125 0.6855 0.49533333281249997 0.71 0.495 0.7335 0.492 0.7585 0.4846666671875 0.798 0.45499999999999996 0.792 0.4516666671875 0.794 0.43166666718749996 0.783 0.41100000000000003 0.7555 0.3966666671875 0.7184999999999999 0.3926666671875 0.6325000000000001 0.3946666671875 0.6155 0.398
0 0.7635 0.296 0.7295 0.2846666671875 0.6775 0.2826666671875 0.6535 0.2866666671875 0.619 0.3076666671875 0.599 0.3303333328125 0.595 0.3403333328125 0.597 0.3583333328125 0.608 0.3723333328125 0.6214999999999999 0.3806666671875 0.6335 0.384 0.653 0.3843333328125 0.6715 0.3806666671875 0.7015 0.3806666671875 0.7144999999999999 0.384 0.7445 0.38133333281250004 0.7615000000000001 0.37533333281250003 0.778 0.3643333328125 0.792 0.34700000000000003 0.7929999999999999 0.331 0.783 0.311 0.7635 0.296
0 0.4535 0.284 0.4415 0.2793333328125 0.43899999999999995 0.281 0.44800000000000006 0.303 0.48250000000000004 0.32799999999999996 0.5135 0.33799999999999997 0.548 0.3396666671875 0.5705 0.3366666671875 0.5955 0.32599999999999996 0.626 0.2976666671875 0.63 0.2703333328125 0.624 0.2576666671875 0.6094999999999999 0.24533333281249997 0.5405 0.26 0.47750000000000004 0.2613333328125 0.46399999999999997 0.2683333328125 0.4535 0.284
0 0.678 0.193 0.6679999999999999 0.20833333281250002 0.6365000000000001 0.2326666671875 0.613 0.2443333328125 0.633 0.2703333328125 0.6525000000000001 0.2806666671875 0.6675 0.282 0.7005 0.2786666671875 0.7095 0.2826666671875 0.73 0.28300000000000003 0.75 0.2656666671875 0.753 0.25166666718749997 0.764 0.23700000000000002 0.766 0.223 0.763 0.213 0.751 0.197 0.7275 0.1826666671875 0.6815 0.17266666718749998 0.678 0.175 0.678 0.193
0 0.7525000000000001 0.2653333328125 0.741 0.2743333328125 0.739 0.2823333328125 0.7424999999999999 0.2873333328125 0.7675 0.298 0.7809999999999999 0.3083333328125 0.791 0.323 0.795 0.339 0.807 0.3403333328125 0.8295 0.3346666671875 0.844 0.32566666718750004 0.8539999999999999 0.31033333281250003 0.8550000000000001 0.2876666671875 0.844 0.2716666671875 0.8335000000000001 0.264 0.8175000000000001 0.25666666718750003 0.7915 0.2533333328125 0.7775000000000001 0.2553333328125 0.7525000000000001 0.2653333328125
0 0.8550000000000001 0.28700000000000003 0.857 0.303 0.843 0.3283333328125 0.8285 0.33599999999999997 0.798 0.3436666671875 0.799 0.3503333328125 0.8160000000000001 0.375 0.825 0.3756666671875 0.8414999999999999 0.372 0.8625 0.356 0.8785000000000001 0.35 0.8945000000000001 0.346 0.9259999999999999 0.3436666671875 0.9259999999999999 0.3283333328125 0.9179999999999999 0.31233333281250003 0.8935000000000001 0.296 0.8654999999999999 0.286 0.8550000000000001 0.28700000000000003
0 0.9644999999999999 0.3486666671875 0.9375 0.35 0.9145 0.3453333328125 0.8905 0.3473333328125 0.8625 0.3566666671875 0.843 0.3723333328125 0.837 0.3823333328125 0.833 0.399 0.837 0.4143333328125 0.8460000000000001 0.429 0.8675 0.446 0.8965 0.4533333328125 0.908 0.45366666718750004 0.9404999999999999 0.45066666718750004 0.9744999999999999 0.4386666671875 0.991 0.42033333281249996 0.994 0.40366666718750005 0.986 0.385 0.9869999999999999 0.365 0.9824999999999999 0.36 0.968 0.3583333328125 0.97 0.353 0.9644999999999999 0.3486666671875
0 1 0.4436666671875 0.9775 0.44066666718749997 0.9414999999999999 0.4526666671875 0.9119999999999999 0.46900000000000003 0.899 0.48566666718749996 0.8960000000000001 0.509 0.899 0.5183333328125 0.9164999999999999 0.5366666671875 0.9574999999999999 0.554 1 0.5576666671875 1 0.4436666671875
0 0.808 0.449 0.795 0.46166666718749994 0.79 0.46699999999999997 0.787 0.4796666671875 0.7905 0.48333333281249996 0.8164999999999999 0.49000000000000005 0.8345 0.49866666718749997 0.85 0.5123333328124999 0.86 0.5323333328125 0.868 0.5336666671875 0.8965 0.5306666671875 0.9019999999999999 0.5263333328125 0.8949999999999999 0.5076666671875001 0.8960000000000001 0.49233333281249997 0.9119999999999999 0.4663333328125 0.8985 0.45466666718750004 0.8785000000000001 0.45066666718750004 0.8554999999999999 0.4413333328125 0.8234999999999999 0.4413333328125 0.808 0.449
0 0.5559999999999999 0.553 0.5559999999999999 0.5650000000000001 0.5650000000000001 0.5783333328125 0.5705 0.5820000000000001 0.6005 0.5793333328125 0.6155 0.5806666671875 0.6445000000000001 0.5893333328125 0.6595 0.5993333328125 0.667 0.599 0.679 0.5923333328125 0.687 0.579 0.6799999999999999 0.5496666671875 0.674 0.5429999999999999 0.6545 0.532 0.6255 0.526 0.5965 0.5253333328124999 0.5755 0.5313333328125001 0.562 0.5416666671875 0.5559999999999999 0.553
0 0.679 0.545 0.696 0.515 0.718 0.49833333281250003 0.6775 0.49466666718749996 0.6355000000000001 0.48733333281249996 0.6305 0.4886666671875 0.602 0.5076666671875001 0.596 0.5183333328125 0.597 0.5236666671875 0.6455 0.5293333328125 0.679 0.545
0 0.501 0.343 0.48600000000000004 0.361 0.484 0.379 0.493 0.393 0.5155000000000001 0.40800000000000003 0.5305 0.41200000000000003 0.54 0.41166666718749995 0.5745 0.40533333281250006 0.588 0.395 0.597 0.383 0.599 0.373 0.595 0.357 0.5820000000000001 0.343 0.5715 0.33799999999999997 0.5485 0.3406666671875 0.5105000000000001 0.3386666671875 0.501 0.343
0 0.373 0.3023333328125 0.365 0.31966666718750003 0.366 0.3356666671875 0.3895 0.3546666671875 0.41950000000000004 0.364 0.434 0.3636666671875 0.4535 0.36 0.47000000000000003 0.351 0.47800000000000004 0.3383333328125 0.477 0.327 0.45099999999999996 0.307 0.4365 0.288 0.41550000000000004 0.2846666671875 0.3955 0.2866666671875 0.379 0.2956666671875 0.373 0.3023333328125
0 0.2625 0.1873333328125 0.23199999999999998 0.20566666718749999 0.22400000000000003 0.21833333281249998 0.221 0.2363333328125 0.231 0.2576666671875 0.2475 0.268 0.27749999999999997 0.262 0.3045 0.2646666671875 0.3265 0.2726666671875 0.3415 0.2846666671875 0.35 0.28500000000000003 0.3835 0.2713333328125 0.40599999999999997 0.25166666718749997 0.384 0.2343333328125 0.371 0.219 0.364 0.1983333328125 0.364 0.181 0.34249999999999997 0.176 0.3135 0.176 0.28650000000000003 0.18 0.2625 0.1873333328125
0 0.74 0.16499999999999998 0.749 0.1423333328125 0.743 0.12833333281249998 0.7295 0.1166666671875 0.6655 0.11000000000000001 0.633 0.1256666671875 0.665 0.1496666671875 0.6785 0.17133333281250002 0.725 0.1783333328125 0.74 0.16499999999999998
0 0.020499999999999997 0.8226666671875 0.044 0.807 0.056999999999999995 0.7916666671875 0.06 0.773 0.05500000000000001 0.759 0.044 0.7456666671875001 0.026500000000000003 0.7346666671875 0.0005 0.7253333328125 0.002 0.8276666671875 0.020499999999999997 0.8226666671875
0 0.4545 0.488 0.4185 0.49066666718749996 0.39649999999999996 0.4966666671875 0.38 0.5283333328125 0.34199999999999997 0.5563333328125 0.344 0.5763333328125 0.369 0.5916666671875 0.3835 0.6106666671875 0.4185 0.624 0.45099999999999996 0.6256666671875 0.4715 0.6233333328125 0.4965 0.6153333328125 0.534 0.5936666671874999 0.549 0.5743333328125 0.553 0.5536666671875 0.544 0.5256666671875 0.528 0.5096666671875 0.5155000000000001 0.5013333328125 0.48949999999999994 0.492 0.4545 0.488
0 0.41 0.6636666671875 0.40700000000000003 0.687 0.418 0.7123333328125 0.43099999999999994 0.7243333328125 0.4485 0.7326666671875001 0.476 0.7343333328125 0.5035000000000001 0.73 0.52 0.721 0.53 0.7076666671875 0.5309999999999999 0.689 0.503 0.6383333328125 0.4805 0.6306666671875 0.4605 0.6306666671875 0.43550000000000005 0.638 0.42000000000000004 0.649 0.41 0.6636666671875