0 0.36633663437499997 0.19 0.33168316875000003 0.29 0.3415841578125 0.32599999999999996 0.3886138609375 0.368 0.5 0.394 0.5668316828125 0.384 0.633663365625 0.34199999999999997 0.6584158421875 0.29 0.6485148515625 0.22999999999999998 0.633663365625 0.198 0.5767326734375 0.156 0.522277228125 0.136 0.45297029687499996 0.136 0.41336633593750005 0.148 0.36633663437499997 0.19
0 0.324257425 0.628 0.4455445546875 0.638 0.5074257421875 0.62 0.559405940625 0.5780000000000001 0.574257425 0.546 0.559405940625 0.454 0.497524753125 0.4 0.3391089109375 0.392 0.2772277234375 0.434 0.252475246875 0.47400000000000003 0.2673267328125 0.5740000000000001 0.324257425 0.628
0 0.44059405937499996 0.002 0.4603960390625 0.05 0.502475246875 0.088 0.5618811874999999 0.11200000000000002 0.628712871875 0.11000000000000001 0.7178217828125 0.057999999999999996 0.7202970296875 0 0.44059405937499996 0.002
0 0 0.242 0.0445544546875 0.25 0.153465346875 0.19 0.1732673265625 0.08199999999999999 0.116336634375 0.012 0.032178217187500004 0 0 0.006 0 0.242
0 0.240099009375 0 0.178217821875 0.057999999999999996 0.178217821875 0.126 0.19801980156250001 0.158 0.2549504953125 0.192 0.3168316828125 0.194 0.3737623765625 0.176 0.45049504999999995 0.11000000000000001 0.4554455453125 0.054000000000000006 0.41831683125 0 0.240099009375 0
0 0.1955445546875 0.712 0.25742574218750003 0.646 0.2673267328125 0.5780000000000001 0.252475246875 0.534 0.17574257499999998 0.48 0.007425742187499999 0.5 0.0049504953125 0.6940000000000001 0.0519801984375 0.724 0.14356435625 0.73 0.1955445546875 0.712
0 0.235148515625 0.8560000000000001 0.42079207968750004 0.8859999999999999 0.475247525 0.8539999999999999 0.509900990625 0.806 0.509900990625 0.718 0.428217821875 0.644 0.36881188125 0.632 0.3044554453125 0.64 0.22772277187499998 0.6900000000000001 0.202970296875 0.726 0.19801980156250001 0.818 0.235148515625 0.8560000000000001
0 0.524752475 0.782 0.571782178125 0.8320000000000001 0.69306930625 0.85 0.75 0.8400000000000001 0.7920792078125001 0.8099999999999999 0.8217821781250001 0.766 0.83168316875 0.6980000000000001 0.797029703125 0.642 0.7549504953125 0.612 0.6361386140625 0.6 0.574257425 0.634 0.534653465625 0.6900000000000001 0.524752475 0.782
0 1 0.506 0.9331683171874999 0.5 0.8836633656249999 0.516 0.83168316875 0.5700000000000001 0.80693069375 0.646 0.8366336640625001 0.702 0.89356435625 0.748 0.9480198015625 0.772 1 0.77 1 0.506
0 1 0.8099999999999999 0.9034653468749999 0.78 0.809405940625 0.8 0.747524753125 0.866 0.7425742578125 0.93 0.7673267328125 0.978 0.79950495 1 1 0.998 1 0.8099999999999999
0 0.7227722765625 0.95 0.6980198015625 0.8939999999999999 0.6608910890625 0.8640000000000001 0.5816831687499999 0.8400000000000001 0.5321782171875 0.8400000000000001 0.477722771875 0.8640000000000001 0.415841584375 0.95 0.41831683125 1 0.7178217828125 0.998 0.7227722765625 0.95
0 0.2054455453125 0.8640000000000001 0.16584158437500002 0.8800000000000001 0.0891089109375 0.966 0.0915841578125 1 0.40594059375 0.998 0.38118811875 0.922 0.309405940625 0.8640000000000001 0.2054455453125 0.8640000000000001
0 0.007425742187499999 0.716 0.0049504953125 0.93 0.08415841562500001 0.9380000000000001 0.153465346875 0.8779999999999999 0.1584158421875 0.8099999999999999 0.116336634375 0.748 0.007425742187499999 0.716
0 0.85643564375 0.546 0.9009900984374999 0.48600000000000004 0.9009900984374999 0.41 0.8292079203125 0.352 0.6658415843750001 0.33199999999999996 0.574257425 0.40599999999999997 0.5792079203125 0.522 0.675742575 0.596 0.7376237625 0.5980000000000001 0.85643564375 0.546
0 0.725247525 0.316 0.8118811875 0.33399999999999996 0.9059405937499999 0.302 0.95049505 0.242 0.9554455453124999 0.182 0.9356435640624999 0.142 0.8787128718749999 0.096 0.7549504953125 0.076 0.690594059375 0.096 0.6633663359375 0.126 0.653465346875 0.25 0.725247525 0.316
0 1 0.254 0.9826732671875 0.252 0.9059405937499999 0.306 0.891089109375 0.386 0.9108910890624999 0.446 1 0.49000000000000005 1 0.254
0 0.1014851484375 0.45999999999999996 0.21782178281250003 0.47800000000000004 0.3415841578125 0.386 0.346534653125 0.33799999999999997 0.3267326734375 0.29 0.274752475 0.244 0.1955445546875 0.21600000000000003 0.13118811875 0.22000000000000003 0.0396039609375 0.274 0.0198019796875 0.318 0.024752475 0.382 0.1014851484375 0.45999999999999996