0 0.5767634859374999 0.409090909375 0.5560165968749999 0.4665071765625 0.5560165968749999 0.4952153109375 0.5684647296875001 0.528708134375 0.5829875515625 0.54066985625 0.6037344390625 0.54066985625 0.6078838171875 0.5358851671875 0.6369294609375 0.54066985625 0.6618257265625 0.5550239234375 0.67012448125 0.5741626796875 0.68879668125 0.5765550234375 0.7033195015625 0.5741626796875 0.724066390625 0.5598086125 0.75103734375 0.51913875625 0.755186721875 0.4665071765625 0.7427385890625 0.43779904375 0.6867219921875 0.37799043125 0.6742738593750001 0.3732057421875 0.6410788375 0.368421053125 0.595435684375 0.387559809375 0.5767634859374999 0.409090909375
0 0.68879668125 0.232057415625 0.68879668125 0.24162679374999999 0.680497925 0.2559808609375 0.680497925 0.2990430625 0.6970954359375 0.327751196875 0.7012448124999999 0.351674640625 0.7282157671875 0.387559809375 0.7572614109375 0.401913875 0.7800829874999999 0.39952153125 0.81120331875 0.387559809375 0.834024896875 0.36124401875 0.8464730296875 0.3325358859375 0.8464730296875 0.27990430625 0.82987551875 0.232057415625 0.815352696875 0.21531100468750003 0.7863070546875 0.2009569375 0.724066390625 0.2009569375 0.7074688796874999 0.210526315625 0.68879668125 0.232057415625
0 0.5373443984375 0.22966507187500002 0.5165975109375001 0.24880382812500001 0.506224065625 0.2655502390625 0.493775934375 0.2942583734375 0.493775934375 0.3421052625 0.5373443984375 0.37799043125 0.5663900421875 0.387559809375 0.5933609953125 0.3851674640625 0.6327800828125001 0.368421053125 0.6535269703125001 0.368421053125 0.6721991703125 0.3421052625 0.6721991703125 0.30861244062500004 0.6514522828125 0.26076555 0.624481328125 0.23444976093749997 0.616182571875 0.23444976093749997 0.595435684375 0.22009569375 0.5580912859375 0.22009569375 0.5373443984375 0.22966507187500002
0 0.35269709531250004 0.188995215625 0.344398340625 0.2129186609375 0.344398340625 0.2368421046875 0.3962655609375 0.26794258437499996 0.414937759375 0.2942583734375 0.42946058125000003 0.330143540625 0.4522821578125 0.327751196875 0.46680497968749995 0.3253588515625 0.48962655625 0.30382775156249997 0.4979253109375 0.270334928125 0.5394190875 0.21770335 0.5269709546875 0.169856459375 0.5 0.1435406703125 0.47095435625000004 0.12918660312500002 0.421161825 0.13397129218749998 0.37966805 0.1578947375 0.35269709531250004 0.188995215625
0 0.2634854765625 0.26794258437499996 0.244813278125 0.2942583734375 0.23651452343749998 0.3229665078125 0.23651452343749998 0.370813396875 0.2572614109375 0.4043062203125 0.26141078906250004 0.43779904375 0.2717842328125 0.44976076562499995 0.30082987499999997 0.46411483281250004 0.3319502078125 0.4617224875 0.3589211625 0.44976076562499995 0.3983402484375 0.39952153125 0.41908713750000004 0.36124401875 0.41908713750000004 0.30861244062500004 0.40248962656250004 0.27990430625 0.3921161828125 0.26794258437499996 0.375518671875 0.2631578953125 0.35062240624999996 0.2440191390625 0.3174273859375 0.2440191390625 0.2634854765625 0.26794258437499996
0 0.41078838125 0.380382775 0.3734439828125 0.45215310937500003 0.36929460625 0.4952153109375 0.3775933609375 0.528708134375 0.4128630703125 0.5598086125 0.45020746875000006 0.5454545453125 0.47095435625000004 0.5454545453125 0.495850621875 0.5598086125 0.514522821875 0.5574162671875 0.5331950203125 0.550239234375 0.5560165968749999 0.5143540671875 0.5560165968749999 0.47129186562500003 0.5477178421875 0.4330143546875 0.53112033125 0.389952153125 0.5082987546875 0.35885167500000004 0.4792531125 0.3444976078125 0.44605809062499996 0.349282296875 0.42946058125000003 0.35885167500000004 0.41078838125 0.380382775
0 0.616182571875 0.07655502343750001 0.585062240625 0.10765550312500001 0.5435684640625 0.1746411484375 0.5435684640625 0.188995215625 0.5746887968750001 0.21531100468750003 0.5912863078124999 0.21531100468750003 0.6369294609375 0.23923445000000002 0.645228215625 0.24880382812500001 0.655601659375 0.2464114828125 0.6784232359375 0.23923445000000002 0.6970954359375 0.2129186609375 0.7136929453125 0.19856459375 0.7178423234375 0.1555023921875 0.7012448124999999 0.10287081406250001 0.6825726140625 0.08133971250000001 0.6576763484375 0.071770334375 0.6327800828125001 0.071770334375 0.6286307046874999 0.07655502343750001 0.616182571875 0.07655502343750001
0 0.8319502078125 0.4401913875 0.7987551875000001 0.42105263125 0.7738589218749999 0.4258373203125 0.7634854765625 0.43779904375 0.7634854765625 0.4473684203125 0.7593361 0.45215310937500003 0.7593361 0.5143540671875 0.7676348546875 0.5334928234375 0.7946058093749999 0.5454545453125 0.81120331875 0.5598086125 0.8195020749999999 0.5598086125 0.844398340625 0.57894736875 0.8589211625000001 0.5765550234375 0.8734439828125 0.5693779906249999 0.8879668046875 0.5526315796875 0.8962655609375 0.5334928234375 0.8962655609375 0.5047846890625001 0.8900414937500001 0.50239234375 0.8879668046875 0.4952153109375 0.8817427390624999 0.4928229671875 0.87966805 0.4856459328125 0.8402489624999999 0.4401913875 0.8319502078125 0.4401913875
0 0.9273858921875 0.3205741625 0.9024896265625 0.311004784375 0.885892115625 0.311004784375 0.8609958499999999 0.3205741625 0.8464730296875 0.3373205734375 0.82987551875 0.3755980859375 0.82987551875 0.4043062203125 0.834024896875 0.409090909375 0.834024896875 0.428229665625 0.8568464734375001 0.44976076562499995 0.9024896265625 0.5071770328125 0.904564315625 0.5047846890625001 0.9107883812500001 0.50239234375 0.9190871375 0.488038278125 0.939834025 0.47846890000000003 0.975103734375 0.43779904375 0.9875518671875 0.4043062203125 0.9875518671875 0.380382775 0.9792531125 0.3564593296875 0.9564315359375 0.33492822968749997 0.935684646875 0.330143540625 0.9273858921875 0.3205741625
0 0.7863070546875 0.5598086125 0.7821576765625 0.5645933015625 0.7531120328124999 0.5645933015625 0.7199170125000001 0.5837320578125 0.6929460578125 0.6148325359375 0.6929460578125 0.6818181812499999 0.7012448124999999 0.7009569375 0.715767634375 0.7177033500000001 0.7406639 0.7224880375 0.765560165625 0.7368421046875 0.7863070546875 0.76076555 0.800829875 0.75837320625 0.815352696875 0.751196171875 0.8423236515625 0.72009569375 0.854771784375 0.6961722484374999 0.854771784375 0.6818181812499999 0.8589211625000001 0.6770334921875001 0.854771784375 0.610047846875 0.8423236515625 0.5861244015625 0.815352696875 0.5645933015625 0.79045643125 0.5645933015625 0.7863070546875 0.5598086125
0 0.6286307046874999 0.54066985625 0.5871369296875 0.5454545453125 0.564315353125 0.5669856453125 0.5435684640625 0.6244019140625 0.5394190875 0.6770334921875001 0.5663900421875 0.7272727265625 0.595435684375 0.7368421046875 0.6576763484375 0.7272727265625 0.6763485484375 0.710526315625 0.69087136875 0.6746411484375 0.715767634375 0.7177033500000001 0.7614107890625 0.732057415625 0.7863070546875 0.76076555 0.7966804984375 0.75837320625 0.8278008296875001 0.74162679375 0.854771784375 0.6961722484374999 0.854771784375 0.610047846875 0.8360995843750001 0.57894736875 0.7863070546875 0.5598086125 0.7531120328124999 0.5645933015625 0.724066390625 0.57894736875 0.69087136875 0.612440190625 0.6680497921875 0.571770334375 0.6286307046874999 0.54066985625
0 0.6182572609375 0.7727272734375 0.6182572609375 0.7966507171874999 0.6265560171875 0.8110047843749999 0.6265560171875 0.8301435406250001 0.63070539375 0.8349282296875 0.634854771875 0.892344496875 0.6784232359375 0.9282296656250001 0.69087136875 0.9330143546875 0.7219917015624999 0.930622009375 0.7531120328124999 0.9090909093749999 0.7676348546875 0.887559809375 0.7717842328125 0.8636363640625 0.7925311203125001 0.8157894734375001 0.7883817421875 0.767942584375 0.7614107890625 0.7368421046875 0.7282157671875 0.7224880375 0.6784232359375 0.7224880375 0.6410788375 0.7368421046875 0.6182572609375 0.7727272734375
0 0.744813278125 0.7272727265625 0.6784232359375 0.7224880375 0.6369294609375 0.7368421046875 0.6182572609375 0.75837320625 0.616182571875 0.7990430625 0.578838175 0.76076555 0.5165975109375001 0.7655502390625 0.4585062234375 0.7990430625 0.43568464687499997 0.8349282296875 0.443983403125 0.8971291859375 0.5 0.9569377984375 0.5373443984375 0.971291865625 0.560165975 0.968899521875 0.5871369296875 0.9569377984375 0.6369294609375 0.8899521531250001 0.645228215625 0.9043062203125001 0.69087136875 0.9330143546875 0.7199170125000001 0.9330143546875 0.74896265625 0.9138755984375001 0.7676348546875 0.887559809375 0.7925311203125001 0.8157894734375001 0.7883817421875 0.767942584375 0.744813278125 0.7272727265625
0 0.2572614109375 0.8253588515624999 0.2572614109375 0.892344496875 0.244813278125 0.9066985640624999 0.255186721875 0.9090909093749999 0.255186721875 0.9186602875000001 0.2883817421875 0.9330143546875 0.35269709531250004 0.930622009375 0.40456431562499995 0.9043062203125001 0.414937759375 0.892344496875 0.4273858921875 0.858851675 0.4232365140625 0.7440191390625001 0.40456431562499995 0.7129186609375 0.37136929531249996 0.69856459375 0.3423236515625 0.69856459375 0.325726140625 0.7081339718749999 0.265560165625 0.767942584375 0.2572614109375 0.8253588515624999
0 0.39004149374999997 0.5909090906250001 0.3568464734375 0.6435406703125001 0.3568464734375 0.6531100484375 0.3485477171875 0.6626794265625 0.3485477171875 0.6770334921875001 0.354771784375 0.6937799046875 0.4004149375 0.7033492828125001 0.425311203125 0.74162679375 0.4730290453125 0.73923445 0.5041493781249999 0.7272727265625 0.5269709546875 0.7009569375 0.535269709375 0.6818181812499999 0.535269709375 0.629186603125 0.5186721984375 0.5909090906250001 0.49170124531250003 0.5598086125 0.47510373437500003 0.550239234375 0.44605809062499996 0.550239234375 0.4170124484375 0.5645933015625 0.39004149374999997 0.5909090906250001
0 0.226141078125 0.54066985625 0.2033195015625 0.5669856453125 0.199170125 0.5765550234375 0.199170125 0.6244019140625 0.21784232343749999 0.650717703125 0.23029045625000003 0.650717703125 0.2676348546875 0.688995215625 0.2800829875 0.688995215625 0.284232365625 0.6937799046875 0.319502075 0.6913875593750001 0.336099584375 0.6818181812499999 0.344398340625 0.6531100484375 0.3734439828125 0.610047846875 0.36929460625 0.571770334375 0.3568464734375 0.5430622015625 0.32987551875 0.5167464109375 0.31327800781250004 0.5071770328125 0.2800829875 0.5071770328125 0.25103734375000003 0.531100478125 0.226141078125 0.54066985625
0 0.12863070468749999 0.72009569375 0.1078838171875 0.767942584375 0.1120331953125 0.8110047843749999 0.12863070468749999 0.8540669859375001 0.1721991703125 0.8899521531250001 0.2033195015625 0.892344496875 0.2136929453125 0.8899521531250001 0.22821576718749997 0.8732057421875 0.23236514531250002 0.849282296875 0.265560165625 0.75837320625 0.265560165625 0.72009569375 0.2572614109375 0.6913875593750001 0.2219917015625 0.650717703125 0.19294605781250002 0.650717703125 0.1597510375 0.6794258375 0.12863070468749999 0.72009569375
0 0.0477178421875 0.5598086125 0.02904564375 0.5861244015625 0.0124481328125 0.6339712921875 0.0165975109375 0.6674641140625 0.0435684640625 0.69856459375 0.060165975000000003 0.7081339718749999 0.116182571875 0.7057416265625001 0.13070539375 0.7033492828125001 0.1680497921875 0.6698564593749999 0.19087136875 0.6435406703125001 0.19502074687499998 0.629186603125 0.19502074687499998 0.5765550234375 0.18672199218750002 0.5574162671875 0.1680497921875 0.5358851671875 0.1265560171875 0.5167464109375 0.1016597515625 0.5215311 0.0477178421875 0.5598086125
0 0.13070539375 0.33492822968749997 0.0995850625 0.36124401875 0.0871369296875 0.409090909375 0.0912863078125 0.45215310937500003 0.1182572609375 0.511961721875 0.1431535265625 0.5167464109375 0.15560165937499998 0.5263157890625 0.1825726140625 0.5239234453125 0.226141078125 0.50239234375 0.24066390000000001 0.4856459328125 0.2572614109375 0.4473684203125 0.2572614109375 0.4138755984375 0.2531120328125 0.39952153125 0.2385892109375 0.3827751203125 0.2012448125 0.3636363640625 0.1970954359375 0.35406698593749997 0.1514522828125 0.33492822968749997 0.13070539375 0.33492822968749997
0 0.21161825781250002 0.270334928125 0.1721991703125 0.23444976093749997 0.15560165937499998 0.210526315625 0.09751037343749999 0.210526315625 0.064315353125 0.22488038281249997 0.0580912859375 0.2368421046875 0.053941909375 0.3133971296875 0.0663900421875 0.3421052625 0.0767634859375 0.349282296875 0.0809128625 0.35885167500000004 0.0995850625 0.3564593296875 0.114107884375 0.33971291875 0.13070539375 0.330143540625 0.163900415625 0.33492822968749997 0.1763485484375 0.3444976078125 0.1970954359375 0.3444976078125 0.2074688796875 0.327751196875 0.2074688796875 0.31818181874999996 0.215767634375 0.2990430625 0.215767634375 0.27990430625 0.21161825781250002 0.270334928125
0 0.18879668125 0.148325359375 0.174273859375 0.1650717703125 0.1618257265625 0.208133971875 0.165975103125 0.21770335 0.2136929453125 0.26794258437499996 0.2531120328125 0.270334928125 0.2634854765625 0.26794258437499996 0.2800829875 0.2535885171875 0.304979253125 0.2440191390625 0.3174273859375 0.2440191390625 0.3278008296875 0.232057415625 0.3278008296875 0.19856459375 0.284232365625 0.13397129218749998 0.2676348546875 0.12440191406250001 0.23029045625000003 0.12440191406250001 0.18879668125 0.148325359375
0 0.37966805 0.0239234453125 0.375518671875 0.028708134375 0.325726140625 0.0334928234375 0.2966804984375 0.0526315796875 0.27800829843749997 0.07894736875 0.2821576765625 0.1267942578125 0.29875518749999996 0.14114832500000002 0.31120331874999996 0.1650717703125 0.3423236515625 0.18181818125 0.3568464734375 0.17942583750000002 0.375518671875 0.1578947375 0.4170124484375 0.13397129218749998 0.41908713750000004 0.11244019062499999 0.4315352703125 0.10287081406250001 0.4315352703125 0.069377990625 0.4273858921875 0.06459330156250001 0.4273858921875 0.050239234375 0.4232365140625 0.040669856250000004 0.40456431562499995 0.0239234453125 0.37966805 0.0239234453125
0 0.4273858921875 0.0358851671875 0.4315352703125 0.0741626796875 0.4481327796875 0.10765550312500001 0.4585062234375 0.11961722500000001 0.47510373437500003 0.12918660312500002 0.495850621875 0.13397129218749998 0.5082987546875 0.1435406703125 0.5518672203125 0.14114832500000002 0.585062240625 0.098086125 0.585062240625 0.07894736875 0.58921161875 0.069377990625 0.585062240625 0.06459330156250001 0.585062240625 0.0550239234375 0.5746887968750001 0.0430622015625 0.545643153125 0.028708134375 0.46680497968749995 0.028708134375 0.46265560156249996 0.0334928234375 0.4273858921875 0.0358851671875