0 0.1296875 0.69921875 0.1078125 0.20625
0 0.23359375 0.7 0.1296875 0.2140625
0 0.5078125 0.8453125 0.140625 0.178125
0 0.59609375 0.70546875 0.1390625 0.184375
0 0.33203125 0.21640625 0.13125 0.171875
0 0.39921875 0.19453125 0.1453125 0.203125
0 0.28515625 0.33984375 0.1265625 0.159375
0 0.3234375 0.44296875 0.109375 0.153125
0 0.3859375 0.56796875 0.0953125 0.121875
0 0.43203125 0.484375 0.11875 0.1484375
0 0.48515625 0.3765625 0.1046875 0.153125
0 0.5328125 0.3390625 0.0921875 0.125
0 0.47265625 0.20390625 0.1109375 0.1015625
0 0.48125 0.303125 0.1765625 0.159375
0 0.36015625 0.3078125 0.09375 0.109375
0 0.3796875 0.35625 0.128125 0.178125