0 0.45703125 0.51328125 0.575 0.2046875
0 0.4328125 0.3609375 0.4296875 0.2109375
0 0.4171875 0.64921875 0.3921875 0.1984375
0 0.525 0.78359375 0.4203125 0.2921875
0 0.63828125 0.81328125 0.25 0.25
0 0.78125 0.83671875 0.1703125 0.3015625
0 0.8625 0.6828125 0.1609375 0.2265625
0 0.7890625 0.51484375 0.19375 0.1484375
0 0.71640625 0.3375 0.25625 0.259375
0 0.89375 0.46484375 0.2109375 0.2484375
0 0.95703125 0.928125 0.0859375 0.14375
0 0.07890625 0.8328125 0.1578125 0.2546875
0 0.24609375 0.828125 0.15625 0.3125
0 0.08125 0.609375 0.10625 0.2359375
0 0.43828125 0.1546875 0.4109375 0.215625
0 0.09375 0.434375 0.11875 0.1515625
0 0.18125 0.46875 0.15 0.26875
0 0.8125 0.2234375 0.2265625 0.1765625
0 0.759375 0.09453125 0.16875 0.1890625
0 0.8890625 0.140625 0.221875 0.1890625