0 0.496875 0.3375 0.296875 0.36875
0 0.49609375 0.71015625 0.265625 0.4453125
0 0.2515625 0.52734375 0.328125 0.365625
0 0.2734375 0.18359375 0.334375 0.3375
0 0.07578125 0.39765625 0.1515625 0.484375
0 0.121875 0.8265625 0.2171875 0.346875
0 0.63515625 0.528125 0.18125 0.3234375
0 0.72578125 0.2171875 0.3171875 0.390625
0 0.83359375 0.5453125 0.2671875 0.3625
0 0.6984375 0.79921875 0.2828125 0.31875
0 0.8890625 0.13671875 0.221875 0.2734375
0 0 0.5933333328125 0.07666666718750001 0.59555555625 0.11333333281249999 0.562222221875 0.145 0.502222221875 0.1583333328125 0.42888888906249995 0.155 0.377777778125 0.125 0.27777777812500004 0.0816666671875 0.202222221875 0.0433333328125 0.17555555625000002 0 0.17333333281250002 0 0.36444444374999996 0.0066666671875 0.3866666671875 0 0.42000000000000004 0 0.5933333328125
0 0.10166666718749999 1 0.1166666671875 0.9866666671875001 0.15 0.9866666671875001 0.22999999999999998 0.8933333328125 0.23500000000000001 0.7488888890625 0.22999999999999998 0.72 0.205 0.6866666671874999 0.1416666671875 0.6711111109375001 0.07666666718750001 0.70444444375 0.034999999999999996 0.7533333328125 0.0116666671875 0.8 0.0083333328125 0.8511111109374999 0 0.8755555562499999 0 0.9444444437499999 0.0366666671875 1 0.10166666718749999 1
0 0.395 0.5911111109375 0.4166666671875 0.5333333328125 0.41500000000000004 0.462222221875 0.38 0.3711111109375 0.365 0.36 0.29500000000000004 0.35555555625 0.195 0.38444444375 0.1616666671875 0.41777777812499994 0.145 0.4933333328125 0.11499999999999999 0.5555555562500001 0.1233333328125 0.622222221875 0.15 0.662222221875 0.185 0.68444444375 0.25666666718750003 0.67555555625 0.3416666671875 0.642222221875 0.385 0.6088888890625 0.395 0.5911111109375
0 0.605 0.7511111109375 0.6116666671875 0.6688888890625 0.6033333328125 0.5933333328125 0.58 0.542222221875 0.5383333328125001 0.50444444375 0.48166666718749995 0.4933333328125 0.43499999999999994 0.5177777781249999 0.40833333281249995 0.5488888890625 0.385 0.61555555625 0.38333333281250004 0.682222221875 0.4033333328125 0.7733333328125 0.445 0.8466666671875 0.4766666671875 0.88444444375 0.5116666671875 0.902222221875 0.5383333328125001 0.8911111109375 0.585 0.8133333328125 0.605 0.7511111109375
0 0.4033333328125 0.7666666671875 0.3783333328125 0.6933333328125 0.33999999999999997 0.6733333328125 0.29 0.6911111109375 0.2633333328125 0.7288888890624999 0.25166666718749997 0.7688888890625 0.25166666718749997 0.8466666671875 0.27 0.882222221875 0.2866666671875 0.8911111109375 0.38333333281250004 0.9133333328125 0.4066666671875 0.9088888890625 0.4483333328125 0.8644444437500001 0.4483333328125 0.8466666671875 0.4033333328125 0.7666666671875
0 0.8150000000000001 0.862222221875 0.8083333328125001 0.7866666671875 0.7883333328125001 0.7244444437500001 0.73 0.6666666671875 0.6816666671875 0.6511111109375001 0.6266666671875 0.6511111109375001 0.61 0.6599999999999999 0.5966666671875 0.7733333328125 0.575 0.8288888890624999 0.5533333328125 0.8577777781249999 0.55 0.8800000000000001 0.6366666671875 0.937777778125 0.6866666671874999 0.95555555625 0.745 0.9533333328125 0.7849999999999999 0.9288888890625 0.805 0.9 0.8150000000000001 0.862222221875
0 0.9616666671875 0.63555555625 0.9650000000000001 0.5911111109375 0.9516666671875 0.52 0.9199999999999999 0.44000000000000006 0.875 0.38 0.845 0.36 0.8166666671874999 0.4 0.7983333328125 0.41333333281250006 0.7183333328125 0.42222222187499997 0.7183333328125 0.597777778125 0.74 0.6733333328125 0.7816666671875 0.717777778125 0.82 0.737777778125 0.8716666671875 0.742222221875 0.9033333328125 0.7266666671875 0.9516666671875 0.6688888890625 0.9616666671875 0.63555555625
0 0.8633333328124999 0.32444444375 0.865 0.24666666718750002 0.8483333328124999 0.17555555625000002 0.8166666671874999 0.10888888906250001 0.775 0.0666666671875 0.7233333328125 0.04 0.67 0.037777778125 0.6183333328125 0.062222221875 0.5866666671874999 0.097777778125 0.5716666671875 0.16444444375 0.5583333328125 0.1866666671875 0.5983333328125 0.24666666718750002 0.625 0.3311111109375 0.665 0.3888888890625 0.725 0.42222222187499997 0.7983333328125 0.41777777812499994 0.8300000000000001 0.3888888890625 0.8633333328124999 0.32444444375
0 0.6283333328125 0.39555555625 0.63 0.33999999999999997 0.6166666671875001 0.29111111093750003 0.5933333328125 0.2311111109375 0.5616666671874999 0.1888888890625 0.5066666671875 0.16 0.44166666718750003 0.15555555625 0.3916666671875 0.177777778125 0.36 0.2288888890625 0.3566666671875 0.2666666671875 0.36833333281249997 0.3 0.38166666718750003 0.3911111109375 0.40833333281249995 0.4511111109375 0.4516666671875 0.497777778125 0.505 0.497777778125 0.5549999999999999 0.5111111109375 0.595 0.47555555624999996 0.6283333328125 0.39555555625
0 0.3583333328125 0.27999999999999997 0.36666666718749996 0.21777777812500002 0.40499999999999997 0.1666666671875 0.4066666671875 0.102222221875 0.3783333328125 0.035555556249999995 0.3616666671875 0.02444444375 0.335 0.02444444375 0.275 0.0533333328125 0.185 0.0666666671875 0.1433333328125 0.10444444374999999 0.12166666718750001 0.157777778125 0.11333333281249999 0.20444444375 0.11333333281249999 0.2533333328125 0.1533333328125 0.36 0.2 0.37333333281250003 0.265 0.36222222187500003 0.31 0.3333333328125 0.3583333328125 0.27999999999999997
0 1 0.0511111109375 0.9733333328124999 0.02444444375 0.9733333328124999 0.013333332812500001 0.9566666671874999 0.0066666671875 0.9433333328125 0.013333332812500001 0.9483333328124999 0.0288888890625 0.9266666671875001 0.042222221875 0.8266666671875 0.04444444375 0.8150000000000001 0.0533333328125 0.8133333328125 0.0666666671875 0.7883333328125001 0.0733333328125 0.8150000000000001 0.10888888906250001 0.85 0.1866666671875 0.8633333328124999 0.29333333281249996 0.9033333328125 0.29555555624999996 0.9483333328124999 0.27999999999999997 0.9800000000000001 0.257777778125 1 0.2311111109375 1 0.0511111109375