0 0.6068965515625 0.188022284375 0.5844827593749999 0.1532033421875 0.5465517234374999 0.13649024999999998 0.5034482765625 0.139275765625 0.4568965515625 0.157381615625 0.43448275937499997 0.1838440109375 0.41206896562499995 0.21169916406249997 0.4172413796875 0.249303621875 0.42758620625 0.2855153203125 0.4413793109375 0.299442896875 0.487931034375 0.299442896875 0.5293103453125 0.29665738125 0.562068965625 0.2855153203125 0.5844827593749999 0.26601671250000003 0.612068965625 0.2339832875 0.6068965515625 0.188022284375
0 0.187931034375 0.0417827296875 0.162068965625 0.0236768796875 0.12931034531250002 0.0194986078125 0.0965517234375 0.026462395312499998 0.0793103453125 0.052924790624999996 0.0810344828125 0.07520891406249999 0.07413793125 0.0877437328125 0.0965517234375 0.09331476250000001 0.12241379375000001 0.086350975 0.15 0.0905292484375 0.1706896546875 0.10306406718750001 0.184482759375 0.104456825 0.1982758625 0.0877437328125 0.1948275859375 0.0626740953125 0.187931034375 0.0417827296875
0 0.29137931093749997 0.16016713124999998 0.3086206890625 0.1559888578125 0.334482759375 0.1406685234375 0.3465517234375 0.1211699171875 0.3517241375 0.0905292484375 0.3465517234375 0.064066853125 0.312068965625 0.050139275000000004 0.27413793124999997 0.0473537609375 0.234482759375 0.058495821875 0.20517241406250003 0.08077994375 0.1948275859375 0.10167130937499999 0.1948275859375 0.119777159375 0.20172413749999998 0.139275765625 0.21724137968749999 0.1476323125 0.24137931093749998 0.139275765625 0.26206896562500004 0.1378830078125 0.2810344828125 0.1476323125 0.29137931093749997 0.16016713124999998
0 0.07758620625 0.09192200625 0.07758620625 0.054317548437499995 0.063793103125 0.0292479109375 0.041379310937500004 0.012534818750000001 0.0017241374999999999 0.006963789062500001 0 0.12674094687499998 0.0206896546875 0.1295264625 0.0517241375 0.119777159375 0.07758620625 0.09192200625
0 0.1886413796875 0.16713091875 0.19573965468750001 0.1409136484375 0.1926982765625 0.11961281406249999 0.1774844828125 0.1015891359375 0.1572 0.08848050156250001 0.13488793125 0.0843844015625 0.109532759375 0.08848050156250001 0.0872206890625 0.09257799375 0.070993103125 0.1048662953125 0.0588241375 0.1155167125 0.0507103453125 0.133540390625 0.05273793125 0.14664902500000002 0.0578086203125 0.162215878125 0.06997931093750001 0.1728662953125 0.08620689687500001 0.16303481875 0.11156206875 0.154022284375 0.13488793125 0.154022284375 0.160243103125 0.15893871875 0.1784982765625 0.166311978125 0.1886413796875 0.16713091875
0 0.115618965625 0.2670821734375 0.1440155171875 0.2662618390625 0.1643 0.2662618390625 0.1886413796875 0.25479247968749996 0.2068965515625 0.23840668593749997 0.212981034375 0.2154679671875 0.20588275937499997 0.1859735375 0.18661206875 0.1679498609375 0.15922931093749998 0.1572994421875 0.138944828125 0.154841225 0.11663275937499999 0.154841225 0.09736379375000001 0.1572994421875 0.07403620625 0.1695891359375 0.063894828125 0.182696378125 0.055781034375 0.1990821734375 0.05273793125 0.21300975000000003 0.0679517234375 0.218745125 0.078093103125 0.23103342656249998 0.08925 0.24496100312500002 0.0912775859375 0.2556114203125 0.0963482765625 0.2646239546875 0.115618965625 0.2670821734375
0 0.4006086203125 0.226118384375 0.413793103125 0.22447910937499999 0.41480689687499994 0.207275765625 0.42697758593749996 0.194986071875 0.4320482765625 0.1843356546875 0.42393448281249996 0.16876880156250001 0.3985793109375 0.1532033421875 0.36815344843750003 0.1409136484375 0.339756896875 0.142552925 0.32048620625 0.149926184375 0.301217240625 0.1646727015625 0.2981741375 0.1769623953125 0.3002034484375 0.1884317546875 0.30628793125 0.1974442890625 0.3286 0.19826323125 0.3407706890625 0.207275765625 0.3488844828125 0.222022284375 0.3590258625 0.23513091875 0.37119655156250003 0.22939554375 0.4006086203125 0.226118384375
0 0.40578793125 0.1586754875 0.41748793125 0.1631518109375 0.42857068906249995 0.1646434546875 0.44458103437499996 0.16215738125 0.4556655171875 0.1596699171875 0.46305344843749996 0.154197771875 0.4759844828125 0.14922423437500001 0.48891551718750004 0.1412660171875 0.493843103125 0.1233579390625 0.4956896546875 0.10346239531250001 0.48583793125 0.0830682453125 0.46736379375 0.06466434531250001 0.4568965515625 0.056704735937499993 0.42918793125 0.0492437328125 0.3897775859375 0.055710306249999994 0.37253620625 0.0641657375 0.3602224140625 0.0746114203125 0.3546793109375 0.0855557109375 0.35283275937499997 0.1014721453125 0.35221724062500004 0.1119178265625 0.35283275937499997 0.125845403125 0.359605171875 0.135793871875 0.3700741375 0.1427576609375 0.387931034375 0.14673676875 0.3983982765625 0.15220891406249998 0.40578793125 0.1586754875
0 0.621305171875 0.139275765625 0.6422413796875001 0.1268398328125 0.6527086203125 0.110426184375 0.654556896875 0.09948328749999999 0.647167240625 0.0746114203125 0.631156896875 0.05471587812499999 0.6065275859375 0.043772981249999995 0.5689655171875 0.0397924796875 0.53756206875 0.0417827296875 0.52586206875 0.0432743734375 0.5117 0.05720195 0.50923620625 0.0681462390625 0.5006155171875 0.0756072421875 0.496305171875 0.0845598890625 0.496305171875 0.10246657343750001 0.49876896562499995 0.1134108640625 0.5166258625 0.1278356546875 0.5418724140625 0.1352966578125 0.56588620625 0.140767409375 0.5923637937499999 0.1437520890625 0.621305171875 0.139275765625
0 0.725368965625 0.1119178265625 0.7413793109375 0.1049540390625 0.7610844828125 0.10097492968749999 0.7678568968749999 0.0999805015625 0.777093103125 0.0865501390625 0.7881775859375 0.0696378828125 0.7894086203125 0.0492437328125 0.7814034484375 0.028849582812500003 0.7672413796875001 0.0189011140625 0.7524637937499999 0.009451253125 0.7518465515625 0.010942896875 0.7247534484375 0.0099484671875 0.6951965515625 0.0238760453125 0.6785706890625 0.0368091921875 0.6656396546875001 0.0552130921875 0.65578793125 0.0736169921875 0.6564034484375 0.09202089062499999 0.6650241375 0.11142061249999999 0.6761086203125 0.122860725 0.6915017234375 0.12634261875 0.7068965515625 0.127338440625 0.715517240625 0.1193788296875 0.725368965625 0.1119178265625
0 0.7752465515625 0.19747353750000002 0.788793103125 0.20592896875000002 0.7967982765625 0.20543175468750002 0.8128086203124999 0.19747353750000002 0.826355171875 0.189513928125 0.8288172406250001 0.171110028125 0.8257396546875 0.14872701875 0.814655171875 0.13131754843750001 0.8017241374999999 0.1144052921875 0.7881775859375 0.103959609375 0.7641620687499999 0.10097492968749999 0.743843103125 0.103959609375 0.727217240625 0.11390807812499999 0.711206896875 0.124850975 0.7056655171874999 0.139275765625 0.7032017234375 0.15668523750000002 0.708743103125 0.17857103125 0.7130534484375 0.1920013921875 0.716132759375 0.1954832875 0.7266017234375 0.191504178125 0.7426103453125 0.1920013921875 0.7573896546875 0.1910069640625 0.7752465515625 0.19747353750000002
0 0.8109603453125 0.24820891406249998 0.8091137937499999 0.23278969374999997 0.8017241374999999 0.223338440625 0.7881775859375 0.2044373265625 0.76908793125 0.194986071875 0.74076379375 0.191504178125 0.720443103125 0.1934944296875 0.7056655171874999 0.20194986093749998 0.69088620625 0.208416434375 0.6767241375 0.223338440625 0.666256896875 0.241245125 0.66256206875 0.2551727015625 0.66256206875 0.25815738125 0.6730293109375001 0.2596504171875 0.680418965625 0.2651211703125 0.6834982765625 0.2636295265625 0.69335 0.258654596875 0.7142862062499999 0.2566657375 0.737068965625 0.2561685234375 0.7623155171875 0.26114206093750003 0.7715517234375 0.262136490625 0.7826362062500001 0.261639275 0.7967982765625 0.265618384375 0.8054189656249999 0.26661420625 0.8084982765625 0.2631323125 0.8109603453125 0.24820891406249998
0 0.3743844828125 0.3606253484375 0.39716724062500003 0.36112256249999997 0.4193344828125 0.3641072421875 0.42241379375 0.3412256265625 0.418718965625 0.319837046875 0.41256206874999996 0.3024275765625 0.39963103437499997 0.2785515328125 0.3817741375 0.26114206093750003 0.3577586203125 0.2442298046875 0.328817240625 0.23726601718749998 0.302955171875 0.23826044531249999 0.28078793125 0.24671727031250001 0.25923620625 0.260644846875 0.2506155171875 0.2785515328125 0.27093620625 0.290987465625 0.284482759375 0.3064066859375 0.296182759375 0.33077994374999997 0.300493103125 0.3452047359375 0.3023396546875 0.3621169921875 0.2992603453125 0.38300835625 0.3060344828125 0.3874846796875 0.3121913796875 0.38549582187500003 0.33005 0.375547353125 0.34913793125 0.3665933140625 0.3743844828125 0.3606253484375
0 0.3 0.335654596875 0.2793103453125 0.3008356546875 0.2586206890625 0.28272980468750003 0.22758620624999998 0.27158774375 0.1931034484375 0.2701949859375 0.160344828125 0.27158774375 0.134482759375 0.2910863515625 0.1206896546875 0.311977715625 0.11206896562499999 0.3440111421875 0.12413793125000001 0.3788300828125 0.1517241375 0.40807799375 0.17758620625 0.4275766015625 0.21724137968749999 0.4373259046875 0.2551724140625 0.4275766015625 0.289655171875 0.4052924796875 0.3034482765625 0.3788300828125 0.3 0.335654596875
0 0.37758620625 0.5167130921875 0.41034482812500006 0.497214484375 0.439655171875 0.49164345468750004 0.46034482812500005 0.46518105781249997 0.4672413796875 0.4247910859375 0.4568965515625 0.3927576609375 0.4310344828125 0.3662952640625 0.3948275859375 0.36350975 0.37758620625 0.360724234375 0.3465517234375 0.367688021875 0.313793103125 0.3871866296875 0.286206896875 0.4052924796875 0.26551724062500004 0.4331476328125 0.25 0.459610028125 0.2517241375 0.48746518125 0.26551724062500004 0.509749303125 0.2965517234375 0.527855153125 0.313793103125 0.5417827296875 0.35 0.540389971875 0.37758620625 0.5167130921875
0 0.0706896546875 0.32033426249999997 0.08620689687500001 0.2952646234375 0.0948275859375 0.261838440625 0.0827586203125 0.2395543171875 0.055172414062499994 0.2144846796875 0.0017241374999999999 0.2089136484375 0.0017241374999999999 0.3161559890625 0.029310345312500003 0.3231197765625 0.0706896546875 0.32033426249999997
0 0 0.43739554375 0.0161793109375 0.4530793875 0.044224137499999996 0.46179247968750003 0.0830534484375 0.4609206125 0.10462586250000001 0.4443662953125 0.1240413796875 0.41909888593750005 0.125118965625 0.382504178125 0.1089396546875 0.3607214484375 0.057167240625000004 0.3406810578125 0 0.34242339843749997 0 0.43739554375
0 0.8747586203125 0.0470501390625 0.83485 0.06883286875 0.8035706890625001 0.10281476249999999 0.8272999999999999 0.149864903125 0.8380862062500001 0.1481225625 0.8510293109375 0.149864903125 0.8726017234375 0.147250696875 0.8779948281250001 0.12459749375 0.8963310343750001 0.101942896875 0.9146672406249999 0.08974512500000001 0.9481051718750001 0.0827743734375 0.9470258625 0.071447075 0.9168241374999999 0.0522785515625 0.8747586203125 0.0470501390625
0 0.99125 0.176004178125 1 0.1699052921875 0.9998775859375 0.0880013921875 0.9858568968749999 0.08016016718749999 0.944868965625 0.0810320328125 0.9114310343750001 0.0880013921875 0.8801517234375 0.116754875 0.8758379312500001 0.1376657375 0.8769155171874999 0.1594484671875 0.8866241374999999 0.17948885781249999 0.9081965515625001 0.1829749296875 0.9276103453125 0.1969150421875 0.9588913796874999 0.1925584953125 0.9761482765625 0.19081615624999998 0.99125 0.176004178125
0 0.9125103453125 0.32586908124999997 0.9319258625 0.323254875 0.952418965625 0.3241253484375 0.9696775859375 0.3310961 0.98046379375 0.3267395546875 0.99556379375 0.32064066874999997 0.9987999999999999 0.2134707515625 0.96536206875 0.19865738125000001 0.9394758624999999 0.19604456875 0.9103534484375 0.2004011140625 0.8909379312500001 0.21085654531250003 0.8715224140625001 0.2282827296875 0.8715224140625001 0.23699582187499998 0.8596586203125 0.242222840625 0.855343103125 0.2648774375 0.86073620625 0.2892743734375 0.8779948281250001 0.3066991640625 0.900644828125 0.32499721406250004 0.9125103453125 0.32586908124999997
0 0.8197482765625 0.3276114203125 0.8143551718750001 0.2988579390625 0.784155171875 0.2666197765625 0.750717240625 0.25703481875 0.70433620625 0.25877855156249996 0.6849224140625 0.26313509687500003 0.66335 0.27794707500000004 0.6439344828125 0.2910167125 0.6331482765625001 0.3101852375 0.64501379375 0.3223830078125 0.6557999999999999 0.3363245125 0.6773724140625 0.33458217343749996 0.7054155171875001 0.3432952640625 0.729144828125 0.35200835625 0.74208793125 0.3685626734375 0.7561103453125 0.3851169921875 0.7658189656250001 0.39295960937499996 0.7798396546874999 0.38598885781250003 0.7981775859375 0.36943454062500003 0.8165137937500001 0.3598495828125 0.8197482765625 0.3276114203125
0 0.9416327593749999 0.41474233906249997 0.952418965625 0.4417520890625 0.9685982765625001 0.46353481875 0.993406896875 0.48009052968750004 0.9977206890625 0.33371030625000003 0.9793844828125 0.33893871875000003 0.9513396546875 0.35897771562499997 0.9394758624999999 0.386860725 0.9416327593749999 0.41474233906249997
0 0.7205155171875 0.43565320312500005 0.7625827593750001 0.4260682453125 0.7625827593750001 0.41474233906249997 0.7604258625 0.3851169921875 0.732381034375 0.35549303593750003 0.7183586203125001 0.3450376046875 0.683843103125 0.33458217343749996 0.65256379375 0.332838440625 0.612655171875 0.3476518109375 0.5835327593749999 0.3624637890625 0.5587241374999999 0.38076044531250003 0.5490155171875 0.406899721875 0.5490155171875 0.438267409375 0.5598017234375 0.46353481875 0.5878465515625 0.49054596093749997 0.6191258625 0.499259053125 0.6547206890624999 0.49577298125 0.6719793109375 0.47660445625000003 0.6935517234375 0.45482172656250003 0.7205155171875 0.43565320312500005
0 0.48969137968750004 0.43478133750000003 0.5188155171875 0.4391378828125 0.5511741375 0.4365250703125 0.5468586203125 0.406899721875 0.5587241374999999 0.377275765625 0.591082759375 0.35549303593750003 0.6493275859375001 0.3310961 0.632068965625 0.3110557109375 0.6040258625 0.2997298046875 0.568431034375 0.295373259375 0.52528620625 0.3023440109375 0.4853775859375 0.321512534375 0.46596206875 0.3310961 0.453018965625 0.3476518109375 0.44223275937500006 0.37204735312500004 0.45086206874999996 0.390345403125 0.4681206890625 0.41561281406250006 0.4702775859375 0.4260682453125 0.48969137968750004 0.43478133750000003
0 0.832693103125 0.4243259046875 0.8715224140625001 0.43303899687499997 0.8995672406249999 0.45656406718750003 0.9179034484375 0.47050557031249995 0.934082759375 0.46005013906250003 0.9416327593749999 0.438267409375 0.9416327593749999 0.419969359375 0.9362396546875 0.39295960937499996 0.9135896546875 0.3764039 0.8812310343749999 0.3607214484375 0.832693103125 0.3581072421875 0.8003344828125 0.37204735312500004 0.780918965625 0.386860725 0.770132759375 0.40515738125 0.7722896546875 0.42345543125 0.832693103125 0.4243259046875
0 0.9114310343750001 0.555022284375 0.9286896546875001 0.5184275765625 0.9146672406249999 0.466149025 0.870444828125 0.4312966578125 0.84563620625 0.4243259046875 0.7712120687499999 0.42345543125 0.732381034375 0.43391086406249996 0.7032586203125 0.4452381609375 0.68168620625 0.46353481875 0.6622706890625001 0.49315877500000005 0.657956896875 0.5166852375000001 0.6708999999999999 0.5384679671875 0.6849224140625 0.5593788296875 0.7129655171875 0.5733189421875 0.7442465515625 0.5820320328124999 0.8272999999999999 0.5872604453125 0.8736793109375001 0.58028969375 0.9114310343750001 0.555022284375
0 0.2243517234375 0.49490250625 0.24484655156250001 0.5010013921875001 0.2502396546875 0.48880222812499996 0.2534758625 0.46353481875 0.2545534484375 0.451337046875 0.24700344843750002 0.43478133750000003 0.222194828125 0.43739554375 0.1801293109375 0.4269401109375 0.15855689687500002 0.41561281406250006 0.154243103125 0.41561281406250006 0.1294344828125 0.4243259046875 0.1110982765625 0.44262395468750004 0.0927603453125 0.47050557031249995 0.0776603453125 0.49838718593750003 0.0776603453125 0.522784121875 0.091682759375 0.5489233984374999 0.1089396546875 0.5663495828125 0.113255171875 0.5436949859375 0.1315913796875 0.522784121875 0.14884999999999998 0.49577298125 0.17365689687500002 0.4922883015625 0.2243517234375 0.49490250625
0 0.412031034375 0.64389554375 0.43899655156249995 0.65173676875 0.46272758593749996 0.655222840625 0.4724344828125 0.6194986078125 0.4875344828125 0.5916169921875001 0.52205 0.5654777156249999 0.5727465515625 0.544566853125 0.556567240625 0.51929805 0.5242086203125 0.5001295265625 0.4691982765625 0.49141643437500004 0.43036896562500004 0.49141643437500004 0.39585172343749997 0.501871865625 0.3624155171875 0.5306253484375001 0.34623620625 0.5471810578125 0.3365293109375 0.5646072421875 0.340843103125 0.5959735375 0.3473155171875 0.610785515625 0.3721224140625 0.63866713125 0.412031034375 0.64389554375
0 0.1984655171875 0.6874610031249999 0.2502396546875 0.690075209375 0.3009344828125 0.6682924796874999 0.333293103125 0.6412813374999999 0.3440793109375 0.6055584953125 0.3365293109375 0.5794192203125 0.32789999999999997 0.5602506968750001 0.2955413796875 0.5262688015625 0.2426896546875 0.5010013921875001 0.1876793109375 0.49141643437500004 0.1564 0.49054596093749997 0.1423775859375 0.49577298125 0.1423775859375 0.512328690625 0.11756896562500001 0.5341114203124999 0.10786206875 0.5646072421875 0.1089396546875 0.6003300828125 0.1261982765625 0.6377966578125001 0.16071379375 0.6735194984375 0.1984655171875 0.6874610031249999
0 0.56303793125 0.748452646875 0.6029465515625 0.761522284375 0.657956896875 0.7650069640625 0.6957086203125 0.7580362109375 0.7388534484375 0.740610028125 0.7755258625 0.717956825 0.7830758624999999 0.672649025 0.77876206875 0.6282116984375 0.747481034375 0.59858774375 0.7108086203124999 0.5689623953125 0.657956896875 0.5506657374999999 0.6180482765625 0.5410807796875 0.5695103453125 0.5436949859375 0.5360724140625 0.5558941500000001 0.501556896875 0.5741908078125 0.4853775859375 0.5916169921875001 0.4702775859375 0.6229846796875 0.46272758593749996 0.6456378828125 0.463805171875 0.6674206125000001 0.4778275859375 0.6961740953125 0.501556896875 0.7223133703125 0.5263655171875 0.7371253484375 0.56303793125 0.748452646875
0 0.9567327593750001 0.6543509750000001 0.892017240625 0.6613217265625 0.8434793109375001 0.6848467968749999 0.821906896875 0.72318384375 0.8186706890625001 0.7501949859375 0.8294568968749999 0.7789484671875 0.8542655171875 0.8068300828125 0.8909379312500001 0.8329693593749999 0.9513396546875 0.8469094703125 0.9987999999999999 0.8486518109375 0.9998775859375 0.66480640625 0.9567327593750001 0.6543509750000001
0 0.0010793109375 0.5428245125 0.0010793109375 0.68049025 0.04098793125 0.699658775 0.06579482812500001 0.7223133703125 0.1035465515625 0.71534261875 0.14022068906250001 0.695302228125 0.154243103125 0.671777159375 0.128355171875 0.6430236765624999 0.1121758625 0.6055584953125 0.10138965468750001 0.570706128125 0.0528517234375 0.552408078125 0.0010793109375 0.5428245125
0 0.33221379375 0.7589080781249999 0.30956379375 0.7318969359375 0.26749655156249996 0.7014011140624999 0.22543103437499998 0.690075209375 0.1876793109375 0.690075209375 0.1110982765625 0.72057103125 0.0701103453125 0.75542200625 0.033437931250000004 0.798987465625 0.0291224140625 0.8373259046875001 0.0366724140625 0.88699025 0.0733465515625 0.9192284125000001 0.14345689687500002 0.934040390625 0.22003793124999999 0.9157437328125001 0.27936206874999997 0.8826337046875 0.3160344828125 0.8469094703125 0.33976379375 0.782433146875 0.33221379375 0.7589080781249999
0 0.4594913796875 0.6674206125000001 0.44546896562500005 0.6534805015625 0.39261724062500003 0.6412813374999999 0.34623620625 0.6499944296875 0.299855171875 0.671777159375 0.2761258625 0.7022729812499999 0.30524827656250003 0.7257980500000001 0.3343706890625 0.7571657375 0.34623620625 0.7789484671875 0.36133620624999996 0.78156128125 0.3807517234375 0.7676211703125 0.40232413749999996 0.7528091921875 0.45086206874999996 0.7388676875 0.4929275859375 0.7345111421875 0.4875344828125 0.7170849578125 0.478906896875 0.700530640625 0.4594913796875 0.6674206125000001
0 0.9114310343750001 1 0.952418965625 0.9976462390625 0.9642844828125 0.9549512531250001 0.9437896546875001 0.88699025 0.8974103453125 0.838196378125 0.84995 0.814671309375 0.7873913796875 0.8111866296875 0.7464034484375001 0.8251267406249999 0.7086517234375 0.85039554375 0.6849224140625 0.8843760453125 0.680606896875 0.9200988859375 0.7000224140625 0.9706350968749999 0.7205155171875 0.9993885796875001 0.7895482765625 1 0.9114310343750001 1
0 0.6504068968750001 0.9105153203125 0.6708999999999999 0.8678217265624999 0.6622706890625001 0.8216420609374999 0.6482482765625 0.7928885796875 0.6255982765625 0.774591921875 0.5921603453125 0.7606504171874999 0.5145 0.74148189375 0.4691982765625 0.7397395546875 0.419582759375 0.7467089140625001 0.36888793125 0.7728481890625 0.3365293109375 0.80508774375 0.3181913796875 0.8347116984375 0.3160344828125 0.8625933140625 0.333293103125 0.9035445687499999 0.3699655171875 0.9427534812499999 0.42605344843750004 0.9636643453125 0.519893103125 0.9697646234375 0.591082759375 0.9523384406250001 0.6504068968750001 0.9105153203125