0 0.40546875 0.46015625 0.2015625 0.321875
0 0.6859375 0.546875 0.2453125 0.3
0 0.20546875 0.66953125 0.2640625 0.2875
0 0.44296875 0.8625 0.221875 0.2703125
0 0.8484375 0.85234375 0.3 0.2921875
0 0.16796875 0.2453125 0.2359375 0.2546875
0 0.5734375 0.0953125 0.1359375 0.190625
0 0.84296875 0.19140625 0.171875 0.290625
0 0.721875 0.33125 0.1921875 0.1984375
0 0.5714285718750001 0.6340206187499999 0.6332046328125001 0.7061855671874999 0.741312740625 0.721649484375 0.7915057921875001 0.67525773125 0.8108108109375 0.59793814375 0.8069498062499999 0.4948453609375 0.7374517375 0.412371134375 0.652509653125 0.3969072171875 0.5791505796875 0.463917525 0.5714285718750001 0.6340206187499999
0 0.18918918906249999 0.510309278125 0.10424710468750001 0.567010309375 0.07722007656249999 0.6185567015625 0.0733590734375 0.701030928125 0.1119691125 0.8144329890625001 0.16216216249999998 0.845360825 0.227799228125 0.845360825 0.277992278125 0.8144329890625001 0.3166023171875 0.7474226796875 0.328185328125 0.6288659796875 0.2741312734375 0.536082475 0.18918918906249999 0.510309278125
0 0.559845559375 1 0.5675675671875 0.9072164953125 0.5482625484375 0.8041237109375 0.4826254828125 0.7268041234375 0.42471042499999995 0.721649484375 0.3706563703125 0.7525773203125 0.3359073359375 0.819587628125 0.32432432499999997 0.9072164953125 0.3359073359375 0.97938144375 0.3513513515625 1 0.559845559375 1
0 0.4131274125 0.31958762812499997 0.347490346875 0.35567010312499997 0.3011583015625 0.412371134375 0.28571428593750003 0.463917525 0.308880309375 0.5618556703124999 0.38610038593749996 0.6494845359375 0.4517374515625 0.6340206187499999 0.48648648593750005 0.5824742265625 0.4980694984375 0.5257731953125 0.49034749062499994 0.3969072171875 0.45559845625 0.34020618593749996 0.4131274125 0.31958762812499997
0 0.5366795359375 0 0.50579150625 0.0618556703125 0.521235521875 0.154639175 0.54440154375 0.19587628906250001 0.6332046328125001 0.2061855671875 0.6640926640625 0.1030927828125 0.652509653125 0.041237114062500003 0.6216216218749999 0 0.5366795359375 0
0 0.822393821875 0.3298969078125 0.8880308875 0.30927835 0.93050193125 0.21134020625 0.9266409265625001 0.154639175 0.8996139 0.1030927828125 0.8378378375000001 0.0773195875 0.7606177609375 0.123711340625 0.7374517375 0.221649484375 0.822393821875 0.3298969078125
0 0.06949806875 0.36597938124999996 0.0424710421875 0.412371134375 0.046332046875 0.510309278125 0.08880308906249999 0.5773195875 0.18146718125 0.5154639171875 0.25482625468750003 0.5154639171875 0.258687259375 0.4484536078125 0.24324324375 0.3969072171875 0.2046332046875 0.3505154640625 0.1389961390625 0.335051546875 0.06949806875 0.36597938124999996