0 0.34375 0.290625 0.1265625 0.1984375
0 0.17578125 0.5125 0.1546875 0.1515625
0 0.425 0.5109375 0.115625 0.1796875
0 0.2984375 0.41796875 0.109375 0.18125
0 0.13671875 0.36328125 0.121875 0.1703125
0 0.08046875 0.2390625 0.1171875 0.1609375
0 0.22578125 0.15390625 0.0890625 0.15625
0 0.34921875 0.11484375 0.13125 0.153125
0 0.44140625 0.3328125 0.090625 0.1625
0 0.6046875 0.33828125 0.11875 0.20625
0 0.5765625 0.5359375 0.1796875 0.175
0 0.55234375 0.09375 0.0953125 0.165625
0 0.47734375 0.1328125 0.0890625 0.1890625
0 0.64140625 0.04609375 0.1046875 0.0921875
0 0.7609375 0.08671875 0.0828125 0.1734375
0 0.68125 0.26953125 0.0671875 0.1671875
0 0.7671875 0.384375 0.1078125 0.1140625
0 0.7671875 0.25625 0.0953125 0.13125
0 0.85234375 0.34609375 0.0984375 0.2234375
0 0.91953125 0.5828125 0.159375 0.2046875
0 0.7640625 0.56484375 0.1171875 0.1796875
0 0.896875 0.75 0.1640625 0.178125
0 0.69140625 0.778125 0.125 0.2015625
0 0.56640625 0.709375 0.1359375 0.1515625
0 0.44140625 0.6765625 0.1046875 0.140625
0 0.29375 0.89375 0.1734375 0.203125
0 0.0734375 0.77109375 0.140625 0.165625
0 0.8765625 0.92265625 0.146875 0.1515625
0 0.5345454546874999 0.6284153 0.62181818125 0.6229508203125 0.6545454546875 0.5683060109375 0.650909090625 0.497267759375 0.6072727265625 0.45355191250000004 0.5236363640625 0.42622950781249996 0.4872727265625 0.45355191250000004 0.49090909062500004 0.5792349734375 0.5345454546874999 0.6284153
0 0.629090909375 0.7486338796875 0.6363636359375 0.677595628125 0.6145454546875 0.6393442625 0.53818181875 0.63387978125 0.49818181875 0.677595628125 0.5127272734375 0.7595628421875 0.5963636359375 0.781420765625 0.629090909375 0.7486338796875
0 0.5527272734374999 0.415300546875 0.5927272734375 0.44808743125 0.650909090625 0.398907103125 0.669090909375 0.322404371875 0.6581818187499999 0.2677595625 0.610909090625 0.25683060156250004 0.5709090906250001 0.278688525 0.54181818125 0.34426229531249997 0.5527272734374999 0.415300546875