0 0.55662650625 0.312091503125 0.537349396875 0.30228758125 0.29879518125 0.3169934640625 0.050602409375000004 0.3202614375 0.01445783125 0.33986928125000004 0.0048192765625000005 0.3578431375 0.021686746875 0.3807189546875 0.0819277109375 0.4052287578125 0.149397590625 0.41013071874999996 0.2337349390625 0.4068627453125 0.5108433734375 0.367647059375 0.5614457828125 0.3349673203125 0.55662650625 0.312091503125
0 1 0.44771241875 0.9662650609375 0.41176470624999995 0.734939759375 0.3202614375 0.679518071875 0.2875817 0.6 0.25326797343749996 0.5831325296875 0.22875817031249998 0.5542168671875001 0.2271241828125 0.5469879515625 0.241830065625 0.5710843375 0.25 0.5518072296875001 0.2647058828125 0.563855421875 0.31535947656249996 0.665060240625 0.3970588234375 0.734939759375 0.436274509375 0.86987951875 0.490196078125 0.9084337343750001 0.5130718953125 0.9686746984375001 0.5130718953125 0.9903614453125 0.5049019609375 1 0.51633986875 1 0.44771241875
0 0.5445783125 0.5767973859375 0.5831325296875 0.560457515625 0.5975903609375 0.544117646875 0.6 0.5310457515625 0.5903614453125 0.51960784375 0.5662650609375001 0.5032679734375 0.549397590625 0.5016339875 0.4602409640625 0.5147058828125 0.2819277109375 0.55392156875 0.250602409375 0.5686274515624999 0.2096385546875 0.6045751640625 0.207228915625 0.62581699375 0.21927710781249998 0.6405228765625 0.24337349375 0.6552287578125 0.31325301250000004 0.6568627453125 0.4 0.6486928109375001 0.47469879531250003 0.6225490203125 0.5445783125 0.5767973859375
0 1 0.6470588234375 0.9421686749999999 0.6405228765625 0.8530120484375001 0.64379085 0.64337349375 0.633986928125 0.5951807234375 0.6568627453125 0.6096385546875001 0.6797385625000001 0.8048192765625 0.7369281046875 1 0.7647058828125 1 0.6470588234375
0 0.706024096875 0.722222221875 0.67228915625 0.704248365625 0.621686746875 0.6944444437499999 0.3662650609375 0.6846405234375 0.28915662656249996 0.6928104578125 0.2409638546875 0.707516340625 0.2409638546875 0.7124183000000001 0.29879518125 0.73202614375 0.378313253125 0.7352941171875 0.43614457812499996 0.7630718953125 0.5228915656249999 0.7745098046875001 0.6843373500000001 0.7728758171875 0.6963855421875 0.76797385625 0.71566265 0.7369281046875 0.706024096875 0.722222221875
0 0.8 0.5326797390625 0.6530120484374999 0.45751634062499996 0.6192771078125 0.43137254843750006 0.5807228921875 0.4264705875 0.5614457828125 0.42973856250000003 0.549397590625 0.44444444375 0.5445783125 0.4705882359375 0.5518072296875001 0.4852941171875 0.75662650625 0.633986928125 0.84337349375 0.6454248359375 0.9132530125 0.6454248359375 0.9253012046875 0.6388888890625 0.937349396875 0.60620915 0.9036144578125 0.5767973859375 0.8 0.5326797390625
0 0 0.3235294125 0.0120481921875 0.33169934687499997 0.0457831328125 0.3202614375 0.1180722890625 0.31535947656249996 0.2819277109375 0.3186274515625 0.479518071875 0.3071895421875 0.537349396875 0.294117646875 0.5445783125 0.28431372499999996 0.52771084375 0.26633986875 0.49879518125000005 0.259803921875 0 0.2450980390625 0 0.3235294125
0 1 0.3349673203125 0.7903614453125 0.26960784375 0.708433734375 0.223856209375 0.6554216875 0.2124183 0.6240963859375 0.23692810468749997 0.6265060234375001 0.2712418296875 0.75662650625 0.3349673203125 0.7831325296875 0.33986928125000004 0.89879518125 0.3888888890625 0.9518072296875 0.4150326796875 1 0.4526143796875 1 0.3349673203125
0 0 0.2467320265625 0.32771084375 0.258169934375 0.3686746984375 0.25326797343749996 0.3734939765625 0.2450980390625 0.3734939765625 0.2254901953125 0.3108433734375 0.1993464046875 0.19277108437499998 0.1830065359375 0.04337349375 0.1797385625 0 0.18954248437500001 0 0.2467320265625
0 0.163855421875 0.4166666671875 0.1397590359375 0.44281045781249995 0.21686747031250003 0.44607843125 0.265060240625 0.47222222187499996 0.3734939765625 0.47222222187499996 0.4409638546875 0.454248365625 0.4554216875 0.42973856250000003 0.4385542171875 0.40196078437500005 0.41686747031250004 0.3921568625 0.3662650609375 0.3905228765625 0.163855421875 0.4166666671875
0 0.308433734375 0.48366013125 0.265060240625 0.4787581703125 0.22650602343749998 0.44771241875 0.1662650609375 0.44607843125 0.1325301203125 0.4591503265625 0.1132530125 0.48366013125 0.1132530125 0.4983660125 0.1325301203125 0.527777778125 0.1662650609375 0.5473856203125 0.207228915625 0.5571895421875 0.2819277109375 0.55228758125 0.31807228906249996 0.51797385625 0.31807228906249996 0.4983660125 0.3036144578125 0.49509803906250005 0.308433734375 0.48366013125
0 0.33012048125 0.0506535953125 0.2313253015625 0.0490196078125 0.2120481921875 0.055555556250000006 0.2096385546875 0.063725490625 0.2385542171875 0.081699346875 0.43614457812499996 0.11601307187500001 0.4554216875 0.09477124218750001 0.4530120484375 0.0506535953125 0.4409638546875 0.044117646875 0.4 0.042483659374999996 0.33012048125 0.0506535953125
0 0.322891565625 0.73202614375 0.207228915625 0.7565359484374999 0.1686746984375 0.758169934375 0.1325301203125 0.7728758171875 0.1325301203125 0.7826797390625 0.3108433734375 0.7892156859375 0.4024096390625 0.7859477125 0.43614457812499996 0.776143790625 0.4385542171875 0.76960784375 0.4096385546875 0.7450980390625 0.3734939765625 0.73366013125 0.322891565625 0.73202614375
0 0 0.7647058828125 0.026506023437499998 0.7826797390625 0.1253012046875 0.784313725 0.19277108437499998 0.7745098046875001 0.2048192765625 0.7630718953125 0.0891566265625 0.723856209375 0.0409638546875 0.7124183000000001 0.0120481921875 0.7124183000000001 0 0.7173202609375 0 0.7647058828125
0 1 0.20915032656250002 0.9228915656250001 0.19771241875 0.8891566265625 0.2189542484375 0.88433735 0.26633986875 1 0.328431371875 1 0.20915032656250002
0 0.421686746875 0.47222222187499996 0.3734939765625 0.5049019609375 0.3542168671875 0.5326797390625 0.3807228921875 0.5326797390625 0.48433735 0.5114379078125 0.55662650625 0.5065359484374999 0.534939759375 0.4526143796875 0.50120481875 0.44607843125 0.477108434375 0.44934640468750003 0.421686746875 0.47222222187499996
0 1 0.598039215625 0.9228915656250001 0.5849673203125 0.934939759375 0.6127450984375 0.93012048125 0.6372549015625 1 0.6454248359375 1 0.598039215625
0 0.6024096390625 0.6405228765625 0.7879518078125 0.6405228765625 0.6554216875 0.5571895421875 0.61445783125 0.5506535953125 0.5831325296875 0.562091503125 0.5614457828125 0.580065359375 0.5590361453125 0.6290849671875 0.6024096390625 0.6405228765625