0 1 0.6130742046875 0.9241573031250001 0.58303886875 0.7780898875 0.6113074203125 0.6910112359375 0.6802120140625 0.702247190625 0.7367491171875 0.7612359546875 0.784452296875 0.8174157296875 0.802120140625 0.8876404499999999 0.8003533562499999 1 0.7650176671875 1 0.6130742046875
0 0.6910112359375 0.7367491171875 0.67977528125 0.6519434625 0.5814606734375001 0.5865724375 0.4691011234375 0.5795053 0.3707865171875 0.6378091875 0.37640449375 0.701413428125 0.4691011234375 0.780918728125 0.51404494375 0.7950530031249999 0.6067415734375 0.7932862187499999 0.6910112359375 0.7367491171875
0 0.522471909375 0.4929328625 0.4634831453125 0.4734982328125 0.40730337031249997 0.43109540625 0.2780898875 0.4558303890625 0.1910112359375 0.5247349828125001 0.272471909375 0.6183745578125001 0.3707865171875 0.63074205 0.522471909375 0.5530035328125 0.522471909375 0.4929328625
0 0.853932584375 0.584805653125 0.853932584375 0.5459363953125 0.8202247187499999 0.4646643109375 0.7106741578125 0.4275618375 0.6376404499999999 0.47703180156249997 0.5505617984375 0.49646643125 0.5449438203125 0.5459363953125 0.5814606734375001 0.5795053 0.7247191015625 0.6378091875 0.853932584375 0.584805653125
0 0.6067415734375 0.48233215625000003 0.6910112359375 0.439929328125 0.702247190625 0.36925795 0.6488764046875 0.3215547703125 0.57022471875 0.2968197875 0.519662921875 0.30035335625 0.4606741578125 0.3268551234375 0.4269662921875 0.36572438125 0.4157303375 0.43286219062500003 0.47471910156249997 0.4734982328125 0.6067415734375 0.48233215625000003
0 0.40168539374999995 0.3992932859375 0.477528090625 0.31272084843750003 0.4550561796875 0.26325088281250003 0.36235955 0.219081271875 0.2668539328125 0.229681978125 0.21348314531249998 0.2561837453125 0.1910112359375 0.287985865625 0.23595505625 0.3763250890625 0.325842696875 0.4081272078125 0.40168539374999995 0.3992932859375
0 0.6910112359375 0.3197879859375 0.75 0.30742049531250004 0.797752809375 0.27738515937499997 0.8258426968749999 0.224381625 0.797752809375 0.15371024687499998 0.7219101125 0.11660777343749999 0.59831460625 0.13427561875 0.533707865625 0.1925795046875 0.5449438203125 0.273851590625 0.6039325843750001 0.3038869265625 0.6910112359375 0.3197879859375
0 1 0.0901060078125 0.9297752812500001 0.07067137812499999 0.8174157296875 0.088339221875 0.7808988765625 0.13957597187499998 0.8146067421875 0.1678445234375 0.8426966296874999 0.23498233281249997 1 0.2561837453125 1 0.0901060078125
0 1 0.27738515937499997 0.980337078125 0.2614840984375 0.8230337078125001 0.2508833921875 0.7780898875 0.2968197875 0.6966292140625 0.3233215546875 0.7134831453125 0.4045936390625 0.8005617984375 0.43462897500000003 0.8651685390624999 0.436395759375 0.9129213484375001 0.4028268546875 1 0.3869257953125 1 0.27738515937499997
0 1 0.39752650156249997 0.9691011234375001 0.3922261484375 0.9185393265625 0.4028268546875 0.8651685390624999 0.443462896875 0.84831460625 0.5212014140625 0.8848314609375001 0.5724381625 1 0.5918727921875 1 0.39752650156249997
0 0.30617977500000004 0.215547703125 0.3792134828125 0.219081271875 0.45224719062499996 0.2544169609375 0.4887640453125 0.2526501765625 0.522471909375 0.24204947031250001 0.5393258421875 0.1749116609375 0.5842696625 0.136042403125 0.5842696625 0.09363957656250001 0.5252808984375 0.0459363953125 0.41292134843749995 0.0282685515625 0.3511235953125 0.0459363953125 0.3146067421875 0.07597173125 0.29213483125 0.1961130734375 0.30617977500000004 0.215547703125
0 0.7752808984375 0.128975265625 0.811797753125 0.088339221875 0.8820224718749999 0.06890459374999999 0.8876404499999999 0.0300353359375 0.8511235953125 0 0.561797753125 0.005300353125 0.5449438203125 0.0512367484375 0.5842696625 0.08303886875 0.59831460625 0.12720848125 0.7050561796875 0.1130742046875 0.7752808984375 0.128975265625
0 0 0.5424028265625 0.0168539328125 0.5459363953125 0.0926966296875 0.5300353359375001 0.17696629218749999 0.5371024734375001 0.23595505625 0.4681978796875 0.325842696875 0.422261484375 0.21348314531249998 0.3621908125 0.1825842703125 0.28621908125 0.12640449375 0.29328621875 0.0280898875 0.36572438125 0.022471909374999998 0.4081272078125 0 0.418727915625 0 0.5424028265625
0 0.26404494375 0.224381625 0.2865168546875 0.128975265625 0.188202246875 0.0459363953125 0.103932584375 0.0212014140625 0.047752809375 0.0247349828125 0 0.054770318750000005 0.005617978125 0.1855123671875 0.10955056249999999 0.2473498234375 0.1910112359375 0.2526501765625 0.26404494375 0.224381625
0 0 0.722614840625 0.07865168593750001 0.729681978125 0.216292134375 0.6749116609375 0.241573034375 0.64840989375 0.241573034375 0.6024734984375 0.20786516875 0.5636042406249999 0.11516853906249999 0.5335689046875001 0 0.5565371031249999 0 0.722614840625
0 0.2865168546875 0.9134275625000001 0.4269662921875 0.8356890453125001 0.4494382015625 0.8003533562499999 0.38764045 0.715547703125 0.32303370781249996 0.6925795046875 0.216292134375 0.69964664375 0.11235955 0.7614840984375 0.07865168593750001 0.8003533562499999 0.09550561875 0.856890459375 0.1825842703125 0.9081272078125 0.2865168546875 0.9134275625000001
0 0.7134831453125 0.9169611312500001 0.674157303125 0.846289753125 0.5926966296875 0.8162544171875 0.4466292140625 0.8303886921875 0.40449438125 0.867491165625 0.3932584265625 0.9098939921874999 0.3932584265625 0.9522968203125 0.4269662921875 0.9982332156249999 0.6910112359375 0.9982332156249999 0.7134831453125 0.9169611312500001
0 0.8174157296875 0.9787985859375 0.8876404499999999 0.9805653703124999 0.9887640453125 0.9240282687500001 0.9887640453125 0.846289753125 0.9129213484375001 0.798586571875 0.8286516859375 0.8056537109375 0.727528090625 0.7667844515625 0.6994382015625 0.773851590625 0.6573033703125 0.8321554765625001 0.7078651687499999 0.867491165625 0.7191011234375 0.9416961125000001 0.8174157296875 0.9787985859375