0 0.2015625 0.23984375 0.2015625 0.190625
0 0.4046875 0.24375 0.1921875 0.209375
0 0.646875 0.30546875 0.1984375 0.2328125
0 0.84296875 0.27109375 0.221875 0.2125
0 0.8765625 0.54921875 0.19375 0.215625
0 0.6984375 0.5453125 0.1765625 0.234375
0 0.5078125 0.51796875 0.203125 0.2359375
0 0.325 0.54296875 0.2 0.2171875
0 0.1390625 0.51796875 0.1703125 0.265625
0 0.159375 0.75390625 0.209375 0.225
0 0.371875 0.77734375 0.18125 0.2484375
0 0.56484375 0.7765625 0.1953125 0.2625
0 0.85625 0.75234375 0.2375 0.23125
0 0.521875 0.10859375 0.2578125 0.203125
0 0.72734375 0.8921875 0.1703125 0.215625
0 0.1328125 0.88359375 0.203125 0.171875
0 0.3265625 0.89296875 0.1796875 0.1640625
0 0.16875 0.12578125 0.1625 0.215625