0 0.12734375 0.22890625 0.165625 0.265625
0 0.0375 0.04296875 0.075 0.0859375
0 0.228125 0.85 0.1453125 0.1140625
0 0.12421875 0.803125 0.059375 0.1015625
0 0.125 0.6890625 0.121875 0.075
0 0.75546875 0.9390625 0.0953125 0.121875
0 0.89140625 0.85625 0.1703125 0.2578125
0 0.52421875 0.76015625 0.05625 0.0859375
0 0.43671875 0.39609375 0.1765625 0.2875
0 0.19765625 0.3609375 0.1078125 0.10625
0 0.7046875 0.559375 0.1671875 0.209375
0 0.8703125 0.39296875 0.209375 0.290625
0 0.678125 0.1703125 0.121875 0.2203125
0 0.46640625 0.184375 0.1 0.115625
0 0.5484375 0.07578125 0.0734375 0.1015625
0 0.63203125 0.4546875 0.0515625 0.071875
0 0.553125 0.53125 0.0515625 0.09375
0 0.84921875 0.6625 0.1296875 0.14375
0 0.27890625 0.3015625 0.08125 0.0890625