0 0.325 0.65859375 0.275 0.3875
0 0.46875 0.70546875 0.2640625 0.19375
0 0.62578125 0.8921875 0.225 0.215625
0 0.4796875 0.87421875 0.1984375 0.171875
0 0.10703125 0.8421875 0.1828125 0.284375
0 0.20859375 0.621875 0.2390625 0.1515625
0 0.07421875 0.52109375 0.1484375 0.4484375
0 0.059375 0.6953125 0.0953125 0.2953125
0 0.29140625 0.46640625 0.3921875 0.2125
0 0.2703125 0.27890625 0.1703125 0.1171875
0 0.196875 0.178125 0.1515625 0.221875
0 0.06875 0.1453125 0.1375 0.1984375
0 0.12109375 0.290625 0.14375 0.11875
0 0.29765625 0.228125 0.178125 0.146875
0 0.31796875 0.12109375 0.15625 0.125
0 0.390625 0.26875 0.1875 0.196875
0 0.57890625 0.3015625 0.46875 0.1921875
0 0.6296875 0.18984375 0.4 0.090625
0 0.46640625 0.1421875 0.2546875 0.1671875
0 0.74453125 0.10546875 0.415625 0.1546875
0 0.86953125 0.221875 0.2609375 0.1328125
0 0.871875 0.34296875 0.253125 0.14375
0 0.65546875 0.49296875 0.421875 0.225
0 0.73046875 0.59921875 0.221875 0.125
0 0.90078125 0.4953125 0.1984375 0.2796875
0 0.94765625 0.609375 0.1046875 0.3359375
0 0.8546875 0.6859375 0.1625 0.2234375
0 0.7484375 0.78671875 0.171875 0.315625
0 0.834375 0.8796875 0.146875 0.240625
0 0.91796875 0.978125 0.1640625 0.04375
0 0.2765625 0.93359375 0.2828125 0.1328125