0 0.70703125 0.7890625 0.2765625 0.3875
0 0.44921875 0.6953125 0.3109375 0.2625
0 0.2421875 0.5734375 0.2265625 0.23125
0 0.12421875 0.4578125 0.240625 0.2046875
0 0.29140625 0.35546875 0.2 0.2140625
0 0.39765625 0.4578125 0.15625 0.178125
0 0.5109375 0.5421875 0.265625 0.2140625
0 0.76875 0.5203125 0.2390625 0.221875
0 0.86640625 0.353125 0.23125 0.253125
0 0.60234375 0.421875 0.209375 0.1421875
0 0.6625 0.31328125 0.2578125 0.1828125
0 0.52421875 0.30703125 0.178125 0.2046875
0 0.43359375 0.2640625 0.146875 0.2