0 0.4375 0.309375 0.0734375 0.128125
0 0.4953125 0.3109375 0.0546875 0.1109375
0 0.8171875 0.35 0.071875 0.121875
0 0.4375 0.3890625 0.0875 0.109375
0 0.69765625 0.39453125 0.0953125 0.140625
0 0.3890625 0.4984375 0.0765625 0.1171875
0 0.7984375 0.6703125 0.0984375 0.1296875
0 0.83828125 0.80546875 0.0984375 0.1359375
0 0.14140625 0.96015625 0.0640625 0.0796875
0 0.67109375 0.14453125 0.075 0.0953125
0 0.5375 0.16171875 0.075 0.090625
0 0.73125 0.22109375 0.0703125 0.1296875
0 0.3765625 0.2828125 0.0609375 0.1421875