0 0.545 0.495 0.525 0.508 0.49533333281249997 0.5415 0.4853333328125 0.5715 0.48666666718749996 0.6144999999999999 0.4933333328125 0.6325000000000001 0.49800000000000005 0.6365000000000001 0.49866666718749997 0.6475 0.5026666671875 0.6565000000000001 0.5236666671875 0.6799999999999999 0.5376666671875 0.687 0.55 0.6875 0.571 0.6809999999999999 0.5943333328125 0.659 0.6033333328125 0.6425 0.6126666671875001 0.6075 0.6106666671875 0.5595 0.6053333328125 0.5525 0.6033333328125 0.5385 0.591 0.516 0.5636666671875 0.495 0.545 0.495
0 0.5236666671875 0.387 0.5183333328125 0.403 0.5096666671875 0.40499999999999997 0.49833333281250003 0.417 0.48333333281249996 0.4425 0.4773333328125 0.4625 0.47533333281249995 0.4885 0.4853333328125 0.5085 0.49466666718749996 0.5395 0.5309999999999999 0.502 0.5443333328125 0.495 0.5623333328125 0.49400000000000005 0.564 0.49050000000000005 0.5593333328125001 0.4615 0.538 0.41050000000000003 0.5326666671875 0.40650000000000003 0.5333333328125 0.39449999999999996 0.5296666671875 0.387 0.5236666671875 0.387
0 0.40833333281249995 0.502 0.4026666671875 0.4955 0.40033333281249994 0.476 0.3963333328125 0.47800000000000004 0.38733333281250004 0.4955 0.3806666671875 0.5215 0.38133333281250004 0.5645 0.3926666671875 0.5955 0.41100000000000003 0.618 0.43166666718749996 0.628 0.4486666671875 0.6295 0.4683333328125 0.619 0.4813333328125 0.5955 0.49066666718749996 0.5495 0.49066666718749996 0.5295 0.4813333328125 0.5005 0.4643333328125 0.476 0.4436666671875 0.46399999999999997 0.4136666671875 0.46299999999999997 0.4086666671875 0.47050000000000003 0.40833333281249995 0.502
0 0.3476666671875 0.458 0.33166666718750004 0.465 0.314 0.48650000000000004 0.3026666671875 0.5225 0.3026666671875 0.5455 0.30733333281249997 0.5735 0.31466666718749997 0.5905 0.32966666718750004 0.613 0.3523333328125 0.624 0.364 0.6245 0.3803333328125 0.618 0.392 0.6005 0.382 0.5705 0.38 0.5535 0.3806666671875 0.5185 0.3906666671875 0.4885 0.385 0.476 0.3723333328125 0.46299999999999997 0.3623333328125 0.458 0.3476666671875 0.458
0 0.21033333281250002 0.373 0.193 0.381 0.177 0.396 0.1673333328125 0.41150000000000003 0.1573333328125 0.4405 0.159 0.446 0.20033333281250001 0.44800000000000006 0.2073333328125 0.4535 0.2066666671875 0.4585 0.1963333328125 0.465 0.19766666718749998 0.45899999999999996 0.173 0.454 0.157 0.45599999999999996 0.1533333328125 0.4655 0.1546666671875 0.4995 0.162 0.5255 0.179 0.5519999999999999 0.2076666671875 0.572 0.23199999999999998 0.5745 0.24100000000000002 0.5730000000000001 0.265 0.558 0.2866666671875 0.5285 0.2946666671875 0.49850000000000005 0.29533333281249996 0.46349999999999997 0.286 0.4245 0.2676666671875 0.394 0.25433333281250003 0.382 0.23766666718749999 0.374 0.21033333281250002 0.373
0 0.29500000000000004 0.508 0.2866666671875 0.5295 0.2656666671875 0.558 0.2443333328125 0.572 0.2306666671875 0.5765 0.23199999999999998 0.6174999999999999 0.23733333281250002 0.6345 0.263 0.667 0.275 0.6719999999999999 0.29133333281249996 0.6725 0.3063333328125 0.6679999999999999 0.31966666718750003 0.655 0.3266666671875 0.6425 0.33199999999999996 0.6214999999999999 0.3313333328125 0.6165 0.316 0.5955 0.306 0.5705 0.302 0.5445 0.30333333281249997 0.5145 0.29500000000000004 0.508
0 0.1803333328125 0.651 0.1646666671875 0.6795 0.1593333328125 0.7085 0.1613333328125 0.7394999999999999 0.17266666718749998 0.7725 0.177 0.779 0.181 0.779 0.197 0.769 0.2013333328125 0.7775000000000001 0.1903333328125 0.7889999999999999 0.2133333328125 0.7915 0.23700000000000002 0.783 0.255 0.767 0.2666666671875 0.7424999999999999 0.2713333328125 0.7135 0.2673333328125 0.6815 0.2593333328125 0.6625 0.2443333328125 0.643 0.2196666671875 0.632 0.19966666718749998 0.635 0.1803333328125 0.651
0 0.1483333328125 0.475 0.131 0.488 0.132 0.4965 0.123 0.49800000000000005 0.1146666671875 0.5145 0.10933333281249999 0.5425 0.11000000000000001 0.5645 0.1143333328125 0.583 0.1223333328125 0.5660000000000001 0.13233333281249998 0.562 0.1376666671875 0.5519999999999999 0.1416666671875 0.5509999999999999 0.1233333328125 0.5845 0.1206666671875 0.5945 0.1226666671875 0.6005 0.145 0.626 0.159 0.632 0.17533333281250002 0.6325000000000001 0.20033333281250001 0.626 0.21033333281250002 0.619 0.2253333328125 0.5955 0.2293333328125 0.5785 0.19966666718749998 0.568 0.1783333328125 0.5519999999999999 0.1626666671875 0.5275000000000001 0.154 0.49749999999999994 0.1533333328125 0.4755 0.1483333328125 0.475
0 0.3923333328125 0.624 0.377 0.634 0.364 0.6505 0.3566666671875 0.6665 0.352 0.6865 0.3486666671875 0.7245 0.358 0.7695000000000001 0.371 0.791 0.3876666671875 0.805 0.41 0.8085000000000001 0.41966666718749995 0.807 0.43233333281249997 0.799 0.45466666718750004 0.7685 0.4653333328125 0.7394999999999999 0.46799999999999997 0.7005 0.45933333281250005 0.6655 0.4503333328125 0.65 0.42366666718749996 0.624 0.40700000000000003 0.62 0.3923333328125 0.624
0 0.5646666671875 0.7635 0.5666666671875 0.7445 0.5646666671875 0.7115 0.5573333328125 0.7065 0.5606666671875 0.7005 0.557 0.689 0.5303333328125001 0.6849999999999999 0.5143333328125 0.673 0.5003333328124999 0.655 0.491 0.6559999999999999 0.4796666671875 0.669 0.4686666671875 0.6885 0.4686666671875 0.7165 0.46399999999999997 0.7595 0.47933333281249996 0.7655000000000001 0.4686666671875 0.7715 0.47533333281249995 0.7885 0.485 0.8009999999999999 0.5043333328124999 0.8130000000000001 0.5226666671875 0.8135 0.5256666671875 0.8130000000000001 0.5273333328125 0.8074999999999999 0.5226666671875 0.7945 0.523 0.788 0.5266666671875 0.7895 0.5323333328125 0.807 0.5376666671875 0.8089999999999999 0.5496666671875 0.7969999999999999 0.5593333328125001 0.7805 0.5646666671875 0.7635
0 0.595 0.6679999999999999 0.5660000000000001 0.7045 0.5646666671875 0.7135 0.5673333328125 0.7304999999999999 0.5836666671875 0.753 0.6103333328125 0.771 0.6346666671875 0.7735000000000001 0.6476666671875 0.768 0.6543333328125 0.761 0.6633333328125001 0.7474999999999999 0.6693333328125 0.7245 0.6536666671875 0.7150000000000001 0.6383333328125 0.7 0.6293333328124999 0.6865 0.6196666671875 0.662 0.6063333328125 0.662 0.595 0.6679999999999999
0 0.6213333328124999 0.6025 0.6186666671875 0.6134999999999999 0.6206666671875001 0.6605000000000001 0.632 0.6905 0.6463333328124999 0.708 0.667 0.721 0.6833333328125 0.7215 0.7076666671875 0.705 0.718 0.6885 0.7253333328125 0.6505 0.7226666671875 0.6174999999999999 0.7173333328125 0.5995 0.6990000000000001 0.5730000000000001 0.671 0.561 0.6516666671875 0.564 0.637 0.5740000000000001 0.6213333328124999 0.6025
0 0.7696666671875 0.449 0.7436666671875 0.441 0.7196666671874999 0.453 0.7033333328125 0.47350000000000003 0.6940000000000001 0.4955 0.6893333328125 0.5265 0.6906666671874999 0.5415 0.6980000000000001 0.5665 0.7110000000000001 0.589 0.733 0.61 0.7533333328125 0.6144999999999999 0.766 0.6105 0.773 0.579 0.775 0.603 0.7843333328125001 0.597 0.7926666671875 0.5845 0.8019999999999999 0.5465 0.8026666671875 0.5185 0.798 0.4885 0.7856666671875 0.466 0.7696666671875 0.449
0 0.8436666671875 0.413 0.833 0.396 0.8163333328125001 0.382 0.805 0.379 0.7776666671875 0.381 0.7473333328125 0.4205 0.744 0.4375 0.7769999999999999 0.454 0.794 0.47750000000000004 0.8019999999999999 0.5095 0.8026666671875 0.5475 0.8086666671874999 0.5485 0.829 0.536 0.8413333328125001 0.5185 0.8480000000000001 0.5015 0.8533333328125 0.4605 0.852 0.4415 0.8480000000000001 0.4295 0.8473333328124999 0.4165 0.8493333328125001 0.4125 0.8476666671875 0.40800000000000003 0.8436666671875 0.413
0 0.29500000000000004 0.508 0.2866666671875 0.5295 0.2656666671875 0.558 0.2443333328125 0.572 0.2306666671875 0.5765 0.23199999999999998 0.6165 0.23733333281250002 0.6345 0.263 0.667 0.275 0.6719999999999999 0.29133333281249996 0.6725 0.3063333328125 0.6679999999999999 0.319 0.6559999999999999 0.3266666671875 0.6425 0.33199999999999996 0.6214999999999999 0.3293333328125 0.6134999999999999 0.3166666671875 0.5974999999999999 0.306 0.5705 0.302 0.5445 0.30333333281249997 0.5145 0.29500000000000004 0.508
0 0.3536666671875 0.625 0.3396666671875 0.618 0.3333333328125 0.6205 0.3286666671875 0.6405000000000001 0.32799999999999996 0.6605000000000001 0.33199999999999996 0.6845 0.3466666671875 0.7215 0.3553333328125 0.6705 0.36266666718749996 0.6525000000000001 0.373 0.638 0.3863333328125 0.627 0.41 0.6184999999999999 0.3963333328125 0.601 0.3923333328125 0.601 0.3823333328125 0.616 0.36833333281249997 0.625 0.3536666671875 0.625
0 0.633 0.40099999999999997 0.611 0.41200000000000003 0.6006666671875001 0.4265 0.5913333328125 0.4575 0.5893333328125 0.49450000000000005 0.5913333328125 0.5125 0.6033333328125 0.5385 0.614 0.5395 0.61 0.5475 0.6103333328125 0.554 0.6223333328125 0.564 0.642 0.5685 0.6703333328125 0.5599999999999999 0.6833333328125 0.5455 0.6893333328125 0.5355000000000001 0.6906666671874999 0.5075000000000001 0.6980000000000001 0.4835 0.6980000000000001 0.4755 0.6893333328125 0.4415 0.6763333328125001 0.41900000000000004 0.6536666671875 0.403 0.633 0.40099999999999997
0 0.7276666671875 0.24 0.7103333328125 0.254 0.6833333328125 0.3045 0.6766666671875 0.33849999999999997 0.6759999999999999 0.35350000000000004 0.6793333328125 0.3745 0.6893333328125 0.39649999999999996 0.7096666671875 0.417 0.7306666671875 0.42350000000000004 0.7436666671875 0.42000000000000004 0.7583333328124999 0.40800000000000003 0.774 0.3835 0.7886666671875 0.34950000000000003 0.7933333328125001 0.3315 0.7933333328125001 0.2985 0.784 0.2705 0.7723333328125 0.253 0.7483333328125 0.23900000000000002 0.7276666671875 0.24
0 0.5763333328125 0.24100000000000002 0.5523333328125 0.261 0.5466666671875 0.27149999999999996 0.55 0.2765 0.5456666671875 0.27799999999999997 0.5406666671875 0.2905 0.5373333328125 0.3115 0.5406666671875 0.3645 0.5506666671875 0.3955 0.567 0.41600000000000004 0.5783333328125 0.42300000000000004 0.5900000000000001 0.42350000000000004 0.6016666671875 0.422 0.6123333328125 0.41 0.6316666671875 0.398 0.6466666671875 0.3715 0.654 0.3365 0.6519999999999999 0.3045 0.644 0.27549999999999997 0.6216666671875 0.248 0.595 0.23700000000000002 0.5763333328125 0.24100000000000002
0 0.9173333328125001 0.48150000000000004 0.9023333328125 0.461 0.8856666671875001 0.449 0.875 0.446 0.859 0.449 0.8546666671875001 0.4535 0.85 0.4965 0.8386666671875 0.5295 0.8433333328125 0.5425 0.8693333328125 0.5815 0.868 0.6155 0.874 0.7315 0.8773333328125 0.7715 0.8873333328124999 0.8195 0.8913333328125 0.8105 0.8833333328125 0.7595 0.8813333328124999 0.7055 0.8846666671875001 0.5925 0.8883333328124999 0.5820000000000001 0.9063333328125 0.5730000000000001 0.9126666671875 0.5635 0.9199999999999999 0.5405 0.9226666671875 0.5055 0.9173333328125001 0.48150000000000004
0 1 0.47450000000000003 0.9923333328125 0.47000000000000003 0.9743333328125001 0.471 0.9456666671875 0.488 0.9333333328125001 0.5015 0.9266666671875001 0.5235000000000001 0.9246666671874999 0.5555 0.9326666671874999 0.5855 0.9390000000000001 0.595 0.9570000000000001 0.608 0.9773333328125 0.6085 0.9903333328124999 0.606 1 0.5934999999999999 1 0.47450000000000003
0 0.966 0.7464999999999999 0.9880000000000001 0.7125 1 0.6855 0.9996666671875 0.628 0.9789999999999999 0.631 0.9663333328125001 0.641 0.9586666671874999 0.6515 0.9493333328125001 0.6775 0.9480000000000001 0.7025 0.9526666671875 0.7255 0.966 0.7464999999999999
0 0.8949999999999999 0.591 0.885 0.589 0.8823333328125 0.5780000000000001 0.8756666671875 0.5860000000000001 0.8630000000000001 0.5780000000000001 0.8523333328125 0.5860000000000001 0.8386666671875 0.6075 0.834 0.6195 0.8313333328124999 0.6385 0.8320000000000001 0.6735 0.8393333328124999 0.7045 0.8463333328125 0.718 0.8576666671875 0.73 0.8720000000000001 0.7344999999999999 0.8800000000000001 0.7295 0.8823333328125 0.712 0.8943333328125 0.729 0.905 0.728 0.9173333328125001 0.7035 0.9253333328125001 0.6705 0.9253333328125001 0.6475 0.9199999999999999 0.6224999999999999 0.9029999999999999 0.5980000000000001 0.8949999999999999 0.591
0 0.7746666671875 0.6075 0.77 0.6415 0.796 0.6445000000000001 0.8123333328125 0.634 0.8286666671875 0.6115 0.8366666671875 0.5725 0.836 0.5525 0.8316666671874999 0.5429999999999999 0.8236666671874999 0.541 0.817 0.5469999999999999 0.8036666671875 0.55 0.792 0.5865 0.7746666671875 0.6075