0 0.078 0.292 0.0846666671875 0.3185 0.0913333328125 0.3285 0.0943333328125 0.331 0.1273333328125 0.35350000000000004 0.13633333281249999 0.3715 0.14466666718750001 0.3785 0.152 0.38175 0.1843333328125 0.38425 0.2006666671875 0.38375 0.2156666671875 0.381 0.223 0.37825000000000003 0.2483333328125 0.37174999999999997 0.2706666671875 0.361 0.2786666671875 0.35525 0.28900000000000003 0.34525 0.3003333328125 0.329 0.30333333281249997 0.314 0.3 0.29300000000000004 0.2903333328125 0.26549999999999996 0.2846666671875 0.24125000000000002 0.2806666671875 0.23399999999999999 0.2776666671875 0.231 0.26433333281250004 0.2245 0.244 0.22400000000000003 0.23133333281250001 0.2205 0.2133333328125 0.21974999999999997 0.1933333328125 0.22174999999999997 0.16399999999999998 0.22200000000000003 0.1516666671875 0.223 0.1306666671875 0.22625 0.1156666671875 0.23025 0.10033333281250001 0.2385 0.0866666671875 0.24975 0.0826666671875 0.2545 0.0786666671875 0.26375000000000004 0.0763333328125 0.2805 0.078 0.292
0 0.2626666671875 0.39725 0.2646666671875 0.4035 0.2696666671875 0.40774999999999995 0.2786666671875 0.41150000000000003 0.282 0.414 0.2906666671875 0.41574999999999995 0.2946666671875 0.41775 0.3023333328125 0.41675000000000006 0.31 0.42300000000000004 0.31433333281250003 0.42374999999999996 0.31466666718749997 0.4265 0.317 0.42874999999999996 0.3173333328125 0.4325 0.3223333328125 0.4335 0.325 0.43574999999999997 0.3233333328125 0.43724999999999997 0.3223333328125 0.445 0.32566666718750004 0.45824999999999994 0.32799999999999996 0.46275000000000005 0.33199999999999996 0.46624999999999994 0.3483333328125 0.47375 0.3623333328125 0.4765 0.37933333281250003 0.471 0.387 0.46950000000000003 0.4066666671875 0.461 0.4256666671875 0.45875000000000005 0.44066666718749997 0.45175 0.45599999999999996 0.4415 0.46399999999999997 0.43324999999999997 0.477 0.413 0.48266666718750006 0.3845 0.48266666718750006 0.376 0.4773333328125 0.36275 0.4613333328125 0.3415 0.44966666718750004 0.331 0.43600000000000005 0.32275 0.4166666671875 0.3135 0.4026666671875 0.30874999999999997 0.379 0.30575 0.3556666671875 0.30525 0.33799999999999997 0.307 0.3223333328125 0.3105 0.3093333328125 0.31475 0.2996666671875 0.3195 0.28300000000000003 0.34525 0.2716666671875 0.355 0.2576666671875 0.363 0.2553333328125 0.3655 0.2553333328125 0.37075 0.2573333328125 0.38849999999999996 0.2626666671875 0.39725
0 0.45599999999999996 0.33525 0.475 0.35750000000000004 0.48266666718750006 0.371 0.4863333328125 0.38975 0.4893333328125 0.39125 0.5053333328125 0.39049999999999996 0.5266666671875 0.387 0.5536666671875 0.38525 0.5706666671875 0.382 0.5736666671874999 0.37725 0.5716666671875 0.36150000000000004 0.5723333328125 0.346 0.576 0.32999999999999996 0.576 0.32175 0.5786666671875 0.314 0.5776666671874999 0.31025 0.572 0.3045 0.5716666671875 0.30074999999999996 0.5663333328125 0.29825 0.5543333328125 0.29674999999999996 0.5533333328125 0.29625 0.554 0.294 0.5453333328125 0.2915 0.5276666671875 0.2895 0.5186666671875 0.28625 0.503 0.28275 0.48733333281249996 0.28225 0.4853333328125 0.28275 0.48333333281249996 0.28500000000000003 0.4646666671875 0.29100000000000004 0.45999999999999996 0.29375 0.4516666671875 0.3 0.4446666671875 0.3075 0.43833333281250003 0.31175 0.43333333281249997 0.31725 0.43333333281249997 0.3195 0.43566666718749997 0.32175 0.45599999999999996 0.33525
0 0.0266666671875 0.20099999999999998 0.0353333328125 0.20550000000000002 0.0423333328125 0.21175000000000002 0.0516666671875 0.215 0.059 0.22425 0.0633333328125 0.22625 0.0726666671875 0.22774999999999998 0.10033333281250001 0.22725 0.11399999999999999 0.22549999999999998 0.1246666671875 0.22225 0.13899999999999998 0.21974999999999997 0.17266666718749998 0.21825 0.1953333328125 0.21575000000000003 0.1983333328125 0.213 0.1956666671875 0.20875 0.191 0.1895 0.1956666671875 0.1795 0.2013333328125 0.17375000000000002 0.207 0.17075 0.22633333281249998 0.15675 0.238 0.145 0.25166666718749997 0.12625 0.25866666718750003 0.11299999999999999 0.25866666718750003 0.1 0.25166666718749997 0.0875 0.242 0.075 0.2213333328125 0.057999999999999996 0.20433333281250002 0.04775 0.1906666671875 0.041999999999999996 0.1566666671875 0.039 0.12933333281249998 0.03875 0.0796666671875 0.042749999999999996 0.0586666671875 0.042749999999999996 0.044 0.0405 0.037 0.038 0.0293333328125 0.03325 0.0226666671875 0.03225 0.013333332812500001 0.03375 0.008 0.0375 0.0016666671875 0.05 0.0006666671875 0.063 0.012 0.0875 0.0153333328125 0.10024999999999999 0.017333332812499998 0.11925 0.0163333328125 0.16725 0.0193333328125 0.183 0.0236666671875 0.19025 0.0266666671875 0.20099999999999998
0 0.1886666671875 0.1875 0.189 0.1935 0.194 0.20350000000000001 0.2026666671875 0.21125 0.21400000000000002 0.21600000000000003 0.22599999999999998 0.21625 0.267 0.21150000000000002 0.2926666671875 0.21125 0.306 0.2125 0.3283333328125 0.21675 0.356 0.21949999999999997 0.3946666671875 0.2225 0.42133333281249996 0.223 0.445 0.22075 0.45499999999999996 0.21875 0.483 0.20325000000000001 0.492 0.192 0.49866666718749997 0.181 0.505 0.16225 0.506 0.14950000000000002 0.5053333328125 0.12575 0.5003333328124999 0.10200000000000001 0.4993333328125 0.087 0.49633333281249997 0.07525 0.48200000000000004 0.0625 0.4493333328125 0.04775 0.4183333328125 0.039 0.40366666718750005 0.03725 0.3896666671875 0.037 0.3656666671875 0.04 0.3406666671875 0.0465 0.312 0.0595 0.2863333328125 0.077 0.2736666671875 0.09025 0.2676666671875 0.10149999999999999 0.24466666718750002 0.1315 0.2213333328125 0.156 0.196 0.175 0.1926666671875 0.179 0.1886666671875 0.1875
0 0.381 0.3065 0.3936666671875 0.3075 0.43 0.31525 0.44566666718750003 0.30874999999999997 0.45866666718750004 0.29900000000000004 0.46399999999999997 0.2935 0.46966666718749994 0.2785 0.46966666718749994 0.26475 0.4643333328125 0.22400000000000003 0.462 0.21825 0.4583333328125 0.21549999999999997 0.45466666718750004 0.21525 0.44566666718750003 0.2185 0.4296666671875 0.221 0.383 0.22374999999999998 0.33999999999999997 0.2245 0.32599999999999996 0.22275 0.3096666671875 0.21549999999999997 0.2903333328125 0.21375000000000002 0.2806666671875 0.21549999999999997 0.2786666671875 0.21725 0.2766666671875 0.22625 0.2773333328125 0.2285 0.284 0.23500000000000001 0.28900000000000003 0.24725000000000003 0.29500000000000004 0.27749999999999997 0.3043333328125 0.31225 0.318 0.311 0.33199999999999996 0.30775 0.381 0.3065
0 0.4686666671875 0.24100000000000002 0.47400000000000003 0.25325000000000003 0.481 0.26225 0.4876666671875 0.269 0.5053333328125 0.281 0.5216666671875 0.28675 0.5429999999999999 0.292 0.5553333328125001 0.294 0.5943333328125 0.294 0.605 0.29225 0.642 0.27875 0.6466666671875 0.275 0.6523333328125 0.26675 0.6636666671875 0.23775 0.6646666671875 0.2165 0.662 0.20049999999999998 0.6563333328125001 0.19 0.6463333328124999 0.17775000000000002 0.632 0.16475 0.6213333328124999 0.1615 0.607 0.15925 0.5549999999999999 0.15675 0.5413333328125 0.15775 0.5323333328125 0.16 0.5146666671875 0.16225 0.508 0.16425 0.5046666671875 0.16775 0.499 0.179 0.4893333328125 0.19375 0.4796666671875 0.20325000000000001 0.4703333328125 0.215 0.4683333328125 0.22625 0.4686666671875 0.24100000000000002
0 0.2273333328125 0.0645 0.23566666718749998 0.0715 0.24933333281249997 0.088 0.253 0.10024999999999999 0.251 0.11599999999999999 0.254 0.12050000000000001 0.2596666671875 0.1155 0.2676666671875 0.11125 0.286 0.09525 0.312 0.07525 0.3213333328125 0.071 0.3286666671875 0.066 0.34500000000000003 0.060250000000000005 0.3546666671875 0.053000000000000005 0.3633333328125 0.04975 0.4206666671875 0.038 0.40599999999999997 0.03375 0.403 0.03025 0.40099999999999997 0.025 0.38133333281250004 0.01075 0.368 0.0052499999999999995 0.3613333328125 0.00475 0.354 0.005 0.3153333328125 0.01075 0.2796666671875 0.010499999999999999 0.2666666671875 0.00925 0.254 0.01075 0.24066666718750002 0.017 0.2293333328125 0.025 0.2176666671875 0.03775 0.2126666671875 0.050249999999999996 0.22233333281249998 0.056999999999999995 0.2273333328125 0.0645
0 0.6333333328124999 0.16425 0.6363333328125 0.1585 0.637 0.149 0.629 0.11574999999999999 0.6213333328124999 0.0995 0.6096666671875 0.08925 0.604 0.0875 0.5926666671875 0.08625000000000001 0.532 0.08349999999999999 0.5186666671875 0.08025 0.5083333328124999 0.07925 0.5046666671875 0.08399999999999999 0.501 0.10024999999999999 0.506 0.1345 0.5043333328124999 0.16325 0.505 0.16575 0.5076666671875001 0.16775 0.554 0.1625 0.5940000000000001 0.16275 0.624 0.16525 0.6313333328125 0.16525 0.6333333328124999 0.16425
0 0.6233333328125 0.10024999999999999 0.6283333328125 0.11374999999999999 0.6333333328124999 0.13774999999999998 0.6353333328125 0.16525 0.6443333328125 0.1805 0.6586666671875 0.1925 0.6696666671875 0.19575 0.686 0.1985 0.6963333328125 0.20175 0.709 0.20375000000000001 0.7166666671875 0.19575 0.7343333328125 0.1705 0.745 0.1605 0.7743333328124999 0.15025 0.8230000000000001 0.14175 0.833 0.13799999999999998 0.8343333328125 0.131 0.8333333328125001 0.125 0.8166666671874999 0.10674999999999998 0.8029999999999999 0.088 0.7993333328125 0.076 0.8009999999999999 0.0635 0.7996666671875 0.048 0.796 0.04375 0.7856666671875 0.043 0.778 0.0475 0.7636666671875 0.0595 0.756 0.06325 0.7466666671875 0.06525 0.7083333328125 0.06625 0.6816666671875 0.06975 0.667 0.07325000000000001 0.6356666671875 0.08475 0.622 0.08775 0.6213333328124999 0.091 0.6233333328125 0.10024999999999999
0 0.5016666671875 0 0.502 0.012750000000000001 0.49866666718749997 0.025750000000000002 0.497 0.04675 0.49733333281250003 0.05175 0.5013333328125 0.06275 0.505 0.067 0.5116666671875 0.07125000000000001 0.5436666671875 0.08375 0.5573333328125 0.087 0.5730000000000001 0.089 0.5903333328125 0.09025 0.612 0.0895 0.6366666671875 0.08499999999999999 0.669 0.0755 0.6796666671875 0.07025 0.696 0.0655 0.6996666671875 0.06275 0.7 0.0395 0.697 0.024 0.6986666671874999 0.013000000000000001 0.7036666671875 0 0.5016666671875 0
0 0.7173333328125 0.26949999999999996 0.7230000000000001 0.279 0.7366666671875 0.2855 0.7463333328124999 0.29325 0.7586666671875 0.2985 0.7696666671875 0.29825 0.796 0.29500000000000004 0.8026666671875 0.29300000000000004 0.8390000000000001 0.27325 0.8426666671874999 0.2705 0.8460000000000001 0.26575000000000004 0.8566666671875 0.2615 0.8626666671875001 0.25525000000000003 0.8656666671875 0.2555 0.8666666671875 0.2565 0.8686666671875001 0.27149999999999996 0.8713333328124999 0.27549999999999997 0.8746666671875 0.27725 0.8866666671875001 0.27825 0.9003333328125 0.26575000000000004 0.9026666671875001 0.25275 0.9003333328125 0.24075000000000002 0.8983333328124999 0.2405 0.8916666671875 0.246 0.8823333328125 0.2485 0.8733333328124999 0.25325000000000003 0.8713333328124999 0.2525 0.8713333328124999 0.24275000000000002 0.8736666671875 0.23900000000000002 0.8816666671875 0.23500000000000001 0.8853333328125 0.22799999999999998 0.8953333328124999 0.22400000000000003 0.8993333328125 0.22000000000000003 0.9096666671875001 0.21425 0.9123333328125 0.21025 0.9173333328125001 0.19225 0.9163333328125001 0.17975000000000002 0.9133333328125 0.17024999999999998 0.9066666671875 0.16 0.8926666671874999 0.14975 0.8776666671875001 0.14375 0.8616666671875001 0.1395 0.8446666671875 0.13799999999999998 0.7973333328125001 0.143 0.7696666671875 0.14750000000000002 0.7576666671875001 0.1505 0.746 0.156 0.7363333328125 0.16299999999999998 0.7256666671875001 0.175 0.718 0.18675 0.7116666671874999 0.20224999999999999 0.7150000000000001 0.21525 0.7163333328125 0.26625 0.7173333328125 0.26949999999999996
0 0.8956666671875 0.3935 0.9066666671875 0.40049999999999997 0.9126666671875 0.40650000000000003 0.9199999999999999 0.4095 0.925 0.41100000000000003 0.9396666671875 0.41075 0.9623333328125 0.41525 0.9736666671875 0.41574999999999995 0.9903333328124999 0.40975 0.9963333328124999 0.40575 1 0.40125 0.9993333328125 0.30325 0.9970000000000001 0.2905 0.9896666671875 0.28300000000000003 0.9863333328125 0.2815 0.9803333328124999 0.28075 0.9626666671875 0.28025 0.9490000000000001 0.28175 0.916 0.28875 0.9093333328125001 0.292 0.8953333328124999 0.30325 0.8863333328125 0.31575000000000003 0.8826666671875 0.32725 0.8843333328125 0.33999999999999997 0.8843333328125 0.35525 0.8816666671875 0.367 0.8813333328124999 0.37875000000000003 0.8956666671875 0.3935
0 0.589 0.4035 0.595 0.40925 0.6083333328125 0.41825 0.6216666671875 0.42275 0.646 0.42800000000000005 0.6593333328125001 0.42800000000000005 0.6726666671875 0.42525 0.7196666671874999 0.4255 0.726 0.42350000000000004 0.735 0.41900000000000004 0.749 0.4095 0.7683333328125 0.39425 0.7766666671875 0.379 0.78 0.36675 0.7823333328125 0.35275 0.7816666671875 0.3415 0.7793333328125 0.3305 0.7726666671875 0.31625000000000003 0.7606666671875 0.3015 0.7473333328125 0.29075 0.7326666671875001 0.28300000000000003 0.7086666671875 0.27799999999999997 0.6813333328125 0.277 0.633 0.28450000000000003 0.6196666671875 0.288 0.606 0.29375 0.5923333328125 0.30674999999999997 0.5823333328125 0.31975 0.577 0.32875 0.5723333328125 0.34325 0.5700000000000001 0.35475 0.5706666671875 0.369 0.5780000000000001 0.388 0.589 0.4035
0 0.721 0.4965 0.7313333328125 0.50875 0.741 0.51775 0.763 0.53425 0.7726666671875 0.53975 0.7856666671875 0.54425 0.8126666671875 0.545 0.8226666671875 0.54425 0.8496666671875 0.5385 0.8743333328125 0.5309999999999999 0.8943333328125 0.52175 0.913 0.5085 0.916 0.5035000000000001 0.9199999999999999 0.49175 0.921 0.47074999999999995 0.9186666671875001 0.45525000000000004 0.9236666671875 0.44325000000000003 0.9246666671874999 0.42975 0.9193333328125 0.41825 0.9096666671875001 0.404 0.8946666671875001 0.39175 0.8623333328125 0.37725 0.8496666671875 0.3755 0.8193333328125 0.3755 0.8 0.37825000000000003 0.7816666671875 0.38375 0.7726666671875 0.38849999999999996 0.765 0.39625 0.7376666671875001 0.41624999999999995 0.7336666671875001 0.4205 0.7276666671875 0.43099999999999994 0.7166666671875 0.46725000000000005 0.7166666671875 0.48175 0.7183333328125 0.4915 0.721 0.4965
0 1 0.4335 0.9869999999999999 0.43099999999999994 0.9576666671874999 0.4305 0.9486666671874999 0.43099999999999994 0.945 0.4325 0.9366666671875 0.437 0.9326666671874999 0.441 0.9306666671875 0.4455 0.9296666671875 0.45375 0.9226666671875 0.4655 0.9196666671875 0.47975 0.9189999999999999 0.49450000000000005 0.914 0.50875 0.9096666671875001 0.51425 0.8996666671875 0.52125 0.8923333328125 0.5309999999999999 0.8923333328125 0.534 0.898 0.544 0.9076666671875 0.55025 0.913 0.55725 0.9226666671875 0.5665 0.933 0.5735 0.9366666671875 0.57725 0.9486666671874999 0.58125 0.97 0.56975 0.986 0.5662499999999999 1 0.5650000000000001 1 0.4335
0 0.7886666671875 0.66725 0.8099999999999999 0.687 0.8226666671875 0.69325 0.8353333328125 0.6975 0.8406666671874999 0.69825 0.8630000000000001 0.69875 0.8779999999999999 0.697 0.899 0.692 0.9153333328125 0.68525 0.9286666671875 0.674 0.9423333328125001 0.6585 0.9486666671874999 0.6465 0.9553333328125 0.6214999999999999 0.9570000000000001 0.60625 0.954 0.599 0.9279999999999999 0.56875 0.9116666671875 0.55425 0.9013333328125 0.54725 0.8866666671875001 0.53975 0.877 0.5365 0.8716666671875 0.53575 0.8213333328125 0.54325 0.8073333328125001 0.54425 0.7826666671875 0.544 0.7796666671875 0.54625 0.7769999999999999 0.5587500000000001 0.7626666671875 0.58775 0.7516666671875 0.60575 0.7456666671875001 0.62 0.748 0.63175 0.7593333328125 0.6465 0.7886666671875 0.66725
0 0.6306666671875 0.557 0.6396666671875 0.5645 0.655 0.5805 0.666 0.597 0.6719999999999999 0.60275 0.683 0.6054999999999999 0.7073333328125 0.6085 0.7216666671875 0.6085 0.7456666671875001 0.60675 0.7593333328125 0.597 0.7743333328124999 0.5715 0.7809999999999999 0.55675 0.78 0.5435 0.766 0.5295 0.747 0.51625 0.735 0.506 0.7203333328125 0.49124999999999996 0.7086666671875 0.47625 0.7013333328125 0.46875 0.696 0.4655 0.682 0.46449999999999997 0.6716666671875 0.47175 0.6676666671875 0.47225 0.6586666671875 0.471 0.654 0.48175 0.6453333328124999 0.495 0.642 0.50275 0.6303333328125 0.5165 0.621 0.5305 0.6203333328125 0.54325 0.6213333328124999 0.546 0.6306666671875 0.557
0 0.454 0.47400000000000003 0.45866666718750004 0.48 0.47133333281249995 0.48825 0.484 0.50075 0.505 0.53725 0.5083333328124999 0.5395 0.5156666671875 0.54025 0.5309999999999999 0.54025 0.5463333328125 0.538 0.5690000000000001 0.5365 0.5780000000000001 0.534 0.5813333328125 0.53125 0.5820000000000001 0.52925 0.5816666671874999 0.5175 0.585 0.512 0.605 0.52025 0.6086666671875001 0.5195000000000001 0.615 0.51425 0.624 0.50925 0.6323333328125 0.50625 0.6406666671875 0.48975 0.6456666671875 0.48475 0.647 0.47775 0.6473333328125 0.46025 0.645 0.44749999999999995 0.642 0.44075 0.6336666671875 0.433 0.5996666671875001 0.413 0.583 0.40125 0.5693333328125 0.39525 0.5563333328125 0.39249999999999996 0.5316666671875 0.39225 0.5183333328125 0.3935 0.49766666718749997 0.3975 0.48966666718749996 0.4 0.4836666671875 0.40374999999999994 0.47800000000000004 0.41150000000000003 0.47000000000000003 0.4265 0.4566666671875 0.44375 0.449 0.46224999999999994 0.44566666718750003 0.466 0.44566666718750003 0.46875 0.454 0.47400000000000003
0 0.314 0.5945 0.3213333328125 0.6012500000000001 0.3273333328125 0.609 0.3413333328125 0.621 0.3446666671875 0.622 0.367 0.62425 0.4176666671875 0.6224999999999999 0.4313333328125 0.6212500000000001 0.458 0.615 0.4733333328125 0.6054999999999999 0.4846666671875 0.59575 0.49233333281249997 0.5855 0.5003333328124999 0.5695 0.5023333328125 0.5589999999999999 0.5006666671875 0.5309999999999999 0.4886666671875 0.50525 0.4773333328125 0.492 0.4583333328125 0.481 0.44400000000000006 0.4765 0.4186666671875 0.47225 0.3913333328125 0.4715 0.355 0.47750000000000004 0.341 0.47824999999999995 0.3366666671875 0.48075 0.32966666718750004 0.48624999999999996 0.3246666671875 0.49325 0.309 0.53075 0.3063333328125 0.5455 0.3006666671875 0.5587500000000001 0.3003333328125 0.5705 0.303 0.57875 0.314 0.5945
0 0.1106666671875 0.54725 0.121 0.55625 0.1266666671875 0.5645 0.1356666671875 0.57175 0.13999999999999999 0.57325 0.16799999999999998 0.57175 0.199 0.5785 0.23033333281249999 0.58075 0.24133333281249997 0.5795 0.2736666671875 0.5715 0.2986666671875 0.56125 0.304 0.55675 0.3096666671875 0.546 0.3206666671875 0.51075 0.3263333328125 0.48375 0.3273333328125 0.46575 0.325 0.45375 0.322 0.44675000000000004 0.317 0.4405 0.30133333281249997 0.429 0.268 0.413 0.22633333281249998 0.40225 0.1903333328125 0.3975 0.17233333281250002 0.3975 0.1433333328125 0.399 0.137 0.40075000000000005 0.1263333328125 0.4135 0.1163333328125 0.43274999999999997 0.0996666671875 0.45824999999999994 0.0936666671875 0.471 0.09066666718750001 0.49474999999999997 0.09066666718750001 0.507 0.0923333328125 0.51825 0.0983333328125 0.53175 0.1106666671875 0.54725
0 0 0.49749999999999994 0.0243333328125 0.4955 0.0636666671875 0.487 0.0803333328125 0.47975 0.094 0.47175 0.10200000000000001 0.46375 0.1213333328125 0.43375 0.135 0.40575 0.1366666671875 0.38975 0.13333333281249998 0.36575 0.12933333281249998 0.353 0.1246666671875 0.34925 0.118 0.346 0.1 0.3315 0.09 0.32575 0.077 0.32125 0.060333332812499994 0.3205 0.049333332812500005 0.32125 0.0333333328125 0.3245 0 0.3375 0 0.49749999999999994
0 0 0.6797500000000001 0.0126666671875 0.68275 0.0363333328125 0.6835 0.053000000000000005 0.6855 0.07466666718750001 0.68975 0.091 0.69675 0.0993333328125 0.69825 0.10400000000000001 0.69775 0.10900000000000001 0.6945 0.11333333281249999 0.6877500000000001 0.11699999999999999 0.6717500000000001 0.1243333328125 0.61275 0.1243333328125 0.6045 0.1213333328125 0.59225 0.1166666671875 0.585 0.11033333281249999 0.5782499999999999 0.10066666718749999 0.57125 0.0923333328125 0.567 0.077 0.5622499999999999 0.0653333328125 0.56025 0.0503333328125 0.5587500000000001 0.0353333328125 0.5587500000000001 0.013333332812500001 0.56125 0.0036666671875 0.56575 0 0.56875 0.001 0.5974999999999999 0 0.603 0 0.6797500000000001
0 0.1356666671875 0.70925 0.1493333328125 0.7215 0.156 0.72575 0.1686666671875 0.7302500000000001 0.193 0.73525 0.2533333328125 0.739 0.2926666671875 0.746 0.315 0.75175 0.3273333328125 0.751 0.3423333328125 0.745 0.34700000000000003 0.7384999999999999 0.3483333328125 0.7344999999999999 0.3426666671875 0.724 0.3373333328125 0.71 0.3346666671875 0.6950000000000001 0.335 0.68425 0.341 0.6475 0.3403333328125 0.63325 0.33799999999999997 0.62175 0.331 0.607 0.3153333328125 0.593 0.3046666671875 0.5872499999999999 0.29133333281249996 0.5832499999999999 0.272 0.5825 0.24100000000000002 0.58525 0.20633333281250002 0.58475 0.1853333328125 0.58575 0.1583333328125 0.5902499999999999 0.14566666718750002 0.59525 0.1396666671875 0.599 0.12833333281249998 0.615 0.125 0.628 0.1236666671875 0.683 0.1253333328125 0.69375 0.1356666671875 0.70925
0 0.3463333328125 0.7344999999999999 0.3453333328125 0.7382500000000001 0.3423333328125 0.741 0.341 0.74475 0.3423333328125 0.76625 0.34700000000000003 0.77425 0.3566666671875 0.78175 0.372 0.78275 0.3923333328125 0.78025 0.43899999999999995 0.778 0.458 0.77525 0.465 0.77525 0.47133333281249995 0.76725 0.48166666718749995 0.763 0.484 0.76025 0.4916666671875 0.75625 0.5006666671875 0.7495 0.5063333328125 0.743 0.512 0.74025 0.525 0.7230000000000001 0.5273333328125 0.717 0.5293333328125 0.70375 0.5283333328125 0.6839999999999999 0.522 0.67 0.5093333328125 0.65325 0.504 0.643 0.49733333281250003 0.637 0.49233333281249997 0.63425 0.4846666671875 0.633 0.4806666671875 0.63125 0.4653333328125 0.61975 0.44966666718750004 0.618 0.4086666671875 0.6275000000000001 0.359 0.631 0.3506666671875 0.63375 0.344 0.64025 0.3376666671875 0.6537499999999999 0.333 0.6679999999999999 0.32999999999999996 0.67925 0.329 0.6915 0.3306666671875 0.701 0.33599999999999997 0.716 0.3463333328125 0.7344999999999999
0 0.4843333328125 0.8220000000000001 0.488 0.833 0.4916666671875 0.8397500000000001 0.495 0.84275 0.5083333328124999 0.8402499999999999 0.5186666671875 0.84275 0.5216666671875 0.8404999999999999 0.528 0.82775 0.5309999999999999 0.8067500000000001 0.536 0.79225 0.5393333328125001 0.78725 0.5516666671875 0.77425 0.5599999999999999 0.7685 0.577 0.75925 0.581 0.7495 0.5803333328125 0.73675 0.5780000000000001 0.729 0.5606666671875 0.69875 0.5533333328125 0.68975 0.5473333328125001 0.68475 0.542 0.683 0.5343333328125001 0.6825 0.532 0.683 0.5306666671875 0.68475 0.528 0.70925 0.5243333328124999 0.722 0.5186666671875 0.7315 0.4966666671875 0.75575 0.4933333328125 0.76225 0.491 0.7737499999999999 0.492 0.7845 0.4853333328125 0.8074999999999999 0.4843333328125 0.8220000000000001
0 0.5519999999999999 0.8720000000000001 0.5613333328125 0.8800000000000001 0.572 0.885 0.601 0.89125 0.6076666671875001 0.89225 0.6356666671875 0.8925000000000001 0.6463333328124999 0.89125 0.6603333328125001 0.8875 0.6826666671875 0.87525 0.6903333328125 0.86875 0.7006666671875 0.8557499999999999 0.7053333328125 0.8470000000000001 0.7086666671875 0.826 0.7076666671875 0.81175 0.7026666671874999 0.795 0.6993333328125 0.77425 0.6953333328125 0.7695000000000001 0.6816666671875 0.764 0.648 0.75475 0.632 0.752 0.6183333328125 0.7515 0.595 0.7537499999999999 0.5736666671874999 0.75875 0.5626666671875 0.7635 0.553 0.7715 0.5446666671875 0.78325 0.5386666671875 0.7969999999999999 0.5366666671875 0.8089999999999999 0.5376666671875 0.8352499999999999 0.54 0.84925 0.5453333328125 0.86175 0.5519999999999999 0.8720000000000001
0 0.7056666671875 0.85975 0.7066666671874999 0.8625 0.7126666671875 0.86625 0.733 0.8714999999999999 0.751 0.8734999999999999 0.7703333328124999 0.87775 0.7756666671875 0.87775 0.7973333328125001 0.87475 0.8306666671875 0.867 0.842 0.8622500000000001 0.8563333328124999 0.85075 0.8583333328125 0.8465 0.8596666671875001 0.83775 0.8553333328124999 0.81125 0.8560000000000001 0.7969999999999999 0.8603333328125 0.7837500000000001 0.8606666671875001 0.7737499999999999 0.859 0.769 0.8503333328125 0.76075 0.8393333328124999 0.7542500000000001 0.818 0.74775 0.8089999999999999 0.744 0.7983333328125 0.743 0.786 0.748 0.7726666671875 0.7555 0.755 0.76325 0.7323333328125 0.76875 0.7086666671875 0.77125 0.7046666671875 0.7737499999999999 0.702 0.7815000000000001 0.702 0.7875 0.7063333328125 0.8089999999999999 0.708 0.8252499999999999 0.7056666671875 0.85975
0 1 0.75175 0.991 0.743 0.9866666671875001 0.74025 0.962 0.7384999999999999 0.9496666671874999 0.74 0.923 0.7405 0.909 0.7424999999999999 0.8960000000000001 0.7462500000000001 0.882 0.7555 0.8720000000000001 0.766 0.8606666671875001 0.78425 0.8563333328124999 0.8082499999999999 0.8563333328124999 0.82925 0.859 0.8402499999999999 0.8626666671875001 0.84575 0.8803333328124999 0.859 0.8876666671875 0.8632500000000001 0.9046666671875 0.86875 0.9356666671875 0.87325 0.9536666671875 0.8779999999999999 0.9673333328125 0.885 0.9763333328125 0.89225 0.9866666671875001 0.8955 1 0.885 1 0.75175
0 0.8116666671875 0.7212500000000001 0.806 0.7342500000000001 0.8103333328125 0.74425 0.8146666671875 0.747 0.8296666671875 0.75275 0.8446666671875 0.762 0.853 0.768 0.8593333328125 0.776 0.8630000000000001 0.7755 0.8833333328125 0.758 0.8936666671875001 0.7502500000000001 0.9029999999999999 0.745 0.914 0.74125 0.9406666671874999 0.737 0.9636666671875 0.7315 0.9710000000000001 0.728 0.9773333328125 0.722 0.9806666671875 0.71075 0.9806666671875 0.70425 0.9763333328125 0.68575 0.969 0.67225 0.9630000000000001 0.65325 0.9586666671874999 0.65025 0.9496666671874999 0.64825 0.9406666671874999 0.65925 0.913 0.6839999999999999 0.8986666671875 0.6900000000000001 0.873 0.69775 0.8613333328125 0.7 0.8453333328125 0.7005 0.837 0.7025 0.8326666671874999 0.70475 0.8276666671875 0.7105 0.8223333328125 0.7144999999999999 0.8116666671875 0.7212500000000001
0 1 0.9417500000000001 0.99 0.9199999999999999 0.9736666671875 0.89375 0.9676666671874999 0.8865000000000001 0.961 0.88125 0.9503333328125001 0.87575 0.9363333328125 0.8724999999999999 0.909 0.86875 0.8743333328125 0.868 0.8460000000000001 0.8702500000000001 0.8136666671875 0.87475 0.7986666671875 0.8800000000000001 0.7886666671875 0.8869999999999999 0.7876666671875 0.91225 0.7886666671875 0.9205 0.7993333328125 0.9615 0.8009999999999999 0.9734999999999999 0.805 0.9817500000000001 0.8150000000000001 0.99275 0.825 1 0.8736666671875 1 0.8823333328125 0.9984999999999999 0.892 0.99825 0.9 0.99875 0.9039999999999999 1 1 1 1 0.9417500000000001
0 0.6519999999999999 0.9765 0.659 0.9814999999999999 0.6743333328125 0.9875 0.7110000000000001 0.9957499999999999 0.724 0.9964999999999999 0.7463333328124999 0.9945 0.7666666671875 0.9887499999999999 0.7873333328125 0.9795 0.7943333328125 0.975 0.7996666671875 0.9630000000000001 0.7986666671875 0.9484999999999999 0.795 0.92775 0.786 0.89825 0.7823333328125 0.89375 0.772 0.8869999999999999 0.763 0.8789999999999999 0.757 0.876 0.7493333328125 0.874 0.7146666671874999 0.8712500000000001 0.6956666671875 0.8727499999999999 0.682 0.87575 0.659 0.8869999999999999 0.6503333328124999 0.8957499999999999 0.648 0.89975 0.6456666671875 0.91175 0.6456666671875 0.924 0.643 0.94825 0.6436666671875 0.9625 0.6483333328125 0.9720000000000001 0.6519999999999999 0.9765
0 0.595 1 0.5933333328125 0.9744999999999999 0.589 0.962 0.5846666671875 0.9555 0.5743333328125 0.9445 0.5599999999999999 0.9339999999999999 0.5446666671875 0.9255000000000001 0.5316666671875 0.921 0.517 0.9177500000000001 0.49400000000000005 0.9029999999999999 0.4813333328125 0.90175 0.4683333328125 0.90625 0.4486666671875 0.9179999999999999 0.43200000000000005 0.9244999999999999 0.421 0.9305 0.4056666671875 0.93475 0.3993333328125 0.9375 0.391 0.95 0.387 0.96225 0.385 0.9734999999999999 0.3863333328125 0.9869999999999999 0.3903333328125 1 0.595 1
0 0.379 1 0.36833333281249997 0.98375 0.32766666718750004 0.94725 0.3186666671875 0.9425000000000001 0.3046666671875 0.9369999999999999 0.273 0.93575 0.24900000000000003 0.93825 0.2293333328125 0.94275 0.2156666671875 0.94475 0.20233333281250002 0.9492499999999999 0.1943333328125 0.9585000000000001 0.186 0.9715 0.18 0.98675 0.1776666671875 1 0.379 1
0 0.08333333281250001 0.85925 0.08 0.86175 0.0786666671875 0.87225 0.081 0.87475 0.0873333328125 0.8772500000000001 0.1166666671875 0.8872500000000001 0.129 0.88975 0.13899999999999998 0.8932499999999999 0.145 0.8975 0.1533333328125 0.9075 0.16399999999999998 0.91425 0.1806666671875 0.9135 0.2026666671875 0.9092499999999999 0.2276666671875 0.9067500000000001 0.2416666671875 0.9037499999999999 0.26233333281250004 0.893 0.2723333328125 0.8865000000000001 0.28300000000000003 0.8755000000000001 0.29133333281249996 0.8615 0.2976666671875 0.845 0.301 0.8227499999999999 0.3 0.8082499999999999 0.2943333328125 0.791 0.28700000000000003 0.779 0.277 0.766 0.2633333328125 0.753 0.252 0.7455 0.24133333281249997 0.742 0.2246666671875 0.74275 0.2013333328125 0.7422500000000001 0.1866666671875 0.73925 0.17633333281250002 0.7342500000000001 0.1653333328125 0.7325 0.1536666671875 0.732 0.1496666671875 0.73375 0.1486666671875 0.736 0.1473333328125 0.76125 0.1486666671875 0.77575 0.1473333328125 0.78575 0.143 0.8015000000000001 0.13333333281249998 0.8247500000000001 0.12833333281249998 0.8310000000000001 0.1173333328125 0.841 0.096 0.85375 0.08333333281250001 0.85925
0 0.2846666671875 0.87225 0.2816666671875 0.8855000000000001 0.28300000000000003 0.89975 0.2776666671875 0.91225 0.282 0.92175 0.2853333328125 0.9255000000000001 0.30733333281249997 0.9369999999999999 0.317 0.9397500000000001 0.3293333328125 0.9414999999999999 0.36466666718749996 0.9400000000000001 0.3916666671875 0.9352499999999999 0.4176666671875 0.932 0.4313333328125 0.9289999999999999 0.4436666671875 0.924 0.471 0.9067500000000001 0.479 0.898 0.4823333328125 0.8865000000000001 0.4886666671875 0.874 0.492 0.8625 0.491 0.82125 0.49833333281250003 0.79625 0.499 0.783 0.4966666671875 0.769 0.495 0.7655000000000001 0.491 0.76325 0.481 0.76475 0.45466666718750004 0.7745 0.442 0.7775000000000001 0.39 0.78 0.3546666671875 0.78525 0.3386666671875 0.7889999999999999 0.3246666671875 0.79375 0.3083333328125 0.80275 0.304 0.8095000000000001 0.2983333328125 0.83725 0.2846666671875 0.87225
0 0 0.8787499999999999 0.0406666671875 0.875 0.06933333281250001 0.86875 0.0796666671875 0.86525 0.10633333281249999 0.85075 0.11599999999999999 0.8435 0.1223333328125 0.837 0.131 0.8230000000000001 0.1416666671875 0.784 0.142 0.771 0.13899999999999998 0.74175 0.13999999999999999 0.72325 0.1386666671875 0.7190000000000001 0.1326666671875 0.70925 0.124 0.70475 0.0783333328125 0.6940000000000001 0.063 0.69375 0.038 0.69475 0.026000000000000002 0.69675 0.013333332812500001 0.69975 0 0.706 0 0.8787499999999999
0 0.1186666671875 1 0.12166666718750001 0.9942500000000001 0.1276666671875 0.9872500000000001 0.13333333281249998 0.97475 0.141 0.96325 0.148 0.94275 0.151 0.9375 0.1526666671875 0.9265000000000001 0.152 0.9135 0.147 0.8995 0.1373333328125 0.89275 0.124 0.8872500000000001 0.1143333328125 0.88475 0.098 0.8835000000000001 0.06899999999999999 0.88375 0.047 0.8825 0.023 0.884 0.0083333328125 0.8869999999999999 0.0056666671875 0.8952500000000001 0.0026666671875 0.8995 0 0.91325 0 0.9327500000000001 0.005 0.9502499999999999 0 0.9595 0 0.9949999999999999 0.0053333328125 1 0.061333332812499995 1 0.0646666671875 0.99875 0.074 0.99875 0.0783333328125 1 0.1186666671875 1