0 0.37265625 0.43671875 0.515625 0.296875
0 0.32421875 0.72578125 0.4265625 0.3671875
0 0.6796875 0.63203125 0.4890625 0.26875
0 0.7640625 0.35625 0.3015625 0.3671875
0 0.52734375 0.2140625 0.3796875 0.259375
0 0.21484375 0.37265625 0.3578125 0.3625
0 0.382222221875 0.3111111109375 0.2711111109375 0.29333333281249996 0.1866666671875 0.32 0.137777778125 0.382222221875 0.137777778125 0.48444444375 0.17333333281250002 0.52444444375 0.35555555625 0.5911111109375 0.4711111109375 0.59555555625 0.5599999999999999 0.5733333328125 0.6266666671875 0.52 0.6266666671875 0.4711111109375 0.5511111109375 0.40888888906250004 0.382222221875 0.3111111109375
0 0.502222221875 0.7111111109375 0.46666666718750005 0.6533333328125 0.4 0.5911111109375 0.177777778125 0.5377777781249999 0.15111111093750001 0.5555555562500001 0.1288888890625 0.6266666671875 0.1288888890625 0.6799999999999999 0.16 0.7511111109375 0.23555555625000002 0.8177777781250001 0.3866666671875 0.902222221875 0.4266666671875 0.9199999999999999 0.4711111109375 0.91555555625 0.5066666671875 0.8666666671875 0.52 0.7911111109375 0.502222221875 0.7111111109375
0 0.91555555625 0.6311111109375 0.88444444375 0.56444444375 0.8533333328125 0.5333333328125 0.7688888890625 0.5377777781249999 0.68444444375 0.5111111109375 0.622222221875 0.52 0.5466666671875 0.5733333328125 0.46666666718750005 0.5911111109375 0.457777778125 0.63555555625 0.4888888890625 0.7022222218749999 0.5555555562500001 0.7511111109375 0.63555555625 0.7688888890625 0.7733333328125 0.7688888890625 0.88444444375 0.7333333328125 0.91555555625 0.68444444375 0.91555555625 0.6311111109375
0 0.6666666671875 0.1866666671875 0.6266666671875 0.2133333328125 0.617777778125 0.262222221875 0.622222221875 0.382222221875 0.6533333328125 0.457777778125 0.7466666671875 0.5377777781249999 0.862222221875 0.5288888890625 0.902222221875 0.47555555624999996 0.902222221875 0.3911111109375 0.862222221875 0.28444444375 0.7911111109375 0.2133333328125 0.6666666671875 0.1866666671875
0 0.6311111109375 0.1111111109375 0.5466666671875 0.0888888890625 0.4533333328125 0.0888888890625 0.382222221875 0.11555555625 0.35111111093749997 0.177777778125 0.35111111093749997 0.21777777812500002 0.3866666671875 0.2711111109375 0.43555555625000003 0.30222222187500003 0.47555555624999996 0.3111111109375 0.617777778125 0.27999999999999997 0.6311111109375 0.20888888906249997 0.7066666671874999 0.177777778125 0.67555555625 0.13333333281249998 0.6311111109375 0.1111111109375