0 0.24181818124999999 0.43715847031250005 0.22909090937499998 0.4398907109375 0.22181818125000002 0.47814207656249996 0.2254545453125 0.4890710375 0.2072727265625 0.538251365625 0.1854545453125 0.5765027328125 0.1854545453125 0.6038251359375 0.20181818125 0.6120218578125 0.22181818125000002 0.642076503125 0.22909090937499998 0.6693989078125 0.2363636359375 0.6693989078125 0.25818181875 0.642076503125 0.26 0.6120218578125 0.27818181875 0.6120218578125 0.30727272656250004 0.63387978125 0.32 0.6202185796874999 0.3163636359375 0.5874316937499999 0.290909090625 0.5327868859375 0.2545454546875 0.49453551874999996 0.250909090625 0.450819671875 0.24181818124999999 0.43715847031250005
0 0.1454545453125 0.5327868859375 0.1363636359375 0.5245901640625 0.1272727265625 0.538251365625 0.1272727265625 0.5710382515625 0.12 0.6038251359375 0.0872727265625 0.6584699453125 0.0836363640625 0.7131147546875 0.1 0.7540983609375 0.1254545453125 0.7595628421875 0.1327272734375 0.781420765625 0.1454545453125 0.778688525 0.1545454546875 0.770491803125 0.1872727265625 0.7759562843750001 0.2163636359375 0.7431693984375001 0.2254545453125 0.7021857921875 0.2254545453125 0.6584699453125 0.20181818125 0.6174863390625001 0.1727272734375 0.595628415625 0.150909090625 0.590163934375 0.1454545453125 0.5765027328125 0.1454545453125 0.5327868859375
0 0.26181818125 0.625683059375 0.2654545453125 0.631147540625 0.26181818125 0.642076503125 0.22909090937499998 0.68579235 0.22909090937499998 0.6967213109375 0.2254545453125 0.7021857921875 0.2254545453125 0.76229508125 0.22909090937499998 0.77322404375 0.249090909375 0.7978142078125 0.270909090625 0.7978142078125 0.2745454546875 0.8032786890624999 0.3 0.8032786890624999 0.3036363640625 0.7978142078125 0.3145454546875 0.7978142078125 0.31818181874999996 0.8032786890624999 0.3236363640625 0.8005464484375 0.33999999999999997 0.7923497265624999 0.349090909375 0.778688525 0.36 0.734972678125 0.36 0.7076502734375001 0.3527272734375 0.68579235 0.31818181874999996 0.6393442625 0.2927272734375 0.6284153 0.28181818125 0.6174863390625001 0.2636363640625 0.6174863390625001 0.26181818125 0.625683059375
0 0.449090909375 0.6393442625 0.4272727265625 0.6393442625 0.41272727343750004 0.6229508203125 0.41454545468750004 0.647540984375 0.43636363593749994 0.68032786875 0.429090909375 0.7021857921875 0.43272727343749995 0.77322404375 0.4454545453125 0.7978142078125 0.4745454546875 0.8306010921875 0.4945454546875 0.8333333328125001 0.5145454546875 0.8196721312499999 0.5363636359374999 0.8196721312499999 0.5636363640625001 0.8005464484375 0.5709090906250001 0.7677595625 0.58181818125 0.7513661203125 0.58181818125 0.7076502734375001 0.5672727265625 0.6530054640625 0.5254545453125 0.6065573765625001 0.4927272734375 0.6065573765625001 0.449090909375 0.6393442625
0 0.4927272734375 0.5245901640625 0.4836363640625 0.538251365625 0.4763636359375 0.5655737703125 0.48 0.5765027328125 0.48 0.592896175 0.4763636359375 0.59836065625 0.48181818125 0.6065573765625001 0.52181818125 0.601092896875 0.5436363640625 0.6174863390625001 0.55818181875 0.6393442625 0.5618181812499999 0.6393442625 0.5690909093750001 0.6557377046874999 0.5763636359375 0.6612021859375 0.58181818125 0.6584699453125 0.5890909093750001 0.647540984375 0.5890909093750001 0.636612021875 0.6 0.6038251359375 0.6 0.5710382515625 0.58 0.535519125 0.5472727265625 0.502732240625 0.5254545453125 0.502732240625 0.5145454546875 0.5136612015625001 0.5072727265625 0.5136612015625001 0.4927272734375 0.5245901640625
0 0.4672727265625 0.6229508203125 0.4727272734375 0.6092896171875 0.4727272734375 0.5327868859375 0.46909090937500003 0.5218579234375 0.4454545453125 0.491803278125 0.41636363593750003 0.491803278125 0.3872727265625 0.5191256828124999 0.37818181875 0.538251365625 0.37818181875 0.5546448093749999 0.3454545453125 0.6147540984375001 0.34181818124999996 0.6639344265625 0.36 0.6967213109375 0.36 0.7076502734375001 0.38 0.721311475 0.4036363640625 0.718579234375 0.4236363640625 0.7103825140625 0.429090909375 0.7021857921875 0.429090909375 0.68032786875 0.40727272656249996 0.636612021875 0.4036363640625 0.6147540984375001 0.41272727343750004 0.6120218578125 0.4236363640625 0.6284153 0.4454545453125 0.6393442625 0.45272727343749997 0.6284153 0.4672727265625 0.6229508203125
0 0.29636363593750004 0.43715847031250005 0.289090909375 0.4426229515625 0.28181818125 0.45901639375 0.270909090625 0.464480875 0.2654545453125 0.47267759531250003 0.2654545453125 0.49453551874999996 0.28363636406250003 0.5109289625 0.28363636406250003 0.5163934421875 0.3054545453125 0.5491803281250001 0.3127272734375 0.5710382515625 0.32181818125 0.584699453125 0.3363636359375 0.590163934375 0.33999999999999997 0.595628415625 0.349090909375 0.592896175 0.36 0.5819672125 0.370909090625 0.543715846875 0.37818181875 0.5327868859375 0.3745454546875 0.47814207656249996 0.3654545453125 0.464480875 0.3545454546875 0.45901639375 0.3472727265625 0.4426229515625 0.33999999999999997 0.4426229515625 0.3363636359375 0.43715847031250005 0.29636363593750004 0.43715847031250005
0 0.3454545453125 0.4398907109375 0.35818181875 0.45901639375 0.3945454546875 0.48633879843749994 0.40181818125 0.48633879843749994 0.40545454531249997 0.4808743171875 0.430909090625 0.4808743171875 0.43454545468749994 0.48633879843749994 0.46181818124999996 0.4836065578125 0.4745454546875 0.47540983593749997 0.4945454546875 0.4398907109375 0.4945454546875 0.40163934375 0.4836363640625 0.368852459375 0.470909090625 0.3497267765625 0.44181818125000005 0.32786885312499997 0.3872727265625 0.32786885312499997 0.3527272734375 0.368852459375 0.3454545453125 0.3907103828125 0.3454545453125 0.4398907109375
0 0.59818181875 0.3497267765625 0.5727272734375 0.3497267765625 0.5690909093750001 0.34426229531249997 0.5545454546874999 0.34426229531249997 0.5472727265625 0.3497267765625 0.5345454546874999 0.368852459375 0.5345454546874999 0.3907103828125 0.5272727265625 0.407103825 0.5272727265625 0.4398907109375 0.530909090625 0.450819671875 0.5618181812499999 0.502732240625 0.5763636359375 0.5136612015625001 0.610909090625 0.5109289625 0.62 0.502732240625 0.63818181875 0.497267759375 0.6545454546875 0.47814207656249996 0.6545454546875 0.4672131140625 0.6581818187499999 0.461748634375 0.6581818187499999 0.4289617484375 0.6545454546875 0.41803278749999995 0.6163636359375 0.35519125625000003 0.60181818125 0.34426229531249997 0.59818181875 0.3497267765625
0 0.6563636359375 0.3387978140625 0.64181818125 0.34426229531249997 0.629090909375 0.363387978125 0.629090909375 0.374316940625 0.6545454546875 0.41256830625 0.6581818187499999 0.4234972671875 0.6581818187499999 0.4672131140625 0.6672727265625 0.47540983593749997 0.6890909093750001 0.47540983593749997 0.6927272734375001 0.4808743171875 0.709090909375 0.47814207656249996 0.71818181875 0.464480875 0.7363636359375 0.45901639375 0.7527272734375 0.4344262296875 0.7563636359375 0.41256830625 0.7327272734375 0.398907103125 0.71818181875 0.3825136609375 0.710909090625 0.3825136609375 0.6963636359375001 0.35519125625000003 0.6672727265625 0.3497267765625 0.6563636359375 0.3387978140625
0 0.6636363640625 0.47540983593749997 0.6563636359375 0.4808743171875 0.63818181875 0.502732240625 0.630909090625 0.502732240625 0.6127272734375 0.5191256828124999 0.6 0.543715846875 0.6054545453125 0.5792349734375 0.62 0.5683060109375 0.630909090625 0.5683060109375 0.6345454546875 0.5628415296875 0.670909090625 0.5573770484375 0.6745454546875 0.5628415296875 0.6890909093750001 0.5683060109375 0.69818181875 0.5819672125 0.69818181875 0.5874316937499999 0.710909090625 0.601092896875 0.7236363640625 0.59836065625 0.7236363640625 0.5819672125 0.7272727265625 0.5765027328125 0.7272727265625 0.543715846875 0.730909090625 0.538251365625 0.7272727265625 0.5163934421875 0.7236363640625 0.50546448125 0.710909090625 0.491803278125 0.6963636359375001 0.48633879843749994 0.6854545453124999 0.47540983593749997 0.6636363640625 0.47540983593749997
0 0.6072727265625 0.5874316937499999 0.5890909093750001 0.647540984375 0.5890909093750001 0.69125683125 0.6036363640625 0.7076502734375001 0.6036363640625 0.718579234375 0.62 0.7595628421875 0.6599999999999999 0.781420765625 0.6727272734375 0.778688525 0.6927272734375001 0.770491803125 0.7163636359375001 0.718579234375 0.7163636359375001 0.7021857921875 0.72 0.6967213109375 0.72 0.6147540984375001 0.6781818187499999 0.5628415296875 0.6672727265625 0.5573770484375 0.6345454546875 0.5628415296875 0.6163636359375 0.5737704921875 0.6072727265625 0.5874316937499999
0 0.8545454546875 0.6092896171875 0.8690909093749999 0.5874316937499999 0.8727272734374999 0.5601092890625 0.850909090625 0.5163934421875 0.849090909375 0.502732240625 0.8309090906250001 0.491803278125 0.8054545453124999 0.502732240625 0.7945454546875 0.497267759375 0.790909090625 0.502732240625 0.78 0.502732240625 0.7545454546875 0.535519125 0.74 0.54098360625 0.730909090625 0.5546448093749999 0.730909090625 0.5874316937499999 0.7236363640625 0.6038251359375 0.7272727265625 0.6967213109375 0.74 0.7103825140625 0.76 0.7076502734375001 0.79818181875 0.6939890703125 0.8109090906249999 0.6748633875000001 0.8145454546875 0.6584699453125 0.8127272734375 0.6393442625 0.8163636359374999 0.64480874375 0.82 0.6393442625 0.8309090906250001 0.6557377046874999 0.8454545453125 0.6557377046874999 0.850909090625 0.647540984375 0.8545454546875 0.6092896171875
0 1 0.30874316875 0.9654545453125 0.2677595625 0.9472727265625001 0.26229508125 0.9254545453125 0.27322404375 0.890909090625 0.31967213125 0.8800000000000001 0.3469945359375 0.8800000000000001 0.374316940625 0.8945454546875 0.3961748640625 0.9054545453125 0.4344262296875 0.9163636359374999 0.450819671875 0.930909090625 0.5109289625 0.949090909375 0.5491803281250001 0.9527272734375 0.5819672125 0.96 0.592896175 0.9927272734375 0.5491803281250001 1 0.5273224046875 1 0.30874316875