0 0.16552734375 0.46104928437500003 0.1357421875 0.46661367187499997 0.14990234375 0.45627980937499996 0.17626953125 0.457869634375 0.181640625 0.4459459453125 0.18359375 0.40779014374999994 0.177734375 0.39348171718749997 0.1748046875 0.364864865625 0.1826171875 0.293322734375 0.18115234375 0.287758346875 0.1796875 0.301271859375 0.17529296875 0.302066771875 0.17578125 0.2806041328125 0.1708984375 0.2806041328125 0.1650390625 0.34896661406249996 0.1650390625 0.372813990625 0.1689453125 0.377583465625 0.1630859375 0.382352940625 0.16162109375 0.3910969796875 0.1474609375 0.25675675625 0.138671875 0.2201907796875 0.13134765625 0.213036565625 0.1201171875 0.22813990468749998 0.1201171875 0.24085850625 0.134765625 0.3521462640625 0.138671875 0.41891891875000004 0.134765625 0.3966613671875 0.1298828125 0.3903020671875 0.12548828125 0.33863275000000004 0.1201171875 0.3569157390625 0.12255859375 0.40540540468749997 0.11962890625 0.3942766296875 0.111328125 0.3903020671875 0.115234375 0.3855325921875 0.111328125 0.36804451562499996 0.1044921875 0.371224165625 0.12890625 0.46025437187499996 0.13232421875 0.46263910937499997 0.13720703125 0.44992050937499994 0.138671875 0.455484896875 0.1328125 0.46343402187500005 0.1357421875 0.4697933234375 0.1337890625 0.47774244843749997 0.115234375 0.50317965 0.1064453125 0.5254372015625 0.103515625 0.57631160625 0.1142578125 0.622416534375 0.146484375 0.6621621625 0.15625 0.7225755171875 0.1748046875 0.7686804453125 0.1806640625 0.7702702703125001 0.1611328125 0.714626390625 0.158203125 0.6732909375 0.16748046875 0.6502384734375 0.18798828125 0.6470588234375 0.2138671875 0.6176470593750001 0.2275390625 0.5699523046875 0.2275390625 0.538155803125 0.216796875 0.5 0.19677734375 0.47535771093749996 0.16552734375 0.46104928437500003
0 0.12158203125 0.669316375 0.091796875 0.6653418125 0.1064453125 0.6605723375 0.107421875 0.619236884375 0.1015625 0.549284578125 0.1044921875 0.5254372015625 0.119140625 0.492050875 0.1240234375 0.46343402187500005 0.11376953125 0.42130365625 0.10986328125 0.41812400624999996 0.10546875 0.42209856874999996 0.10595703125 0.4292527828125 0.1005859375 0.4284578703125 0.1005859375 0.3998410171875 0.1044921875 0.38394276562499996 0.09912109375 0.370429253125 0.087890625 0.3887122421875 0.0791015625 0.45230524687500007 0.07470703125 0.46263910937499997 0.05224609375 0.454689984375 0.0546875 0.4364069953125 0.05224609375 0.43084260781249994 0.046875 0.4348171703125 0.044921875 0.453895071875 0.037109375 0.46343402187500005 0.033203125 0.47933227343749996 0.02783203125 0.5707472171875 0 0.4936407 0.0009765625 0.5174880765625 0.009765625 0.544515103125 0.0166015625 0.550874403125 0.01953125 0.5683624796875 0.0283203125 0.58108108125 0.0263671875 0.58903020625 0.0322265625 0.6017488078125 0.041015625 0.6621621625 0.0498046875 0.6875993640625 0.0576171875 0.6891891890624999 0.0380859375 0.7241653421875001 0.03515625 0.74006359375 0.0341796875 0.7702702703125001 0.0419921875 0.8243243250000001 0.06494140625 0.8585055640625001 0.091796875 0.8624801265625001 0.09765625 0.8577106515624999 0.10595703125 0.8346581875 0.10986328125 0.8410174874999999 0.12548828125 0.8426073125 0.14697265625 0.8298887125000001 0.1572265625 0.8084260734375001 0.1630859375 0.7702702703125001 0.1630859375 0.7464228937499999 0.14306640625 0.6868044515625 0.12158203125 0.669316375
0 0.28515625 0.630365659375 0.255859375 0.5937996828125 0.248046875 0.5413354531250001 0.240234375 0.5302066765625 0.23828125 0.5 0.22119140625 0.4705882359375 0.2314453125 0.5620031796875 0.23046875 0.6001589828125 0.22265625 0.624006359375 0.2216796875 0.6430842609375 0.22265625 0.6907790140625 0.228515625 0.7225755171875 0.2158203125 0.7368839421875 0.201171875 0.7702702703125001 0.1962890625 0.83227345 0.21240234375 0.872813990625 0.22998046875 0.8918918921874999 0.263671875 0.91017488125 0.2734375 0.948330684375 0.2783203125 0.9896661375000001 0.28173828125 0.9984101750000001 0.2890625 0.9976152624999999 0.28125 0.8895071546875 0.3046875 0.8593004765625001 0.3173828125 0.827503975 0.3212890625 0.795707471875 0.3154296875 0.7734499203125 0.31640625 0.74960254375 0.30029296875 0.7297297296874999 0.2734375 0.714626390625 0.2802734375 0.6955484890625 0.28515625 0.630365659375
0 0.2421875 0.2790143078125 0.248046875 0.2758346578125 0.23828125 0.2360890296875 0.236328125 0.1820349765625 0.23046875 0.204292528125 0.23193359375 0.24483306875 0.220703125 0.204292528125 0.20703125 0.175675675 0.205078125 0.1534181234375 0.20068359375 0.1526232109375 0.2021484375 0.175675675 0.2080078125 0.1852146265625 0.2109375 0.22496025468749997 0.2060546875 0.2233704296875 0.2080078125 0.20588235312499997 0.19775390625 0.20031796562499998 0.1982421875 0.213831478125 0.203125 0.218600953125 0.203125 0.2376788546875 0.19775390625 0.24006359375000003 0.1953125 0.2201907796875 0.16455078125 0.14308426093749999 0.16796875 0.1836248015625 0.19140625 0.24880763125 0.2001953125 0.26311605781249997 0.2001953125 0.2710651828125 0.203125 0.2694753578125 0.2021484375 0.25357710624999996 0.20849609375 0.24960254375000002 0.21728515625 0.2766295703125 0.22802734375 0.2766295703125 0.23193359375 0.25755166875 0.234375 0.2678855328125 0.23291015625 0.281399046875 0.20947265625 0.290937996875 0.185546875 0.3219395859375 0.177734375 0.35532591406249997 0.181640625 0.39348171718749997 0.1865234375 0.41255961875 0.20166015625 0.4403815578125 0.22021484375 0.464228934375 0.23681640625 0.46899841093749994 0.2421875 0.492050875 0.248046875 0.49682035 0.2607421875 0.450715421875 0.2861328125 0.40620031718750005 0.2900390625 0.3855325921875 0.2900390625 0.34896661406249996 0.2822265625 0.3187599359375 0.27392578125 0.30524642343749997 0.25048828125 0.282988871875 0.2373046875 0.2790143078125 0.23974609375 0.2623211453125 0.2421875 0.2790143078125
0 0.34912109375 0 0.3525390625 0.056438792187499996 0.359375 0.08823529375 0.3701171875 0.10890302031250002 0.3515625 0.132750396875 0.3447265625 0.159777425 0.3447265625 0.1772655015625 0.359375 0.22813990468749998 0.38427734375 0.2607313203125 0.404296875 0.2758346578125 0.41650390625 0.24960254375000002 0.431640625 0.2376788546875 0.4423828125 0.20906200312499998 0.4453125 0.175675675 0.44140625 0.1470588234375 0.43359375 0.12480127187500001 0.4189453125 0.10731319531250001 0.4296875 0.08346581875 0.4501953125 0.0007949125 0.4404296875 0.0055643875 0.41943359375 0.0715421296875 0.41943359375 0 0.38623046875 0 0.38134765625 0.0254372015625 0.37548828125 0 0.34912109375 0
0 0.39892578125 0.2766295703125 0.37939453125 0.2607313203125 0.35205078125 0.2607313203125 0.33349609375 0.2782193953125 0.3193359375 0.3028616859375 0.3115234375 0.33624801249999997 0.3115234375 0.372813990625 0.3173828125 0.3950715421875 0.33154296875 0.41812400624999996 0.3583984375 0.4316375203125 0.373046875 0.4936407 0.3818359375 0.50317965 0.3837890625 0.49841017499999996 0.373046875 0.46661367187499997 0.373046875 0.4427662953125 0.38134765625 0.4276629578125 0.39794921875 0.41653418125 0.4111328125 0.3982511921875 0.4228515625 0.3600953890625 0.4228515625 0.32988871249999996 0.4140625 0.299682034375 0.39892578125 0.2766295703125
0 0.31640625 0.3982511921875 0.30224609375 0.327503975 0.2978515625 0.3346581875 0.29296875 0.36804451562499996 0.2939453125 0.4284578703125 0.29833984375 0.43402225781250003 0.32568359375 0.4292527828125 0.330078125 0.44117647031249996 0.29736328125 0.4356120828125 0.27880859375 0.44992050937499994 0.2568359375 0.47774244843749997 0.2470703125 0.5222575515625001 0.2529296875 0.57313195625 0.27197265625 0.6136724953125 0.2939453125 0.6367249609375001 0.294921875 0.6732909375 0.298828125 0.6844197140625 0.302734375 0.6780604140625 0.3056640625 0.6414944359375 0.35009765625 0.6057233703125 0.3623046875 0.58585055625 0.3759765625 0.533386328125 0.373046875 0.5111287765625 0.357421875 0.4729729734375 0.3330078125 0.44753577031249997 0.3330078125 0.42527821875000005 0.31640625 0.3982511921875
0 0.22802734375 0 0.2529296875 0.0945945953125 0.26953125 0.1406995234375 0.244140625 0.1788553265625 0.23828125 0.20906200312499998 0.240234375 0.24085850625 0.24951171875 0.27503974531250003 0.2841796875 0.3076311609375 0.2919921875 0.3585055640625 0.2939453125 0.3124006359375 0.30712890625 0.294117646875 0.33154296875 0.2782193953125 0.33984375 0.25993640625 0.3466796875 0.2344992046875 0.34765625 0.1947535765625 0.33984375 0.166136725 0.32763671875 0.1478537359375 0.31396484375 0.1367249609375 0.298828125 0.134340221875 0.31298828125 0.133545309375 0.314453125 0.12798092187500001 0.2958984375 0.0007949125 0.2626953125 0.0007949125 0.27099609375 0.0572337046875 0.25048828125 0 0.22802734375 0
0 0.46630859375 0 0.462890625 0.0087440375 0.4716796875 0.0548489671875 0.45556640625 0.0270270265625 0.44921875 0.027821939062500002 0.4736328125 0.0993640703125 0.4794921875 0.1041335453125 0.45703125 0.1391096984375 0.4521484375 0.156597775 0.4501953125 0.197933228125 0.4609375 0.24085850625 0.47509765625 0.25596184375000003 0.48681640625 0.2798092203125 0.49853515625 0.2718600953125 0.5068359375 0.2758346578125 0.51171875 0.31081081093749996 0.515625 0.298092209375 0.515625 0.2710651828125 0.52099609375 0.26550079531250004 0.52587890625 0.2686804453125 0.53076171875 0.25596184375000003 0.5537109375 0.2297297296875 0.5634765625 0.18839427656250002 0.5634765625 0.15023847343750002 0.55859375 0.12798092187500001 0.54931640625 0.1112877578125 0.5263671875 0.09618442031249999 0.5302734375 0.09141494375 0.5322265625 0.0580286171875 0.53125 0.016693164062499998 0.52685546875 0.001589825 0.51025390625 0 0.50634765625 0.0047694750000000005 0.49755859375 0 0.49462890625 0.009538950000000001 0.48974609375 0 0.46630859375 0
0 0.470703125 0.301271859375 0.47265625 0.294912559375 0.466796875 0.283783784375 0.4658203125 0.2615262328125 0.44775390625 0.20190779062500003 0.4296875 0.24880763125 0.4296875 0.2615262328125 0.4345703125 0.29173290937499996 0.4482421875 0.3203497609375 0.43798828125 0.327503975 0.42578125 0.3537360890625 0.4169921875 0.3966613671875 0.41796875 0.41255961875 0.43505859375 0.459459459375 0.44287109375 0.465818759375 0.47314453125 0.4705882359375 0.48876953125 0.4848966609375 0.5068359375 0.5270270265625 0.5185546875 0.57631160625 0.5166015625 0.536565978125 0.5068359375 0.49841017499999996 0.505859375 0.47933227343749996 0.529296875 0.44753577031249997 0.5361328125 0.4284578703125 0.5361328125 0.366454690625 0.525390625 0.3330683625 0.51220703125 0.3147853734375 0.49658203125 0.30524642343749997 0.470703125 0.301271859375
0 0.43408203125 0.4705882359375 0.4130859375 0.41096979375 0.40771484375 0.40858505625 0.38916015625 0.4276629578125 0.3857421875 0.43958664531249997 0.384765625 0.46343402187500005 0.3916015625 0.48569157343749997 0.3984375 0.492050875 0.396484375 0.50317965 0.4013671875 0.504769475 0.39697265625 0.5055643875 0.37890625 0.536565978125 0.37109375 0.58744038125 0.3779296875 0.6081081078125 0.39892578125 0.6391096984375 0.42529296875 0.6454689984375 0.43115234375 0.6534181234374999 0.43701171875 0.6486486484375 0.44970703125 0.6550079484375 0.46484375 0.7050874406250001 0.4716796875 0.714626390625 0.4736328125 0.7082670906249999 0.4619140625 0.6573926875 0.4658203125 0.6383147859375 0.47119140625 0.6391096984375 0.48681640625 0.616852146875 0.50390625 0.57790143125 0.5009765625 0.5222575515625001 0.490234375 0.4936407 0.47021484375 0.4705882359375 0.43408203125 0.4705882359375
0 0.38427734375 0.6709062 0.37060546875 0.6772655015625 0.34423828125 0.709062003125 0.3271484375 0.74006359375 0.318359375 0.7718600953125 0.322265625 0.7718600953125 0.33203125 0.8211446734375001 0.35205078125 0.8616852140625 0.404296875 0.90699523125 0.4033203125 0.9356120828125001 0.392578125 0.9721780609374999 0.392578125 0.9848966609375 0.4052734375 0.9515103343750001 0.40625 0.9372019078125 0.4140625 0.9276629578125 0.41796875 0.8942766296875 0.4423828125 0.8608903015625 0.4501953125 0.840222575 0.4541015625 0.74483306875 0.4453125 0.709856915625 0.42919921875 0.6836248015625 0.38427734375 0.6709062
0 0.47705078125 0.713831478125 0.4609375 0.74483306875 0.458984375 0.787758346875 0.4638671875 0.8163751984375001 0.48291015625 0.8600953890625 0.51123046875 0.8871224171875 0.53173828125 0.8903020671874999 0.5673828125 0.9785373609375 0.5615234375 0.9451510328125 0.5390625 0.8751987281250001 0.568359375 0.8370429250000001 0.578125 0.782988871875 0.5751953125 0.7368839421875 0.56298828125 0.707472178125 0.54736328125 0.6947535765625 0.51025390625 0.6931637515625 0.49169921875 0.699523053125 0.47705078125 0.713831478125
0 0.54296875 0.4459459453125 0.53759765625 0.44356120781249997 0.53515625 0.45866454687499997 0.5244140625 0.468203496875 0.5322265625 0.5111287765625 0.52880859375 0.5135135140625 0.51904296875 0.5007949125 0.5146484375 0.50317965 0.521484375 0.5302066765625 0.53515625 0.5540540546875 0.515625 0.6017488078125 0.515625 0.627186009375 0.5234375 0.6558028609375001 0.53564453125 0.6772655015625 0.55615234375 0.6979332281249999 0.58544921875 0.704292528125 0.60498046875 0.6963434015625001 0.61279296875 0.7217806046875 0.61669921875 0.7154213031250001 0.61669921875 0.7233704296875 0.6240234375 0.7225755171875 0.6240234375 0.703497615625 0.6162109375 0.6717011125 0.625 0.6573926875 0.626953125 0.624006359375 0.6162109375 0.5667726546875 0.59814453125 0.538950715625 0.57666015625 0.5310015890625001 0.5732421875 0.49046105000000007 0.56201171875 0.49443561249999995 0.54296875 0.4459459453125
0 0.62353515625 0.302066771875 0.6064453125 0.299682034375 0.6083984375 0.26311605781249997 0.595703125 0.218600953125 0.5673828125 0.046899840625 0.56201171875 0.036565978124999995 0.556640625 0.040540540624999996 0.56640625 0.10572337031250001 0.56494140625 0.124006359375 0.53759765625 0.041335453125 0.53515625 0.0580286171875 0.546875 0.0993640703125 0.5595703125 0.121621621875 0.5634765625 0.1470588234375 0.564453125 0.1868044515625 0.556640625 0.24880763125 0.55859375 0.3044515109375 0.56298828125 0.3163751984375 0.56787109375 0.3163751984375 0.56884765625 0.3068362484375 0.576171875 0.3124006359375 0.5498046875 0.3457869640625 0.541015625 0.371224165625 0.5419921875 0.4300476953125 0.5498046875 0.455484896875 0.56396484375 0.47535771093749996 0.58154296875 0.4880763109375 0.60400390625 0.48648648593750005 0.6171875 0.5270270265625 0.625 0.538155803125 0.6259765625 0.5238473765625 0.6171875 0.49046105000000007 0.6181640625 0.4809220984375 0.63623046875 0.46899841093749994 0.6572265625 0.43958664531249997 0.6650390625 0.40937996875 0.6650390625 0.37440381562499997 0.658203125 0.3457869640625 0.64306640625 0.31955484843750004 0.62353515625 0.302066771875
0 0.61669921875 0 0.61572265625 0.0206677265625 0.6142578125 0.0039745625 0.60498046875 0 0.6103515625 0.0707472171875 0.62109375 0.1406995234375 0.6015625 0.16772655 0.595703125 0.215421303125 0.6015625 0.24085850625 0.61181640625 0.25914149375 0.6591796875 0.301271859375 0.6650390625 0.3330683625 0.6640625 0.3585055640625 0.66796875 0.366454690625 0.671875 0.34896661406249996 0.6689453125 0.286963434375 0.685546875 0.2710651828125 0.6982421875 0.24085850625 0.705078125 0.210651828125 0.7041015625 0.1868044515625 0.6962890625 0.159777425 0.68701171875 0.14308426093749999 0.6669921875 0.123211446875 0.677734375 0.0007949125 0.66943359375 0 0.662109375 0.015103339062500002 0.66015625 0.0580286171875 0.65576171875 0.07472178125 0.65478515625 0 0.64111328125 0 0.63916015625 0.007949125 0.63525390625 0 0.61669921875 0
0 0.74560546875 0.295707471875 0.74267578125 0.32591415 0.7236328125 0.3251192375 0.728515625 0.2233704296875 0.72607421875 0.20190779062500003 0.7177734375 0.25516693125 0.7177734375 0.3267090625 0.68896484375 0.3529411765625 0.6728515625 0.3855325921875 0.66796875 0.44117647031249996 0.6728515625 0.4697933234375 0.68310546875 0.4896661375 0.70849609375 0.4976152625 0.7294921875 0.5127186015625 0.7373046875 0.57631160625 0.74609375 0.5953895078125 0.740234375 0.5572337046875 0.7431640625 0.501589825 0.74951171875 0.4880763109375 0.76513671875 0.4848966609375 0.7802734375 0.450715421875 0.78515625 0.4284578703125 0.78515625 0.3918918921875 0.7734375 0.35532591406249997 0.74609375 0.3235294125 0.74560546875 0.295707471875
0 0.634765625 0.534976153125 0.6240234375 0.57790143125 0.625 0.6001589828125 0.6298828125 0.619236884375 0.64501953125 0.6486486484375 0.65966796875 0.6581876 0.69580078125 0.6597774249999999 0.7158203125 0.7257551671875 0.7216796875 0.716216215625 0.7216796875 0.698728140625 0.7119140625 0.6589825125 0.7373046875 0.6081081078125 0.740234375 0.58903020625 0.7294921875 0.5238473765625 0.71142578125 0.5007949125 0.68505859375 0.49443561249999995 0.65576171875 0.5103338625 0.634765625 0.534976153125
0 0.591796875 0.7845786968749999 0.5927734375 0.8211446734375001 0.5986328125 0.8449920515624999 0.61865234375 0.8871224171875 0.65771484375 0.9125596187499999 0.671875 0.9356120828125001 0.677734375 0.957869634375 0.6806640625 0.9976152624999999 0.6875 0.9992050875 0.6806640625 0.92448330625 0.7001953125 0.8418124 0.7041015625 0.7893481718750001 0.69921875 0.7607313203125 0.68896484375 0.7376788546874999 0.66259765625 0.717011128125 0.64599609375 0.717011128125 0.61279296875 0.7376788546874999 0.5986328125 0.75914149375 0.591796875 0.7845786968749999
0 0.77685546875 0.75039745625 0.76220703125 0.75198728125 0.74755859375 0.7615262328125 0.74365234375 0.7535771062500001 0.74169921875 0.7631160578125 0.73779296875 0.74244833125 0.73388671875 0.75198728125 0.72998046875 0.74403815625 0.72607421875 0.75198728125 0.72607421875 0.74085850625 0.736328125 0.7384737671875 0.736328125 0.7225755171875 0.72509765625 0.6883942765625 0.7216796875 0.7273449921874999 0.7041015625 0.7337042921875 0.7138671875 0.7798092203125 0.71875 0.786168521875 0.7119140625 0.795707471875 0.705078125 0.8243243250000001 0.705078125 0.8608903015625 0.7158203125 0.8910969796874999 0.73193359375 0.91573926875 0.77392578125 0.9268680437500001 0.7939453125 0.9944356125 0.8017578125 1 0.806640625 0.9960254374999999 0.796875 0.953100159375 0.7939453125 0.91812400625 0.8154296875 0.8751987281250001 0.8212890625 0.8370429250000001 0.818359375 0.798887121875 0.80859375 0.7734499203125 0.78857421875 0.74721780625 0.78759765625 0.7567567562499999 0.77685546875 0.75039745625
0 0.794921875 0.380763115625 0.7939453125 0.3394276625 0.79150390625 0.3354531 0.7880859375 0.3426073125 0.78466796875 0.3211446734375 0.7802734375 0.33624801249999997 0.7822265625 0.36804451562499996 0.7861328125 0.377583465625 0.7861328125 0.4316375203125 0.77734375 0.4936407 0.77001953125 0.4960254375 0.767578125 0.50317965 0.765625 0.544515103125 0.7666015625 0.5620031796875 0.77392578125 0.58028616875 0.7939453125 0.5794912562500001 0.8017578125 0.5667726546875 0.810546875 0.4872813984375 0.810546875 0.43958664531249997 0.8056640625 0.42209856874999996 0.80859375 0.42050874374999997 0.80859375 0.40779014374999994 0.80126953125 0.42289348125000004 0.7958984375 0.40302066718749996 0.798828125 0.3966613671875 0.794921875 0.380763115625
0 0.77197265625 0.58187599375 0.74560546875 0.6025437203124999 0.7333984375 0.619236884375 0.7265625 0.6383147859375 0.724609375 0.6717011125 0.7314453125 0.701907790625 0.74072265625 0.7201907796875 0.76318359375 0.74403815625 0.78173828125 0.74403815625 0.7900390625 0.7607313203125 0.7900390625 0.74801271875 0.79638671875 0.74085850625 0.81005859375 0.74562798125 0.82666015625 0.7313195546875 0.8349609375 0.716216215625 0.84765625 0.6701112874999999 0.83984375 0.625596184375 0.82666015625 0.6025437203124999 0.79833984375 0.58187599375 0.77197265625 0.58187599375
0 0.84619140625 0.4928457875 0.81982421875 0.5103338625 0.8125 0.5222575515625001 0.80859375 0.544515103125 0.8115234375 0.58426073125 0.8359375 0.6128775828124999 0.849609375 0.6494435609375 0.84765625 0.6923688390625 0.8505859375 0.6923688390625 0.8583984375 0.6462639109375 0.87646484375 0.6486486484375 0.88818359375 0.6391096984375 0.90234375 0.6112877578125 0.9091796875 0.57313195625 0.9072265625 0.546104928125 0.89453125 0.5095389499999999 0.88525390625 0.49920508750000003 0.86474609375 0.49125596250000003 0.84619140625 0.4928457875
0 0.9404296875 0.716216215625 0.94921875 0.6971383140625 0.9541015625 0.6637519875 0.951171875 0.5937996828125 0.9423828125 0.5190779015625 0.9423828125 0.465023846875 0.91748046875 0.43720190781249996 0.90185546875 0.4403815578125 0.88671875 0.4348171703125 0.8935546875 0.501589825 0.9091796875 0.549284578125 0.9091796875 0.619236884375 0.904296875 0.6589825125 0.9072265625 0.6748807625000001 0.91796875 0.6828298890625 0.90869140625 0.6852146265625 0.90380859375 0.6709062 0.89013671875 0.662957075 0.86376953125 0.666136725 0.8583984375 0.6828298890625 0.8603515625 0.709856915625 0.84423828125 0.712241653125 0.8349609375 0.7432432437500001 0.8359375 0.7813990468750001 0.8466796875 0.8211446734375001 0.8662109375 0.8418124 0.8662109375 0.8942766296875 0.8623046875 0.9260731312500001 0.8583984375 0.9324324328125 0.8525390625 0.9960254374999999 0.8623046875 0.962639109375 0.8662109375 0.9213036562499999 0.875 0.8895071546875 0.8759765625 0.8370429250000001 0.90283203125 0.8521462640624999 0.91845703125 0.8489666140625 0.939453125 0.8211446734375001 0.9501953125 0.7813990468750001 0.9501953125 0.75914149375 0.9404296875 0.716216215625