0 0.7821350765624999 0.436274509375 0.7385620921875 0.37254902031250003 0.6666666671875 0.3366013078125 0.6383442265625 0.3349673203125 0.6100217859375 0.34640522812499996 0.59041394375 0.3692810453125 0.59041394375 0.40849673124999997 0.6034858390625 0.43464052343750004 0.66230936875 0.491830065625 0.7450980390625 0.55392156875 0.8039215687500001 0.5947712421875 0.8235294124999999 0.5996732031249999 0.8540305015625 0.5375816999999999 0.8540305015625 0.5 0.7821350765624999 0.436274509375
0 0.936819171875 0.7189542484375 1 0.6192810453125001 0.99782135 0.3006535953125 0.91285403125 0.4052287578125 0.85620915 0.5130718953125 0.7973856203125 0.678104575 0.7973856203125 0.69771241875 0.810457515625 0.723856209375 0.810457515625 0.7712418296875 0.8148148140625 0.7467320265625 0.8278867109375 0.7369281046875 0.832244009375 0.7205882359375 0.8867102390625 0.73202614375 0.936819171875 0.7189542484375
0 0 0.65849673125 0.05446623125 0.7173202609375 0.1089324625 0.8022875812500001 0.14379085 0.8218954249999999 0.20479302812500003 0.83823529375 0.2178649234375 0.794117646875 0.18082788593750002 0.6993464046875 0.150326796875 0.6552287578125 0.056644879687500004 0.4607843140625 0.0348583875 0.4264705875 0 0.3970588234375 0 0.65849673125
0 0 0.9052287578125 0.01742919375 0.8954248359375001 0.037037037499999995 0.8954248359375001 0.16993464062500002 0.9150326796874999 0.27450980468749997 0.918300653125 0.3071895421875 0.91176470625 0.3224400875 0.8774509796875 0.30501089375 0.8594771234374999 0.294117646875 0.85620915 0.276688453125 0.8643790843750001 0.2636165578125 0.8529411765624999 0.2461873640625 0.8545751640624999 0.25054466249999996 0.84150326875 0.1917211328125 0.8349673203125001 0.098039215625 0.8022875812500001 0.043572984375 0.7908496734375 0 0.7908496734375 0 0.9052287578125
0 0.76688453125 0.9330065359375 0.7908496734375 0.9477124187499999 0.847494553125 0.955882353125 0.87581699375 0.937908496875 0.9063180828125 0.8970588234375001 0.9063180828125 0.8676470593750001 0.8605664484375 0.810457515625 0.8061002171875 0.7745098046875001 0.777777778125 0.7434640515625001 0.7254901953124999 0.7369281046875 0.69498910625 0.741830065625 0.6840958609375 0.7565359484374999 0.6906318078125 0.7908496734375 0.7015250546875 0.7973856203125 0.6928104578125 0.812091503125 0.69716775625 0.8333333328125001 0.721132896875 0.85620915 0.73202614375 0.8790849671875 0.7494553374999999 0.8905228765625001 0.7450980390625 0.903594771875 0.76688453125 0.9330065359375
0 0 0.383986928125 0.071895425 0.40359477187500004 0.06535947656249999 0.4166666671875 0.08932461875 0.41830065312500003 0.09150326875 0.40849673124999997 0.115468409375 0.40359477187500004 0.12418300625 0.3905228765625 0.1655773421875 0.37745097968749997 0.1851851859375 0.3513071890625 0.215686275 0.328431371875 0.313725490625 0.313725490625 0.4161220046875 0.2614379078125 0.5228758171875 0.2450980390625 0.633986928125 0.26633986875 0.6928104578125 0.2483660125 0.7102396515625 0.222222221875 0.7559912859375 0.2140522875 0.7494553374999999 0.20751634062500002 0.7189542484375 0.2026143796875 0.723311546875 0.187908496875 0.7080610015625 0.17810457500000001 0.6797385625000001 0.1830065359375 0.6492374734374999 0.1748366015625 0.44662309375 0.16993464062500002 0.3703703703125 0.1797385625 0.3093681921875 0.20424836562499998 0.22875817031249998 0.2205882359375 0.1089324625 0.26797385625 0.061002178124999994 0.26960784375 0.0392156859375 0.2614379078125 0.013071895312500002 0.26633986875 0 0.2728758171875 0 0.383986928125
0 0.045751634375 0.42973856250000003 0.0413943359375 0.44444444375 0.0762527234375 0.5114379078125 0.1067538125 0.51797385625 0.4052287578125 0.48202614375 0.4139433546875 0.47222222187499996 0.4139433546875 0.44771241875 0.3943355125 0.3790849671875 0.36819172187500004 0.367647059375 0.3246187359375 0.364379084375 0.045751634375 0.42973856250000003
0 0.8082788671875001 0.7189542484375 0.8017429187499999 0.69607843125 0.76688453125 0.6813725484375001 0.42701525 0.6323529406249999 0.3943355125 0.62581699375 0.3594771234375 0.6094771234375 0.3267973859375 0.6078431375 0.26797385625 0.62418300625 0.25054466249999996 0.6470588234375 0.2265795203125 0.6470588234375 0.2265795203125 0.651960784375 0.26579520625 0.6846405234375 0.34422657968750003 0.7107843140625 0.3899782140625 0.7173202609375 0.5599128546875 0.715686275 0.6732026140625 0.73366013125 0.7886710234375001 0.73039215625 0.8082788671875001 0.7189542484375
0 0.118270153125 0.5975718953125 0.17740522812499998 0.6092434640625 0.34547058750000004 0.6045751640625 0.5135381265625 0.61624673125 0.6442570812499999 0.5975718953125 0.6660435734375 0.529879084375 0.6100217859375 0.4645196078125 0.46685403125 0.47619117656250004 0.08092156874999999 0.513539215625 0.118270153125 0.5975718953125
0 1 0.060691176562500004 0.7127298468750001 0.165733659375 0.6691568625000001 0.19607843125 0.6691568625000001 0.22875817031249998 0.8465599125000001 0.20074673125000003 1 0.1633986921875 1 0.060691176562500004
0 0.6252723312499999 0.8643790843750001 0.6252723312499999 0.8545751640624999 0.6405228765625 0.846405228125 0.6296296296875 0.8807189546874999 0.653594771875 0.87418300625 0.723311546875 0.921568628125 0.742919390625 0.9248366015625 0.742919390625 0.9068627453125 0.73202614375 0.90849673125 0.7167755984374999 0.8970588234375001 0.723311546875 0.8888888890625 0.73420479375 0.8905228765625001 0.73420479375 0.8839869281249999 0.69716775625 0.8627450984375 0.6732026140625 0.8366013078125001 0.6819172109375 0.812091503125 0.671023965625 0.8039215687500001 0.686274509375 0.794117646875 0.653594771875 0.7450980390625 0.6078431375 0.722222221875 0.5010893249999999 0.7140522875 0.30283224375 0.7189542484375 0.2527233109375 0.7434640515625001 0.24400871406250002 0.7745098046875001 0.2549019609375 0.7794117640625 0.30283224375 0.7614379078125 0.3616557734375 0.76797385625 0.40087145937499996 0.8088235296875 0.4052287578125 0.8529411765624999 0.527233115625 0.8954248359375001 0.5947712421875 0.8986928109375001 0.6252723312499999 0.8643790843750001
0 0.8191721140625001 1 0.8017429187499999 0.98039215625 0.777777778125 0.9754901953124999 0.7712418296875 0.9640522875 0.740740740625 0.957516340625 0.6753812640625 0.9264705875000001 0.6056644875 0.9133986921874999 0.581699346875 0.9003267968750001 0.51633986875 0.8905228765625001 0.46405228750000005 0.8676470593750001 0.4139433546875 0.85620915 0.40087145937499996 0.9052287578125 0.3877995640625 0.90849673125 0.3790849671875 0.8905228765625001 0.37254902031250003 0.8905228765625001 0.355119825 0.90849673125 0.357298475 0.9166666671874999 0.366013071875 0.9248366015625 0.3921568625 0.9281045750000001 0.4139433546875 0.9493464046875 0.5119825703124999 1 0.6383442265625 0.9934640515625001 0.6557734203125001 1 0.8191721140625001 1
0 0.599128540625 0.6013071890624999 0.5403050109375 0.6192810453125001 0.51851851875 0.635620915625 0.542483659375 0.6470588234375 0.6034858390625 0.6568627453125 0.7995642703125 0.6454248359375 0.8169934640625 0.6225490203125 0.8169934640625 0.6094771234375 0.758169934375 0.580065359375 0.7385620921875 0.5767973859375 0.599128540625 0.6013071890624999
0 0.4705882359375 0.36274509843749997 0.5228758171875 0.35620915000000003 0.546840959375 0.3447712421875 0.546840959375 0.328431371875 0.5337690625 0.30228758125 0.5032679734375 0.294117646875 0.4488017421875 0.3071895421875 0.3355119828125 0.3071895421875 0.2265795203125 0.321895425 0.1830065359375 0.3529411765625 0.1721132890625 0.3790849671875 0.19825708125 0.3921568625 0.2200435734375 0.3921568625 0.313725490625 0.367647059375 0.3507625265625 0.367647059375 0.4139433546875 0.383986928125 0.4705882359375 0.36274509843749997
0 0.2810457515625 0.1372549015625 0.28540305 0.12418300625 0.27450980468749997 0.08823529375 0.2200435734375 0.078431371875 0.1938997828125 0.099673203125 0.20479302812500003 0.14215686249999998 0.222222221875 0.1470588234375 0.2810457515625 0.1372549015625
0 0.18736383437499998 0.23529411718749998 0.26579520625 0.2189542484375 0.2701525046875 0.17810457500000001 0.23311546875000003 0.1748366015625 0.16993464062500002 0.18954248437500001 0.117647059375 0.1911764703125 0.05010893281249999 0.2140522875 0.037037037499999995 0.2271241828125 0.0392156859375 0.25 0.06535947656249999 0.258169934375 0.1111111109375 0.23202614375000002 0.12418300625 0.215686275 0.13943355156249998 0.215686275 0.15904139374999998 0.22875817031249998 0.18736383437499998 0.23529411718749998
0 0.651416121875 0.08496732031250001 0.644880175 0.0735294125 0.6165577343749999 0.0702614375 0.5751633984375 0.08986928125 0.5054466234375 0.150326796875 0.490196078125 0.151960784375 0.48366013125 0.132352940625 0.48801742968750006 0.1111111109375 0.48148148125 0.1094771234375 0.453159040625 0.135620915625 0.435729846875 0.1666666671875 0.544662309375 0.171568628125 0.6274509796875 0.1666666671875 0.651416121875 0.08496732031250001
0 0.8213507625 0.366013071875 0.7102396515625 0.35620915000000003 0.7102396515625 0.364379084375 0.742919390625 0.38725490156250003 0.7908496734375 0.44444444375 0.8148148140625 0.45751634062499996 0.832244009375 0.45751634062499996 0.832244009375 0.437908496875 0.8845315906250001 0.44934640468750003 0.919389978125 0.4166666671875 0.938997821875 0.37581699375 0.921568628125 0.366013071875 0.8213507625 0.366013071875
0 0.8496732031249999 0.0375817 0.784313725 0.032679739062500004 0.7363834421875 0.008169934375 0.7189542484375 0.0065359484374999995 0.69498910625 0.01960784375 0.6884531593750001 0.0392156859375 0.7298474953125 0.0735294125 0.7690631812500001 0.09477124218750001 0.8061002171875 0.10620915 0.8278867109375 0.10620915 0.8627450984375 0.08823529375 0.9237472765625 0.07679738593749999 0.901960784375 0.062091503125 0.8779956421874999 0.0588235296875 0.8496732031249999 0.0375817
0 0.8692810453125001 0 0.8496732031249999 0.027777778125000003 0.8823529406249999 0.055555556250000006 0.9477124187499999 0.07679738593749999 1 0.0686274515625 1 0.0375817 0.956427015625 0.008169934375 0.921568628125 0 0.8692810453125001 0