0 0.37265625 0.48984375 0.2828125 0.4546875
0 0.37109375 0.8421875 0.2640625 0.3125
0 0.65859375 0.5203125 0.3046875 0.475
0 0.2625 0.16484375 0.29375 0.3203125
0 0.09140625 0.3734375 0.1734375 0.5
0 0.6921875 0.2125 0.278125 0.38125
0 0.8796875 0.47734375 0.2375 0.3984375
0 0.61640625 0.9171875 0.2671875 0.165625
0 0.50234375 0.109375 0.2171875 0.20625
0 0.80078125 0.81640625 0.2984375 0.3640625
0 0.159375 0.86171875 0.209375 0.2265625
0 0.56484375 0.7453125 0.1859375 0.2125
0 0.9296875 0.134375 0.1375 0.15625
0 0.8515625 0.175 0.1125 0.20625
0 0.94140625 0.2375 0.1140625 0.165625
0 0.93359375 0.78359375 0.1296875 0.3109375
0 0.13515625 0.9578125 0.2640625 0.08125
0 0.04140625 0.80390625 0.0734375 0.3296875