0 0.305 0.1125 0.2936666671875 0.12050000000000001 0.2783333328125 0.12450000000000001 0.2706666671875 0.13525 0.2596666671875 0.14625 0.2526666671875 0.151 0.24866666718750002 0.16225 0.25033333281250003 0.16725 0.25433333281250003 0.16999999999999998 0.3043333328125 0.18 0.3416666671875 0.18375 0.368 0.1845 0.392 0.19075 0.4086666671875 0.1915 0.46733333281249995 0.199 0.47866666718750006 0.1975 0.4916666671875 0.19275 0.49366666718749996 0.189 0.493 0.178 0.49133333281249997 0.1755 0.48333333281249996 0.1715 0.479 0.16775 0.4766666671875 0.16325 0.4756666671875 0.15275 0.4766666671875 0.15 0.48 0.14675 0.4863333328125 0.14325000000000002 0.49233333281249997 0.13774999999999998 0.4996666671875 0.13425 0.5033333328125 0.1305 0.5046666671875 0.125 0.5016666671875 0.11599999999999999 0.5016666671875 0.11125 0.5083333328124999 0.10049999999999999 0.5106666671875 0.09325 0.5186666671875 0.088 0.5196666671875 0.07525 0.5183333328125 0.07175000000000001 0.508 0.06225000000000001 0.5023333328125 0.062 0.49533333281249997 0.0645 0.491 0.06475 0.4836666671875 0.06225000000000001 0.4813333328125 0.060250000000000005 0.4783333328125 0.05 0.4716666671875 0.03775 0.4646666671875 0.034749999999999996 0.4543333328125 0.03375 0.44566666718750003 0.0375 0.4373333328125 0.0445 0.4266666671875 0.050249999999999996 0.4183333328125 0.056499999999999995 0.3936666671875 0.056999999999999995 0.382 0.061250000000000006 0.3456666671875 0.08425 0.3346666671875 0.09425 0.3263333328125 0.09925 0.319 0.1055 0.305 0.1125
0 0.502 0.20325000000000001 0.5063333328125 0.20600000000000002 0.5223333328125 0.20975000000000002 0.536 0.21575000000000003 0.5716666671875 0.2225 0.6026666671875 0.231 0.6453333328124999 0.23675000000000002 0.658 0.24075000000000002 0.669 0.24275000000000002 0.7256666671875001 0.2495 0.7463333328124999 0.254 0.7863333328125 0.25775000000000003 0.8193333328125 0.255 0.8246666671874999 0.2535 0.8266666671875 0.25125000000000003 0.828 0.23925000000000002 0.8230000000000001 0.20274999999999999 0.8119999999999999 0.191 0.7963333328125 0.17725 0.786 0.17525 0.774 0.17575000000000002 0.7586666671875 0.18075000000000002 0.7453333328125 0.183 0.734 0.1755 0.7236666671875 0.1715 0.7086666671875 0.17024999999999998 0.6946666671874999 0.17175 0.6813333328125 0.1715 0.6616666671875 0.16225 0.6346666671875 0.157 0.6196666671875 0.15025 0.5966666671875 0.14725 0.5646666671875 0.14825 0.5526666671875 0.14725 0.5423333328125 0.145 0.5353333328125001 0.14025 0.5286666671875 0.13774999999999998 0.5093333328125 0.1345 0.504 0.1345 0.49133333281249997 0.13774999999999998 0.48600000000000004 0.14475 0.47933333281249996 0.15025 0.47766666718749995 0.15375 0.4766666671875 0.16325 0.4803333328125 0.1665 0.49466666718749996 0.17075 0.49833333281250003 0.17425 0.502 0.18825 0.501 0.20074999999999998 0.502 0.20325000000000001
0 1 0.2395 0.9866666671875001 0.23325 0.9766666671875001 0.2355 0.9726666671875 0.23450000000000001 0.9686666671875 0.22825 0.9623333328125 0.22425 0.9570000000000001 0.217 0.9476666671875 0.18775 0.9316666671875 0.16 0.9236666671875 0.1535 0.9133333328125 0.15025 0.9093333328125001 0.15025 0.8993333328125 0.153 0.892 0.1565 0.8746666671875 0.1715 0.8716666671875 0.172 0.8603333328125 0.16825 0.849 0.16799999999999998 0.8446666671875 0.16975 0.8396666671874999 0.17350000000000002 0.834 0.18075000000000002 0.8303333328125 0.189 0.829 0.19924999999999998 0.8306666671875 0.2265 0.8353333328125 0.2395 0.844 0.25325000000000003 0.8453333328125 0.26525 0.849 0.268 0.859 0.27075 0.8996666671875 0.275 0.9156666671875 0.279 0.9356666671875 0.28225 0.9786666671875001 0.28700000000000003 0.9876666671875001 0.28725 0.994 0.28575 1 0.28325 1 0.2395
0 0.4026666671875 0.5135 0.4153333328125 0.52025 0.42366666718749996 0.52275 0.4313333328125 0.524 0.44299999999999995 0.5237499999999999 0.45899999999999996 0.51825 0.47400000000000003 0.5165 0.476 0.51375 0.47533333281249995 0.5042500000000001 0.47366666718749995 0.50325 0.4603333328125 0.50125 0.4493333328125 0.49625 0.4303333328125 0.48274999999999996 0.425 0.47750000000000004 0.41100000000000003 0.457 0.3953333328125 0.42000000000000004 0.3846666671875 0.41 0.378 0.40824999999999995 0.374 0.40824999999999995 0.3693333328125 0.41025 0.3636666671875 0.4145 0.3583333328125 0.42175 0.3563333328125 0.4265 0.356 0.43550000000000005 0.3586666671875 0.45225 0.3636666671875 0.46925 0.371 0.485 0.381 0.497 0.3876666671875 0.503 0.4026666671875 0.5135
0 0.42766666718749996 0.48250000000000004 0.43966666718749997 0.49225 0.4556666671875 0.50175 0.466 0.5045 0.4703333328125 0.50325 0.4766666671875 0.5037499999999999 0.483 0.49874999999999997 0.4773333328125 0.49524999999999997 0.4726666671875 0.48949999999999994 0.461 0.4625 0.4526666671875 0.43624999999999997 0.4446666671875 0.39849999999999997 0.43966666718749997 0.3875 0.43566666718749997 0.3845 0.43499999999999994 0.38275000000000003 0.43499999999999994 0.38175 0.4376666671875 0.38175 0.4386666671875 0.38025000000000003 0.4386666671875 0.377 0.43600000000000005 0.37374999999999997 0.433 0.3735 0.42699999999999994 0.37775 0.41900000000000004 0.37875000000000003 0.414 0.38075000000000003 0.40599999999999997 0.39025 0.4026666671875 0.39925 0.403 0.42000000000000004 0.399 0.4245 0.3986666671875 0.4265 0.4 0.43174999999999997 0.4126666671875 0.4615 0.42766666718749996 0.48250000000000004
0 0.562 0.5507500000000001 0.585 0.558 0.5946666671874999 0.55925 0.6063333328125 0.5589999999999999 0.6116666671875 0.5575 0.6176666671875 0.55425 0.618 0.55 0.6193333328125 0.5485 0.6303333328125 0.5465 0.6326666671875001 0.54525 0.637 0.541 0.637 0.5345 0.635 0.533 0.6283333328125 0.5355000000000001 0.6236666671875 0.53575 0.6076666671875001 0.53075 0.5940000000000001 0.52325 0.5843333328125 0.51325 0.5796666671875 0.5042500000000001 0.5740000000000001 0.48525 0.5740000000000001 0.44400000000000006 0.5663333328125 0.43425 0.5623333328125 0.433 0.5526666671875 0.434 0.5509999999999999 0.43499999999999994 0.5333333328125 0.45149999999999996 0.53 0.4585 0.525 0.48575 0.5253333328124999 0.49924999999999997 0.5293333328125 0.51475 0.5393333328125001 0.5337500000000001 0.5469999999999999 0.5417500000000001 0.5556666671875 0.54775 0.562 0.5507500000000001
0 0.58 0.511 0.588 0.5197499999999999 0.5936666671874999 0.524 0.6003333328125 0.5277499999999999 0.6113333328125 0.532 0.6226666671875 0.5347500000000001 0.6296666671875 0.5347500000000001 0.6443333328125 0.52925 0.648 0.5265 0.6483333328125 0.5247499999999999 0.6313333328125 0.511 0.6246666671875001 0.502 0.618 0.49000000000000005 0.6146666671875 0.4795 0.6116666671875 0.46175 0.6103333328125 0.41550000000000004 0.603 0.40175 0.5963333328125 0.399 0.5906666671874999 0.399 0.5853333328125 0.40049999999999997 0.5730000000000001 0.414 0.5703333328125 0.41900000000000004 0.5673333328125 0.42975 0.567 0.43775000000000003 0.5703333328125 0.44400000000000006 0.571 0.45149999999999996 0.5703333328125 0.48250000000000004 0.5716666671875 0.49375 0.5756666671875 0.504 0.58 0.511
0 0.673 0.525 0.679 0.52125 0.6809999999999999 0.517 0.6809999999999999 0.49725 0.6883333328125001 0.43825000000000003 0.688 0.41900000000000004 0.6866666671874999 0.40875000000000006 0.6846666671875 0.4035 0.6806666671875 0.40049999999999997 0.6716666671875 0.39725 0.6673333328125 0.39775 0.6586666671875 0.40099999999999997 0.6516666671875 0.4085 0.647 0.4185 0.6436666671875 0.4415 0.642 0.48025 0.6433333328125 0.504 0.65 0.5205 0.654 0.524 0.6583333328125 0.526 0.673 0.525
0 0.732 0.48624999999999996 0.741 0.47400000000000003 0.7523333328125 0.454 0.7556666671875 0.43925000000000003 0.7563333328125 0.41974999999999996 0.7526666671875 0.41500000000000004 0.7493333328125 0.41325 0.7443333328125 0.4125 0.7316666671875 0.41525 0.7186666671874999 0.42474999999999996 0.7013333328125 0.44800000000000006 0.6906666671874999 0.46950000000000003 0.6833333328125 0.4955 0.6816666671875 0.51675 0.6853333328125 0.52425 0.6953333328125 0.53125 0.7083333328125 0.5269999999999999 0.7126666671875 0.52275 0.732 0.48624999999999996
0 0.7656666671875 0.596 0.7803333328125001 0.5972500000000001 0.7833333328125 0.5955 0.7943333328125 0.59925 0.8009999999999999 0.59975 0.8140000000000001 0.59875 0.8183333328125 0.5962500000000001 0.8213333328125 0.596 0.827 0.5934999999999999 0.8303333328125 0.5902499999999999 0.8383333328125 0.58925 0.8480000000000001 0.5862499999999999 0.8516666671875001 0.5820000000000001 0.8516666671875001 0.5755 0.8486666671875 0.5735 0.8453333328125 0.5730000000000001 0.8443333328125 0.57625 0.8373333328125 0.5785 0.8300000000000001 0.5785 0.8210000000000001 0.57575 0.8046666671875 0.56875 0.7916666671875 0.55925 0.7853333328125001 0.55 0.7809999999999999 0.53975 0.7766666671875 0.5345 0.7686666671875 0.52 0.7626666671875 0.499 0.756 0.48875 0.753 0.48150000000000004 0.75 0.47850000000000004 0.7443333328125 0.4765 0.7406666671875 0.4765 0.7343333328125 0.47800000000000004 0.7316666671875 0.48 0.722 0.49275 0.717 0.5075000000000001 0.7173333328125 0.5215 0.7213333328125 0.54075 0.7263333328125 0.55325 0.7336666671875001 0.5655 0.751 0.5865 0.76 0.5934999999999999 0.7656666671875 0.596
0 0.836 0.57875 0.8396666671874999 0.57625 0.8493333328125001 0.5755 0.8613333328125 0.57225 0.8626666671875001 0.5705 0.857 0.56475 0.852 0.5549999999999999 0.844 0.544 0.841 0.53725 0.8336666671874999 0.5275000000000001 0.8206666671875 0.471 0.8143333328125 0.45575 0.8039999999999999 0.445 0.8026666671875 0.43875000000000003 0.7973333328125001 0.43600000000000005 0.7916666671875 0.43499999999999994 0.7769999999999999 0.4415 0.7696666671875 0.45225 0.7656666671875 0.46399999999999997 0.766 0.48575 0.7723333328125 0.526 0.7803333328125001 0.54625 0.791 0.5599999999999999 0.799 0.56575 0.8133333328125 0.57325 0.8266666671875 0.57775 0.836 0.57875
0 0.25 0.2421875 0.1671875 0.1
0 0.09921875 0.2078125 0.175 0.1015625
0 0.4046875 0.26328125 0.14375 0.0890625
0 0.5765625 0.31875 0.184375 0.1328125
0 0.8484375 0.3515625 0.1875 0.11875
0 0.85234375 0.53984375 0.2953125 0.203125
0 0.62734375 0.465625 0.2078125 0.1515625
0 0.45859375 0.4546875 0.2140625 0.1703125