0 0.16363636406249998 0.3005464484375 0.1236363640625 0.27322404375 0.07272727343749999 0.34426229531249997 0.07272727343749999 0.398907103125 0.0836363640625 0.464480875 0.130909090625 0.5792349734375 0.130909090625 0.6557377046874999 0.2545454546875 0.63387978125 0.2872727265625 0.595628415625 0.3054545453125 0.535519125 0.3054545453125 0.322404371875 0.1963636359375 0.2896174859375 0.16363636406249998 0.3005464484375
0 0.5345454546874999 0.415300546875 0.49818181875 0.36612021875 0.4436363640625 0.35519125625000003 0.41818181875000004 0.36612021875 0.41454545468750004 0.42076502656250003 0.3745454546875 0.42076502656250003 0.3527272734375 0.4426229515625 0.33090909062499996 0.5628415296875 0.3563636359375 0.64480874375 0.429090909375 0.7486338796875 0.5163636359375 0.765027321875 0.5854545453125 0.677595628125 0.5927272734375 0.601092896875 0.5345454546874999 0.415300546875
0 1 0.5245901640625 0.9345454546875 0.43715847031250005 0.8800000000000001 0.4316939890625 0.8072727265624999 0.44808743125 0.770909090625 0.497267759375 0.73818181875 0.584699453125 0.74181818125 0.7049180328125 0.7672727265625 0.770491803125 0.8036363640624999 0.8032786890624999 0.81818181875 0.781420765625 0.8436363640625 0.7978142078125 0.94181818125 0.7923497265624999 1 0.6885245906249999 1 0.5245901640625
0 0.74181818125 0.3005464484375 0.69818181875 0.2131147546875 0.64 0.19125683124999998 0.5527272734374999 0.20218579218750002 0.5272727265625 0.224043715625 0.4945454546875 0.2841530046875 0.4945454546875 0.36612021875 0.53818181875 0.42076502656250003 0.58181818125 0.5628415296875 0.610909090625 0.5573770484375 0.669090909375 0.6174863390625001 0.7345454546875 0.6120218578125 0.7563636359375 0.4426229515625 0.74181818125 0.3005464484375
0 1 0.136612021875 0.94181818125 0.043715846875 0.8545454546875 0.032786885937499996 0.78181818125 0.10382513593750001 0.770909090625 0.142076503125 0.7672727265625 0.2076502734375 0.8 0.3770491796875 0.8472727265625 0.4426229515625 0.94181818125 0.4316939890625 1 0.3387978140625 1 0.136612021875
0 0.17818181875 0.00546448125 0.1345454546875 0.043715846875 0.1127272734375 0.142076503125 0.1745454546875 0.2950819671875 0.2872727265625 0.316939890625 0.33818181875 0.278688525 0.3745454546875 0.1967213109375 0.37818181875 0.12021857968750001 0.3563636359375 0.027322404687500003 0.3127272734375 0 0.17818181875 0.00546448125
0 0.650909090625 0.5792349734375 0.6 0.5573770484375 0.5854545453125 0.5737704921875 0.5854545453125 0.6612021859375 0.50181818125 0.770491803125 0.49090909062500004 0.863387978125 0.530909090625 0.9125683062500001 0.5672727265625 0.9234972671874999 0.610909090625 0.9890710374999999 0.669090909375 0.9234972671874999 0.730909090625 0.8032786890624999 0.74181818125 0.7158469953125 0.650909090625 0.5792349734375
0 0.9054545453125 1 0.9127272734374999 0.9289617484375 0.90181818125 0.8852459015624999 0.8545454546875 0.8360655734375 0.8545454546875 0.7868852453125 0.81818181875 0.7759562843750001 0.8109090906249999 0.7978142078125 0.76 0.781420765625 0.709090909375 0.8306010921875 0.6763636359375 0.9125683062500001 0.6872727265624999 1 0.9054545453125 1
0 0.3527272734375 0.64480874375 0.2763636359375 0.63387978125 0.21818181874999998 0.6557377046874999 0.2 0.7431693984375001 0.2 0.8087431687500001 0.24 0.9562841531249999 0.29454545468750004 0.9836065578125 0.349090909375 0.9289617484375 0.38181818125 0.9508196718749999 0.41454545468750004 0.9398907109374999 0.43636363593749994 0.8852459015624999 0.43272727343749995 0.7486338796875 0.3527272734375 0.64480874375
0 0 0.36612021875 0.0436363640625 0.36612021875 0.10545454531250001 0.3005464484375 0.11636363593750002 0.2131147546875 0.0836363640625 0.15300546406249999 0.090909090625 0.0710382515625 0 0.0218579234375 0 0.36612021875
0 0.12734375 0.846875 0.2046875 0.30625