0 0.29296875 0.3484375 0.19375 0.3265625
0 0.21640625 0.7640625 0.175 0.3171875
0 0.32890625 0.87890625 0.1453125 0.240625
0 0.459375 0.9296875 0.1421875 0.1390625
0 0.63203125 0.88125 0.1796875 0.2375
0 0.7109375 0.76328125 0.0921875 0.165625
0 0.84765625 0.8296875 0.1921875 0.303125
0 0.86953125 0.53359375 0.2140625 0.31875
0 0.4078125 0.6109375 0.171875 0.3
0 0.07109375 0.615625 0.1421875 0.328125
0 0.12418300625 0.736231884375 0.1127450984375 0.7333333328125 0.042483659374999996 0.7913043484375 0.0408496734375 0.8173913046875001 0.0702614375 0.8579710140625 0.1209150328125 0.8666666671875 0.12418300625 0.736231884375
0 0.295751634375 0.5884057968749999 0.30555555624999997 0.5710144921875 0.30882352968750004 0.5333333328125 0.2483660125 0.5014492749999999 0.2254901953125 0.46956521718750005 0.1993464046875 0.40869565156250004 0.18954248437500001 0.40289855 0.1633986921875 0.4579710140625 0.1111111109375 0.4927536234375 0.12581699375 0.52463768125 0.1552287578125 0.5536231890625001 0.1454248359375 0.5884057968749999 0.1470588234375 0.611594203125 0.16176470625 0.634782609375 0.19444444375 0.614492753125 0.23366013125 0.614492753125 0.2826797390625 0.6521739125 0.295751634375 0.5884057968749999
0 0.1015625 0.27421875 0.2 0.39375
0 0.28671875 0.0984375 0.1125 0.1859375
0 0.3349673203125 0.05507246406250001 0.3349673203125 0.1710144921875 0.366013071875 0.2434782609375 0.40196078437500005 0.2695652171875 0.44444444375 0.27536231875 0.4983660125 0.22608695625 0.5147058828125 0.162318840625 0.5147058828125 0.052173912499999996 0.5032679734375 0.00289855 0.3447712421875 0 0.3349673203125 0.05507246406250001
0 0.6045751640625 0.4318840578125 0.6029411765625 0.339130434375 0.5947712421875 0.3072463765625 0.5571895421875 0.2434782609375 0.5359477125 0.2289855078125 0.5049019609375 0.22608695625 0.47385620937499995 0.24637681093750002 0.44607843125 0.28985507187500004 0.43300653593750005 0.339130434375 0.43137254843750006 0.41739130468749996 0.44117647031249996 0.47536231874999996 0.4673202609375 0.52753623125 0.49346405156250006 0.5623188406249999 0.51960784375 0.5623188406249999 0.571895425 0.52753623125 0.5947712421875 0.47246376874999996 0.6045751640625 0.4318840578125
0 0.7434640515625001 0.385507246875 0.7173202609375 0.3478260875 0.64379085 0.3304347828125 0.60620915 0.36521739062499997 0.6029411765625 0.4521739125 0.5833333328125 0.513043478125 0.616013071875 0.585507246875 0.6454248359375 0.6173913046874999 0.704248365625 0.62608695625 0.73202614375 0.59710145 0.7532679734375 0.5478260875000001 0.7614379078125 0.4956521734375 0.7549019609375 0.42028985468749996 0.7434640515625001 0.385507246875
0 0.6029411765625 0 0.58823529375 0.05507246406250001 0.58986928125 0.1565217390625 0.6029411765625 0.19710144999999998 0.6307189546874999 0.23188405781250002 0.6552287578125 0.2434782609375 0.69771241875 0.2434782609375 0.73202614375 0.22318840624999997 0.7630718953125 0.16811594218749998 0.777777778125 0.1159420296875 0.7810457515625 0.049275362499999996 0.76960784375 0 0.6029411765625 0
0 0.55228758125 0.136231884375 0.5228758171875 0.1565217390625 0.4983660125 0.2202898546875 0.562091503125 0.2521739125 0.5931372546875 0.3159420296875 0.6013071890624999 0.359420290625 0.6094771234375 0.36521739062499997 0.6405228765625 0.3304347828125 0.6552287578125 0.2579710140625 0.6078431375 0.20289855 0.5849673203125 0.139130434375 0.55228758125 0.136231884375
0 0.6552287578125 0.24927536250000001 0.64379085 0.3188405796875 0.69771241875 0.3304347828125 0.7483660125 0.388405796875 0.7516339875 0.37681159375 0.7369281046875 0.32753623125 0.740196078125 0.2289855078125 0.73202614375 0.22318840624999997 0.69771241875 0.24637681093750002 0.6552287578125 0.24927536250000001
0 0.9068627453125 0.16521739062500002 0.8790849671875 0.1043478265625 0.8496732031249999 0.0811594203125 0.8202614374999999 0.0811594203125 0.792483659375 0.0956521734375 0.7745098046875001 0.11884057968749999 0.73366013125 0.24927536250000001 0.73366013125 0.3333333328125 0.7565359484374999 0.385507246875 0.7712418296875 0.4 0.8006535953125 0.40289855 0.8594771234374999 0.3681159421875 0.8856209156249999 0.3159420296875 0.9068627453125 0.211594203125 0.9068627453125 0.16521739062500002
0 0.8986928109375001 0.2695652171875 0.8660130718750001 0.3681159421875 0.8986928109375001 0.37391304375 0.936274509375 0.40289855 0.955882353125 0.440579709375 0.9705882359375 0.510144928125 0.9869281046875 0.510144928125 1 0.47536231874999996 0.9934640515625001 0.359420290625 0.9640522875 0.301449275 0.9346405234375 0.2782608703125 0.8986928109375001 0.2695652171875
0 1 0.2202898546875 0.9232026140625 0.1942028984375 0.90849673125 0.2173913046875 0.8986928109375001 0.2695652171875 0.9624183000000001 0.3072463765625 1 0.3710144921875 1 0.2202898546875
0 0.91013071875 0 0.8872549015625 0.0695652171875 0.8856209156249999 0.1043478265625 0.9150326796874999 0.185507246875 0.9591503265625001 0.214492753125 0.9983660125 0.211594203125 1 0 0.91013071875 0
0 0.6454248359375 0.6318840578125 0.60620915 0.5797101453125 0.5767973859375 0.5710144921875 0.51797385625 0.59710145 0.49509803906250005 0.6666666671875 0.49509803906250005 0.7594202906249999 0.5147058828125 0.8202898546874999 0.5326797390625 0.8521739125 0.6127450984375 0.8492753625 0.6421568625 0.82608695625 0.651960784375 0.8086956515624999 0.6650326796875 0.7449275359375 0.6633986921874999 0.701449275 0.6454248359375 0.6318840578125