0 0.33828125 0.39375 0.2296875 0.4359375
0 0.4484375 0.74453125 0.1953125 0.446875
0 0.2796875 0.7390625 0.19375 0.4046875
0 0.57109375 0.51171875 0.2015625 0.428125
0 0.65703125 0.76796875 0.1953125 0.3984375
0 0.73515625 0.47265625 0.2015625 0.328125
0 0.4141791046875 0.18617021250000002 0.369402984375 0.17553191562499998 0.29477611875 0.2127659578125 0.25 0.3031914890625 0.22761194062499998 0.5106382984375 0.2388059703125 0.5851063828124999 0.2649253734375 0.611702128125 0.373134328125 0.59574468125 0.429104478125 0.515957446875 0.4402985078125 0.4734042546875 0.45522388124999996 0.39361702187500003 0.44776119375 0.25 0.4141791046875 0.18617021250000002
0 0.5186567171875 0.32446808437499997 0.48134328281250005 0.3829787234375 0.47388059687500006 0.5372340421875 0.5373134328125 0.6914893609375 0.5671641796875 0.7234042546875 0.60074626875 0.7234042546875 0.6529850749999999 0.6648936171875001 0.6679104484375 0.4574468078125 0.626865671875 0.34574468125 0.55223880625 0.3085106390625 0.5186567171875 0.32446808437499997
0 0.347014925 0.65425531875 0.36567164218750003 0.8989361703125001 0.40298507499999997 0.9627659578125 0.48134328281250005 0.9414893609374999 0.5373134328125 0.84574468125 0.522388059375 0.65425531875 0.477611940625 0.5265957453125 0.429104478125 0.515957446875 0.36194029843750003 0.6010638296875 0.347014925 0.65425531875
0 0.22761194062499998 0.893617021875 0.2686567171875 0.9468085109375 0.35820895468749997 0.9255319156249999 0.373134328125 0.90957446875 0.35074626875 0.7074468078125 0.36194029843750003 0.6010638296875 0.276119403125 0.611702128125 0.2313432828125 0.579787234375 0.2164179109375 0.65425531875 0.22761194062499998 0.893617021875
0 0.7126865671875 0.5638297875 0.6679104484375 0.53191489375 0.6417910453125 0.6755319156249999 0.5970149250000001 0.7234042546875 0.5597014921875 0.7287234046875 0.5597014921875 0.797872340625 0.574626865625 0.856382978125 0.619402984375 0.9255319156249999 0.6716417906250001 0.9627659578125 0.7238805968750001 0.96808510625 0.7611940296874999 0.9148936171875001 0.75 0.65957446875 0.7126865671875 0.5638297875
0 0.7126865671875 0.3351063828125 0.679104478125 0.329787234375 0.6417910453125 0.361702128125 0.6679104484375 0.53191489375 0.7238805968750001 0.59042553125 0.74626865625 0.670212765625 0.74626865625 0.7606382984375 0.7686567171875 0.7606382984375 0.7910447765625 0.7446808515625001 0.8097014921874999 0.6808510640625001 0.8059701499999999 0.4946808515625 0.7649253734375 0.3829787234375 0.7126865671875 0.3351063828125
0 0.6119402984375 0.122340425 0.5783582093749999 0.15425531875 0.54477611875 0.3085106390625 0.5895522390625 0.3191489359375 0.6380597015625 0.3670212765625 0.675373134375 0.3351063828125 0.7089552234375 0.3351063828125 0.7761194031249999 0.388297871875 0.7574626859375 0.35638297812499997 0.727611940625 0.1914893609375 0.6641791046875001 0.127659575 0.6119402984375 0.122340425