0 0.34296875 0.3390625 0.10625 0.125
0 0.41484375 0.33828125 0.0875 0.0984375
0 0.48125 0.378125 0.0984375 0.13125
0 0.54375 0.321875 0.1109375 0.109375
0 0.61875 0.33671875 0.11875 0.1203125
0 0.6578125 0.41875 0.1109375 0.1171875
0 0.64296875 0.50703125 0.10625 0.09375
0 0.61484375 0.596875 0.121875 0.1046875
0 0.5609375 0.659375 0.1015625 0.0984375
0 0.49375 0.70234375 0.09375 0.1015625
0 0.41953125 0.6671875 0.103125 0.09375
0 0.3640625 0.58359375 0.10625 0.10625
0 0.315625 0.51171875 0.096875 0.1015625
0 0.30703125 0.42265625 0.1 0.103125