0 0.60620915 0.954248365625 0.66013071875 0.90849673125 0.651960784375 0.7734204796874999 0.62418300625 0.7385620921875 0.580065359375 0.703703703125 0.5571895421875 0.6993464046875 0.51633986875 0.721132896875 0.509803921875 0.7363834421875 0.454248365625 0.7124183000000001 0.44444444375 0.7167755984374999 0.43300653593750005 0.7385620921875 0.4264705875 0.7734204796874999 0.437908496875 0.7973856203125 0.44771241875 0.8692810453125001 0.4607843140625 0.91285403125 0.49346405156250006 0.956427015625 0.60620915 0.954248365625
0 0.310457515625 1 0.328431371875 0.9607843140625001 0.33823529375 0.8976034859375 0.349673203125 0.87581699375 0.3529411765625 0.812636165625 0.328431371875 0.7821350765624999 0.30392156875 0.76688453125 0.23202614375000002 0.76688453125 0.1797385625 0.784313725 0.14379085 0.8409586062500001 0.1405228765625 0.8779956421874999 0.1568627453125 0.956427015625 0.17810457500000001 1 0.310457515625 1
0 0.784313725 0.847494553125 0.8643790843750001 0.7494553374999999 0.8660130718750001 0.6993464046875 0.87581699375 0.651416121875 0.8611111109375 0.6209150328125 0.846405228125 0.6078431375 0.8267973859375 0.633986928125 0.8186274515624999 0.633986928125 0.7973856203125 0.5947712421875 0.7712418296875 0.5947712421875 0.7173202609375 0.642701525 0.723856209375 0.6644880171875001 0.715686275 0.6884531593750001 0.7271241828125 0.7080610015625 0.7254901953124999 0.73420479375 0.707516340625 0.7559912859375 0.6944444437499999 0.8061002171875 0.69607843125 0.832244009375 0.715686275 0.847494553125 0.7091503265625 0.8627450984375 0.784313725 0.847494553125
0 0.828431371875 0.33986928125000004 0.8218954249999999 0.3093681921875 0.8218954249999999 0.2984749453125 0.83823529375 0.27886710312499996 0.8366013078125001 0.2636165578125 0.7205882359375 0.2636165578125 0.651960784375 0.3093681921875 0.633986928125 0.3420479296875 0.6388888890625 0.44444444375 0.6633986921874999 0.490196078125 0.678104575 0.5010893249999999 0.792483659375 0.48366013125 0.8186274515624999 0.4488017421875 0.828431371875 0.40305010937499997 0.8496732031249999 0.37472766874999996 0.848039215625 0.357298475 0.828431371875 0.33986928125000004
0 0.51797385625 0.5751633984375 0.545751634375 0.5708061 0.5571895421875 0.5490196078125 0.5571895421875 0.5206971671875 0.5506535953125 0.48366013125 0.5392156859375 0.4705882359375 0.5375816999999999 0.44226579531250004 0.5228758171875 0.41176470624999995 0.5049019609375 0.3986928109375 0.48366013125 0.4139433546875 0.46405228750000005 0.4161220046875 0.46568627500000004 0.355119825 0.44771241875 0.348583878125 0.44117647031249996 0.3594771234375 0.3954248359375 0.3790849671875 0.382352940625 0.40305010937499997 0.3807189546875 0.42483660156249997 0.38725490156250003 0.4488017421875 0.38725490156250003 0.51633986875 0.41013071874999996 0.59041394375 0.43464052343750004 0.6318082781250001 0.4591503265625 0.644880175 0.4754901953125 0.6361655765625 0.51797385625 0.5751633984375
0 0.330065359375 0.2549019609375 0.330065359375 0.23093681875 0.3202614375 0.206971678125 0.2973856203125 0.2178649234375 0.2810457515625 0.215686275 0.2630718953125 0.2026143796875 0.241830065625 0.1546840953125 0.2189542484375 0.150326796875 0.1830065359375 0.1851851859375 0.150326796875 0.259259259375 0.1552287578125 0.34422657968750003 0.1633986921875 0.3594771234375 0.1813725484375 0.3594771234375 0.19444444375 0.37254902031250003 0.2516339875 0.3594771234375 0.2614379078125 0.3355119828125 0.2794117640625 0.3267973859375 0.2973856203125 0.2701525046875 0.330065359375 0.2549019609375
0 0.5588235296875 0.33769063125 0.578431371875 0.3267973859375 0.6111111109375 0.3355119828125 0.6470588234375 0.2897603484375 0.6486928109375001 0.241830065625 0.6323529406249999 0.18736383437499998 0.6176470593750001 0.1830065359375 0.6078431375 0.18954248437500001 0.5947712421875 0.15904139374999998 0.5669934640625 0.1546840953125 0.5326797390625 0.1721132890625 0.49673202656250004 0.213507625 0.48202614375 0.27886710312499996 0.49346405156250006 0.2984749453125 0.5130718953125 0.30501089375 0.526143790625 0.3333333328125 0.534313725 0.3333333328125 0.5392156859375 0.31590413906250003 0.5473856203125 0.313725490625 0.5490196078125 0.328976034375 0.5588235296875 0.33769063125
0 0.51797385625 0.152505446875 0.509803921875 0.1372549015625 0.527777778125 0.115468409375 0.5294117640625 0.08496732031250001 0.51633986875 0.0588235296875 0.49509803906250005 0.052287581250000006 0.48202614375 0.037037037499999995 0.4509803921875 0.032679739062500004 0.40196078437500005 0.078431371875 0.3888888890625 0.1481481484375 0.40196078437500005 0.1917211328125 0.4689542484375 0.213507625 0.4754901953125 0.20479302812500003 0.4787581703125 0.16993464062500002 0.4754901953125 0.14161220000000002 0.4852941171875 0.13943355156249998 0.490196078125 0.1568627453125 0.5147058828125 0.1633986921875 0.51797385625 0.152505446875
0 0.01960784375 0.1851851859375 0.01960784375 0.23965141562499997 0.0375817 0.2984749453125 0.055555556250000006 0.296296296875 0.0751633984375 0.241830065625 0.11928104531249999 0.20479302812500003 0.0866013078125 0.14379085 0.055555556250000006 0.12418300625 0.0245098046875 0.150326796875 0.01960784375 0.1851851859375
0 0.92734375 0.5625 0.1453125 0.2921875
0 0.12109375 0.36875 0.115625 0.196875