0 0.62265625 0.22890625 0.0484375 0.084375
0 0.875 0.2453125 0.0640625 0.1625
0 0.4234375 0.27109375 0.034375 0.0625
0 0.0609375 0.2953125 0.0484375 0.09375
0 0.5421875 0.32890625 0.0515625 0.1109375
0 0.68828125 0.37578125 0.053125 0.1421875
0 0.4265625 0.3859375 0.05 0.1
0 0.2015625 0.45078125 0.0640625 0.125
0 0.4875 0.49921875 0.0625 0.121875
0 0.0625 0.5359375 0.059375 0.1515625
0 0.78203125 0.60546875 0.0578125 0.1671875
0 0.3 0.61328125 0.0703125 0.134375
0 0.05390625 0.75078125 0.0828125 0.134375
0 0.25859375 0.07890625 0.0296875 0.0609375
0 0.87109375 0.86015625 0.1046875 0.2453125
0 0.4484375 0.91796875 0.1109375 0.1640625
0 0.4609375 0.0953125 0.021875 0.0453125
0 0.8109375 0.10078125 0.0390625 0.0828125
0 0.1 0.12421875 0.0296875 0.0671875
0 0.5078125 0.13359375 0.0390625 0.0765625
0 0.5703125 0.16015625 0.040625 0.09375
0 0.44296875 0.19921875 0.034375 0.0734375