0 0.0984375 0.1328125 0.1578125 0.2046875
0 0.16953125 0.32734375 0.1546875 0.18125
0 0.4015625 0.21484375 0.13125 0.225
0 0.5625 0.0671875 0.1453125 0.134375
0 0.79453125 0.1625 0.175 0.221875
0 0.9109375 0.075 0.1765625 0.15
0 0.36953125 0.4171875 0.1453125 0.20625
0 0.33671875 0.57890625 0.15625 0.1671875
0 0.446875 0.52734375 0.1375 0.240625
0 0.53203125 0.3953125 0.20625 0.225
0 0.57578125 0.57578125 0.1640625 0.2046875
0 0.68203125 0.54375 0.190625 0.3453125
0 0.8203125 0.4546875 0.1734375 0.21875
0 0.86640625 0.609375 0.1421875 0.1984375
0 0.90234375 0.7484375 0.153125 0.178125
0 0.41328125 0.70234375 0.2078125 0.2390625
0 0.4734375 0.87890625 0.2296875 0.2421875
0 0.25 0.8625 0.16875 0.178125
0 0.6234375 0.9453125 0.134375 0.109375
0 0.0984375 0.509375 0.096875 0.13125