0 0.4265625 0.77421875 0.2375 0.353125
0 0.6984375 0.6359375 0.21875 0.3171875
0 0.5734375 0.82578125 0.2015625 0.3125
0 0.9171875 0.8640625 0.165625 0.175
0 0.88828125 0.50859375 0.14375 0.1703125
0 0.33046875 0.53984375 0.2234375 0.26875
0 0.10078125 0.64765625 0.2015625 0.2765625
0 0.1453125 0.47109375 0.2015625 0.1296875
0 0.14296875 0.82578125 0.26875 0.3390625
0 0.225 0.9125 0.34375 0.175
0 0.4890625 0.52890625 0.15625 0.1484375
0 0.52890625 0.38203125 0.1390625 0.1390625
0 0.1765625 0.27421875 0.1375 0.165625