0 0.4266666671875 0.17333333281250002 0.337777778125 0.11555555625 0.28444444375 0.1111111109375 0.18222222187499998 0.14666666718750002 0.142222221875 0.1866666671875 0.1111111109375 0.32444444375 0.15111111093750001 0.41777777812499994 0.2 0.457777778125 0.24 0.48 0.3466666671875 0.4933333328125 0.47555555624999996 0.4 0.4933333328125 0.297777778125 0.46666666718750005 0.222222221875 0.4266666671875 0.17333333281250002
0 0.43555555625000003 0.4311111109375 0.3333333328125 0.502222221875 0.3111111109375 0.59555555625 0.32444444375 0.68444444375 0.382222221875 0.7511111109375 0.4711111109375 0.8 0.502222221875 0.8 0.7066666671874999 0.6977777781250001 0.7022222218749999 0.56444444375 0.6488888890625 0.47555555624999996 0.6088888890625 0.44888888906249996 0.43555555625000003 0.4311111109375
0 1 0.6133333328125 0.9466666671875 0.5377777781249999 0.9466666671875 0.44888888906249996 0.91555555625 0.4 0.8800000000000001 0.39555555625 0.8177777781250001 0.40444444375 0.8044444437499999 0.43555555625000003 0.7288888890624999 0.497777778125 0.7022222218749999 0.5599999999999999 0.6977777781250001 0.6488888890625 0.7466666671875 0.737777778125 0.8888888890625 0.8488888890625 1 0.8133333328125 1 0.6133333328125
0 0.67555555625 0.1066666671875 0.5688888890625 0.142222221875 0.52 0.3288888890625 0.542222221875 0.40444444375 0.5733333328125 0.44444444375 0.737777778125 0.4888888890625 0.88444444375 0.35555555625 0.902222221875 0.24 0.88444444375 0.19555555625 0.8133333328125 0.13333333281249998 0.7511111109375 0.1066666671875 0.67555555625 0.1066666671875
0 0.47555555624999996 1 0.46666666718750005 0.8088888890625 0.36 0.71555555625 0.3111111109375 0.7022222218749999 0.142222221875 0.7688888890625 0.097777778125 0.8044444437499999 0.07555555625 0.88444444375 0.0933333328125 1 0.47555555624999996 1
0 0.8800000000000001 1 0.8755555562499999 0.8444444437499999 0.72 0.72 0.64444444375 0.737777778125 0.4888888890625 0.8266666671875 0.48444444375 1 0.8800000000000001 1
0 0 0.79555555625 0.0888888890625 0.8222222218749999 0.2666666671875 0.6799999999999999 0.297777778125 0.5822222218750001 0.2488888890625 0.4888888890625 0.177777778125 0.4266666671875 0.13333333281249998 0.40888888906250004 0.04444444375 0.40888888906250004 0 0.41333333281250006 0.017777778124999997 0.6 0 0.6311111109375 0 0.79555555625
0 0.3288888890625 0 0.337777778125 0.07555555625 0.36444444374999996 0.11555555625 0.46666666718750005 0.19555555625 0.5377777781249999 0.1866666671875 0.5733333328125 0.13333333281249998 0.6933333328125 0.102222221875 0.7066666671874999 0.08444444375 0.6888888890625 0 0.5688888890625 0 0.5555555562500001 0.013333332812500001 0.52444444375 0 0.3288888890625 0
0 0.16171875 0.0640625 0.3234375 0.128125
0 0.8484375 0.084375 0.3015625 0.16875
0 0.065625 0.271875 0.1234375 0.259375
0 0.9375 0.90234375 0.125 0.1875