0 0.42421875 0.25625 0.4078125 0.275
0 0.64375 0.56875 0.3796875 0.321875
0 0.28359375 0.5125 0.359375 0.278125
0 0.18046875 0.7671875 0.340625 0.321875
0 0.38984375 0.87734375 0.4203125 0.2453125
0 0.71796875 0.93984375 0.4546875 0.1203125
0 0.15625 0.16015625 0.3046875 0.3
0 0.70390625 0.215625 0.3875 0.3015625
0 0.45533333281250005 0.58175 0.4676666671875 0.6054999999999999 0.4783333328125 0.62175 0.5133333328125 0.659 0.533 0.67375 0.5503333328125 0.6845 0.5803333328125 0.6975 0.6036666671875001 0.70375 0.63 0.7125 0.6836666671875 0.7215 0.7333333328125 0.72675 0.747 0.72675 0.7596666671875 0.72325 0.7726666671875 0.71475 0.7803333328125001 0.708 0.7853333328125001 0.682 0.794 0.659 0.7966666671875 0.64675 0.7956666671875 0.6184999999999999 0.7916666671875 0.59525 0.7803333328125001 0.55675 0.7746666671875 0.544 0.771 0.53125 0.7623333328124999 0.51475 0.752 0.502 0.7396666671875 0.49024999999999996 0.7106666671874999 0.4665 0.6953333328125 0.45549999999999996 0.6726666671875 0.44749999999999995 0.613 0.4335 0.5589999999999999 0.41825 0.5453333328125 0.418 0.5343333328125001 0.42325 0.5293333328125 0.42699999999999994 0.5183333328125 0.44349999999999995 0.5123333328124999 0.44975 0.491 0.46175 0.4813333328125 0.46849999999999997 0.46900000000000003 0.48224999999999996 0.46166666718749994 0.4955 0.453 0.534 0.45099999999999996 0.5587500000000001 0.45533333281250005 0.58175
0 0.10600000000000001 0.5287499999999999 0.11200000000000002 0.54475 0.123 0.56525 0.136 0.58375 0.1546666671875 0.6005 0.17633333281250002 0.6132500000000001 0.19 0.6195 0.2133333328125 0.62775 0.2363333328125 0.638 0.24500000000000002 0.6405000000000001 0.257 0.6415 0.29533333281249996 0.63925 0.3266666671875 0.64175 0.3403333328125 0.6415 0.3776666671875 0.633 0.3863333328125 0.628 0.40133333281250005 0.62175 0.434 0.5995 0.4543333328125 0.58375 0.4563333328125 0.5742499999999999 0.45499999999999996 0.5549999999999999 0.4563333328125 0.5429999999999999 0.466 0.4965 0.47400000000000003 0.48025 0.4743333328125 0.46925 0.45899999999999996 0.44875 0.44733333281250004 0.43600000000000005 0.43333333281249997 0.42400000000000004 0.4176666671875 0.4145 0.40033333281249994 0.40875000000000006 0.391 0.404 0.381 0.40049999999999997 0.3266666671875 0.3855 0.31433333281250003 0.383 0.29300000000000004 0.3805 0.2726666671875 0.38025000000000003 0.25433333281250003 0.38175 0.23700000000000002 0.3855 0.192 0.40099999999999997 0.16299999999999998 0.41525 0.1463333328125 0.42800000000000005 0.1336666671875 0.44075 0.1243333328125 0.45425000000000004 0.11200000000000002 0.47975 0.10466666718749999 0.5075000000000001 0.10433333281249998 0.521 0.10600000000000001 0.5287499999999999
0 0.22599999999999998 0.279 0.2296666671875 0.294 0.23733333281250002 0.313 0.24900000000000003 0.3305 0.2633333328125 0.34625 0.274 0.356 0.2863333328125 0.36524999999999996 0.29133333281249996 0.37124999999999997 0.296 0.37475 0.308 0.381 0.3413333328125 0.39275000000000004 0.369 0.399 0.3946666671875 0.40774999999999995 0.40499999999999997 0.40975 0.4193333328125 0.41025 0.46799999999999997 0.40099999999999997 0.4903333328125 0.395 0.52 0.382 0.5386666671875 0.36875 0.5656666671874999 0.34225 0.588 0.307 0.5926666671875 0.29325 0.5946666671874999 0.27999999999999997 0.5953333328125 0.26425 0.5943333328125 0.25225 0.5916666671875 0.24075000000000002 0.5856666671874999 0.22825 0.5673333328125 0.20175 0.5563333328125 0.18975 0.5383333328125001 0.17450000000000002 0.5166666671875 0.1595 0.4966666671875 0.149 0.4813333328125 0.14250000000000002 0.45099999999999996 0.133 0.421 0.12875 0.37466666718749997 0.1275 0.3553333328125 0.12875 0.3413333328125 0.1315 0.32366666718750003 0.13774999999999998 0.305 0.146 0.2783333328125 0.16225 0.2663333328125 0.17099999999999999 0.24933333281249997 0.18675 0.23700000000000002 0.20475 0.22799999999999998 0.23025 0.2253333328125 0.248 0.22599999999999998 0.279
0 0.563 1 0.589 0.95475 0.5996666671875001 0.94025 0.6133333328125 0.9247500000000001 0.614 0.9215 0.6143333328125 0.8865000000000001 0.6116666671875 0.8714999999999999 0.6013333328125 0.8465 0.588 0.8237500000000001 0.5796666671875 0.79575 0.5753333328125 0.78975 0.5700000000000001 0.78575 0.5463333328125 0.77975 0.5183333328125 0.7765 0.47933333281249996 0.77025 0.43933333281250003 0.76775 0.41966666718749995 0.76875 0.4046666671875 0.7707499999999999 0.39 0.7745 0.356 0.7809999999999999 0.3416666671875 0.7877500000000001 0.324 0.79375 0.30333333281249997 0.8035 0.2976666671875 0.8074999999999999 0.29300000000000004 0.81225 0.279 0.8227499999999999 0.2526666671875 0.8494999999999999 0.24500000000000002 0.8630000000000001 0.2366666671875 0.8744999999999999 0.23133333281250001 0.8905 0.22599999999999998 0.9012499999999999 0.223 0.9102499999999999 0.2206666671875 0.9237500000000001 0.22033333281249998 0.93775 0.22433333281249998 0.95225 0.23566666718749998 0.975 0.2463333328125 0.9882500000000001 0.25666666718750003 0.9967499999999999 0.259 1 0.563 1
0 0.75859375 0.79921875 0.340625 0.2234375