0 0.308880309375 0.5154639171875 0.227799228125 0.4845360828125 0.10810810781249999 0.52061855625 0.06177606249999999 0.5773195875 0.046332046875 0.664948453125 0.06949806875 0.742268040625 0.1196911203125 0.7319587624999999 0.23166023125000001 0.7886597937500001 0.25482625468750003 0.8298969078124999 0.3050193046875 0.8402061859375 0.38223938281250003 0.7628865984375001 0.38610038593749996 0.6701030921875 0.308880309375 0.5154639171875
0 0.521235521875 1 0.525096525 0.9329896906249999 0.49034749062499994 0.845360825 0.44015444062500003 0.778350515625 0.389961390625 0.7628865984375001 0.28571428593750003 0.8505154640624999 0.25482625468750003 1 0.521235521875 1
0 0 0.9948453609374999 0.25482625468750003 1 0.277992278125 0.8711340203125 0.25482625468750003 0.8144329890625001 0.2084942078125 0.7680412375000001 0.10810810781249999 0.7319587624999999 0 0.7731958765625 0 0.9948453609374999
0 0.6138996140625 0.5876288656249999 0.6332046328125001 0.5412371140625 0.6216216218749999 0.3608247421875 0.575289575 0.278350515625 0.49034749062499994 0.2268041234375 0.4324324328125 0.21649484531250002 0.3629343625 0.2628865984375 0.328185328125 0.3144329890625 0.3127413125 0.3608247421875 0.3127413125 0.5 0.33976833906250004 0.5618556703124999 0.409266409375 0.6340206187499999 0.459459459375 0.644329896875 0.4826254828125 0.6288659796875 0.4980694984375 0.654639175 0.5521235515625 0.654639175 0.6138996140625 0.5876288656249999
0 0.5984555984375 0.6082474234374999 0.5984555984375 0.644329896875 0.6640926640625 0.742268040625 0.7760617765625 0.778350515625 0.7953667953125 0.7061855671874999 0.9227799234375 0.5927835046875 0.9227799234375 0.55670103125 0.76833976875 0.4484536078125 0.6447876453125 0.5154639171875 0.5984555984375 0.6082474234374999
0 0.2084942078125 0.010309278125 0.10038609999999999 0.0773195875 0.1119691125 0.2474226796875 0.1698841703125 0.3505154640625 0.277992278125 0.3969072171875 0.308880309375 0.3711340203125 0.3629343625 0.2628865984375 0.42084942031250006 0.221649484375 0.42084942031250006 0.1494845359375 0.38223938281250003 0.05670103125 0.3359073359375 0.010309278125 0.2084942078125 0.010309278125
0 1 0.15979381406249998 0.9111969109375 0.15979381406249998 0.7799227796875 0.2628865984375 0.7606177609375 0.31958762812499997 0.7606177609375 0.3917525765625 0.7722007718749999 0.4484536078125 0.9498069499999999 0.5721649484375 1 0.536082475 1 0.15979381406249998
0 0.0984375 0.38125 0.196875 0.3609375
0 0.7125 0.8734375 0.2359375 0.253125
0 0.89140625 0.7875 0.2171875 0.421875
0 0.4734375 0.1296875 0.228125 0.2484375