0 0.17266666718749998 0.27599999999999997 0.162 0.28925 0.1526666671875 0.3035 0.13899999999999998 0.32825000000000004 0.1286666671875 0.353 0.1233333328125 0.377 0.12166666718750001 0.39425 0.1286666671875 0.43274999999999997 0.13633333281249999 0.45499999999999996 0.14466666718750001 0.4665 0.1493333328125 0.47874999999999995 0.1516666671875 0.48175 0.1596666671875 0.487 0.174 0.49325 0.20166666718749998 0.50175 0.2323333328125 0.5155000000000001 0.27 0.5389999999999999 0.2846666671875 0.5519999999999999 0.29100000000000004 0.5599999999999999 0.304 0.5665 0.3166666671875 0.5655 0.3286666671875 0.563 0.3416666671875 0.5589999999999999 0.3543333328125 0.5535 0.36633333281249997 0.5507500000000001 0.392 0.5505 0.40499999999999997 0.54875 0.43566666718749997 0.534 0.457 0.522 0.46900000000000003 0.51325 0.489 0.49400000000000005 0.49633333281249997 0.4845 0.512 0.45975 0.5303333328125001 0.42024999999999996 0.5363333328125 0.404 0.5393333328125001 0.39049999999999996 0.5413333328125 0.3705 0.5396666671875 0.34075 0.532 0.316 0.5263333328125 0.30274999999999996 0.5126666671875 0.28125 0.4763333328125 0.23900000000000002 0.45866666718750004 0.21475 0.4526666671875 0.20249999999999999 0.446 0.195 0.44166666718750003 0.19175 0.4206666671875 0.182 0.3926666671875 0.16 0.3826666671875 0.158 0.3736666671875 0.158 0.3523333328125 0.16025 0.3416666671875 0.1625 0.33599999999999997 0.16525 0.31466666718749997 0.17775000000000002 0.302 0.18725 0.2943333328125 0.19575 0.284 0.20350000000000001 0.2146666671875 0.23775 0.19966666718749998 0.2495 0.1853333328125 0.26225 0.17266666718749998 0.27599999999999997
0 0.41733333281249996 0.6305 0.403 0.653 0.3936666671875 0.673 0.3896666671875 0.6832499999999999 0.387 0.6955 0.385 0.7184999999999999 0.385 0.73675 0.3866666671875 0.7502500000000001 0.394 0.7735000000000001 0.4006666671875 0.7887500000000001 0.414 0.8119999999999999 0.42699999999999994 0.8285 0.4373333328125 0.8394999999999999 0.466 0.8637499999999999 0.48566666718749996 0.8755000000000001 0.5186666671875 0.8872500000000001 0.558 0.8939999999999999 0.5936666671874999 0.8967499999999999 0.6096666671875 0.8967499999999999 0.6326666671875001 0.8939999999999999 0.6403333328125 0.891 0.6453333328124999 0.8872500000000001 0.6513333328125 0.85825 0.6646666671875 0.8240000000000001 0.6746666671875 0.8089999999999999 0.6913333328125 0.7929999999999999 0.7216666671875 0.77025 0.7316666671875 0.76425 0.7543333328124999 0.75325 0.795 0.73875 0.8106666671875 0.7342500000000001 0.8156666671874999 0.73175 0.8226666671875 0.72475 0.8276666671875 0.722 0.8276666671875 0.71925 0.8256666671874999 0.7165 0.8236666671874999 0.709 0.8153333328124999 0.6990000000000001 0.7936666671875 0.663 0.773 0.62275 0.7653333328125 0.614 0.7366666671875 0.5925 0.7093333328125 0.577 0.6713333328125 0.56325 0.627 0.55375 0.6186666671875 0.55025 0.6096666671875 0.54225 0.605 0.5395 0.5956666671875 0.5355000000000001 0.5886666671875 0.53525 0.5820000000000001 0.536 0.5713333328125 0.5405 0.5586666671875 0.55 0.5346666671875 0.5627500000000001 0.5196666671875 0.568 0.49400000000000005 0.5742499999999999 0.47766666718749995 0.57975 0.4543333328125 0.59375 0.4493333328125 0.59875 0.43933333281250003 0.60575 0.41733333281249996 0.6305
0 1 0.763 0.9773333328125 0.7457499999999999 0.9566666671874999 0.73775 0.9496666671874999 0.73375 0.9356666671875 0.73075 0.8993333328125 0.727 0.8636666671875 0.72575 0.8463333328125 0.7264999999999999 0.818 0.7304999999999999 0.8113333328125 0.73225 0.7983333328125 0.73775 0.7686666671875 0.74475 0.7573333328125 0.7505 0.7393333328125 0.75675 0.7283333328125 0.764 0.718 0.76925 0.6816666671875 0.79925 0.671 0.8105 0.6576666671875 0.83375 0.6476666671875 0.8615 0.6466666671875 0.8744999999999999 0.644 0.8865000000000001 0.6433333328125 0.9012499999999999 0.6473333328125 0.92675 0.6526666671875 0.94275 0.6586666671875 0.95275 0.6679999999999999 0.9630000000000001 0.6723333328125001 0.9657500000000001 0.6983333328125 0.97325 0.7063333328125 0.97425 0.7213333328125 0.974 0.7376666671875001 0.976 0.7466666671875 0.9782500000000001 0.76 0.978 0.7716666671875 0.975 0.778 0.97575 0.7833333328125 0.9772500000000001 0.7863333328125 0.9792500000000001 0.7929999999999999 0.9884999999999999 0.7973333328125001 0.99225 0.8133333328125 1 0.9946666671875001 1 1 0.9949999999999999 1 0.763
0 0 0.8145 0.062333332812499996 0.83775 0.078 0.83925 0.09066666718750001 0.83725 0.11233333281249999 0.8305 0.13799999999999998 0.8244999999999999 0.1536666671875 0.819 0.1883333328125 0.8095000000000001 0.233 0.78725 0.2553333328125 0.77175 0.2686666671875 0.76 0.29100000000000004 0.735 0.3076666671875 0.7190000000000001 0.315 0.70925 0.3223333328125 0.6725 0.32366666718750003 0.6335 0.321 0.61075 0.3166666671875 0.5965 0.3083333328125 0.57975 0.29333333281249996 0.558 0.2806666671875 0.544 0.2396666671875 0.5165 0.21233333281250003 0.50275 0.1776666671875 0.49074999999999996 0.1643333328125 0.48775 0.11100000000000002 0.48274999999999996 0.0633333328125 0.48224999999999996 0.036 0.48475 0 0.49225 0 0.8145
0 1 0.1395 0.99 0.13725 0.9720000000000001 0.13674999999999998 0.961 0.13774999999999998 0.9153333328125 0.15025 0.9029999999999999 0.15775 0.8859999999999999 0.16475 0.8753333328125 0.17225 0.8596666671875001 0.178 0.8240000000000001 0.2 0.808 0.21225 0.7946666671875 0.22599999999999998 0.7793333328125 0.24900000000000003 0.769 0.26975 0.7583333328124999 0.30074999999999996 0.7586666671875 0.34175 0.7636666671875 0.35175 0.769 0.368 0.778 0.38475000000000004 0.7846666671875 0.40774999999999995 0.7936666671875 0.42125 0.8099999999999999 0.43324999999999997 0.8603333328125 0.43825000000000003 0.8880000000000001 0.43674999999999997 0.901 0.43825000000000003 0.9376666671875 0.43150000000000005 0.9596666671875 0.4255 0.9853333328125 0.42300000000000004 1 0.42300000000000004 1 0.29075 0.999 0.28025 1 0.27675 1 0.1395
0 0.49400000000000005 0 0.481 0.0045 0.4703333328125 0.00975 0.44966666718750004 0.0235 0.4376666671875 0.03425 0.421 0.052500000000000005 0.4106666671875 0.062 0.4046666671875 0.0715 0.3996666671875 0.09025 0.3973333328125 0.12175 0.40033333281249994 0.16525 0.4183333328125 0.1825 0.4296666671875 0.18925 0.4446666671875 0.19624999999999998 0.4493333328125 0.2 0.45766666718750004 0.21525 0.4676666671875 0.22949999999999998 0.5073333328125 0.27825 0.5183333328125 0.28900000000000003 0.5223333328125 0.2905 0.5446666671875 0.294 0.5823333328125 0.29700000000000004 0.63 0.29625 0.6493333328124999 0.29325 0.665 0.28700000000000003 0.683 0.2815 0.6926666671875 0.275 0.7073333328125 0.2685 0.725 0.256 0.7296666671875001 0.25075 0.7393333328125 0.24300000000000002 0.749 0.23125 0.7643333328125 0.20550000000000002 0.7706666671875 0.19075 0.7793333328125 0.1635 0.7809999999999999 0.153 0.7813333328125001 0.1355 0.779 0.11299999999999999 0.7733333328125 0.0955 0.7636666671875 0.075 0.7486666671875 0.05 0.7363333328125 0.038 0.7186666671874999 0.025 0.7026666671874999 0.017 0.6956666671875 0.01125 0.6836666671875 0.0072499999999999995 0.6716666671875 0.0055 0.663 0.0055 0.645 0.006 0.6226666671875 0.008749999999999999 0.6086666671875001 0.008749999999999999 0.5913333328125 0.004 0.5823333328125 0.00275 0.5683333328125 0.0025 0.5519999999999999 0 0.49400000000000005 0
0 0 0.3955 0.001 0.3955 0.0633333328125 0.3915 0.093 0.38525 0.11399999999999999 0.378 0.1243333328125 0.3725 0.1286666671875 0.3665 0.13333333281249998 0.35 0.142 0.32825000000000004 0.1586666671875 0.29900000000000004 0.17366666718749998 0.27825 0.187 0.26325 0.1973333328125 0.25475 0.207 0.2435 0.209 0.24075000000000002 0.209 0.2375 0.20566666718749999 0.22625 0.20033333281250001 0.21625 0.1956666671875 0.1995 0.1873333328125 0.189 0.1826666671875 0.1805 0.174 0.17124999999999999 0.16833333281250001 0.16299999999999998 0.1616666671875 0.157 0.156 0.14925 0.14466666718750001 0.13725 0.121 0.11850000000000001 0.11399999999999999 0.11125 0.1 0.10149999999999999 0.0733333328125 0.09075 0.060333332812499994 0.08399999999999999 0.049333332812500005 0.08149999999999999 0.0366666671875 0.0765 0.026000000000000002 0.07375000000000001 0 0.07275000000000001 0 0.176 0.003 0.181 0.0053333328125 0.19025 0.0183333328125 0.213 0.020999999999999998 0.22625 0.02 0.23900000000000002 0.017333332812499998 0.24575 0.01 0.255 0 0.26225 0 0.3955
0 0.07666666718750001 0.8472500000000001 0.08333333281250001 0.853 0.0883333328125 0.8622500000000001 0.0943333328125 0.8692500000000001 0.1136666671875 0.9195 0.1286666671875 0.9497500000000001 0.13333333281249998 0.97475 0.1336666671875 0.9875 0.142 0.9875 0.1483333328125 0.9814999999999999 0.155 0.9782500000000001 0.16499999999999998 0.97525 0.1926666671875 0.9635 0.2013333328125 0.95875 0.2326666671875 0.94675 0.255 0.9404999999999999 0.2903333328125 0.93675 0.3066666671875 0.9375 0.358 0.9425000000000001 0.374 0.945 0.40099999999999997 0.95175 0.4193333328125 0.95275 0.42800000000000005 0.95425 0.43666666718749997 0.9577500000000001 0.4436666671875 0.9637499999999999 0.45499999999999996 0.9710000000000001 0.4683333328125 0.9765 0.4783333328125 0.9715 0.5056666671875 0.9497500000000001 0.5116666671875 0.942 0.5186666671875 0.93725 0.5233333328125 0.9272500000000001 0.5323333328125 0.9225 0.5389999999999999 0.9125 0.5553333328125001 0.9045 0.5606666671875 0.9 0.5466666671875 0.8965 0.5213333328124999 0.8939999999999999 0.5183333328125 0.89275 0.5116666671875 0.8869999999999999 0.4903333328125 0.8800000000000001 0.47466666718750006 0.8699999999999999 0.4596666671875 0.85825 0.4386666671875 0.8390000000000001 0.4263333328125 0.8252499999999999 0.40499999999999997 0.7969999999999999 0.3953333328125 0.795 0.396 0.7865 0.395 0.7835 0.3916666671875 0.77975 0.381 0.78125 0.3636666671875 0.7735000000000001 0.3313333328125 0.76675 0.298 0.766 0.277 0.767 0.26433333281250004 0.76925 0.22999999999999998 0.7877500000000001 0.20099999999999998 0.8007500000000001 0.16899999999999998 0.81225 0.1376666671875 0.81975 0.11699999999999999 0.82775 0.095 0.834 0.0883333328125 0.83675 0.078 0.844 0.07666666718750001 0.8472500000000001
0 0.47133333281249995 0.5135 0.46799999999999997 0.51625 0.46733333281249995 0.519 0.471 0.5215 0.49533333281249997 0.52675 0.526 0.5375 0.5346666671875 0.542 0.5446666671875 0.5505 0.5583333328125 0.54925 0.5706666671875 0.541 0.5816666671874999 0.53625 0.593 0.53575 0.5963333328125 0.53625 0.605 0.5405 0.622 0.5535 0.635 0.55575 0.659 0.55575 0.6673333328125 0.5429999999999999 0.6856666671875 0.5245 0.702 0.50525 0.7166666671875 0.49024999999999996 0.7323333328125 0.47874999999999995 0.7486666671875 0.47125000000000006 0.7786666671875 0.45375 0.8003333328125001 0.4445 0.8046666671875 0.44075 0.8089999999999999 0.43099999999999994 0.7976666671875 0.42024999999999996 0.7886666671875 0.40750000000000003 0.7793333328125 0.38 0.7716666671875 0.36724999999999997 0.766 0.35325 0.7576666671875001 0.33799999999999997 0.7526666671875 0.33325 0.7436666671875 0.329 0.7383333328125 0.325 0.7123333328125 0.316 0.704 0.31124999999999997 0.674 0.30525 0.6573333328125 0.2995 0.647 0.29725 0.5926666671875 0.29725 0.5446666671875 0.29575 0.5323333328125 0.2925 0.528 0.29225 0.524 0.29325 0.525 0.30325 0.5336666671875 0.3305 0.5373333328125 0.362 0.5353333328125001 0.39049999999999996 0.5326666671875 0.4025 0.509 0.4575 0.5013333328125 0.47175 0.4853333328125 0.49625 0.4756666671875 0.50575 0.47133333281249995 0.5135
0 1 0.42725 0.9893333328124999 0.42725 0.9633333328125 0.43 0.9490000000000001 0.434 0.9259999999999999 0.43775000000000003 0.913 0.44125 0.9026666671875001 0.44749999999999995 0.8873333328124999 0.45375 0.8789999999999999 0.45975 0.8693333328125 0.46449999999999997 0.8383333328125 0.489 0.8213333328125 0.50575 0.7933333328125001 0.54375 0.7823333328125 0.5685 0.7793333328125 0.579 0.7753333328124999 0.59775 0.7743333328124999 0.618 0.7813333328125001 0.64525 0.794 0.6685 0.8183333328125 0.6990000000000001 0.8266666671875 0.70675 0.8313333328124999 0.71375 0.8436666671875 0.7252500000000001 0.8476666671875 0.727 0.8523333328125 0.7275 0.8836666671875 0.7275 0.9336666671874999 0.731 0.9696666671875 0.7415 0.9863333328125 0.7474999999999999 1 0.75 1 0.42725
0 0.2734375 0.084375 0.4109375 0.16875