0 0.43636363593749994 0.4289617484375 0.43454545468749994 0.415300546875 0.429090909375 0.41803278749999995 0.41818181875000004 0.450819671875 0.41454545468750004 0.4890710375 0.39272727343749997 0.5163934421875 0.3563636359375 0.647540984375 0.36 0.68579235 0.3727272734375 0.7103825140625 0.3945454546875 0.72677595625 0.410909090625 0.7240437156249999 0.429090909375 0.7021857921875 0.43636363593749994 0.68032786875 0.44000000000000006 0.6147540984375001 0.4436363640625 0.6092896171875 0.4436363640625 0.5765027328125 0.44000000000000006 0.5710382515625 0.4436363640625 0.538251365625 0.4254545453125 0.5 0.4254545453125 0.461748634375 0.43636363593749994 0.4289617484375
0 0.429090909375 0.4890710375 0.43272727343749995 0.49453551874999996 0.43636363593749994 0.5163934421875 0.45636363593749996 0.5464480875 0.4727272734375 0.543715846875 0.4872727265625 0.5163934421875 0.4872727265625 0.45628415312500004 0.46909090937500003 0.40163934375 0.46363636406250003 0.3934426234375 0.449090909375 0.3934426234375 0.44000000000000006 0.41256830625 0.44000000000000006 0.4289617484375 0.43272727343749995 0.450819671875 0.43272727343749995 0.47814207656249996 0.429090909375 0.4890710375
0 0.59818181875 0.24043715781250002 0.5909090906250001 0.24043715781250002 0.5654545453125001 0.27322404375 0.5545454546874999 0.278688525 0.51818181875 0.32786885312499997 0.4727272734375 0.363387978125 0.46909090937500003 0.40163934375 0.48181818125 0.4316939890625 0.4963636359375 0.4426229515625 0.5272727265625 0.4398907109375 0.549090909375 0.41803278749999995 0.5563636359374999 0.3852459015625 0.57818181875 0.3469945359375 0.5854545453125 0.270491803125 0.5909090906250001 0.26229508125 0.59818181875 0.26229508125 0.6072727265625 0.28688524531250004 0.62181818125 0.2978142078125 0.6072727265625 0.2540983609375 0.59818181875 0.24043715781250002
0 0.450909090625 0.21038251406250003 0.4436363640625 0.23770491875 0.429090909375 0.2595628421875 0.41454545468750004 0.2978142078125 0.41454545468750004 0.3306010921875 0.42181818125000003 0.352459015625 0.44181818125000005 0.3770491796875 0.46181818124999996 0.374316940625 0.49090909062500004 0.3306010921875 0.4945454546875 0.265027321875 0.49818181875 0.2595628421875 0.49818181875 0.21038251406250003 0.4763636359375 0.172131146875 0.470909090625 0.0765027328125 0.46909090937500003 0.1120218578125 0.4654545453125 0.11748633906249999 0.4654545453125 0.188524590625 0.450909090625 0.21038251406250003
0 0.3054545453125 0.45628415312500004 0.3054545453125 0.47267759531250003 0.2872727265625 0.5546448093749999 0.2872727265625 0.6147540984375001 0.290909090625 0.631147540625 0.30727272656250004 0.6557377046874999 0.32181818125 0.6666666671875 0.34181818124999996 0.6639344265625 0.3527272734375 0.6530054640625 0.3636363640625 0.6092896171875 0.3636363640625 0.45628415312500004 0.3563636359375 0.4344262296875 0.36 0.41256830625 0.35818181875 0.35519125625000003 0.3454545453125 0.407103825 0.3363636359375 0.42076502656250003 0.31818181874999996 0.4316939890625 0.3054545453125 0.45628415312500004
0 0.3036363640625 0.415300546875 0.3 0.42076502656250003 0.289090909375 0.42076502656250003 0.2745454546875 0.43715847031250005 0.2672727265625 0.43715847031250005 0.24 0.47814207656249996 0.23272727343750002 0.5 0.23272727343750002 0.5327868859375 0.249090909375 0.5628415296875 0.2745454546875 0.5628415296875 0.27818181875 0.5683060109375 0.27999999999999997 0.5655737703125 0.2872727265625 0.5601092890625 0.2872727265625 0.543715846875 0.290909090625 0.538251365625 0.29454545468750004 0.50546448125 0.30181818125 0.4836065578125 0.30181818125 0.461748634375 0.3163636359375 0.4344262296875 0.32 0.4234972671875 0.31818181874999996 0.42076502656250003 0.3036363640625 0.415300546875
0 0.62 0.398907103125 0.6127272734375 0.398907103125 0.5963636359375 0.4234972671875 0.5963636359375 0.4344262296875 0.5636363640625001 0.5327868859375 0.5599999999999999 0.5491803281250001 0.5599999999999999 0.592896175 0.5654545453125001 0.6120218578125 0.57818181875 0.6092896171875 0.6 0.5710382515625 0.61818181875 0.5109289625 0.61818181875 0.5 0.6363636359375 0.4672131140625 0.6363636359375 0.450819671875 0.64 0.44535519062500006 0.6363636359375 0.3961748640625 0.6436363640625 0.374316940625 0.64181818125 0.3606557375 0.62 0.398907103125
0 0.549090909375 0.6639344265625 0.509090909375 0.7513661203125 0.49818181875 0.7896174859375 0.4945454546875 0.8278688531249999 0.50181818125 0.8497267765625001 0.51818181875 0.863387978125 0.53818181875 0.8606557374999999 0.5563636359374999 0.8442622953125 0.57818181875 0.7950819671875 0.5854545453125 0.7568306015624999 0.5854545453125 0.718579234375 0.6145454546875 0.6202185796874999 0.6145454546875 0.5710382515625 0.629090909375 0.5109289625 0.6236363640625 0.491803278125 0.6 0.5765027328125 0.549090909375 0.6639344265625
0 0.690909090625 0.363387978125 0.690909090625 0.352459015625 0.6818181812499999 0.34426229531249997 0.6745454546875 0.3497267765625 0.6599999999999999 0.3497267765625 0.6545454546875 0.35792349687499997 0.6545454546875 0.374316940625 0.650909090625 0.3797814203125 0.650909090625 0.41256830625 0.6436363640625 0.4344262296875 0.6436363640625 0.45628415312500004 0.64 0.461748634375 0.64 0.4836065578125 0.6363636359375 0.4890710375 0.6363636359375 0.5327868859375 0.64181818125 0.5464480875 0.6472727265625 0.543715846875 0.669090909375 0.50546448125 0.669090909375 0.5 0.6872727265624999 0.47814207656249996 0.6945454546875001 0.45628415312500004 0.6945454546875001 0.44535519062500006 0.69818181875 0.4398907109375 0.69818181875 0.3961748640625 0.6945454546875001 0.3907103828125 0.6945454546875001 0.368852459375 0.690909090625 0.363387978125
0 0.7054545453125 0.41803278749999995 0.690909090625 0.47814207656249996 0.650909090625 0.538251365625 0.5963636359375 0.68032786875 0.5927272734375 0.7568306015624999 0.609090909375 0.781420765625 0.62181818125 0.7841530046875 0.63818181875 0.7759562843750001 0.6618181812499999 0.734972678125 0.6727272734375 0.68032786875 0.6872727265624999 0.642076503125 0.69818181875 0.5710382515625 0.70181818125 0.5163934421875 0.69818181875 0.4890710375 0.709090909375 0.45628415312500004 0.710909090625 0.415300546875 0.7054545453125 0.41803278749999995
0 0.7254545453125 0.4808743171875 0.7236363640625 0.5491803281250001 0.709090909375 0.5710382515625 0.7054545453125 0.5874316937499999 0.7054545453125 0.718579234375 0.7127272734375001 0.7513661203125 0.729090909375 0.7759562843750001 0.7363636359375 0.781420765625 0.7563636359375 0.778688525 0.770909090625 0.76229508125 0.770909090625 0.69125683125 0.7672727265625 0.68579235 0.770909090625 0.6693989078125 0.76 0.625683059375 0.7454545453125 0.592896175 0.7454545453125 0.5710382515625 0.730909090625 0.543715846875 0.730909090625 0.50546448125 0.7254545453125 0.4808743171875
0 0.8745454546874999 0.3497267765625 0.8527272734375 0.3497267765625 0.8290909093750001 0.3852459015625 0.7963636359375 0.4836065578125 0.7963636359375 0.5 0.7927272734375 0.50546448125 0.7927272734375 0.543715846875 0.8127272734375 0.5792349734375 0.8363636359375001 0.5765027328125 0.8472727265625 0.5655737703125 0.85818181875 0.5327868859375 0.85818181875 0.5 0.86181818125 0.49453551874999996 0.8654545453125 0.44535519062500006 0.8690909093749999 0.4398907109375 0.8763636359375001 0.3852459015625 0.8800000000000001 0.3797814203125 0.8800000000000001 0.35792349687499997 0.8745454546874999 0.3497267765625
0 0.8036363640624999 0.3961748640625 0.79818181875 0.38797814218750004 0.7945454546875 0.38797814218750004 0.7872727265624999 0.3770491796875 0.7763636359375 0.3770491796875 0.74 0.415300546875 0.7363636359375 0.415300546875 0.7127272734375001 0.450819671875 0.70181818125 0.47814207656249996 0.70181818125 0.5218579234375 0.7054545453125 0.5273224046875 0.709090909375 0.5491803281250001 0.7163636359375001 0.5491803281250001 0.7163636359375001 0.538251365625 0.7236363640625 0.5218579234375 0.7254545453125 0.48633879843749994 0.730909090625 0.50546448125 0.7327272734375 0.5300546453125 0.7545454546875 0.5245901640625 0.7672727265625 0.5109289625 0.78181818125 0.4672131140625 0.8036363640624999 0.4234972671875 0.8036363640624999 0.3961748640625
0 0.890909090625 0.44535519062500006 0.8800000000000001 0.4672131140625 0.8763636359375001 0.49453551874999996 0.86181818125 0.5327868859375 0.85818181875 0.6092896171875 0.8690909093749999 0.647540984375 0.8818181812500001 0.672131146875 0.8927272734375 0.6830601093750001 0.9272727265625 0.68032786875 0.9381818187500001 0.642076503125 0.9381818187500001 0.5655737703125 0.9345454546875 0.5601092890625 0.9345454546875 0.538251365625 0.9272727265625 0.5218579234375 0.9236363640624999 0.461748634375 0.9054545453125 0.4344262296875 0.9054545453125 0.41256830625 0.8927272734375 0.36612021875 0.890909090625 0.44535519062500006
0 0.8454545453125 0.5792349734375 0.8418181812500001 0.584699453125 0.82 0.584699453125 0.8145454546875 0.59836065625 0.8145454546875 0.6202185796874999 0.8109090906249999 0.625683059375 0.8109090906249999 0.7076502734375001 0.8145454546875 0.7131147546875 0.8145454546875 0.729508196875 0.8254545453125001 0.76229508125 0.8254545453125001 0.77322404375 0.8454545453125 0.7978142078125 0.85818181875 0.7950819671875 0.8763636359375001 0.77322404375 0.8872727265625 0.7404371578125 0.8836363640625 0.7076502734375001 0.8763636359375001 0.69125683125 0.8763636359375001 0.6693989078125 0.86181818125 0.636612021875 0.86181818125 0.625683059375 0.85818181875 0.6202185796874999 0.850909090625 0.5819672125 0.8454545453125 0.5792349734375
0 0.6963636359375001 0.6994535515625 0.6890909093750001 0.6994535515625 0.6799999999999999 0.7131147546875 0.6763636359375 0.729508196875 0.6763636359375 0.77322404375 0.6727272734375 0.778688525 0.6727272734375 0.9426229515625 0.6763636359375 0.94808743125 0.6763636359375 0.9863387984375 0.6799999999999999 0.991803278125 0.6763636359375 0.9972677593749999 0.730909090625 0.9972677593749999 0.730909090625 0.9699453546875001 0.7345454546875 0.9644808749999999 0.7345454546875 0.8825136609375 0.730909090625 0.8770491796875 0.7345454546875 0.822404371875 0.730909090625 0.816939890625 0.730909090625 0.7950819671875 0.7054545453125 0.729508196875 0.7054545453125 0.7131147546875 0.6963636359375001 0.6994535515625
0 0.2272727265625 0.20218579218750002 0.22181818125000002 0.21038251406250003 0.22181818125000002 0.2158469953125 0.2127272734375 0.229508196875 0.20909090937500002 0.229508196875 0.2 0.2486338796875 0.1963636359375 0.270491803125 0.1927272734375 0.27595628437499997 0.1927272734375 0.2923497265625 0.189090909375 0.2978142078125 0.189090909375 0.352459015625 0.1927272734375 0.35792349687499997 0.1927272734375 0.368852459375 0.20181818125 0.3934426234375 0.21090909062500002 0.3907103828125 0.22181818125000002 0.3797814203125 0.22181818125000002 0.363387978125 0.21818181874999998 0.35792349687499997 0.21818181874999998 0.30874316875 0.22181818125000002 0.3032786890625 0.22181818125000002 0.270491803125 0.2254545453125 0.265027321875 0.2254545453125 0.23770491875 0.22909090937499998 0.2322404375 0.2272727265625 0.20218579218750002
0 0.23454545468750002 0.054644809375000006 0.2054545453125 0.092896175 0.0672727265625 0.1748633875 0 0.265027321875 0.0018181812499999997 0.35519125625000003 0.03818181875 0.3497267765625 0.049090909375000005 0.38797814218750004 0.07818181874999999 0.398907103125 0.129090909375 0.44808743125 0.1672727265625 0.45628415312500004 0.20181818125 0.3934426234375 0.22181818125000002 0.3797814203125 0.2254545453125 0.35792349687499997 0.27272727343750003 0.28142076562499996 0.3454545453125 0.183060109375 0.3636363640625 0.14480874375 0.3545454546875 0.125683059375 0.2672727265625 0.0655737703125 0.24181818124999999 0.0710382515625 0.23454545468750002 0.054644809375000006