0 0.7265625 0.2640625 0.1203125 0.06875
0 0.534375 0.3125 0.1203125 0.0671875
0 0.7203125 0.328125 0.121875 0.09375
0 0.528125 0.3765625 0.125 0.0671875
0 0.69921875 0.38984375 0.13125 0.075
0 0.52578125 0.43671875 0.10625 0.059375
0 0.6984375 0.459375 0.11875 0.075
0 0.89296875 0.471875 0.0671875 0.0796875
0 0.52421875 0.49609375 0.1046875 0.06875
0 0.6890625 0.525 0.1296875 0.071875
0 0.41640625 0.5421875 0.1515625 0.1515625
0 0.88203125 0.55546875 0.071875 0.0828125
0 0.375 0.6359375 0.090625 0.0765625
0 0.496875 0.75703125 0.0984375 0.1109375
0 0.4359375 0.79296875 0.109375 0.109375
0 0.76640625 0.8125 0.0625 0.0984375
0 0.31875 0.865625 0.1328125 0.2453125
0 0.1984375 0.88359375 0.121875 0.2328125
0 0.525 0.9109375 0.1984375 0.178125
0 0.4234375 0.94921875 0.090625 0.1015625
0 0.759375 0.10390625 0.0296875 0.06875
0 0.79140625 0.10390625 0.03125 0.0796875
0 0.7 0.1046875 0.034375 0.0578125
0 0.73046875 0.1046875 0.028125 0.0625
0 0.82421875 0.10625 0.0296875 0.0796875
0 0.56015625 0.12734375 0.10625 0.0671875
0 0.54921875 0.1890625 0.109375 0.071875
0 0.7234375 0.1953125 0.109375 0.06875
0 0.53984375 0.2453125 0.1171875 0.0765625