0 0.8891025640624999 0.075342465625 0.878846153125 0.0730593609375 0.8455128203125 0.109589040625 0.8173076921875 0.12557077656249999 0.7070512828125 0.262557078125 0.48141025624999995 0.4566210046875 0.4384615390625 0.5194063921875001 0.425641025 0.5559360734375 0.41923076875 0.5970319640625 0.4166666671875 0.6381278531250001 0.4230769234375 0.6769406390625 0.44423076874999995 0.7237442921875 0.459615384375 0.739726028125 0.48012820468750006 0.748858446875 0.5230769234375 0.7477168953125 0.5519230765625001 0.7374429218749999 0.6455128203125 0.6598173515625 0.7814102562499999 0.49315068437500004 0.8551282046875001 0.373287671875 0.8846153843750001 0.31621004531249997 0.915384615625 0.215753425 0.924358975 0.0627853875 0.9096153843750001 0.0136986296875 0.8948717953124999 0.035388128125 0.8891025640624999 0.075342465625
0 0.6891025640625 0.9794520546875001 0.899358975 0.97716895 0.9634615390624999 0.9977168953125 1 0.9965753421875 0.9980769234375 0.7077625578125 0.8070512828125 0.6826484015625 0.722435896875 0.6826484015625 0.58141025625 0.7191780828125001 0.549358975 0.748858446875 0.5333333328125 0.7865296796875 0.5358974359374999 0.836757990625 0.5538461531250001 0.9326484015625001 0.5916666671875 0.9680365296875 0.6891025640625 0.9794520546875001
0 0.13333333281249998 0.6175799093750001 0.1833333328125 0.859589040625 0.20384615312499998 0.9942922375000001 0.37179487187500004 0.998858446875 0.3705128203125 0.9509132421875 0.334615384375 0.686073059375 0.3179487171875 0.6015981734375 0.2884615390625 0.5171232875 0.2673076921875 0.47945205468749996 0.2326923078125 0.5022831046875 0.1826923078125 0.5022831046875 0.1378205125 0.488584475 0.128205128125 0.546803653125 0.13333333281249998 0.6175799093750001
0 0.2871794875 0.261415525 0.25833333281250004 0.2100456625 0.216025640625 0.15981735156250002 0.10192307656249999 0.086757990625 0.0173076921875 0.0022831046875 0.000641025 0 0 0.33219178125000004 0.040384615624999995 0.390410959375 0.1147435890625 0.46803652968750004 0.1647435890625 0.49315068437500004 0.2166666671875 0.49885844687500003 0.25576923125 0.481735159375 0.277564103125 0.4566210046875 0.29358974375 0.42351598125 0.296153846875 0.40525114218749997 0.2884615390625 0.396118721875 0.2884615390625 0.36872146093749997 0.29230769218749997 0.3504566203125 0.3012820515625 0.3413242015625 0.30256410312500004 0.32077625625 0.2871794875 0.261415525
0 0.25320512812499996 0.19634703125 0.284615384375 0.25 0.3051282046875 0.3299086765625 0.3128205125 0.33219178125000004 0.32948717968749996 0.31849315 0.32948717968749996 0.3002283109375 0.3051282046875 0.23173515937500003 0.284615384375 0.14497716875 0.26538461562500004 0.09931506875 0.209615384375 0.0022831046875 0.021794871875 0.001141553125 0.083974359375 0.07077625625 0.2044871796875 0.146118721875 0.25320512812499996 0.19634703125
0 0.39423076875 0.29452054843750003 0.43461538437499997 0.3047945203125 0.4673076921875 0.2876712328125 0.47179487187499997 0.27283105 0.46794871718750003 0.238584475 0.45064102500000003 0.203196346875 0.36858974375 0.1187214609375 0.300641025 0.0022831046875 0.21923076875 0.001141553125 0.3519230765625 0.262557078125 0.3737179484375 0.262557078125 0.39423076875 0.29452054843750003
0 0 0.998858446875 0.178205128125 0.998858446875 0.191025640625 0.953196346875 0.1923076921875 0.930365296875 0.171794871875 0.807077625 0.1384615390625 0.6541095890624999 0.125 0.6484018265625 0.109615384375 0.6552511421875 0.075 0.6940639265625 0.044871795312500004 0.761415525 0.0012820515625000001 0.9326484015625001 0 0.998858446875
0 0.425641025 0.5445205484375 0.4108974359375 0.534246575 0.3878205125 0.5410958906250001 0.3551282046875 0.5878995437500001 0.3384615390625 0.663242009375 0.3384615390625 0.70205479375 0.375641025 0.9920091328125 0.38012820468749997 1 0.5115384609375 0.998858446875 0.5051282046875001 0.9486301375 0.4891025640625 0.9337899546875 0.48333333281249996 0.9143835609375 0.48333333281249996 0.882420090625 0.49615384687499997 0.8458904109375001 0.49102564062500004 0.7591324203125 0.449358975 0.7351598171875 0.421794871875 0.68150685 0.4141025640625 0.6312785390625 0.425641025 0.5445205484375
0 0.45641025625 0.302511415625 0.446153846875 0.384703196875 0.4487179484375 0.4486301375 0.45641025625 0.48515981718749995 0.4878205125 0.447488584375 0.596153846875 0.3504566203125 0.5858974359375 0.2522831046875 0.559615384375 0.1940639265625 0.5339743593749999 0.17351598125 0.5070512828125 0.1757990875 0.4891025640625 0.1894977171875 0.47051282031249997 0.2226027390625 0.47307692343749996 0.2773972609375 0.45641025625 0.302511415625
0 0.597435896875 0.336757990625 0.6051282046875001 0.3458904109375 0.6634615390625 0.2990867578125 0.7294871796875 0.2294520546875 0.724358975 0.18378995468749998 0.7134615390625 0.1484018265625 0.6480769234375 0.14155251093750001 0.6326923078125 0.12785388125 0.596794871875 0.07077625625 0.5871794875 0.08333333281250001 0.5846153843749999 0.22716894999999998 0.597435896875 0.336757990625
0 0.6852564109375 0.6141552515625001 0.653205128125 0.6621004562499999 0.6294871796875 0.6792237437499999 0.6326923078125 0.6940639265625 0.6448717953124999 0.6952054796875 0.722435896875 0.6780821921875 0.8429487171875 0.6826484015625 0.9108974359375 0.5890410953125 0.9980769234375 0.5159817359375001 1 0.261415525 0.9647435890624999 0.2831050234375 0.8852564109375001 0.38356164375 0.8262820515625 0.42922374375 0.775 0.506849315625 0.6852564109375 0.6141552515625001