0 0.6230769234375 0.7345360828125 0.6192307687499999 0.7551546390625 0.6365384609375 0.778350515625 0.6923076921875 0.780927834375 0.721153846875 0.7680412375000001 0.8480769234375 0.6804123718749999 0.8769230765625 0.6469072171875 0.8846153843750001 0.6211340203125 0.8807692312500001 0.605670103125 0.871153846875 0.6030927828125 0.7903846156250001 0.6340206187499999 0.721153846875 0.644329896875 0.6557692312500001 0.69072165 0.6230769234375 0.7345360828125
0 0.7326923078124999 0.55670103125 0.6961538468749999 0.605670103125 0.70576923125 0.6288659796875 0.721153846875 0.6340206187499999 0.7769230765625 0.6314432984375 0.8480769234375 0.6134020625 0.8634615390624999 0.6030927828125 0.9019230765625 0.5927835046875 0.925 0.5773195875 0.93076923125 0.55927835 0.9269230765625001 0.5180412375000001 0.9096153843750001 0.5051546390625 0.878846153125 0.5051546390625 0.775 0.536082475 0.7326923078124999 0.55670103125
0 0.7096153843749999 0.45876288593750003 0.675 0.4742268046875 0.621153846875 0.5154639171875 0.565384615625 0.5798969078125 0.5538461531250001 0.6159793812500001 0.5538461531250001 0.6469072171875 0.5673076921875 0.6597938140624999 0.5923076921875 0.6572164953125 0.7173076921875 0.546391753125 0.7519230765625 0.546391753125 0.828846153125 0.5154639171875 0.8865384609375001 0.5051546390625 0.896153846875 0.49226804062499996 0.9 0.46134020624999994 0.878846153125 0.4278350515625 0.8326923078125 0.4278350515625 0.7442307687499999 0.463917525 0.7096153843749999 0.45876288593750003
0 0.7134615390625 0.45876288593750003 0.675 0.4742268046875 0.625 0.510309278125 0.590384615625 0.546391753125 0.5615384609375 0.585051546875 0.55 0.6314432984375 0.5634615390625 0.6597938140624999 0.5769230765625 0.6623711343750001 0.6019230765625 0.654639175 0.69423076875 0.567010309375 0.7 0.55927835 0.684615384375 0.5335051546875 0.684615384375 0.5231958765625 0.70576923125 0.4948453609375 0.7326923078124999 0.47938144375 0.7423076921875 0.46649484531249996 0.7326923078124999 0.45876288593750003 0.7134615390625 0.45876288593750003
0 0.6019230765625 0.664948453125 0.5846153843749999 0.69329896875 0.56923076875 0.7345360828125 0.56923076875 0.760309278125 0.5865384609375 0.778350515625 0.596153846875 0.7757731953125 0.6192307687499999 0.760309278125 0.6230769234375 0.7345360828125 0.640384615625 0.7061855671874999 0.715384615625 0.6417525765625001 0.6961538468749999 0.6159793812500001 0.6961538468749999 0.6005154640625 0.728846153125 0.5515463921875 0.7096153843749999 0.55670103125 0.6634615390625 0.59793814375 0.6019230765625 0.664948453125
0 0.575 0.778350515625 0.5019230765625 0.8505154640624999 0.4576923078125 0.914948453125 0.4615384609375 0.9458762890625 0.47307692343749996 0.951030928125 0.521153846875 0.94329896875 0.5865384609375 0.8865979375 0.6192307687499999 0.837628865625 0.6230769234375 0.8221649484375 0.6192307687499999 0.8118556703124999 0.6269230765625 0.780927834375 0.621153846875 0.7731958765625 0.609615384375 0.7731958765625 0.5942307687499999 0.7835051546875 0.575 0.778350515625
0 0.621153846875 1 0.634615384375 0.9819587625 0.6769230765625001 0.8994845359375001 0.68076923125 0.8788659796875 0.7 0.837628865625 0.7 0.8273195875000001 0.690384615625 0.8092783499999999 0.6788461531250001 0.8092783499999999 0.6480769234375 0.835051546875 0.625 0.835051546875 0.56923076875 0.9355670109374999 0.55 0.9871134015624999 0.55 0.9974226796875 0.55576923125 1 0.6076923078124999 1 0.621153846875 1
0 0.40576923125000003 0.7835051546875 0.3980769234375 0.7886597937500001 0.3826923078125 0.7886597937500001 0.3634615390625 0.8041237109375 0.35576923125 0.8041237109375 0.3365384609375 0.82474226875 0.3230769234375 0.8324742265625 0.3230769234375 0.8479381437500001 0.3269230765625 0.8582474234375 0.34423076875 0.876288659375 0.40384615312500005 0.873711340625 0.428846153125 0.8711340203125 0.43269230781249995 0.8659793812500001 0.4519230765625 0.8608247421874999 0.4634615390625 0.8505154640624999 0.47115384687499995 0.8505154640624999 0.4769230765625 0.8427835046875 0.4480769234375 0.819587628125 0.4365384609375 0.819587628125 0.42115384687499996 0.8092783499999999 0.40576923125000003 0.7835051546875
0 0.3173076921875 0.8505154640624999 0.2326923078125 0.855670103125 0.13269230781250002 0.912371134375 0.08846153906250001 0.9664948453125 0.08076923124999999 0.9871134015624999 0.0826923078125 1 0.165384615625 0.9974226796875 0.209615384375 0.9639175249999999 0.24038461562500002 0.9536082468749999 0.32115384687500004 0.9536082468749999 0.40192307656250004 0.9845360828124999 0.4230769234375 0.96134020625 0.4269230765625 0.930412371875 0.415384615625 0.8994845359375001 0.39038461562500004 0.876288659375 0.3365384609375 0.876288659375 0.3173076921875 0.8505154640624999
0 0.3634615390625 0.7731958765625 0.34423076875 0.7731958765625 0.340384615625 0.7680412375000001 0.3134615390625 0.7680412375000001 0.30961538437499997 0.7731958765625 0.2865384609375 0.7731958765625 0.271153846875 0.7835051546875 0.259615384375 0.7835051546875 0.20192307656250003 0.8298969078124999 0.18846153906250002 0.8582474234375 0.18846153906250002 0.8685567015625001 0.19615384687499998 0.8685567015625001 0.225 0.855670103125 0.24423076875 0.855670103125 0.24807692343749999 0.8505154640624999 0.3173076921875 0.845360825 0.325 0.8298969078124999 0.34807692343749996 0.8092783499999999 0.3634615390625 0.798969071875 0.375 0.798969071875 0.384615384375 0.786082475 0.3634615390625 0.7731958765625
0 0.20384615312499998 0.7242268046875 0.20384615312499998 0.739690721875 0.2134615390625 0.7525773203125 0.24807692343749999 0.778350515625 0.275 0.778350515625 0.2980769234375 0.7680412375000001 0.3519230765625 0.7680412375000001 0.35576923125 0.7731958765625 0.384615384375 0.7757731953125 0.3923076921875 0.77061855625 0.3923076921875 0.739690721875 0.40384615312500005 0.713917525 0.39423076875 0.7061855671874999 0.378846153125 0.7061855671874999 0.34423076875 0.69072165 0.271153846875 0.69072165 0.2673076921875 0.6958762890625 0.24423076875 0.6958762890625 0.20384615312499998 0.7242268046875
0 0.340384615625 0.6288659796875 0.3115384609375 0.6572164953125 0.3115384609375 0.6726804125 0.328846153125 0.69072165 0.35576923125 0.69072165 0.35961538437499996 0.6958762890625 0.40576923125000003 0.701030928125 0.409615384375 0.7061855671874999 0.43461538437499997 0.703608246875 0.4634615390625 0.6855670109374999 0.49423076874999994 0.67525773125 0.49615384687499997 0.6675257734375 0.490384615625 0.6597938140624999 0.4519230765625 0.6494845359375 0.39423076875 0.6134020625 0.378846153125 0.6134020625 0.375 0.6185567015625 0.3634615390625 0.6185567015625 0.340384615625 0.6288659796875
0 0.3134615390625 0.5515463921875 0.371153846875 0.5927835046875 0.3826923078125 0.6082474234374999 0.4673076921875 0.654639175 0.4980769234375 0.664948453125 0.51923076875 0.6623711343750001 0.55 0.6417525765625001 0.5538461531250001 0.6005154640625 0.5480769234375 0.5927835046875 0.4865384609375 0.5721649484375 0.39038461562500004 0.5154639171875 0.3519230765625 0.5 0.3134615390625 0.4948453609375 0.3 0.5128865984375001 0.3 0.5335051546875 0.3134615390625 0.5515463921875
0 0.340384615625 0.4948453609375 0.39038461562500004 0.5154639171875 0.5019230765625 0.5773195875 0.54423076875 0.5927835046875 0.5576923078125 0.5902061859375001 0.5769230765625 0.5644329890625001 0.58076923125 0.5438144328125001 0.5634615390625 0.530927834375 0.5403846156250001 0.530927834375 0.5134615390625 0.510309278125 0.3673076921875 0.4742268046875 0.32115384687500004 0.4742268046875 0.30384615312499996 0.48711340156249994 0.30576923125 0.4948453609375 0.340384615625 0.4948453609375
0 0.640384615625 0.38659793750000004 0.621153846875 0.38659793750000004 0.6173076921875 0.3917525765625 0.5980769234375 0.3969072171875 0.5769230765625 0.41494845312499995 0.5769230765625 0.44072164999999996 0.5826923078124999 0.453608246875 0.6480769234375 0.453608246875 0.6519230765625 0.45876288593750003 0.7115384609375 0.4561855671875 0.73076923125 0.45103092812499995 0.7269230765625 0.42525773125 0.7423076921875 0.40463917499999996 0.740384615625 0.3969072171875 0.7096153843749999 0.3969072171875 0.70576923125 0.3917525765625 0.6980769234374999 0.3917525765625 0.690384615625 0.38144329843749997 0.64423076875 0.38144329843749997 0.640384615625 0.38659793750000004
0 0.628846153125 0.29381443281249997 0.55576923125 0.3298969078125 0.521153846875 0.335051546875 0.49615384687499997 0.3582474234375 0.5 0.3788659796875 0.5134615390625 0.3917525765625 0.55576923125 0.3969072171875 0.5711538468749999 0.40721649531250004 0.5846153843749999 0.40463917499999996 0.6173076921875 0.38659793750000004 0.6865384609375 0.38144329843749997 0.69423076875 0.3505154640625 0.7442307687499999 0.3144329890625 0.759615384375 0.3144329890625 0.7615384609375 0.30670103125 0.7557692312500001 0.298969071875 0.7326923078124999 0.29381443281249997 0.7134615390625 0.298969071875 0.628846153125 0.29381443281249997
0 0.9269230765625001 0.3891752578125 0.9057692312500001 0.36597938124999996 0.8442307687499999 0.36597938124999996 0.8403846156249999 0.3711340203125 0.7903846156250001 0.376288659375 0.7673076921875001 0.38659793750000004 0.73076923125 0.42010309218749997 0.73076923125 0.43556701093749994 0.740384615625 0.453608246875 0.7615384609375 0.45103092812499995 0.8211538468749999 0.43298969062500003 0.825 0.4278350515625 0.8480769234375 0.4278350515625 0.8519230765625 0.4226804125 0.871153846875 0.4226804125 0.89423076875 0.4381443296875 0.9019230765625 0.4381443296875 0.9096153843750001 0.43298969062500003 0.9269230765625001 0.40463917499999996 0.9269230765625001 0.3891752578125
0 0.6923076921875 0.3582474234375 0.6923076921875 0.373711340625 0.6980769234374999 0.38659793750000004 0.7096153843749999 0.3917525765625 0.7576923078125 0.3891752578125 0.8019230765625001 0.3711340203125 0.8980769234375 0.36597938124999996 0.9076923078125001 0.34278350468749996 0.878846153125 0.3041237109375 0.809615384375 0.3041237109375 0.80576923125 0.30927835 0.7442307687499999 0.31958762812499997 0.725 0.335051546875 0.7173076921875 0.335051546875 0.6923076921875 0.3582474234375
0 0.728846153125 0.28865979375 0.8 0.30670103125 0.8673076921874999 0.3041237109375 0.8692307687499999 0.286082475 0.8442307687499999 0.2474226796875 0.8134615390625 0.2268041234375 0.7557692312500001 0.21134020625 0.6557692312500001 0.21649484531250002 0.615384615625 0.25 0.6192307687499999 0.280927834375 0.6326923078125 0.28865979375 0.728846153125 0.28865979375
0 0.8653846156249999 0.239690721875 0.89423076875 0.221649484375 0.9980769234375 0.180412371875 1 0.1005154640625 0.9365384609375 0.1288659796875 0.9173076921875 0.144329896875 0.8365384609375001 0.17525773125 0.7980769234375 0.201030928125 0.7884615390625 0.213917525 0.8365384609375001 0.24226804062500001 0.8653846156249999 0.239690721875
0 0.8903846156249999 0.1185567015625 0.8365384609375001 0.1185567015625 0.828846153125 0.1082474234375 0.79423076875 0.123711340625 0.7423076921875 0.1675257734375 0.7423076921875 0.19329896875000002 0.7480769234375 0.201030928125 0.771153846875 0.21134020625 0.784615384375 0.2087628859375 0.80576923125 0.19072165000000002 0.8634615390624999 0.15979381406249998 0.9096153843750001 0.144329896875 0.9365384609375 0.123711340625 0.9634615390624999 0.1134020625 0.9884615390624999 0.0902061859375 0.975 0.087628865625 0.959615384375 0.09793814375 0.94423076875 0.09793814375 0.8903846156249999 0.1185567015625
0 0.8173076921875 0.046391753125000004 0.80576923125 0.046391753125000004 0.79423076875 0.05670103125 0.7865384609375 0.05670103125 0.775 0.067010309375 0.7673076921875001 0.067010309375 0.7365384609375 0.087628865625 0.7115384609375 0.12113402031250001 0.7115384609375 0.1365979375 0.725 0.15979381406249998 0.7326923078124999 0.15979381406249998 0.7365384609375 0.164948453125 0.7384615390625 0.162371134375 0.7480769234375 0.15979381406249998 0.7673076921875001 0.1391752578125 0.7903846156250001 0.123711340625 0.7980769234375 0.123711340625 0.809615384375 0.1134020625 0.825 0.1082474234375 0.8269230765625 0.0902061859375 0.8384615390624999 0.07474226875 0.8384615390624999 0.069587628125 0.8173076921875 0.046391753125000004
0 0.7826923078125 0 0.771153846875 0.010309278125 0.7519230765625 0.0154639171875 0.7134615390625 0.041237114062500003 0.7019230765625 0.05670103125 0.6980769234374999 0.05670103125 0.6884615390625 0.07474226875 0.6884615390625 0.085051546875 0.70576923125 0.1134020625 0.715384615625 0.1108247421875 0.740384615625 0.0824742265625 0.80576923125 0.046391753125000004 0.8076923078125 0.023195876562500002 0.8115384609375 0.012886598437499999 0.8019230765625001 0 0.7826923078125 0
0 0.6826923078125 0.0721649484375 0.64423076875 0.0721649484375 0.6326923078125 0.0824742265625 0.6134615390625 0.087628865625 0.5826923078124999 0.1134020625 0.55 0.15721649531249998 0.5538461531250001 0.162371134375 0.5538461531250001 0.1881443296875 0.559615384375 0.19587628906250001 0.5730769234374999 0.19329896875000002 0.6019230765625 0.17525773125 0.609615384375 0.17525773125 0.6173076921875 0.164948453125 0.640384615625 0.1494845359375 0.6480769234375 0.1494845359375 0.6865384609375 0.1288659796875 0.6961538468749999 0.11597938125 0.6884615390625 0.09536082500000001 0.6884615390625 0.0798969078125 0.6826923078125 0.0721649484375
0 0.6365384609375 0.1701030921875 0.5326923078125 0.21649484531250002 0.5019230765625 0.24226804062500001 0.48076923125000004 0.2757731953125 0.48076923125000004 0.286082475 0.49423076874999994 0.298969071875 0.5230769234375 0.296391753125 0.5673076921875 0.2835051546875 0.5730769234374999 0.239690721875 0.5942307687499999 0.21649484531250002 0.609615384375 0.21649484531250002 0.6134615390625 0.21134020625 0.675 0.21134020625 0.684615384375 0.19845360781250002 0.684615384375 0.1881443296875 0.6673076921875001 0.1701030921875 0.6365384609375 0.1701030921875
0 0.475 0.1855670109375 0.4634615390625 0.19072165000000002 0.44423076874999995 0.21649484531250002 0.43269230781249995 0.221649484375 0.4230769234375 0.2345360828125 0.4365384609375 0.2628865984375 0.459615384375 0.2628865984375 0.4634615390625 0.2680412375 0.46923076874999997 0.2654639171875 0.490384615625 0.257731959375 0.509615384375 0.2319587625 0.5519230765625001 0.201030928125 0.5538461531250001 0.162371134375 0.5480769234375 0.154639175 0.5403846156250001 0.154639175 0.525 0.164948453125 0.5057692312500001 0.15979381406249998 0.48269230781249994 0.17525773125 0.475 0.1855670109375
0 0.3269230765625 0.337628865625 0.34423076875 0.3608247421875 0.35961538437499996 0.3711340203125 0.3673076921875 0.3711340203125 0.371153846875 0.376288659375 0.415384615625 0.373711340625 0.43076923125000005 0.36340206249999996 0.43076923125000005 0.3530927828125 0.4173076921875 0.335051546875 0.3980769234375 0.3298969078125 0.39423076875 0.32474226875 0.3865384609375 0.32474226875 0.371153846875 0.3144329890625 0.3365384609375 0.3144329890625 0.3269230765625 0.3221649484375 0.3269230765625 0.337628865625
0 0.3134615390625 0.38659793750000004 0.2980769234375 0.3969072171875 0.284615384375 0.42010309218749997 0.284615384375 0.42525773125 0.290384615625 0.43298969062500003 0.328846153125 0.43298969062500003 0.33269230781250003 0.4381443296875 0.346153846875 0.43556701093749994 0.4134615390625 0.40721649531250004 0.415384615625 0.39432989687500003 0.4115384609375 0.38402061875000004 0.40192307656250004 0.38144329843749997 0.3980769234375 0.376288659375 0.34423076875 0.376288659375 0.340384615625 0.38144329843749997 0.325 0.38144329843749997 0.32115384687500004 0.38659793750000004 0.3134615390625 0.38659793750000004
0 0.33269230781250003 0.44329896875 0.3019230765625 0.463917525 0.2884615390625 0.48195876249999997 0.29230769218749997 0.4974226796875 0.3019230765625 0.5 0.30961538437499997 0.489690721875 0.40576923125000003 0.47938144375 0.425 0.489690721875 0.5269230765625 0.5128865984375001 0.5538461531250001 0.47680412343749995 0.5519230765625001 0.463917525 0.509615384375 0.463917525 0.4673076921875 0.4484536078125 0.3980769234375 0.4484536078125 0.3634615390625 0.463917525 0.35961538437499996 0.45876288593750003 0.34807692343749996 0.469072165625 0.346153846875 0.4458762890625 0.33269230781250003 0.44329896875
0 0.1634615390625 0.5773195875 0.15769230781250002 0.585051546875 0.15769230781250002 0.595360825 0.175 0.6185567015625 0.18846153906250002 0.6159793812500001 0.1980769234375 0.6030927828125 0.20192307656250003 0.6030927828125 0.225 0.5773195875 0.22884615312499998 0.5773195875 0.23461538437499999 0.5695876281250001 0.23461538437499999 0.5644329890625001 0.190384615625 0.5618556703124999 0.18653846093749998 0.567010309375 0.17884615312500002 0.567010309375 0.1634615390625 0.5773195875
0 0.16923076875 0.6984536078125 0.16923076875 0.6726804125 0.18846153906250002 0.65206185625 0.18846153906250002 0.626288659375 0.1826923078125 0.6185567015625 0.159615384375 0.623711340625 0.14423076875000002 0.6340206187499999 0.10769230781250001 0.6778350515625 0.10769230781250001 0.6881443296875001 0.1134615390625 0.701030928125 0.16923076875 0.6984536078125
0 0.1269230765625 0.548969071875 0.1115384609375 0.548969071875 0.10769230781250001 0.5386597937500001 0.11538461562499999 0.5335051546875 0.10576923125 0.510309278125 0.090384615625 0.5154639171875 0.078846153125 0.536082475 0.059615384375000004 0.546391753125 0.053846153125 0.5541237109375 0.057692307812499996 0.55927835 0.055769231249999995 0.5618556703124999 0.051923076562500003 0.55670103125 0.0423076921875 0.5644329890625001 0.0384615390625 0.57474226875 0.040384615624999995 0.5773195875 0.051923076562500003 0.5773195875 0.055769231249999995 0.5721649484375 0.057692307812499996 0.5798969078125 0.0423076921875 0.6108247421875 0.03076923125 0.6469072171875 0.015384615625 0.6726804125 0.01923076875 0.6984536078125 0.03076923125 0.6984536078125 0.046153846875 0.6726804125 0.0615384609375 0.6314432984375 0.0615384609375 0.6159793812500001 0.065384615625 0.605670103125 0.08653846093749999 0.5876288656249999 0.096153846875 0.57474226875 0.0923076921875 0.5695876281250001 0.09423076875 0.567010309375 0.11730769218749999 0.5618556703124999 0.1269230765625 0.548969071875
0 0.075 0.8298969078124999 0.06923076875 0.8170103093750001 0.08076923124999999 0.8015463921875 0.084615384375 0.786082475 0.075 0.7731958765625 0.07115384687500001 0.778350515625 0.0480769234375 0.778350515625 0.025 0.7525773203125 0.0019230765625 0.7371134015624999 0 0.9974226796875 0.0769230765625 0.9974226796875 0.084615384375 0.9664948453125 0.1 0.9407216500000001 0.096153846875 0.930412371875 0.1365384609375 0.912371134375 0.159615384375 0.8917525765625 0.1615384609375 0.8788659796875 0.134615384375 0.8634020625 0.13076923125 0.8427835046875 0.1134615390625 0.8092783499999999 0.075 0.8298969078124999
0 0.24230769218749998 0.3788659796875 0.24807692343749999 0.38659793750000004 0.27692307656250004 0.38402061875000004 0.290384615625 0.36597938124999996 0.3173076921875 0.3505154640625 0.3230769234375 0.34278350468749996 0.3019230765625 0.31958762812499997 0.2980769234375 0.32474226875 0.290384615625 0.32474226875 0.2865384609375 0.3298969078125 0.271153846875 0.335051546875 0.24230769218749998 0.36855670156250003 0.24230769218749998 0.3788659796875
0 0.17884615312500002 0.345360825 0.1615384609375 0.36855670156250003 0.171153846875 0.3917525765625 0.1923076921875 0.3891752578125 0.2134615390625 0.3711340203125 0.221153846875 0.3711340203125 0.2326923078125 0.3608247421875 0.24038461562500002 0.3608247421875 0.24230769218749998 0.3324742265625 0.2326923078125 0.3298969078125 0.22884615312499998 0.335051546875 0.209615384375 0.335051546875 0.19423076875 0.345360825 0.17884615312500002 0.345360825
0 0.19615384687499998 0.30670103125 0.2 0.30670103125 0.21923076875 0.296391753125 0.21923076875 0.286082475 0.2134615390625 0.2731958765625 0.1980769234375 0.2731958765625 0.1769230765625 0.29123711406249997 0.1769230765625 0.296391753125 0.1826923078125 0.3041237109375 0.190384615625 0.30927835 0.19423076875 0.298969071875 0.19615384687499998 0.30670103125
0 0.2826923078125 0.257731959375 0.2634615390625 0.2628865984375 0.24615384687500003 0.2757731953125 0.24615384687500003 0.29123711406249997 0.2519230765625 0.298969071875 0.2673076921875 0.298969071875 0.271153846875 0.3041237109375 0.278846153125 0.298969071875 0.290384615625 0.30927835 0.30384615312499996 0.30670103125 0.30384615312499996 0.3015463921875 0.30961538437499997 0.29381443281249997 0.3173076921875 0.29381443281249997 0.33269230781250003 0.2835051546875 0.3519230765625 0.2628865984375 0.35961538437499996 0.2628865984375 0.3634615390625 0.2731958765625 0.365384615625 0.2551546390625 0.2865384609375 0.2525773203125 0.2826923078125 0.257731959375
0 0.25576923125 0.221649484375 0.253846153125 0.2551546390625 0.259615384375 0.2628865984375 0.2730769234375 0.260309278125 0.2826923078125 0.2525773203125 0.3173076921875 0.2525773203125 0.32115384687500004 0.2474226796875 0.340384615625 0.2474226796875 0.3423076921875 0.2345360828125 0.346153846875 0.22938144375 0.346153846875 0.219072165625 0.2673076921875 0.21649484531250002 0.2634615390625 0.221649484375 0.25576923125 0.221649484375
0 0.21730769218749998 0.2061855671875 0.221153846875 0.21649484531250002 0.225 0.21134020625 0.2365384609375 0.21134020625 0.24807692343749999 0.221649484375 0.2576923078125 0.219072165625 0.278846153125 0.21134020625 0.29230769218749997 0.19329896875000002 0.29230769218749997 0.18298969062499998 0.278846153125 0.1701030921875 0.2365384609375 0.1701030921875 0.2326923078125 0.164948453125 0.209615384375 0.164948453125 0.19615384687499998 0.17783505156249999 0.2 0.19329896875000002 0.21730769218749998 0.2061855671875
0 0.1269230765625 0.29123711406249997 0.146153846875 0.260309278125 0.146153846875 0.239690721875 0.140384615625 0.2319587625 0.1365384609375 0.2319587625 0.128846153125 0.24226804062500001 0.11730769218749999 0.24226804062500001 0.10384615312500001 0.2551546390625 0.10384615312500001 0.280927834375 0.10769230781250001 0.29123711406249997 0.1269230765625 0.29123711406249997
0 0.057692307812499996 0.373711340625 0.0730769234375 0.373711340625 0.078846153125 0.3711340203125 0.09807692343749999 0.345360825 0.11538461562499999 0.3324742265625 0.11923076875000001 0.3118556703125 0.109615384375 0.29381443281249997 0.09423076875 0.29381443281249997 0.065384615625 0.3273195875 0.0615384609375 0.34793814375 0.057692307812499996 0.3530927828125 0.057692307812499996 0.373711340625
0 0 0.3530927828125 0.003846153125 0.3530927828125 0.025 0.34020618593749996 0.0326923078125 0.34020618593749996 0.0365384609375 0.335051546875 0.059615384375000004 0.335051546875 0.06923076875 0.31701030937499997 0.0615384609375 0.30670103125 0.0615384609375 0.296391753125 0.0326923078125 0.29381443281249997 0.0019230765625 0.3144329890625 0 0.3530927828125
0 0.06923076875 0.18298969062499998 0.0673076921875 0.164948453125 0.0480769234375 0.164948453125 0.044230768749999996 0.1701030921875 0.0365384609375 0.1701030921875 0.03076923125 0.17783505156249999 0.03076923125 0.1881443296875 0.040384615624999995 0.201030928125 0.05 0.19845360781250002 0.06923076875 0.18298969062499998
0 0.2 0.0902061859375 0.20192307656250003 0.1030927828125 0.2230769234375 0.1005154640625 0.24230769218749998 0.0902061859375 0.24230769218749998 0.085051546875 0.23461538437499999 0.0798969078125 0.2384615390625 0.07474226875 0.2365384609375 0.0721649484375 0.20576923125 0.0721649484375 0.20384615312499998 0.0644329890625 0.1980769234375 0.0618556703125 0.18846153906250002 0.07474226875 0.2 0.0902061859375
0 0.3865384609375 0.0824742265625 0.371153846875 0.0773195875 0.3673076921875 0.0721649484375 0.34807692343749996 0.0773195875 0.334615384375 0.09536082500000001 0.334615384375 0.1108247421875 0.31923076875 0.126288659375 0.32115384687500004 0.1391752578125 0.34423076875 0.1391752578125 0.34807692343749996 0.13402061875 0.35576923125 0.13402061875 0.35961538437499996 0.1391752578125 0.3673076921875 0.1391752578125 0.36923076875 0.1469072171875 0.378846153125 0.154639175 0.384615384375 0.15206185625 0.39423076875 0.1494845359375 0.3980769234375 0.144329896875 0.43269230781249995 0.144329896875 0.44230769218750005 0.1365979375 0.44230769218750005 0.126288659375 0.4365384609375 0.1185567015625 0.428846153125 0.1185567015625 0.409615384375 0.09793814375 0.39423076875 0.09793814375 0.3865384609375 0.0824742265625
0 0.11484375 0.13203125 0.0984375 0.0578125
0 0.14296875 0.20078125 0.1171875 0.0625
0 0.04609375 0.2578125 0.084375 0.0625
0 0.17734375 0.03984375 0.1078125 0.0390625
0 0.15625 0.45703125 0.1515625 0.1
0 0.0515625 0.4921875 0.0875 0.1390625