0 0.0514705875 0.16122004375 0.0490196078125 0.17320261406249998 0.0547385625 0.1830065359375 0.1013071890625 0.1928104578125 0.1127450984375 0.17320261406249998 0.114379084375 0.1296296296875 0.1111111109375 0.1034858390625 0.09640522812499999 0.07080610000000001 0.06944444375 0.0392156859375 0.0498366015625 0.030501089062499997 0.0155228765625 0.030501089062499997 0.013071895312500002 0.17320261406249998 0.046568628125 0.18082788593750002 0.0514705875 0.16122004375
0 0.11928104531249999 0.17538126406250001 0.1650326796875 0.16013071875 0.1462418296875 0.1285403046875 0.11519607812499999 0.1089324625 0.1127450984375 0.17320261406249998 0.11928104531249999 0.17538126406250001
0 0.11519607812499999 0.1111111109375 0.1364379078125 0.11982570781249999 0.16013071875 0.142701525 0.1568627453125 0.11655773437500001 0.133169934375 0.0827886703125 0.099673203125 0.0751633984375 0.11519607812499999 0.1111111109375
0 0.013071895312500002 0.3714596953125 0.0514705875 0.4139433546875 0.099673203125 0.419389978125 0.1315359484375 0.3986928109375 0.1486928109375 0.364923746875 0.15359477187499998 0.30610021718749997 0.1470588234375 0.2647058828125 0.1290849671875 0.2254901953125 0.10539215625000001 0.20043572968749998 0.06944444375 0.1851851859375 0.0318627453125 0.1917211328125 0.013071895312500002 0.2124183 0.013071895312500002 0.3714596953125
0 0.18954248437500001 0.2516339875 0.1797385625 0.2189542484375 0.1797385625 0.1797385625 0.1642156859375 0.1655773421875 0.13970588281250002 0.1655773421875 0.11519607812499999 0.1786492375 0.10620915 0.1993464046875 0.1405228765625 0.2450980390625 0.15849673125 0.3169934640625 0.18954248437500001 0.2516339875
0 0.1952614375 0.2527233109375 0.21650326875 0.23965141562499997 0.2475490203125 0.241830065625 0.2720588234375 0.2614379078125 0.3071895421875 0.3148148140625 0.321895425 0.27995642656249997 0.32516339843750003 0.23638344218750001 0.313725490625 0.168845315625 0.275326796875 0.1220043578125 0.2459150328125 0.1111111109375 0.2116013078125 0.11328976093750001 0.1928104578125 0.1383442265625 0.1797385625 0.17320261406249998 0.186274509375 0.2450980390625 0.1952614375 0.2527233109375
0 0.1568627453125 0.3257080609375 0.1552287578125 0.367102396875 0.1633986921875 0.40413943281250003 0.187091503125 0.4488017421875 0.21486928125000002 0.47494553437500003 0.2450980390625 0.4760348578125 0.257352940625 0.4705882359375 0.2973856203125 0.4063180828125 0.30228758125 0.3235294125 0.2908496734375 0.2886710234375 0.26879084999999997 0.259259259375 0.24918300625 0.24400871406250002 0.2181372546875 0.23965141562499997 0.1936274515625 0.2549019609375 0.1666666671875 0.293028321875 0.1568627453125 0.3257080609375
0 0.013071895312500002 0.598039215625 0.026960784375 0.6078431375 0.0735294125 0.6067538124999999 0.12009803906250001 0.5773420484375 0.1372549015625 0.5479302828125 0.14215686249999998 0.508714596875 0.133986928125 0.4694989109375 0.1119281046875 0.44008714531250004 0.080882353125 0.41830065312500003 0.048202614062499996 0.4161220046875 0.01879085 0.42701525 0.013071895312500002 0.4324618734375 0.013071895312500002 0.598039215625
0 0.17810457500000001 0.580610021875 0.1830065359375 0.5762527234375 0.1764705875 0.5413943359375 0.1928104578125 0.48039215625000004 0.15277777812499999 0.45533769062499996 0.1364379078125 0.4596949890625 0.132352940625 0.4673202609375 0.1405228765625 0.489106753125 0.14215686249999998 0.528322440625 0.12745097968750002 0.5762527234375 0.17810457500000001 0.580610021875
0 0.20669934687499997 0.686274509375 0.2189542484375 0.6546840953124999 0.2124183 0.6220043578125 0.18545751562499999 0.58823529375 0.15931372500000002 0.5773420484375 0.12826797343750002 0.579520696875 0.079248365625 0.6078431375 0.05392156875 0.6459694984375 0.042483659374999996 0.6917211328125 0.044117646875 0.713507625 0.0686274515625 0.7352941171875 0.09068627500000001 0.703703703125 0.12745097968750002 0.6742919390625 0.1266339875 0.6666666671875 0.11519607812499999 0.6732026140625 0.1045751640625 0.6655773421875 0.12009803906250001 0.653594771875 0.133169934375 0.6579520703124999 0.14297385625 0.6732026140625 0.18055555625 0.6732026140625 0.20669934687499997 0.686274509375
0 0.042483659374999996 0.7091503265625 0.052287581250000006 0.6481481484375 0.071895425 0.6132897609375 0.0155228765625 0.6034858390625 0.013071895312500002 0.7004357296875 0.042483659374999996 0.7091503265625
0 0.063725490625 0.741830065625 0.0416666671875 0.71459695 0.013888889062500001 0.703703703125 0.013071895312500002 0.9509803921875 0.01960784375 0.953159040625 0.0588235296875 0.8965141609374999 0.052287581250000006 0.8006535953125 0.063725490625 0.741830065625
0 0.0735294125 0.7287581703125 0.055555556250000006 0.7897603484375 0.05392156875 0.8420479296875 0.0702614375 0.9074074078125 0.0939542484375 0.9433551203125001 0.12826797343750002 0.9629629625 0.1633986921875 0.9618736390624999 0.1952614375 0.9433551203125001 0.222222221875 0.9052287578125 0.24019607812500002 0.846405228125 0.2434640515625 0.778867103125 0.23366013125 0.7352941171875 0.21486928125000002 0.6993464046875 0.19035947656250002 0.6775599125 0.151143790625 0.6732026140625 0.098856209375 0.69716775625 0.0735294125 0.7287581703125
0 0.2467320265625 0.8071895421875 0.2810457515625 0.8159041390624999 0.2875817 0.811546840625 0.2892156859375 0.757080609375 0.30392156875 0.704793028125 0.348039215625 0.6459694984375 0.311274509375 0.633986928125 0.275326796875 0.6078431375 0.2279411765625 0.642701525 0.20915032656250002 0.689542484375 0.23366013125 0.7309368187499999 0.2467320265625 0.8071895421875
0 0.2197712421875 0.6209150328125 0.2434640515625 0.62418300625 0.27450980468749997 0.6023965140625 0.259803921875 0.5566448796875 0.258169934375 0.48039215625000004 0.221405228125 0.47930283281249997 0.20833333281250002 0.4705882359375 0.18464052343749998 0.5065359484374999 0.17810457500000001 0.5544662312499999 0.186274509375 0.5827886703125 0.20669934687499997 0.6100217859375 0.2197712421875 0.6209150328125
0 0.258169934375 0.5392156859375 0.26797385625 0.580610021875 0.2900326796875 0.6165577343749999 0.3243464046875 0.6383442265625 0.3513071890625 0.6372549015625 0.3799019609375 0.6165577343749999 0.40032679687500006 0.5827886703125 0.41176470624999995 0.5043572984375 0.4052287578125 0.4694989109375 0.3880718953125 0.43355119843749995 0.365196078125 0.40958605625000005 0.32271241875 0.3943355125 0.2900326796875 0.4161220046875 0.2630718953125 0.4607843140625 0.258169934375 0.5392156859375
0 0.38725490156250003 0.37799564218750004 0.375 0.348583878125 0.3390522875 0.3180827890625 0.30228758125 0.3235294125 0.29983660156249997 0.4052287578125 0.31944444375000003 0.39651416093749997 0.3259803921875 0.3812636171875 0.3276143796875 0.3899782140625 0.382352940625 0.419389978125 0.38725490156250003 0.37799564218750004
0 0.3455882359375 0.3202614375 0.3700980390625 0.3420479296875 0.39379084999999997 0.3453159046875 0.44035947656249996 0.313725490625 0.44934640468750003 0.2734204796875 0.44281045781249995 0.20806100156250001 0.4158496734375 0.1786492375 0.3799019609375 0.1721132890625 0.3537581703125 0.1830065359375 0.3349673203125 0.20588235312499997 0.3267973859375 0.22766884531249998 0.32516339843750003 0.275599128125 0.3455882359375 0.3202614375
0 0.38725490156250003 0.3867102390625 0.3888888890625 0.430283225 0.41176470624999995 0.48474945468749997 0.4223856203125 0.5010893249999999 0.4526143796875 0.5130718953125 0.50081699375 0.4945533765625 0.526143790625 0.454248365625 0.534313725 0.419389978125 0.5326797390625 0.38453159062500003 0.51633986875 0.3453159046875 0.489379084375 0.3224400875 0.45669934687499997 0.313725490625 0.4142156859375 0.331154684375 0.40032679687500006 0.349673203125 0.38725490156250003 0.3867102390625
0 0.4599673203125 0.3093681921875 0.51960784375 0.34095860624999996 0.5506535953125 0.310457515625 0.5653594765625 0.2734204796875 0.5702614374999999 0.20152505468749998 0.546568628125 0.14161220000000002 0.508986928125 0.1220043578125 0.4779411765625 0.1372549015625 0.46241830000000006 0.1579520703125 0.44934640468750003 0.186274509375 0.44444444375 0.242919390625 0.4599673203125 0.3093681921875
0 0.58823529375 0.47385620937499995 0.6192810453125001 0.44553376875 0.62581699375 0.419389978125 0.5947712421875 0.3692810453125 0.596405228125 0.310457515625 0.561274509375 0.30283224375 0.5228758171875 0.3453159046875 0.534313725 0.3888888890625 0.5326797390625 0.44553376875 0.5596405234375 0.47494553437500003 0.58823529375 0.47385620937499995
0 0.41339869218749997 0.5762527234375 0.4068627453125 0.6307189546874999 0.4150326796875 0.6655773421875 0.437091503125 0.69716775625 0.46160130781250003 0.7124183000000001 0.4852941171875 0.713507625 0.5220588234375 0.69716775625 0.5375816999999999 0.6764705875 0.55392156875 0.6067538124999999 0.545751634375 0.5653594765625 0.5236928109375001 0.527233115625 0.5024509796875 0.509803921875 0.47303921562499995 0.5076252718750001 0.4485294125 0.51851851875 0.42973856250000003 0.5413943359375 0.41339869218749997 0.5762527234375
0 0.30555555624999997 0.7026143796875 0.2892156859375 0.7614379078125 0.2875817 0.811546840625 0.2973856203125 0.8616557734375 0.3243464046875 0.9106753812499999 0.348856209375 0.9259259265625 0.37745097968749997 0.9248366015625 0.40277777812500004 0.9041394328125 0.428104575 0.8638344234374999 0.44444444375 0.8006535953125 0.44607843125 0.76579520625 0.439542484375 0.7200435734374999 0.42483660156249997 0.6830065359375 0.39950980468749997 0.6579520703124999 0.3619281046875 0.651416121875 0.330882353125 0.6666666671875 0.30555555624999997 0.7026143796875
0 0.428104575 0.8681917218749999 0.438725490625 0.8867102390625 0.46323529375000005 0.9041394328125 0.51633986875 0.90958605625 0.543300653125 0.8997821343749999 0.562091503125 0.8703703703125001 0.571895425 0.8376906312499999 0.571895425 0.78540305 0.562091503125 0.7505446625000001 0.5383986921874999 0.7167755984374999 0.510620915625 0.705882353125 0.4509803921875 0.73311546875 0.44281045781249995 0.8159041390624999 0.428104575 0.8681917218749999
0 0.5890522875 0.775599128125 0.5767973859375 0.7832244015625001 0.5735294125 0.8551198250000001 0.578431371875 0.87472766875 0.5939542484375 0.8932461875 0.6282679734375 0.90849673125 0.7009803921875 0.90958605625 0.723856209375 0.8877995640625 0.73202614375 0.8355119828124999 0.7254901953124999 0.794117646875 0.7017973859375 0.7538126359375 0.687091503125 0.758169934375 0.67728758125 0.775599128125 0.6625816999999999 0.7734204796874999 0.64297385625 0.784313725 0.6200980390625 0.7886710234375001 0.5890522875 0.775599128125
0 0.73202614375 0.8050108937499999 0.73202614375 0.8529411765624999 0.7467320265625 0.8856209156249999 0.7802287578125 0.90849673125 0.830065359375 0.91176470625 0.85620915 0.8899782140625 0.8611111109375 0.8681917218749999 0.8529411765624999 0.8006535953125 0.84150326875 0.776688453125 0.829248365625 0.7690631812500001 0.8080065359375 0.7821350765624999 0.7671568625 0.784313725 0.7573529406249999 0.775599128125 0.741013071875 0.7821350765624999 0.73202614375 0.8050108937499999
0 0.562091503125 0.600217865625 0.5490196078125 0.6503267968750001 0.5490196078125 0.6917211328125 0.5588235296875 0.7309368187499999 0.580882353125 0.76688453125 0.60539215625 0.784313725 0.6274509796875 0.78540305 0.6723856203125 0.7734204796874999 0.6944444437499999 0.7505446625000001 0.7124183000000001 0.7069716781250001 0.7124183000000001 0.6633986921874999 0.6993464046875 0.62418300625 0.6756535953125 0.58823529375 0.6364379078125 0.562091503125 0.6102941171875 0.5599128546875 0.5759803921875 0.5773420484375 0.562091503125 0.600217865625
0 0.715686275 0.6263616562500001 0.715686275 0.7287581703125 0.7361111109375 0.760348584375 0.7671568625 0.7821350765624999 0.8039215687500001 0.7810457515625 0.8390522875 0.7625272328125 0.846405228125 0.7505446625000001 0.8594771234374999 0.7113289765624999 0.8578431375 0.6568627453125 0.8447712421875 0.6198257078125 0.8194444437499999 0.58823529375 0.7883986921874999 0.57298475 0.760620915625 0.5751633984375 0.7344771234375 0.5947712421875 0.715686275 0.6263616562500001
0 0.8978758171875001 0.921568628125 0.9256535953125 0.9411764703125 0.9771241828124999 0.9466230937500001 0.9885620921875 0.935729846875 0.9885620921875 0.741830065625 0.9485294124999999 0.721132896875 0.9109477125 0.723311546875 0.8897058828125 0.73420479375 0.8676470593750001 0.759259259375 0.85620915 0.794117646875 0.85620915 0.8355119828124999 0.8676470593750001 0.87690631875 0.8978758171875001 0.921568628125
0 0.8627450984375 0.69607843125 0.8807189546874999 0.7026143796875 0.8660130718750001 0.7113289765624999 0.98202614375 0.715686275 0.9869281046875 0.7113289765624999 0.9869281046875 0.5392156859375 0.953431371875 0.5119825703124999 0.9289215687500001 0.5076252718750001 0.89297385625 0.5141612203125 0.8668300656250001 0.5337690625 0.8447712421875 0.5653594765625 0.8366013078125001 0.5958605671874999 0.8594771234374999 0.652505446875 0.8627450984375 0.69607843125
0 0.8276143796875 0.46623093750000005 0.776960784375 0.4858387796875 0.7630718953125 0.5697167750000001 0.7998366015625 0.5751633984375 0.830065359375 0.5936819171875001 0.8676470593750001 0.528322440625 0.8594771234374999 0.5 0.8276143796875 0.46623093750000005
0 0.7450980390625 0.293028321875 0.7434640515625001 0.33877995625 0.7271241828125 0.382352940625 0.73366013125 0.42592592656250006 0.7704248359375 0.48148148125 0.7908496734375 0.48257080625000004 0.8210784312499999 0.46623093750000005 0.84150326875 0.4433551203125 0.8578431375 0.40196078437500005 0.8660130718750001 0.3583878 0.8660130718750001 0.3169934640625 0.8545751640624999 0.28431372499999996 0.8341503265625001 0.259259259375 0.8161764703125 0.2527233109375 0.7818627453125 0.259259259375 0.7450980390625 0.293028321875
0 0.828431371875 0.4607843140625 0.85539215625 0.4858387796875 0.8709150328125 0.48474945468749997 0.89133986875 0.4771241828125 0.9068627453125 0.45860566406250003 0.9232026140625 0.40849673124999997 0.9166666671874999 0.364923746875 0.8799019609375 0.31590413906250003 0.8660130718750001 0.3191721140625 0.8660130718750001 0.36274509843749997 0.8578431375 0.40413943281250003 0.8431372546875 0.4433551203125 0.828431371875 0.4607843140625
0 0.9501633984375 0.385620915625 0.972222221875 0.38453159062500003 0.9885620921875 0.37363834375 0.9885620921875 0.20806100156250001 0.9599673203125001 0.18954248437500001 0.9321895421875 0.18954248437500001 0.8905228765625001 0.221132896875 0.8774509796875 0.2559912859375 0.8774509796875 0.295206971875 0.8921568625 0.330065359375 0.920751634375 0.366013071875 0.9501633984375 0.385620915625
0 0.9346405234375 0.46296296249999996 0.9346405234375 0.5043572984375 0.9885620921875 0.5348583875 0.9901960781250001 0.382352940625 0.9828431375 0.3790849671875 0.9460784312499999 0.4237472765625 0.9346405234375 0.46296296249999996
0 0.7385620921875 0.2189542484375 0.7369281046875 0.260348584375 0.7450980390625 0.27995642656249997 0.75081699375 0.2832244015625 0.78513071875 0.257080609375 0.8210784312499999 0.2527233109375 0.840686275 0.2636165578125 0.8692810453125001 0.310457515625 0.8717320265625 0.30283224375 0.87581699375 0.30827886718749997 0.8709150328125 0.286492375 0.8790849671875 0.242919390625 0.9003267968750001 0.20806100156250001 0.8986928109375001 0.19716775625 0.832516340625 0.14379085 0.793300653125 0.1459694984375 0.7638888890625 0.1655773421875 0.7385620921875 0.2189542484375
0 0.903594771875 0.15577342031250002 0.9248366015625 0.11655773437500001 0.920751634375 0.1067538125 0.9044117640625 0.10021786562499999 0.8668300656250001 0.115468409375 0.8496732031249999 0.142701525 0.8496732031249999 0.151416121875 0.8700980390625 0.1742919390625 0.9003267968750001 0.1928104578125 0.903594771875 0.15577342031250002
0 0.9133986921874999 0.131808278125 0.901960784375 0.1644880171875 0.902777778125 0.2026143796875 0.9468954249999999 0.18736383437499998 0.9869281046875 0.20370370312500002 0.9877450984375 0.09150326875 0.9517973859375 0.0958605671875 0.9133986921874999 0.131808278125
0 0.635620915625 0.45860566406250003 0.62418300625 0.49346405156250006 0.6225490203125 0.5348583875 0.6299019609375 0.5599128546875 0.669117646875 0.579520696875 0.6993464046875 0.6111111109375 0.721405228125 0.6078431375 0.7557189546874999 0.5751633984375 0.76960784375 0.545751634375 0.7728758171875 0.5152505453125 0.7630718953125 0.4694989109375 0.741013071875 0.437908496875 0.71323529375 0.42047930312500004 0.688725490625 0.4161220046875 0.651143790625 0.435729846875 0.635620915625 0.45860566406250003
0 0.5947712421875 0.3235294125 0.5947712421875 0.364923746875 0.6078431375 0.3954248359375 0.6397058828125 0.42265795156249997 0.6650326796875 0.4237472765625 0.7116013078125001 0.3986928109375 0.73202614375 0.3692810453125 0.7434640515625001 0.332244009375 0.740196078125 0.2908496734375 0.723039215625 0.2701525046875 0.687091503125 0.2527233109375 0.652777778125 0.2549019609375 0.6233660125 0.2701525046875 0.6045751640625 0.295206971875 0.5947712421875 0.3235294125
0 0.58823529375 0.22766884531249998 0.578431371875 0.2625272328125 0.5866013078125001 0.2973856203125 0.598039215625 0.30610021718749997 0.6233660125 0.2701525046875 0.64460784375 0.257080609375 0.6903594765625 0.2527233109375 0.7181372546875 0.2636165578125 0.7205882359375 0.23856209218750002 0.7140522875 0.2189542484375 0.7017973859375 0.20479302812500003 0.6625816999999999 0.18954248437500001 0.615196078125 0.19825708125 0.58823529375 0.22766884531249998
0 0.723856209375 0.1296296296875 0.7189542484375 0.16230936875 0.7295751640625 0.18736383437499998 0.7467320265625 0.19498910625000002 0.7671568625 0.16122004375 0.7818627453125 0.150326796875 0.830882353125 0.14161220000000002 0.8349673203125001 0.114379084375 0.8267973859375 0.0925925921875 0.811274509375 0.078431371875 0.793300653125 0.0762527234375 0.7573529406249999 0.08932461875 0.741013071875 0.1045751640625 0.723856209375 0.1296296296875
0 0.5849673203125 0.49564270156249995 0.5776143796875 0.48148148125 0.528594771875 0.45533769062499996 0.4983660125 0.5043572984375 0.534313725 0.5392156859375 0.5514705875 0.5838779953125 0.5669934640625 0.5827886703125 0.5866013078125001 0.5501089328125001 0.5849673203125 0.49564270156249995
0 0.23039215624999998 0.062091503125 0.224673203125 0.056644879687500004 0.221405228125 0.056644879687500004 0.21650326875 0.052287581250000006 0.2116013078125 0.052287581250000006 0.2099673203125 0.05010893281249999 0.1936274515625 0.052287581250000006 0.19035947656250002 0.056644879687500004 0.188725490625 0.056644879687500004 0.1813725484375 0.0664488015625 0.17810457500000001 0.0751633984375 0.1797385625 0.0773420484375 0.1797385625 0.09694989062500001 0.187091503125 0.1045751640625 0.19444444375 0.1034858390625 0.19607843125 0.099128540625 0.20506535937499998 0.08932461875 0.2099673203125 0.08932461875 0.2116013078125 0.08714596875 0.21650326875 0.08714596875 0.2181372546875 0.08496732031250001 0.221405228125 0.08496732031250001 0.223039215625 0.08714596875 0.2279411765625 0.08496732031250001 0.23039215624999998 0.062091503125
0 0.28349673124999997 0.063180828125 0.28431372499999996 0.059912854687499996 0.276960784375 0.0479302828125 0.2704248359375 0.043572984375 0.2671568625 0.043572984375 0.2655228765625 0.0413943359375 0.25081699375 0.0413943359375 0.24918300625 0.043572984375 0.2459150328125 0.043572984375 0.23202614375000002 0.059912854687499996 0.23039215624999998 0.07080610000000001 0.22875817031249998 0.07298475 0.22875817031249998 0.0860566453125 0.23120915000000003 0.08932461875 0.23529411718749998 0.08823529375 0.241013071875 0.080610021875 0.2459150328125 0.078431371875 0.24918300625 0.0740740734375 0.25245097968749997 0.0740740734375 0.257352940625 0.069716775 0.260620915625 0.069716775 0.2671568625 0.06535947656249999 0.276960784375 0.06535947656249999 0.27859477187500004 0.063180828125 0.28349673124999997 0.063180828125
0 0.2271241828125 0.1078431375 0.23120915000000003 0.1111111109375 0.2655228765625 0.115468409375 0.2883986921875 0.1307189546875 0.3071895421875 0.15577342031250002 0.3186274515625 0.18409586093750002 0.32516339843750003 0.186274509375 0.33986928125000004 0.1666666671875 0.349673203125 0.1405228765625 0.348039215625 0.10566448749999999 0.329248365625 0.078431371875 0.303104575 0.06535947656249999 0.2802287578125 0.063180828125 0.257352940625 0.069716775 0.23937908437500002 0.0827886703125 0.23039215624999998 0.09477124218750001 0.2271241828125 0.1078431375
0 0.21323529375 0.08714596875 0.20833333281250002 0.08714596875 0.20669934687499997 0.08932461875 0.203431371875 0.08932461875 0.19607843125 0.09694989062500001 0.1928104578125 0.1078431375 0.1993464046875 0.11873638281250001 0.1993464046875 0.1209150328125 0.2026143796875 0.1209150328125 0.2116013078125 0.11328976093750001 0.21650326875 0.11328976093750001 0.2197712421875 0.1089324625 0.224673203125 0.1067538125 0.2271241828125 0.1034858390625 0.23039215624999998 0.09477124218750001 0.23039215624999998 0.09041394375 0.2279411765625 0.08496732031250001 0.21486928125000002 0.08496732031250001 0.21323529375 0.08714596875
0 0.1838235296875 0.10239651406250001 0.17810457500000001 0.09477124218750001 0.17810457500000001 0.09041394375 0.17075163437500002 0.0827886703125 0.16584967343749998 0.0827886703125 0.1625817 0.078431371875 0.1576797390625 0.078431371875 0.1560457515625 0.0762527234375 0.134803921875 0.078431371875 0.133986928125 0.0860566453125 0.14297385625 0.09368191718749999 0.1552287578125 0.1122004359375 0.15849673125 0.1209150328125 0.16013071875 0.1405228765625 0.1625817 0.14379085 0.1633986921875 0.142701525 0.1756535953125 0.13943355156249998 0.17728758125 0.1372549015625 0.1838235296875 0.1372549015625 0.18545751562499999 0.135076253125 0.1919934640625 0.1372549015625 0.1993464046875 0.12745097968750002 0.1993464046875 0.11873638281250001 0.19444444375 0.1122004359375 0.1919934640625 0.1045751640625 0.1838235296875 0.10239651406250001
0 0.1756535953125 0.1742919390625 0.1797385625 0.17320261406249998 0.1928104578125 0.142701525 0.1928104578125 0.1383442265625 0.188725490625 0.135076253125 0.1756535953125 0.1372549015625 0.1740196078125 0.13943355156249998 0.16584967343749998 0.14161220000000002 0.16013071875 0.1470588234375 0.16013071875 0.151416121875 0.1633986921875 0.16013071875 0.1756535953125 0.1742919390625
0 0.23611111093749998 0.028322440625 0.2344771234375 0.026143790625000003 0.224673203125 0.026143790625000003 0.2181372546875 0.032679739062500004 0.21650326875 0.032679739062500004 0.215686275 0.0359477125 0.2124183 0.0381263609375 0.20915032656250002 0.0490196078125 0.2116013078125 0.052287581250000006 0.21650326875 0.052287581250000006 0.2197712421875 0.05446623125 0.223039215625 0.0588235296875 0.2263071890625 0.0588235296875 0.2279411765625 0.061002178124999994 0.23366013125 0.059912854687499996 0.23366013125 0.0577342046875 0.23937908437500002 0.05010893281249999 0.241013071875 0.05010893281249999 0.2475490203125 0.043572984375 0.25245097968749997 0.043572984375 0.2549019609375 0.0403050109375 0.2549019609375 0.0381263609375 0.25245097968749997 0.0348583875 0.242647059375 0.028322440625 0.23611111093749998 0.028322440625
0 0.296568628125 0.030501089062499997 0.29330065312500003 0.030501089062499997 0.2900326796875 0.032679739062500004 0.2794117640625 0.046840959375000005 0.2794117640625 0.05337690625 0.2883986921875 0.063180828125 0.3047385625 0.06535947656249999 0.3063725484375 0.0675381265625 0.311274509375 0.0675381265625 0.312908496875 0.069716775 0.3169934640625 0.0686274515625 0.3169934640625 0.059912854687499996 0.31535947656249996 0.0577342046875 0.31535947656249996 0.0511982578125 0.313725490625 0.0490196078125 0.31535947656249996 0.0337690625 0.312908496875 0.030501089062499997 0.3063725484375 0.030501089062499997 0.3047385625 0.028322440625 0.2982026140625 0.028322440625 0.296568628125 0.030501089062499997
0 0.3684640515625 0.01742919375 0.366830065625 0.015250545312499999 0.3619281046875 0.01742919375 0.35702614375 0.015250545312499999 0.3455882359375 0.01960784375 0.3390522875 0.015250545312499999 0.329248365625 0.015250545312499999 0.3276143796875 0.01742919375 0.32107843125 0.01742919375 0.3169934640625 0.0228758171875 0.31535947656249996 0.0381263609375 0.313725490625 0.0403050109375 0.3169934640625 0.0664488015625 0.32271241875 0.0740740734375 0.330882353125 0.078431371875 0.3455882359375 0.09150326875 0.3513071890625 0.09041394375 0.3578431375 0.07298475 0.3635620921875 0.06535947656249999 0.3700980390625 0.061002178124999994 0.385620915625 0.0577342046875 0.385620915625 0.0294117640625 0.38725490156250003 0.025054465625 0.3815359484375 0.01742919375 0.3766339875 0.015250545312499999 0.375 0.01742919375 0.3684640515625 0.01742919375
0 0.33986928125000004 0.168845315625 0.34150326875000003 0.1819172109375 0.3455882359375 0.18954248437500001 0.35539215625 0.18082788593750002 0.3766339875 0.1721132890625 0.4044117640625 0.1721132890625 0.4240196078125 0.1830065359375 0.43218954218750005 0.1938997828125 0.439542484375 0.19716775625 0.44281045781249995 0.186274509375 0.43464052343750004 0.16230936875 0.43137254843750006 0.1405228765625 0.41258169999999994 0.115468409375 0.39460784375 0.1045751640625 0.3733660125 0.10239651406250001 0.3602941171875 0.1067538125 0.3513071890625 0.11655773437500001 0.349673203125 0.142701525 0.33986928125000004 0.168845315625
0 0.3545751640625 0.081699346875 0.3545751640625 0.0860566453125 0.3529411765625 0.08823529375 0.3529411765625 0.1013071890625 0.35539215625 0.1045751640625 0.3700980390625 0.1045751640625 0.37173202656250004 0.10239651406250001 0.3897058828125 0.10239651406250001 0.39133986875 0.1045751640625 0.3962418296875 0.1045751640625 0.3978758171875 0.1067538125 0.40359477187500004 0.10566448749999999 0.4052287578125 0.1034858390625 0.4052287578125 0.08823529375 0.40196078437500005 0.07952069687499999 0.39297385625 0.06535947656249999 0.383169934375 0.0588235296875 0.375 0.0588235296875 0.3733660125 0.061002178124999994 0.366830065625 0.063180828125 0.3578431375 0.07298475 0.3545751640625 0.081699346875
0 0.4240196078125 0.015250545312499999 0.4223856203125 0.01742919375 0.41748365937500004 0.015250545312499999 0.4060457515625 0.015250545312499999 0.4044117640625 0.01742919375 0.40277777812500004 0.015250545312499999 0.3978758171875 0.015250545312499999 0.3962418296875 0.01742919375 0.39133986875 0.01742919375 0.385620915625 0.0294117640625 0.385620915625 0.0511982578125 0.3888888890625 0.059912854687499996 0.39950980468749997 0.069716775 0.4044117640625 0.069716775 0.4060457515625 0.071895425 0.4150326796875 0.07080610000000001 0.42565359531249997 0.063180828125 0.43055555625 0.063180828125 0.43218954218750005 0.061002178124999994 0.4517973859375 0.061002178124999994 0.455882353125 0.05337690625 0.45751634062499996 0.0359477125 0.4591503265625 0.0337690625 0.45751634062499996 0.018518518749999997 0.42565359531249997 0.01742919375 0.4240196078125 0.015250545312499999
0 0.41339869218749997 0.0751633984375 0.40849673124999997 0.09041394375 0.40849673124999997 0.10566448749999999 0.42565359531249997 0.1067538125 0.435457515625 0.115468409375 0.439542484375 0.114379084375 0.44117647031249996 0.10566448749999999 0.44607843125 0.09477124218750001 0.4485294125 0.09368191718749999 0.45669934687499997 0.0827886703125 0.46568627500000004 0.07952069687499999 0.4583333328125 0.0675381265625 0.4517973859375 0.063180828125 0.43218954218750005 0.061002178124999994 0.41748365937500004 0.069716775 0.41339869218749997 0.0751633984375
0 0.4599673203125 0.080610021875 0.4485294125 0.09150326875 0.44281045781249995 0.1013071890625 0.44281045781249995 0.10566448749999999 0.437908496875 0.1209150328125 0.437908496875 0.131808278125 0.46323529375000005 0.132897603125 0.46486928125000004 0.135076253125 0.4697712421875 0.135076253125 0.47467320312499994 0.13943355156249998 0.4771241828125 0.1383442265625 0.491013071875 0.1285403046875 0.5057189546874999 0.12418300625 0.5065359484374999 0.114379084375 0.5032679734375 0.1078431375 0.5032679734375 0.1034858390625 0.491013071875 0.08714596875 0.4795751640625 0.080610021875 0.47140522812499996 0.080610021875 0.4697712421875 0.078431371875 0.4599673203125 0.080610021875
0 0.4517973859375 0.1307189546875 0.45016339843750003 0.132897603125 0.44035947656249996 0.132897603125 0.43137254843750006 0.1383442265625 0.43137254843750006 0.1470588234375 0.43300653593750005 0.1492374734375 0.436274509375 0.1666666671875 0.439542484375 0.17538126406250001 0.44281045781249995 0.1797385625 0.44444444375 0.186274509375 0.44771241875 0.186274509375 0.44934640468750003 0.1819172109375 0.455882353125 0.17320261406249998 0.4607843140625 0.16013071875 0.47222222187499996 0.144880175 0.47385620937499995 0.1405228765625 0.47303921562499995 0.1372549015625 0.46650326875000003 0.135076253125 0.46486928125000004 0.132897603125 0.453431371875 0.132897603125 0.4517973859375 0.1307189546875
0 0.49264705937500003 0.01742919375 0.4844771234375 0.01742919375 0.4828431375 0.01960784375 0.4779411765625 0.01960784375 0.4697712421875 0.028322440625 0.46160130781250003 0.032679739062500004 0.4591503265625 0.0359477125 0.45751634062499996 0.0403050109375 0.45751634062499996 0.0511982578125 0.455882353125 0.05337690625 0.455882353125 0.06427015312499999 0.4697712421875 0.078431371875 0.4787581703125 0.0773420484375 0.4844771234375 0.071895425 0.48774509843749997 0.071895425 0.489379084375 0.069716775 0.5065359484374999 0.0686274515625 0.5049019609375 0.0403050109375 0.508169934375 0.0337690625 0.508169934375 0.027233115625 0.50081699375 0.01960784375 0.49428104531250006 0.01960784375 0.49264705937500003 0.01742919375
0 0.5049019609375 0.0490196078125 0.5065359484374999 0.0511982578125 0.508169934375 0.0686274515625 0.5220588234375 0.078431371875 0.5302287578125 0.08714596875 0.534313725 0.0860566453125 0.5498366015625 0.0740740734375 0.564542484375 0.071895425 0.5669934640625 0.0686274515625 0.5702614374999999 0.055555556250000006 0.5702614374999999 0.0359477125 0.564542484375 0.01742919375 0.5155228765625 0.01742919375 0.508169934375 0.0315904140625 0.5065359484374999 0.046840959375000005 0.5049019609375 0.0490196078125
0 0.491013071875 0.08714596875 0.5016339875 0.1013071890625 0.5073529406249999 0.11982570781249999 0.5228758171875 0.11873638281250001 0.5245098046875001 0.114379084375 0.5245098046875001 0.1078431375 0.5294117640625 0.09694989062500001 0.5294117640625 0.08823529375 0.5236928109375001 0.080610021875 0.5073529406249999 0.069716775 0.489379084375 0.069716775 0.4828431375 0.0740740734375 0.4787581703125 0.07952069687499999 0.491013071875 0.08714596875
0 0.5580065359375 0.071895425 0.543300653125 0.078431371875 0.5310457515625 0.0925925921875 0.5245098046875001 0.1078431375 0.5245098046875001 0.1209150328125 0.53676470625 0.132897603125 0.543300653125 0.135076253125 0.546568628125 0.13943355156249998 0.5490196078125 0.1383442265625 0.5555555562500001 0.11873638281250001 0.564542484375 0.1045751640625 0.5776143796875 0.0958605671875 0.582516340625 0.0958605671875 0.5841503265625 0.09368191718749999 0.5931372546875 0.09477124218750001 0.5931372546875 0.09041394375 0.5841503265625 0.078431371875 0.5694444437499999 0.071895425 0.5580065359375 0.071895425
0 0.5702614374999999 0.046840959375000005 0.571895425 0.0490196078125 0.5702614374999999 0.0511982578125 0.5702614374999999 0.062091503125 0.5686274515624999 0.06427015312499999 0.5686274515624999 0.0686274515625 0.5743464046875 0.0740740734375 0.5776143796875 0.0740740734375 0.5874183000000001 0.080610021875 0.58823529375 0.0838779953125 0.5955882359375 0.09150326875 0.598856209375 0.08932461875 0.6021241828125 0.09150326875 0.6078431375 0.09041394375 0.6192810453125001 0.0751633984375 0.6192810453125001 0.0490196078125 0.616013071875 0.0403050109375 0.6102941171875 0.032679739062500004 0.6021241828125 0.028322440625 0.6004901953124999 0.0239651421875 0.5874183000000001 0.0239651421875 0.5759803921875 0.030501089062499997 0.5702614374999999 0.0381263609375 0.5702614374999999 0.046840959375000005
0 0.6217320265625 0.015250545312499999 0.6184640515625001 0.015250545312499999 0.616830065625 0.01742919375 0.6021241828125 0.01742919375 0.5996732031249999 0.0206971671875 0.5996732031249999 0.025054465625 0.6037581703125 0.030501089062499997 0.6102941171875 0.032679739062500004 0.616013071875 0.0403050109375 0.6176470593750001 0.0490196078125 0.6192810453125001 0.0511982578125 0.6192810453125001 0.0751633984375 0.6225490203125 0.0751633984375 0.6266339875 0.0740740734375 0.6315359484374999 0.069716775 0.64460784375 0.0675381265625 0.6486928109375001 0.06427015312499999 0.651960784375 0.05337690625 0.6552287578125 0.0490196078125 0.6552287578125 0.025054465625 0.652777778125 0.01742919375 0.6233660125 0.01742919375 0.6217320265625 0.015250545312499999
0 0.6625816999999999 0.071895425 0.652777778125 0.0675381265625 0.6380718953125 0.0675381265625 0.6282679734375 0.071895425 0.6184640515625001 0.078431371875 0.60620915 0.09477124218750001 0.60620915 0.1013071890625 0.6176470593750001 0.11655773437500001 0.6209150328125 0.12745097968750002 0.6209150328125 0.15577342031250002 0.6233660125 0.15904139374999998 0.6405228765625 0.16230936875 0.651143790625 0.15904139374999998 0.659313725 0.152505446875 0.6609477125 0.1481481484375 0.6658496734375 0.1459694984375 0.6748366015625 0.12745097968750002 0.6748366015625 0.11873638281250001 0.6764705875 0.11655773437500001 0.6764705875 0.099128540625 0.6732026140625 0.0860566453125 0.6625816999999999 0.071895425
0 0.582516340625 0.09368191718749999 0.5661764703125 0.10239651406250001 0.5588235296875 0.1122004359375 0.5506535953125 0.131808278125 0.5506535953125 0.144880175 0.5580065359375 0.1546840953125 0.5678104578125 0.16122004375 0.580882353125 0.1764705875 0.5841503265625 0.1786492375 0.58823529375 0.1775599125 0.597222221875 0.167755990625 0.60866013125 0.16122004375 0.6135620921875 0.16122004375 0.6192810453125001 0.15577342031250002 0.6209150328125 0.1492374734375 0.6209150328125 0.12745097968750002 0.616013071875 0.114379084375 0.60702614375 0.10239651406250001 0.590686275 0.09368191718749999 0.582516340625 0.09368191718749999
0 0.6397058828125 0.1655773421875 0.633169934375 0.16122004375 0.6299019609375 0.16122004375 0.6282679734375 0.15904139374999998 0.6184640515625001 0.15904139374999998 0.616830065625 0.16122004375 0.60539215625 0.1633986921875 0.5955882359375 0.16993464062500002 0.5866013078125001 0.1819172109375 0.5866013078125001 0.188453159375 0.5947712421875 0.20806100156250001 0.597222221875 0.2113289765625 0.6013071890624999 0.21023965156250002 0.615196078125 0.19825708125 0.6184640515625001 0.19825708125 0.625 0.1938997828125 0.6299019609375 0.1938997828125 0.6315359484374999 0.1917211328125 0.6364379078125 0.1917211328125 0.6380718953125 0.18954248437500001 0.6478758171875 0.18954248437500001 0.651960784375 0.18409586093750002 0.6397058828125 0.1655773421875
0 0.6658496734375 0.1481481484375 0.6625816999999999 0.1481481484375 0.6576797390625 0.1546840953125 0.6478758171875 0.16122004375 0.64460784375 0.16122004375 0.6421568625 0.1644880171875 0.6454248359375 0.17320261406249998 0.6503267968750001 0.1797385625 0.652777778125 0.18736383437499998 0.6560457515625 0.18736383437499998 0.6576797390625 0.18954248437500001 0.6658496734375 0.18954248437500001 0.667483659375 0.1917211328125 0.6723856203125 0.1917211328125 0.67892156875 0.19607843125 0.6813725484375001 0.19498910625000002 0.689542484375 0.18409586093750002 0.6911764703125 0.1797385625 0.6911764703125 0.17320261406249998 0.689542484375 0.171023965625 0.687908496875 0.16230936875 0.67728758125 0.150326796875 0.6740196078125 0.1481481484375 0.669117646875 0.1481481484375 0.667483659375 0.1459694984375 0.6658496734375 0.1481481484375
0 0.6748366015625 0.09477124218750001 0.6748366015625 0.099128540625 0.6764705875 0.1013071890625 0.6764705875 0.11655773437500001 0.6748366015625 0.11873638281250001 0.6748366015625 0.12745097968750002 0.668300653125 0.142701525 0.668300653125 0.1470588234375 0.6723856203125 0.1481481484375 0.6740196078125 0.150326796875 0.67728758125 0.150326796875 0.687091503125 0.16122004375 0.687908496875 0.16013071875 0.6911764703125 0.15577342031250002 0.69771241875 0.1361655765625 0.705882353125 0.12527233124999998 0.705882353125 0.114379084375 0.7026143796875 0.10566448749999999 0.6936274515624999 0.09368191718749999 0.6903594765625 0.09150326875 0.6838235296875 0.09150326875 0.6821895421875 0.09368191718749999 0.6748366015625 0.09477124218750001
0 0.653594771875 0.055555556250000006 0.6503267968750001 0.062091503125 0.651143790625 0.0675381265625 0.6544117640625 0.0675381265625 0.6560457515625 0.069716775 0.6625816999999999 0.071895425 0.667483659375 0.078431371875 0.669934640625 0.07952069687499999 0.669934640625 0.081699346875 0.6756535953125 0.09150326875 0.689542484375 0.09041394375 0.689542484375 0.0773420484375 0.687908496875 0.0751633984375 0.687908496875 0.07080610000000001 0.6830065359375 0.0577342046875 0.67728758125 0.05010893281249999 0.670751634375 0.0479302828125 0.669117646875 0.045751634375 0.6576797390625 0.045751634375 0.653594771875 0.0511982578125 0.653594771875 0.055555556250000006
0 0.7099673203125 0.080610021875 0.705065359375 0.080610021875 0.6952614374999999 0.08714596875 0.6928104578125 0.09041394375 0.6928104578125 0.0925925921875 0.704248365625 0.1078431375 0.705882353125 0.11873638281250001 0.7107843140625 0.11873638281250001 0.721405228125 0.1111111109375 0.7295751640625 0.1089324625 0.7352941171875 0.1034858390625 0.73366013125 0.09041394375 0.7279411765625 0.0827886703125 0.7246732031249999 0.080610021875 0.7197712421875 0.080610021875 0.7181372546875 0.078431371875 0.7116013078125001 0.078431371875 0.7099673203125 0.080610021875