0 1 0.5767494359375 0.9844771234374999 0.5643340859375 0.956699346875 0.5643340859375 0.9403594765625 0.5756207671875 0.9297385625000001 0.5970654625 0.9297385625000001 0.6467268625 0.955065359375 0.6772009031249999 0.98202614375 0.6805869078125 1 0.6715575625 1 0.5767494359375
0 0.98366013125 0.7212189609374999 0.96650326875 0.681715575 0.9338235296875 0.6681715578125 0.918300653125 0.7325056437499999 0.9313725484375001 0.75733634375 0.9330065359375 0.7957110609375 0.954248365625 0.7957110609375 0.98039215625 0.7708803609375 0.98366013125 0.7212189609374999
0 0.846405228125 0.7054176078125 0.846405228125 0.7167042890624999 0.85539215625 0.726862303125 0.8668300656250001 0.7155756203125 0.8872549015625 0.7167042890624999 0.8602941171875 0.738148984375 0.8496732031249999 0.7663656890625 0.8496732031249999 0.80474040625 0.8668300656250001 0.835214446875 0.8807189546874999 0.8453724609375 0.8839869281249999 0.8634311515625 0.89133986875 0.8442437921874999 0.9125816999999999 0.8329571109374999 0.9297385625000001 0.80474040625 0.9297385625000001 0.75733634375 0.9133986921874999 0.7325056437499999 0.9248366015625 0.7076749437500001 0.9313725484375001 0.6625282171875 0.9256535953125 0.5936794578125 0.8823529406249999 0.6422121890625 0.846405228125 0.7054176078125
0 0.7630718953125 0.6918735890625001 0.7532679734375 0.7483069984374999 0.7549019609375 0.7776523703125 0.7753267968750001 0.805869075 0.7998366015625 0.81715575625 0.8218954249999999 0.8160270875 0.8390522875 0.8081264109375 0.848039215625 0.793453725 0.8529411765624999 0.73024830625 0.8431372546875 0.7167042890624999 0.8431372546875 0.7031602703125001 0.8496732031249999 0.6918735890625001 0.8210784312499999 0.6568848765624999 0.7900326796875 0.6568848765624999 0.778594771875 0.663656884375 0.7630718953125 0.6918735890625001
0 0.777777778125 0.5970654625 0.78676470625 0.6252821671875 0.8169934640625 0.6309255078125 0.8341503265625001 0.6207674937500001 0.8496732031249999 0.592550790625 0.8513071890624999 0.5677200906250001 0.84150326875 0.5293453718750001 0.830882353125 0.51241535 0.812908496875 0.5033860046874999 0.778594771875 0.5079006765625 0.7565359484374999 0.531602709375 0.75 0.5722347625 0.777777778125 0.5970654625
0 0.7859477125 0.9176072234375001 0.8031045750000001 0.909706546875 0.8153594765625 0.8814898421875 0.811274509375 0.8781038375 0.78676470625 0.9051918734375001 0.7859477125 0.9176072234375001
0 0.78513071875 0.8984198640625 0.812908496875 0.8645598187499999 0.8169934640625 0.8679458234374999 0.8153594765625 0.8453724609375 0.7998366015625 0.81715575625 0.76879085 0.8148984203125 0.73039215625 0.872460496875 0.75081699375 0.909706546875 0.759803921875 0.9108352140625 0.78513071875 0.8984198640625
0 0.8259803921875 0.81715575625 0.8047385625000001 0.81715575625 0.8186274515624999 0.85440180625 0.8153594765625 0.8882618515624999 0.8267973859375 0.8882618515624999 0.8447712421875 0.8634311515625 0.848039215625 0.8386004515625001 0.8259803921875 0.81715575625
0 0.65849673125 0.8318284421875 0.6723856203125 0.8690744921875 0.705882353125 0.8927765234375 0.7205882359375 0.8769751687499999 0.65849673125 0.8318284421875
0 0.6911764703125 0.7483069984374999 0.688725490625 0.756207675 0.66176470625 0.7595936796875 0.6568627453125 0.80474040625 0.696895425 0.8532731374999999 0.7254901953124999 0.8634311515625 0.7352941171875 0.834085778125 0.7352941171875 0.786681715625 0.7181372546875 0.7539503390625 0.6928104578125 0.743792325 0.704248365625 0.6715575625 0.6821895421875 0.6681715578125 0.6666666671875 0.6963882625 0.6666666671875 0.7212189609374999 0.6756535953125 0.7516930015625001 0.6911764703125 0.7483069984374999
0 0.6225490203125 0.8408577875000001 0.651960784375 0.8137697515625 0.66013071875 0.7641083515625 0.64133986875 0.7223476296875 0.60866013125 0.706546275 0.5939542484375 0.7110609484375 0.5767973859375 0.7325056437499999 0.5686274515624999 0.8024830703125 0.571895425 0.8182844250000001 0.5874183000000001 0.835214446875 0.6225490203125 0.8408577875000001
0 0.534313725 0.65801354375 0.57107843125 0.7110609484375 0.5833333328125 0.7144469531250001 0.616830065625 0.7042889390625 0.6290849671875 0.6873589171875001 0.6372549015625 0.6557562078125 0.6307189546874999 0.6128668171875 0.616830065625 0.591422121875 0.5923202609375 0.577878103125 0.561274509375 0.5846501125 0.542483659375 0.6060948078124999 0.534313725 0.628668171875 0.534313725 0.65801354375
0 0.46650326875000003 0.681715575 0.44444444375 0.7347629796875 0.44444444375 0.768623025 0.455882353125 0.8024830703125 0.47140522812499996 0.8239277656249999 0.508169934375 0.8386004515625001 0.51879085 0.8216704281249999 0.5171568625 0.8374717828125 0.544934640625 0.8284424375 0.5669934640625 0.7911963875 0.5735294125 0.7595936796875 0.563725490625 0.6986455984375 0.5416666671875 0.6681715578125 0.5204248359375 0.6591422125 0.49591503281250005 0.6613995484374999 0.46650326875000003 0.681715575
0 0.6397058828125 1 0.6633986921874999 0.9717832953125001 0.6666666671875 0.9492099328125001 0.6552287578125 0.8972911968749999 0.6380718953125 0.8735891640625001 0.616830065625 0.8735891640625001 0.5955882359375 0.8555304734375 0.5661764703125 0.860045146875 0.55392156875 0.8792325062499999 0.544117646875 0.9379232500000001 0.5506535953125 0.9808126406250001 0.5661764703125 1 0.6274509796875 1 0.6397058828125 1
0 0.4828431375 0.8397291203125 0.4787581703125 0.8927765234375 0.4607843140625 0.9379232500000001 0.4828431375 0.9638826187499999 0.5073529406249999 0.968397290625 0.5147058828125 0.9988713312499999 0.5228758171875 1 0.5212418296875 0.9604966140625001 0.5408496734375 0.9401805875000001 0.5490196078125 0.9198645593749999 0.5490196078125 0.8679458234374999 0.5400326796875 0.848758465625 0.528594771875 0.8419864562500001 0.5155228765625 0.8419864562500001 0.510620915625 0.8532731374999999 0.50081699375 0.8397291203125 0.4828431375 0.8397291203125
0 0.37581699375 0.8905191875 0.3807189546875 0.9108352140625 0.40359477187500004 0.944695259375 0.37581699375 0.9988713312499999 0.3815359484375 1 0.40114379062500005 0.968397290625 0.40196078437500005 1 0.4166666671875 0.9537246046875 0.455065359375 0.93905191875 0.4787581703125 0.8905191875 0.48039215625000004 0.8679458234374999 0.47222222187499996 0.834085778125 0.44362745156249994 0.805869075 0.4076797390625 0.805869075 0.383986928125 0.8318284421875 0.3790849671875 0.847629796875 0.37581699375 0.8905191875
0 0.364379084375 0.77990970625 0.3684640515625 0.799097065625 0.3954248359375 0.8092550796875001 0.40114379062500005 0.8013544015624999 0.42565359531249997 0.799097065625 0.437908496875 0.75507900625 0.42483660156249997 0.712189615625 0.41258169999999994 0.69525959375 0.39133986875 0.6862302484375 0.3578431375 0.7099322796875 0.348039215625 0.750564334375 0.3529411765625 0.775395034375 0.364379084375 0.77990970625
0 0.30228758125 0.9988713312499999 0.3186274515625 1 0.3439542484375 0.9525959374999999 0.383986928125 0.922121896875 0.37418300625 0.8679458234374999 0.3905228765625 0.8137697515625 0.365196078125 0.7968397296874999 0.3545751640625 0.8024830703125 0.34640522812499996 0.8273137703125 0.321895425 0.8611738156250001 0.3267973859375 0.922121896875 0.30228758125 0.9988713312499999
0 0.3006535953125 0.858916478125 0.31535947656249996 0.847629796875 0.3513071890625 0.7844243796875 0.34640522812499996 0.7483069984374999 0.3243464046875 0.726862303125 0.2818627453125 0.7336343109375 0.2565359484375 0.768623025 0.2549019609375 0.811512415625 0.2630718953125 0.834085778125 0.2802287578125 0.8532731374999999 0.3006535953125 0.858916478125
0 0.133986928125 0.7370203156249999 0.12745097968750002 0.75733634375 0.1307189546875 0.822799096875 0.150326796875 0.85440180625 0.1454248359375 0.8882618515624999 0.1454248359375 0.98758465 0.150326796875 1 0.1568627453125 0.8702031609375 0.20016339843750003 0.8690744921875 0.223039215625 0.8555304734375 0.2434640515625 0.8295711062500001 0.2549019609375 0.793453725 0.2467320265625 0.7460496609375 0.2181372546875 0.706546275 0.20016339843750003 0.6975169296875 0.1609477125 0.7042889390625 0.133986928125 0.7370203156249999
0 0.29330065312500003 0.9006772015625 0.23692810468749997 0.958239278125 0.2540849671875 0.9661399546875 0.26633986875 0.9966139953125 0.27777777812500004 1 0.26797385625 0.9604966140625001 0.2908496734375 0.9243792328125 0.29330065312500003 0.9006772015625
0 0.258986928125 0.8329571109374999 0.241013071875 0.8374717828125 0.20588235312499997 0.872460496875 0.20751634062500002 0.92663656875 0.23039215624999998 0.9537246046875 0.2736928109375 0.9119638828125 0.2973856203125 0.872460496875 0.258986928125 0.8329571109374999
0 0.1217320265625 0.8871331828125 0.1078431375 0.9108352140625 0.114379084375 0.9176072234375001 0.1372549015625 0.8972911968749999 0.1217320265625 0.8871331828125
0 0.09150326875 0.9198645593749999 0.1111111109375 0.8972911968749999 0.117647059375 0.8769751687499999 0.10620915 0.85440180625 0.10294117656249999 0.8160270875 0.09068627500000001 0.805869075 0.061274509374999994 0.830699775 0.0506535953125 0.8611738156250001 0.062091503125 0.9040632046875 0.080882353125 0.920993228125 0.09150326875 0.9198645593749999
0 0 0.7957110609375 0.0375817 0.836343115625 0.079248365625 0.8081264109375 0.09477124218750001 0.786681715625 0.0661764703125 0.7742663656250001 0.0490196078125 0.7528216703124999 0.0392156859375 0.7212189609374999 0.044117646875 0.68284424375 0.025326796875 0.681715575 0 0.712189615625 0 0.7957110609375
0 0.0759803921875 0.781038375 0.10620915 0.7844243796875 0.114379084375 0.77990970625 0.12418300625 0.7415349890625 0.11928104531249999 0.718961625 0.12581699375 0.712189615625 0.09068627500000001 0.7042889390625 0.058006535937500006 0.6659142218749999 0.053104575 0.6681715578125 0.0392156859375 0.712189615625 0.045751634375 0.7460496609375 0.0759803921875 0.781038375
0 0.0571895421875 0.5812641078125 0.062091503125 0.5880361171875 0.05392156875 0.60835214375 0.0588235296875 0.6625282171875 0.0841503265625 0.699774265625 0.12254902031249999 0.7076749437500001 0.15441176406249998 0.6907449203125 0.168300653125 0.669300225 0.1748366015625 0.6444695265625 0.17320261406249998 0.5948081265625 0.1666666671875 0.5767494359375 0.1478758171875 0.5575620765625 0.1217320265625 0.5462753953124999 0.0923202609375 0.5462753953124999 0.0678104578125 0.56207675 0.0571895421875 0.5812641078125
0 0.1748366015625 0.5722347625 0.1936274515625 0.5643340859375 0.2140522875 0.53611738125 0.2189542484375 0.48871331875 0.19035947656250002 0.433408578125 0.1625817 0.42663656874999994 0.134803921875 0.44243792343750005 0.117647059375 0.468397290625 0.1127450984375 0.5225733640625 0.125 0.5462753953124999 0.1748366015625 0.5722347625
0 0.20915032656250002 0.4232505640625 0.20915032656250002 0.4616252828125 0.23202614375000002 0.48871331875 0.223856209375 0.5022573359375 0.222222221875 0.542889390625 0.20751634062500002 0.6015801359374999 0.20915032656250002 0.63318284375 0.215686275 0.6376975171875 0.2516339875 0.5564334078125001 0.25326797343749996 0.5022573359375 0.2802287578125 0.49887133125 0.3006535953125 0.4616252828125 0.2973856203125 0.4232505640625 0.26960784375 0.3781038375 0.2638888890625 0.32731377031250003 0.259803921875 0.3803611734375 0.22957516406249998 0.39277652343749997 0.20915032656250002 0.4232505640625