62 0.567 0.1581709140625 0.5555 0.160419790625 0.5545 0.17841079531249998 0.5519999999999999 0.1836581703125 0.55 0.200149925 0.546 0.2031484265625 0.544 0.1926536734375 0.5415 0.1911544234375 0.541 0.19415292343749999 0.54 0.23013493281250003 0.5429999999999999 0.23388305781250002 0.5425 0.23913043437499998 0.536 0.22863568281250002 0.5305 0.1679160421875 0.5275000000000001 0.161169415625 0.5195000000000001 0.161169415625 0.5115000000000001 0.1686656671875 0.507 0.19340329843749998 0.4995 0.2076461765625 0.499 0.2203898046875 0.501 0.22938530781250002 0.49749999999999994 0.23388305781250002 0.496 0.2203898046875 0.4915 0.21439280312500003 0.49000000000000005 0.197151425 0.4875 0.1911544234375 0.4875 0.17391304375 0.4805 0.159670165625 0.4715 0.160419790625 0.46900000000000003 0.1716641671875 0.4655 0.1709145421875 0.46349999999999997 0.162668665625 0.461 0.160419790625 0.45199999999999996 0.161169415625 0.4485 0.1709145421875 0.44299999999999995 0.1686656671875 0.44000000000000006 0.162668665625 0.4325 0.163418290625 0.42800000000000005 0.1701649171875 0.4265 0.187406296875 0.4205 0.2053973015625 0.4165 0.20239880000000002 0.41200000000000003 0.20389805156250002 0.40800000000000003 0.17466266875 0.3995 0.1686656671875 0.39649999999999996 0.162668665625 0.38849999999999996 0.161919040625 0.3855 0.1694152921875 0.386 0.1829085453125 0.383 0.19565217343750002 0.3795 0.237631184375 0.3725 0.2473763125 0.37 0.24437781093750002 0.3695 0.2308845578125 0.3715 0.22338830625 0.3685 0.200149925 0.3625 0.1821589203125 0.357 0.17766116875 0.35550000000000004 0.1694152921875 0.351 0.1671664171875 0.34199999999999997 0.17241379375000002 0.3305 0.17316341875000002 0.329 0.17766116875 0.3365 0.1821589203125 0.3375 0.18590704687499998 0.333 0.1994003 0.3345 0.236881559375 0.3295 0.25787106406250004 0.32999999999999996 0.314842578125 0.33199999999999996 0.3185907046875 0.368 0.3170914546875 0.3725 0.312593703125 0.3805 0.3178410796875 0.3915 0.3200899546875 0.417 0.3178410796875 0.43600000000000005 0.3200899546875 0.58 0.3178410796875 0.6144999999999999 0.314842578125 0.6184999999999999 0.31034482812499997 0.6235 0.2953523234375 0.625 0.2458770609375 0.6195 0.19565217343750002 0.6155 0.17916042031249999 0.6115 0.17466266875 0.6075 0.159670165625 0.5985 0.1574212890625 0.5815 0.1581709140625 0.5745 0.161919040625 0.567 0.1581709140625
62 0.304 0.6161919046875 0.3005 0.6214392796875 0.301 0.62593703125 0.2955 0.6341829078125001 0.2955 0.67616191875 0.292 0.690404796875 0.2925 0.7503748125 0.2955 0.7571214390625001 0.3085 0.761619190625 0.3235 0.760869565625 0.3325 0.7571214390625001 0.3355 0.7526236875000001 0.33599999999999997 0.7443778109375 0.33599999999999997 0.6214392796875 0.33399999999999996 0.6049475265625001 0.3315 0.6011993999999999 0.316 0.59970015 0.315 0.6064467765625 0.3045 0.609445278125 0.304 0.6161919046875
62 0.3365 0.5089955015625 0.34249999999999997 0.5164917546875001 0.40499999999999997 0.5157421296875 0.4185 0.511244378125 0.4215 0.5067466265625 0.4205 0.49025487187500005 0.4225 0.4445277359375 0.4215 0.37331334374999997 0.41950000000000004 0.362068965625 0.4165 0.3568215890625 0.4095 0.3545727140625 0.3565 0.3530734625 0.341 0.3553223390625 0.33599999999999997 0.3695652171875 0.3365 0.5089955015625
62 0.42350000000000004 0.39205397343750004 0.4225 0.5044977515625 0.4265 0.511994003125 0.4335 0.514992503125 0.4925 0.514992503125 0.503 0.512743628125 0.51 0.5074962515625 0.5115000000000001 0.5 0.5115000000000001 0.42953523281250006 0.5085 0.3913043484375 0.502 0.36506746562500003 0.496 0.3583208390625 0.4885 0.3575712140625 0.441 0.35982009062500003 0.42800000000000005 0.3673163421875 0.42350000000000004 0.39205397343750004
62 0 0.34482758593749996 0.023 0.3485757125 0.0755 0.3485757125 0.1825 0.3463268359375 0.20299999999999999 0.3425787109375 0.20550000000000002 0.313343328125 0.20400000000000001 0.26236881562500003 0.2065 0.23913043437499998 0.21349999999999997 0.21439280312500003 0.21200000000000002 0.20239880000000002 0.2015 0.19340329843749998 0.186 0.190404796875 0.08299999999999999 0.188905546875 0.026000000000000002 0.1919040484375 0 0.1964017984375 0 0.34482758593749996
62 0.2145 0.2091454265625 0.20800000000000002 0.23988005937499998 0.20600000000000002 0.2811094453125 0.20550000000000002 0.32758620625 0.209 0.338080959375 0.2165 0.3433283359375 0.298 0.3440779609375 0.318 0.3425787109375 0.3285 0.338080959375 0.3315 0.3305847078125 0.3295 0.261619190625 0.3345 0.24212893593749998 0.3335 0.2181409296875 0.3315 0.211394303125 0.3285 0.2068965515625 0.321 0.2046476765625 0.2495 0.200149925 0.2265 0.20089955 0.21949999999999997 0.2031484265625 0.2145 0.2091454265625
62 0.21150000000000002 0.39205397343750004 0.2 0.39205397343750004 0.1915 0.387556221875 0.1605 0.3830584703125 0.151 0.3838080953125 0.146 0.39205397343750004 0.1375 0.399550225 0.131 0.4160419796875 0.1335 0.440029984375 0.133 0.4662668671875 0.127 0.489505246875 0.121 0.5029985 0.123 0.5134932531249999 0.137 0.52773613125 0.1585 0.5314842578125 0.20550000000000002 0.5307346328125 0.3075 0.535232384375 0.3165 0.534482759375 0.3225 0.5307346328125 0.327 0.5194902546875 0.3295 0.41904047968749997 0.3285 0.3928035984375 0.315 0.3838080953125 0.2615 0.3785607203125 0.22749999999999998 0.3830584703125 0.2165 0.3913043484375 0.21150000000000002 0.39205397343750004
62 0 0.5284857578125 0.020999999999999998 0.534482759375 0.1145 0.5337331328125 0.128 0.5307346328125 0.1295 0.488005996875 0.125 0.4662668671875 0.125 0.4490254875 0.129 0.40104947500000004 0.1265 0.39205397343750004 0.11200000000000002 0.384557721875 0.10049999999999999 0.390554721875 0.075 0.39205397343750004 0.063 0.389055471875 0.051500000000000004 0.3800599703125 0.028499999999999998 0.3793103453125 0.0215 0.3830584703125 0.020499999999999997 0.3913043484375 0.013000000000000001 0.39730135 0.0115 0.40254872500000005 0.0095 0.4160419796875 0.010499999999999999 0.48050974531249996 0.007000000000000001 0.5059970015624999 0 0.5172413796875001 0 0.5284857578125
62 0 0.764617690625 0.10400000000000001 0.762368815625 0.11699999999999999 0.760119940625 0.12050000000000001 0.7556221890625 0.122 0.7466266859374999 0.12150000000000001 0.7181409296875 0.11499999999999999 0.6859070468749999 0.11599999999999999 0.635682159375 0.11100000000000002 0.6124437781250001 0.1055 0.6041979015625001 0.0975 0.600449775 0.073 0.5937031484374999 0.061 0.5937031484374999 0.0385 0.600449775 0.013000000000000001 0.600449775 0 0.6071964015625 0 0.6581709140625 0.007000000000000001 0.6679160421875 0.0075 0.67616191875 0.005 0.6949025484375 0 0.7038980515625 0 0.764617690625
62 0.20750000000000002 0.6169415296875 0.192 0.6169415296875 0.1875 0.610194903125 0.177 0.611694153125 0.17350000000000002 0.6199400296875 0.16399999999999998 0.6176911546875 0.14850000000000002 0.6199400296875 0.146 0.6169415296875 0.14650000000000002 0.6124437781250001 0.136 0.6124437781250001 0.1345 0.62743628125 0.124 0.637931034375 0.124 0.67541229375 0.12050000000000001 0.6994003 0.122 0.7571214390625001 0.1355 0.762368815625 0.16499999999999998 0.760119940625 0.17250000000000001 0.763118440625 0.193 0.763118440625 0.20049999999999998 0.760869565625 0.23349999999999999 0.762368815625 0.24900000000000003 0.7578710640625 0.27799999999999997 0.7593703140625 0.2945 0.7556221890625 0.29500000000000004 0.7473763124999999 0.29 0.712893553125 0.292 0.697151425 0.3 0.6859070468749999 0.3 0.6806596703125 0.2945 0.6566716640625 0.29500000000000004 0.6454272859375 0.292 0.6334332828125 0.27999999999999997 0.62218890625 0.258 0.62518740625 0.244 0.6124437781250001 0.2225 0.609445278125 0.219 0.6124437781250001 0.21600000000000003 0.6214392796875 0.20750000000000002 0.6169415296875
62 0.2045 0.8463268359375 0.1975 0.865067465625 0.1965 0.886056971875 0.199 0.9340329828125 0.196 0.97226386875 0.1975 0.988755621875 0.20600000000000002 0.9947526234374999 0.229 0.9962518734374999 0.24700000000000003 0.9932533734375 0.2925 0.9925037484375 0.306 0.988755621875 0.3125 0.9670164921875 0.3145 0.9467766109375001 0.313 0.862818590625 0.309 0.8448275859375001 0.3015 0.8328335828125001 0.29700000000000004 0.8110944531250001 0.2915 0.8035982015625001 0.28300000000000003 0.8043478265624999 0.27749999999999997 0.8058470765625 0.266 0.8178410796875 0.252 0.8193403296874999 0.2455 0.813343328125 0.24100000000000002 0.8005997 0.2355 0.79910045 0.22599999999999998 0.801349325 0.21150000000000002 0.8178410796875 0.2045 0.8463268359375
62 0.1385 0.8073463265624999 0.1305 0.8058470765625 0.11399999999999999 0.8088455765625 0.074 0.8065967015625001 0.0505 0.813343328125 0.034 0.82308845625 0.026500000000000003 0.8313343328125 0.013500000000000002 0.8373313343750001 0.015 0.8500749624999999 0.0125 0.8613193406249999 0.0195 0.8928035984375 0.013500000000000002 0.9527736125 0.013500000000000002 0.97676161875 0.0155 0.985007496875 0.025500000000000002 0.9925037484375 0.034999999999999996 0.9940029984375001 0.1045 0.9917541234374999 0.1775 0.9940029984375001 0.1905 0.9895052468750001 0.194 0.9790104953125001 0.1955 0.9520239875 0.1925 0.8785607203125 0.1955 0.8575712140625 0.2 0.8448275859375001 0.189 0.82458770625 0.1875 0.8118440781249999 0.181 0.8058470765625 0.175 0.8050974515625 0.156 0.8148425781249999 0.14950000000000002 0.8148425781249999 0.1385 0.8073463265624999
62 0 0.1514242875 0.012 0.15517241406249999 0.05450000000000001 0.1529235375 0.145 0.15517241406249999 0.3165 0.1484257875 0.3235 0.137181409375 0.3255 0.109445278125 0.3245 0.08545727187499999 0.329 0.039730134375 0.32799999999999996 0.02623688125 0.316 0.010494753125 0.3025 0.002248875 0.28900000000000003 0.0007496250000000001 0.266 0.009745128124999999 0.246 0.011244378125 0.22799999999999998 0.0089955015625 0.0875 0.010494753125 0.0315 0.0074962515625 0.012 0.009745128124999999 0.0005 0.014242878125 0 0.0547226390625 0.0045 0.07646176875 0 0.0922038984375 0 0.1514242875
62 0.343 0 0.33999999999999997 0.0689655171875 0.3435 0.0952023984375 0.34950000000000003 0.097451275 0.3645 0.0952023984375 0.3915 0.0967016484375 0.4165 0.08620689687500001 0.4425 0.0914542734375 0.458 0.084707646875 0.48150000000000004 0.084707646875 0.5155000000000001 0.07721139375 0.5345 0.07871064531250001 0.5595 0.0682158921875 0.639 0.087706146875 0.649 0.0922038984375 0.657 0.09970015 0.6910000000000001 0.1034482765625 0.7175 0.113193403125 0.7615000000000001 0.115442278125 0.769 0.111694153125 0.775 0.10269865 0.7795 0.0524737625 0.783 0.040479759375 0.7815000000000001 0.02248875625 0.772 0.0082458765625 0.75 0.0089955015625 0.7025 0.0179910046875 0.661 0.0194902546875 0.621 0.0179910046875 0.599 0.015742129687500002 0.5835 0.010494753125 0.554 0.0089955015625 0.538 0.0037481265625 0.5345 0 0.343 0
62 0.8045 0.17541229375 0.8029999999999999 0.19340329843749998 0.8099999999999999 0.212143928125 0.806 0.23913043437499998 0.8095000000000001 0.2668665671875 0.799 0.27736131875000003 0.7985 0.290104946875 0.8055 0.301349325 0.8099999999999999 0.3050974515625 0.8225 0.3073463265625 0.8525 0.3073463265625 0.8875 0.3050974515625 0.8985 0.301349325 0.9215 0.3058470765625 0.9875 0.3058470765625 0.992 0.301349325 0.994 0.2938530734375 0.993 0.2173913046875 0.9880000000000001 0.17916042031249999 0.9824999999999999 0.16566716718750002 0.9755 0.161169415625 0.932 0.160419790625 0.899 0.1664167921875 0.8880000000000001 0.159670165625 0.835 0.1589205390625 0.8099999999999999 0.161169415625 0.8025 0.16566716718750002 0.8045 0.17541229375
62 0.355 0.7683658171875 0.34550000000000003 0.77286356875 0.34049999999999997 0.7803598203125001 0.33799999999999997 0.812593703125 0.341 0.8508245875 0.337 0.89730135 0.3355 0.964767615625 0.3365 0.97376311875 0.3435 0.9842578703125 0.3765 0.9910044984375 0.4225 0.9917541234374999 0.44000000000000006 0.988005996875 0.4495 0.97676161875 0.453 0.9490254874999999 0.4535 0.8935532234375 0.449 0.8088455765625 0.441 0.7691154421874999 0.43550000000000005 0.763868065625 0.4265 0.763118440625 0.40700000000000003 0.7676161921875 0.3785 0.7661169421875 0.355 0.7683658171875
62 0.341 0.710644678125 0.34249999999999997 0.714392803125 0.35350000000000004 0.7196401796874999 0.41900000000000004 0.7203898046874999 0.43200000000000005 0.7166416796874999 0.43600000000000005 0.7076461765625 0.4375 0.6169415296875 0.43499999999999994 0.5809595203125 0.43 0.560719640625 0.4255 0.5554722640625 0.41600000000000004 0.5517241375 0.3785 0.5479760125 0.351 0.5412293859374999 0.341 0.5457271359375 0.33999999999999997 0.615442278125 0.341 0.710644678125
62 0.43949999999999995 0.5539730140625 0.4385 0.5704647671874999 0.44400000000000006 0.62368815625 0.44400000000000006 0.6589205390624999 0.438 0.6941529234375 0.438 0.7076461765625 0.44000000000000006 0.711394303125 0.4495 0.714392803125 0.5175 0.715142428125 0.5265 0.710644678125 0.5285 0.7068965515625 0.529 0.6311844078125 0.526 0.600449775 0.5245 0.5479760125 0.524 0.5449775109375 0.518 0.5412293859374999 0.504 0.5404797593749999 0.45099999999999996 0.5449775109375 0.44349999999999995 0.5487256375 0.43949999999999995 0.5539730140625
62 0.7575000000000001 0.4527736125 0.7605000000000001 0.4955022484375 0.7715 0.5059970015624999 0.827 0.5037481265625 0.8394999999999999 0.497751125 0.8425 0.4917541234375 0.845 0.4700149921875 0.8455 0.4197901046875 0.843 0.3800599703125 0.836 0.3575712140625 0.8314999999999999 0.3530734625 0.819 0.35007496250000003 0.77 0.3478260875 0.759 0.3523238375 0.7565000000000001 0.36131934062500004 0.7575000000000001 0.4527736125
62 0.9075 0.4460269859375 0.909 0.4782608703125 0.9115 0.4925037484375 0.9235 0.5 0.975 0.49850075 0.9824999999999999 0.4940029984375 0.985 0.488005996875 0.9904999999999999 0.45127436249999997 0.9904999999999999 0.413793103125 0.9935 0.3680659671875 0.9785 0.364317840625 0.9259999999999999 0.364317840625 0.9155 0.3680659671875 0.9095000000000001 0.3793103453125 0.9075 0.4460269859375
