49 0.096875 0.5015625 0.1109375 0.15703125
73 0.21640625 0.54140625 0.1609375 0.09296875
40 0.3609375 0.5203125 0.10546875 0.103125
40 0.453125 0.45 0.16640625 0.096875
0 0.63359375 0.53203125 0.128125 0.1265625
0 0.7359375 0.53515625 0.10546875 0.1234375
73 0.16640625 0.70859375 0.21640625 0.13671875
1 0.65546875 0.68359375 0.05546875 0.1234375
3 0.521875 0.66796875 0.09453125 0.08671875
65 0.16640625 0.86484375 0.20546875 0.1296875
53 0.61640625 0.83828125 0.26640625 0.05
20 0.525 0.51328125 0.09453125 0.16015625
20 0.43359375 0.51015625 0.0890625 0.16640625
20 0.46953125 0.496875 0.05546875 0.096875
1 0.7 0.68671875 0.05546875 0.13984375
1 0.7390625 0.6765625 0.071875 0.10703125
25 0.60546875 0.69140625 0.10546875 0.15
