49 0.68046875 0.7515625 0.08359375 0.096875
73 0.575 0.73515625 0.1390625 0.08359375
40 0.4640625 0.73828125 0.071875 0.09296875
0 0.2609375 0.73828125 0.1109375 0.1234375
1 0.228125 0.5765625 0.06640625 0.08671875
3 0.3390625 0.59296875 0.078125 0.0796875
25 0.2609375 0.58359375 0.078125 0.1203125
20 0.5359375 0.596875 0.08359375 0.10703125
73 0.625 0.60703125 0.121875 0.10703125
65 0.628125 0.475 0.14453125 0.11640625
0 0.50546875 0.475 0.0890625 0.08359375
44 0.353125 0.296875 0.15 0.16015625
38 0.225 0.28515625 0.1109375 0.16640625
14 0.5109375 0.33359375 0.15546875 0.13984375
78 0.578125 0.2265625 0.15546875 0.053125
20 0.48046875 0.59140625 0.10546875 0.103125
20 0.49453125 0.6296875 0.05546875 0.0734375
0 0.43046875 0.46328125 0.09453125 0.1
1 0.1859375 0.5796875 0.0390625 0.1265625
1 0.153125 0.59296875 0.05546875 0.10703125
53 0.825 0.45703125 0.14453125 0.23984375
53 0.9359375 0.38515625 0.128125 0.35703125
