49 0.31953125 0.2484375 0.08359375 0.096875
73 0.425 0.26484375 0.1390625 0.08359375
40 0.5359375 0.26171875 0.071875 0.09296875
0 0.73359375 0.26171875 0.1109375 0.1234375
1 0.771875 0.4234375 0.06640625 0.08671875
3 0.6609375 0.40703125 0.078125 0.0796875
25 0.7390625 0.41640625 0.078125 0.1203125
20 0.4640625 0.403125 0.08359375 0.10703125
73 0.375 0.39296875 0.121875 0.10703125
65 0.371875 0.525 0.14453125 0.11640625
0 0.49453125 0.525 0.0890625 0.08359375
44 0.646875 0.703125 0.15 0.16015625
38 0.775 0.71484375 0.10546875 0.16328125
14 0.4890625 0.66640625 0.15546875 0.13984375
78 0.421875 0.76171875 0.15546875 0.0765625
61 0.59453125 0.75859375 0.15546875 0.08359375
20 0.51953125 0.40859375 0.10546875 0.103125
20 0.50546875 0.3703125 0.05546875 0.0734375
0 0.56953125 0.53671875 0.09453125 0.1
1 0.8140625 0.4203125 0.03359375 0.1265625
1 0.846875 0.40703125 0.05546875 0.10703125
53 0.175 0.54296875 0.14453125 0.23984375
53 0.0640625 0.61484375 0.128125 0.35703125
