17 0.34453125 0.19765625 0.165625 0.15078125
17 0.33359375 0.34296875 0.19140625 0.1328125
17 0.12109375 0.10859375 0.2421875 0.2140625
17 0.10625 0.328125 0.20078125 0.2203125
17 0.13046875 0.5265625 0.11953125 0.134375
17 0.31484375 0.4765625 0.16015625 0.12109375
17 0.38359375 0.69375 0.1671875 0.1296875
17 0.2671875 0.73671875 0.12421875 0.09296875
17 0.23671875 0.8484375 0.12421875 0.08984375
17 0.07734375 0.78828125 0.15390625 0.13046875
17 0.09609375 0.9296875 0.190625 0.13828125
17 0.40859375 0.86171875 0.203125 0.14921875
17 0.328125 0.9671875 0.184375 0.065625
