19 0.1015625 0.684375 0.203125 0.378125
17 0.31015625 0.4359375 0.09921875 0.11484375
17 0.25078125 0.55390625 0.1296875 0.11484375
17 0.2796875 0.659375 0.13828125 0.1359375
17 0.24453125 0.4703125 0.10546875 0.103125
17 0.16015625 0.5078125 0.0984375 0.11953125
17 0.2109375 0.67734375 0.0703125 0.1125
76 0.475 0.60390625 0.21796875 0.50546875
8 0.76015625 0.7359375 0.04296875 0.09296875
8 0.796875 0.78203125 0.03671875 0.06796875
8 0.778125 0.834375 0.046875 0.078125
8 0.7171875 0.76796875 0.05546875 0.08671875
