5 0.55703125 0.2171875 0.19609375 0.35
5 0.7578125 0.265625 0.19453125 0.25078125
5 0.36484375 0.25 0.18828125 0.2421875
5 0.18671875 0.20859375 0.1796875 0.29609375
5 0.02890625 0.475 0.0578125 0.31875
5 0.15546875 0.49296875 0.2 0.2671875
5 0.34765625 0.49765625 0.19296875 0.26796875
5 0.53828125 0.5046875 0.17890625 0.2765625
5 0.725 0.50859375 0.17734375 0.228125
5 0.9078125 0.50546875 0.184375 0.278125
5 0.928125 0.23984375 0.13671875 0.2359375
5 0.94765625 0.78828125 0.10390625 0.24609375
5 0.8 0.771875 0.20234375 0.27734375
5 0.60078125 0.7515625 0.2015625 0.29140625
5 0.38359375 0.759375 0.23046875 0.29296875
5 0.178125 0.7609375 0.203125 0.3125
5 0.0515625 0.25 0.103125 0.2
5 0.88671875 0.059375 0.1859375 0.11796875
5 0.71328125 0.07109375 0.13046875 0.13125
