35 0.279967159375 0.15370370312499998 0.3111658453125 0.140740740625 0.32922824375 0.1425925921875 0.35550082031249997 0.1611111109375 0.36617405625 0.1824074078125 0.3743842359375 0.1861111109375 0.369458128125 0.15092592656249998 0.361247946875 0.14351851875 0.3711001640625 0.12870370312499999 0.33743842343749997 0.077777778125 0.3062397375 0.072222221875 0.2586206890625 0.10185185156250001 0.2479474546875 0.11574074062499999 0.24055829218749997 0.15555555625 0.22085385937500002 0.13703703750000001 0.1781609203125 0.127777778125 0.1141215109375 0.1481481484375 0.05090312031250001 0.184259259375 0.047619046875 0.221296296875 0.0656814453125 0.25648148125 0.0771756984375 0.26203703749999996 0.070607553125 0.2138888890625 0.0845648609375 0.20370370312500002 0.1272578 0.2388888890625 0.1510673234375 0.2731481484375 0.1494252875 0.30648148124999997 0.123152709375 0.31944444375000003 0.1371100171875 0.3333333328125 0.1691297203125 0.3398148140625 0.22249589531249997 0.2740740734375 0.2512315265625 0.24907407343750002 0.2528735625 0.1879629625 0.279967159375 0.15370370312499998
35 0.6584564859375 0.0546296296875 0.6715927749999999 0.0509259265625 0.652709359375 0.0388888890625 0.637931034375 0.0388888890625 0.608374384375 0.051851851562499995 0.600985221875 0.0638888890625 0.6059113296875 0.08796296249999999 0.6100164203125 0.09444444375 0.616584565625 0.08333333281250001 0.623973728125 0.09351851875 0.61904761875 0.078703703125 0.62643678125 0.0703703703125 0.65599343125 0.06851851875000001 0.6584564859375 0.0546296296875
35 0.8628899828125001 0.1129629625 0.870279146875 0.102777778125 0.8669950734375 0.08055555625000001 0.83497536875 0.0574074078125 0.798850575 0.0666666671875 0.8136289 0.0703703703125 0.816912971875 0.0870370375 0.8308702796875 0.0898148140625 0.8308702796875 0.1231481484375 0.8522167484375001 0.134259259375 0.8571428578125 0.12129629687500001 0.8489326765625 0.11944444375 0.8505747124999999 0.1120370375 0.8628899828125001 0.1129629625
35 0.6921182265625 0.061111110937500004 0.683087028125 0.075 0.6896551718749999 0.1175925921875 0.704433496875 0.12129629687500001 0.704433496875 0.1046296296875 0.6912972078124999 0.102777778125 0.6937602625 0.072222221875 0.7331691296875 0.0703703703125 0.73891625625 0.1231481484375 0.7635467984375001 0.10092592656249999 0.7553366171875 0.0675925921875 0.7298850578125 0.046296296875 0.6921182265625 0.061111110937500004
35 0.9187192124999999 0.3148148140625 0.8940886703125001 0.31851851875000003 0.8908045984375 0.33148148125 0.857963875 0.353703703125 0.846469621875 0.3703703703125 0.8341543515625001 0.3731481484375 0.8399014781249999 0.39074074062499997 0.862068965625 0.3898148140625 0.862068965625 0.40277777812500004 0.8456486046875 0.40833333281249995 0.85139573125 0.4148148140625 0.8899835796875 0.4175925921875 0.9351395734375 0.3796296296875 0.9663382593750001 0.3648148140625 0.97044335 0.3546296296875 0.9187192124999999 0.3148148140625
35 0.6568144499999999 0.3861111109375 0.65763546875 0.3703703703125 0.6732348109374999 0.371296296875 0.6740558296875 0.4074074078125 0.7093596062499999 0.38240740781250004 0.706075534375 0.3601851859375 0.6912972078124999 0.3416666671875 0.6896551718749999 0.2675925921875 0.6806239734374999 0.25740740781250004 0.67077175625 0.2648148140625 0.6288998359375 0.2675925921875 0.6371100171874999 0.271296296875 0.6272578 0.2824074078125 0.6256157640625 0.3861111109375 0.6444991796874999 0.4148148140625 0.6568144499999999 0.415740740625 0.65599343125 0.40555555625000006 0.642036125 0.40277777812500004 0.642036125 0.3898148140625 0.6568144499999999 0.3861111109375
35 0.6715927749999999 0.2009259265625 0.6584564859375 0.1898148140625 0.6584564859375 0.18055555625 0.667487684375 0.1888888890625 0.6880131359375 0.1675925921875 0.7036124796875 0.12592592656249998 0.690476190625 0.12592592656249998 0.667487684375 0.09629629687499999 0.629720853125 0.10185185156250001 0.6256157640625 0.11944444375 0.642036125 0.125 0.6568144499999999 0.14351851875 0.6568144499999999 0.1583333328125 0.5985221671875001 0.15555555625 0.5821018062500001 0.1666666671875 0.5689655171875 0.1888888890625 0.5582922828125 0.1546296296875 0.5648604265625 0.1379629625 0.55993431875 0.11944444375 0.51559934375 0.125 0.510673234375 0.2009259265625 0.514778325 0.21111111093749999 0.5574712640625 0.21296296250000002 0.5607553359375 0.23333333281250002 0.5689655171875 0.190740740625 0.573891625 0.196296296875 0.6346469625 0.196296296875 0.642036125 0.20277777812500003 0.6436781609375 0.22685185156249998 0.6551724140624999 0.23240740781250002 0.6518883421874999 0.24907407343750002 0.66338259375 0.2509259265625 0.6699507390624999 0.23055555625 0.660098521875 0.221296296875 0.66502463125 0.22314814843750003 0.6715927749999999 0.2009259265625
35 0.7224958953125 0.3138888890625 0.720853859375 0.302777778125 0.734811165625 0.3 0.7380952375 0.2833333328125 0.7807881765625 0.28148148125 0.787356321875 0.2740740734375 0.810344828125 0.2703703703125 0.8210180625 0.2898148140625 0.8078817734375001 0.328703703125 0.816912971875 0.32777777812500003 0.8357963875 0.3083333328125 0.839080459375 0.2916666671875 0.82922824375 0.2675925921875 0.802955665625 0.23055555625 0.8119868640625001 0.2296296296875 0.8234811171875001 0.240740740625 0.8448275859375001 0.240740740625 0.8481116578125001 0.22777777812500002 0.8604269296875 0.22870370312500002 0.8596059109375 0.21111111093749999 0.8308702796875 0.20833333281250002 0.8333333328125001 0.18148148125000002 0.8596059109375 0.1851851859375 0.862068965625 0.2101851859375 0.876847290625 0.21203703749999997 0.876847290625 0.22870370312500002 0.861247946875 0.2296296296875 0.8628899828125001 0.240740740625 0.8908045984375 0.23333333281250002 0.9031198687499999 0.2175925921875 0.9014778328125 0.175 0.8727422 0.1425925921875 0.831691296875 0.13888888906250002 0.8078817734375001 0.1620370375 0.794745484375 0.197222221875 0.8004926109375001 0.22777777812500002 0.7192118234375 0.23240740781250002 0.7192118234375 0.24351851875000002 0.7093596062499999 0.252777778125 0.7077175703125 0.2768518515625 0.720853859375 0.3324074078125 0.7298850578125 0.34629629687499996 0.756978653125 0.34722222187499996 0.7635467984375001 0.3453703703125 0.7380952375 0.3351851859375 0.7339901484375 0.31944444375000003 0.7224958953125 0.3138888890625
35 0.9564860421875 0.09629629687499999 0.9540229890624999 0.1046296296875 0.9729064046874999 0.1074074078125 0.9901477828124999 0.1361111109375 0.9868637109374999 0.17314814843749998 0.99178981875 0.175 0.9983579640625001 0.16944444375 0.9983579640625001 0.0861111109375 0.9844006562500001 0.08333333281250001 0.9564860421875 0.09629629687499999
35 0 0.8009259265625 0.0057471265625 0.8111111109375001 0.021346470312499997 0.8175925921875 0.0550082109375 0.8111111109375001 0.064039409375 0.8009259265625 0.0459770109375 0.7916666671875 0.0459770109375 0.725 0.031198685937499998 0.7212962968750001 0.031198685937499998 0.7083333328125 0.0435139578125 0.7074074078125 0.049261084375 0.6953703703125 0.0435139578125 0.68148148125 0 0.69351851875 0 0.8009259265625
35 0.2175697859375 0.7833333328125 0.1888341546875 0.8490740734375001 0.2323481109375 0.8481481484375 0.23481116562499998 0.88055555625 0.2635467984375 0.88148148125 0.2660098515625 0.8990740734375 0.2807881765625 0.9231481484374999 0.2807881765625 0.9379629625 0.29064039375 0.94351851875 0.3136289 0.8731481484374999 0.3119868640625 0.834259259375 0.2701149421875 0.79444444375 0.2175697859375 0.7833333328125
35 0.1395730703125 0.8490740734375001 0.12643678125 0.8453703703125001 0.12479474531250001 0.8194444437499999 0.11576354687499998 0.8111111109375001 0.0467980296875 0.827777778125 0.0394088671875 0.8361111109375001 0.047619046875 0.88055555625 0.05254515625 0.8824074078124999 0.0623973734375 0.9731481484375 0.0722495890625 0.9768518515625001 0.15270935937500002 0.9398148140625 0.1543513953125 0.91944444375 0.1477832515625 0.9083333328125001 0.1395730703125 0.8490740734375001
35 0.32019704375 0.702777778125 0.3119868640625 0.652777778125 0.3415435140625 0.634259259375 0.3497536953125 0.615740740625 0.34400656875 0.5870370375 0.2635467984375 0.5888888890625 0.25944170781250003 0.615740740625 0.27586206875 0.6324074078125 0.23316912968749998 0.6398148140625 0.23316912968749998 0.66944444375 0.220032840625 0.6805555562500001 0.23316912968749998 0.6953703703125 0.2380952375 0.7398148140624999 0.23152709374999997 0.75648148125 0.257799671875 0.7583333328124999 0.28653530312500003 0.7574074078125 0.302134646875 0.7490740734375 0.3136289 0.70648148125 0.32019704375 0.702777778125
35 0.17733990156249999 0.615740740625 0.1256157640625 0.603703703125 0.108374384375 0.6564814812499999 0.1050903125 0.6879629625 0.107553365625 0.6981481484375001 0.123152709375 0.702777778125 0.1091954015625 0.70555555625 0.1018062390625 0.715740740625 0.08866995 0.7879629625 0.093596059375 0.8009259265625 0.107553365625 0.809259259375 0.1182266015625 0.797222221875 0.108374384375 0.7916666671875 0.112479475 0.777777778125 0.153530378125 0.777777778125 0.15599343125 0.79351851875 0.142036125 0.796296296875 0.14121510625 0.8101851859375 0.12972085312499998 0.8138888890624999 0.1395730703125 0.8175925921875 0.1937602625 0.8009259265625 0.197044334375 0.73055555625 0.1658456484375 0.7083333328125 0.17733990156249999 0.615740740625
35 0.4384236453125 0.952777778125 0.4334975375 0.9416666671874999 0.4384236453125 0.9305555562500001 0.43185550156249997 0.9268518515625 0.4384236453125 0.9175925921875001 0.4384236453125 0.8898148140625001 0.4302134640625 0.8601851859374999 0.421182265625 0.8481481484375 0.332512315625 0.8444444437499999 0.32676518906249996 0.9953703703125001 0.4269293921875 0.997222221875 0.43185550156249997 0.9731481484375 0.4384236453125 0.9694444437499999 0.43185550156249997 0.9601851859374999 0.4384236453125 0.952777778125
35 0.39573070625 0.7268518515625 0.428571428125 0.7194444437499999 0.44006568125 0.684259259375 0.4449917890625 0.6398148140625 0.43185550156249997 0.6324074078125 0.4195402296875 0.6074074078125 0.37192118281250003 0.6018518515625 0.3596059109375 0.6120370375 0.3596059109375 0.6324074078125 0.3711001640625 0.647222221875 0.3743842359375 0.7046296296875 0.361247946875 0.7083333328125 0.369458128125 0.7194444437499999 0.33497536875 0.771296296875 0.3333333328125 0.7916666671875 0.3407224953125 0.809259259375 0.34482758593749996 0.7916666671875 0.35550082031249997 0.7833333328125 0.3932676515625 0.7981481484375 0.406403940625 0.8129629625 0.421182265625 0.8148148140625 0.4236453203125 0.828703703125 0.436781609375 0.8324074078124999 0.436781609375 0.8583333328125 0.44334975312499997 0.8601851859374999 0.4564860421875 0.8416666671874999 0.46305418749999994 0.7898148140625 0.435960590625 0.7574074078125 0.39573070625 0.7268518515625
35 0.9458128078125 0.921296296875 0.9384236453125 0.9037037031249999 0.9220032843749999 0.8981481484374999 0.9014778328125 0.902777778125 0.8669950734375 0.8027777781250001 0.8563218390625 0.7925925921875 0.8325123156249999 0.7916666671875 0.847290640625 0.728703703125 0.8382594421875 0.7240740734375 0.82758620625 0.734259259375 0.8308702796875 0.7083333328125 0.8013136281250001 0.684259259375 0.7783251234375 0.61944444375 0.76108374375 0.6166666671875001 0.7528735625 0.627777778125 0.7249589484375 0.627777778125 0.7233169125 0.6703703703125 0.7101806234375 0.6351851859375001 0.6847290640625 0.6379629625 0.6921182265625 0.722222221875 0.7233169125 0.7259259265625 0.73152709375 0.7074074078125 0.739737275 0.7240740734375 0.764367815625 0.7370370375 0.7766830875 0.728703703125 0.7635467984375001 0.6990740734374999 0.764367815625 0.6851851859375 0.78407225 0.7148148140624999 0.79802955625 0.715740740625 0.7298850578125 0.796296296875 0.7175697859375 0.7916666671875 0.6691297203125 0.6888888890625 0.65599343125 0.6870370375 0.6362889984375 0.696296296875 0.631362890625 0.6833333328125 0.6100164203125 0.6851851859375 0.6059113296875 0.7175925921874999 0.615763546875 0.7490740734375 0.6403940890625 0.7805555562500001 0.652709359375 0.8111111109375001 0.6855500828125 0.8129629625 0.6896551718749999 0.8268518515625001 0.570607553125 0.83148148125 0.53776683125 0.8111111109375001 0.5262725781250001 0.8111111109375001 0.51559934375 0.8324074078124999 0.5123152703125 0.8583333328125 0.5541871921875 0.877777778125 0.5689655171875 0.877777778125 0.5804597703125001 0.86851851875 0.6034482765625 0.8703703703125001 0.6280788171875 0.85555555625 0.6822660093749999 0.8666666671875 0.6986863718749999 0.853703703125 0.7151067328125 0.8518518515625001 0.7151067328125 0.83148148125 0.734811165625 0.83148148125 0.7446633828125 0.8481481484375 0.76108374375 0.85 0.769293925 0.83148148125 0.7972085390625 0.827777778125 0.828407225 0.7981481484375 0.8341543515625001 0.8824074078124999 0.8456486046875 0.8990740734375 0.8489326765625 0.934259259375 0.85878489375 0.94351851875 0.8481116578125001 0.9629629625 0.8119868640625001 0.946296296875 0.7627257796875 0.9481481484375 0.734811165625 0.9388888890624999 0.6510673234375 0.9351851859375 0.6403940890625 0.9453703703125 0.63382594375 0.965740740625 0.6592775046875 0.98148148125 0.690476190625 0.9888888890624999 0.847290640625 0.997222221875 0.876847290625 0.984259259375 0.8973727421875 0.9370370375 0.9400656812499999 0.9388888890624999 0.9458128078125 0.921296296875
