57 0.7859375 0.5859375 0.11875 0.121875
57 0.1875 0.5609375 0.09140625 0.1078125
57 0.2875 0.5671875 0.08046875 0.08515625
57 0.3765625 0.51875 0.09609375 0.115625
57 0.48046875 0.5578125 0.09921875 0.153125
57 0.59453125 0.4765625 0.08671875 0.11640625
57 0.540625 0.35078125 0.10703125 0.10625
57 0.69296875 0.4078125 0.12265625 0.1140625
57 0.3796875 0.4296875 0.06328125 0.084375
57 0.25859375 0.4765625 0.11875 0.0828125
57 0.83515625 0.503125 0.10390625 0.09609375
57 0.7203125 0.484375 0.09921875 0.0828125
57 0.44375 0.415625 0.06953125 0.06171875
