57 0.74453125 0.23046875 0.109375 0.15703125
57 0.6109375 0.321875 0.065625 0.1328125
57 0.57578125 0.22578125 0.109375 0.06953125
57 0.60859375 0.7203125 0.084375 0.19375
57 0.51015625 0.80859375 0.0671875 0.0765625
57 0.5171875 0.9296875 0.078125 0.1390625
57 0.425 0.96171875 0.0609375 0.0765625
57 0.29765625 0.578125 0.0890625 0.09453125
57 0.50703125 0.37734375 0.071875 0.134375
57 0.42109375 0.41484375 0.08671875 0.12109375
57 0.38359375 0.27109375 0.075 0.0875
57 0.40390625 0.20234375 0.04765625 0.0796875
57 0.2859375 0.1609375 0.121875 0.0828125
57 0.17734375 0.35546875 0.059375 0.1171875
57 0.12578125 0.325 0.0515625 0.0921875
57 0.23046875 0.47265625 0.07734375 0.09921875
57 0.2921875 0.465625 0.0546875 0.13359375
57 0.15859375 0.721875 0.059375 0.11484375
57 0.1984375 0.76953125 0.0671875 0.096875
57 0.2703125 0.77421875 0.07421875 0.090625
57 0.34921875 0.74921875 0.04921875 0.121875
57 0.303125 0.67890625 0.0609375 0.08125
57 0.44609375 0.54609375 0.0515625 0.16484375
57 0.50078125 0.57734375 0.05234375 0.153125
