52 0.7390625 0.46640625 0.228125 0.0515625
50 0.73984375 0.571875 0.10625 0.14375
43 0.328125 0.58359375 0.134375 0.121875
7 0.453125 0.60078125 0.153125 0.1
1 0.62578125 0.60703125 0.1984375 0.08125
16 0.75 0.6171875 0.078125 0.0671875
54 0.33671875 0.84296875 0.05625 0.1
29 0.559375 0.8890625 0.1390625 0.078125
4 0.7359375 0.90859375 0.153125 0.0875
60 0.38671875 0.93671875 0.2328125 0.09375
36 0.65078125 0.96328125 0.178125 0.06875
38 0.52109375 0.16171875 0.109375 0.18125
50 0.375 0.18125 0.121875 0.128125
9 0.6921875 0.21796875 0.178125 0.059375
10 0.55546875 0.45234375 0.1453125 0.078125
53 0.35546875 0.45703125 0.0953125 0.053125
