1 0.4328125 0.5890625 0.15625 0.09375
55 0.746875 0.603125 0.2 0.0953125
6 0.56171875 0.6078125 0.15 0.084375
16 0.33828125 0.6171875 0.0859375 0.0703125
9 0.4234375 0.86015625 0.23125 0.05625
7 0.74765625 0.8625 0.128125 0.134375
29 0.37265625 0.921875 0.178125 0.11875
60 0.596875 0.95234375 0.2140625 0.0875
53 0.540625 0.20859375 0.0796875 0.053125
53 0.7015625 0.21484375 0.1046875 0.0515625
4 0.79453125 0.221875 0.13125 0.0375
36 0.36484375 0.22890625 0.1375 0.034375
54 0.74453125 0.415625 0.065625 0.078125
50 0.55078125 0.41875 0.1125 0.125
27 0.4203125 0.4453125 0.2484375 0.090625
61 0.7734375 0.44609375 0.196875 0.0875
10 0.60859375 0.46484375 0.1046875 0.059375
