50 0.75078125 0.56015625 0.1140625 0.134375
43 0.3453125 0.5984375 0.1265625 0.14375
36 0.6078125 0.61328125 0.1234375 0.0484375
38 0.64765625 0.80703125 0.103125 0.146875
54 0.334375 0.8484375 0.0546875 0.1046875
52 0.6046875 0.90234375 0.265625 0.084375
9 0.37109375 0.92578125 0.175 0.125
43 0.32421875 0.1828125 0.1640625 0.1640625
39 0.4875 0.20390625 0.19375 0.0796875
0 0.615625 0.21015625 0.284375 0.075
6 0.7828125 0.2140625 0.1015625 0.05625
29 0.38828125 0.44765625 0.15 0.0859375
4 0.696875 0.453125 0.203125 0.05
11 0.54140625 0.45859375 0.196875 0.071875
