29 0.3828125 0.578125 0.125 0.0875
55 0.7578125 0.5984375 0.196875 0.0984375
11 0.55 0.61171875 0.234375 0.084375
1 0.78984375 0.87265625 0.171875 0.134375
60 0.4078125 0.90625 0.1875 0.084375
16 0.6453125 0.915625 0.0890625 0.0796875
53 0.58125 0.21171875 0.0859375 0.053125
9 0.39765625 0.215625 0.1953125 0.0625
53 0.71015625 0.21640625 0.1125 0.0484375
4 0.8 0.2171875 0.125 0.040625
39 0.39765625 0.42109375 0.1796875 0.0609375
54 0.75 0.42734375 0.0671875 0.1234375
6 0.56484375 0.44609375 0.13125 0.078125
10 0.40625 0.46171875 0.2796875 0.0734375
