1 0.4203125 0.58125 0.1515625 0.0953125
55 0.746875 0.61796875 0.2046875 0.103125
6 0.5546875 0.60859375 0.1625 0.0953125
16 0.33046875 0.61171875 0.0796875 0.0703125
9 0.62578125 0.871875 0.146875 0.1015625
7 0.7484375 0.88046875 0.14375 0.134375
29 0.490625 0.87109375 0.146875 0.1078125
52 0.34921875 0.88984375 0.15625 0.109375
53 0.5890625 0.215625 0.0828125 0.0546875
53 0.7265625 0.23046875 0.1140625 0.0578125
4 0.80859375 0.23828125 0.134375 0.0421875
54 0.74921875 0.41875 0.0609375 0.0671875
39 0.38515625 0.43984375 0.20625 0.103125
61 0.78046875 0.4640625 0.19375 0.0984375
11 0.61796875 0.4671875 0.1984375 0.06875
