36 0.33984375 0.47265625 0.13125 0.0453125
50 0.7421875 0.5625 0.1125 0.1328125
17 0.45625 0.5875 0.1375 0.08125
43 0.3359375 0.590625 0.134375 0.1140625
6 0.60859375 0.60859375 0.1703125 0.096875
39 0.6921875 0.82734375 0.153125 0.1046875
52 0.39609375 0.890625 0.2078125 0.1015625
27 0.55078125 0.890625 0.28125 0.15
11 0.7671875 0.89375 0.215625 0.11875
50 0.58515625 0.18203125 0.1171875 0.121875
29 0.36640625 0.2078125 0.178125 0.084375
55 0.74609375 0.2015625 0.2125 0.096875
16 0.396875 0.45078125 0.075 0.0625
10 0.51640625 0.45234375 0.225 0.0734375
9 0.73203125 0.44921875 0.1640625 0.0640625
