50 0.75 0.56015625 0.1078125 0.134375
43 0.346875 0.58515625 0.13125 0.1078125
36 0.60625 0.61328125 0.125 0.05
38 0.6484375 0.80859375 0.0984375 0.1515625
54 0.33515625 0.84609375 0.0546875 0.1015625
52 0.6046875 0.90078125 0.2625 0.0828125
9 0.37421875 0.92265625 0.1671875 0.1140625
43 0.32734375 0.1765625 0.1515625 0.153125
39 0.48984375 0.20390625 0.19375 0.084375
6 0.728125 0.209375 0.2 0.075
29 0.38203125 0.44765625 0.14375 0.078125
4 0.6921875 0.4515625 0.19375 0.04375
11 0.53984375 0.45859375 0.2 0.0671875
