43 0.58984375 0.58828125 0.1703125 0.121875
6 0.728125 0.58671875 0.15 0.0828125
27 0.39140625 0.60859375 0.2703125 0.090625
52 0.3875 0.8890625 0.1875 0.096875
36 0.5484375 0.88984375 0.128125 0.0609375
53 0.7546875 0.8859375 0.109375 0.078125
50 0.3359375 0.1796875 0.121875 0.140625
50 0.5859375 0.18203125 0.121875 0.1234375
11 0.63046875 0.2109375 0.3046875 0.078125
0 0.45 0.21640625 0.1625 0.0671875
16 0.77578125 0.21171875 0.08125 0.0546875
17 0.70234375 0.4359375 0.2015625 0.09375
55 0.35703125 0.4484375 0.209375 0.09375
