29 0.38359375 0.57578125 0.1390625 0.0828125
55 0.7515625 0.60859375 0.1890625 0.096875
11 0.54453125 0.615625 0.2296875 0.0765625
52 0.72421875 0.90625 0.190625 0.1078125
60 0.396875 0.9078125 0.1765625 0.0796875
53 0.590625 0.2125 0.0828125 0.05
9 0.3984375 0.2140625 0.1703125 0.0578125
53 0.72109375 0.22109375 0.103125 0.0578125
4 0.80703125 0.22734375 0.14375 0.046875
39 0.40390625 0.41640625 0.1640625 0.059375
54 0.7515625 0.43359375 0.0609375 0.11875
6 0.56875 0.44609375 0.140625 0.078125
10 0.4109375 0.4578125 0.278125 0.08125
