61 0.64453125 0.5546875 0.2546875 0.0875
17 0.3125 0.58359375 0.15 0.0859375
60 0.4640625 0.5984375 0.1765625 0.0953125
27 0.63046875 0.6015625 0.2484375 0.090625
29 0.44296875 0.87109375 0.1359375 0.0671875
7 0.2796875 0.86875 0.1171875 0.0984375
52 0.66484375 0.8796875 0.196875 0.109375
54 0.44296875 0.190625 0.0578125 0.1078125
29 0.29921875 0.19765625 0.159375 0.0828125
6 0.55 0.2125 0.1671875 0.0765625
1 0.68203125 0.21640625 0.153125 0.0578125
55 0.328125 0.41328125 0.2109375 0.0875
39 0.690625 0.4515625 0.2046875 0.0953125
36 0.48828125 0.46015625 0.125 0.0359375
