36 0.3375 0.46796875 0.140625 0.034375
50 0.73984375 0.5671875 0.109375 0.13125
17 0.44921875 0.590625 0.146875 0.09375
43 0.34140625 0.590625 0.1140625 0.134375
6 0.60546875 0.6078125 0.165625 0.09375
39 0.6875 0.828125 0.15 0.096875
52 0.3796875 0.88828125 0.1859375 0.096875
27 0.54453125 0.8921875 0.265625 0.140625
11 0.7515625 0.896875 0.2140625 0.109375
50 0.58828125 0.1828125 0.1125 0.1203125
55 0.73984375 0.19765625 0.21875 0.08125
29 0.3671875 0.20703125 0.1609375 0.0828125
16 0.39609375 0.44765625 0.071875 0.0625
9 0.7359375 0.45 0.1546875 0.0625
10 0.5171875 0.45 0.209375 0.065625
