1 0.434375 0.59140625 0.1765625 0.1015625
55 0.759375 0.596875 0.2046875 0.1015625
6 0.56171875 0.603125 0.159375 0.0921875
16 0.35234375 0.63125 0.0953125 0.0828125
7 0.7828125 0.846875 0.128125 0.115625
29 0.52734375 0.8734375 0.13125 0.0984375
9 0.66171875 0.8703125 0.1328125 0.1015625
52 0.38984375 0.896875 0.1296875 0.0734375
53 0.565625 0.21015625 0.08125 0.05
53 0.6984375 0.209375 0.115625 0.0515625
4 0.79296875 0.21328125 0.115625 0.0390625
39 0.390625 0.4140625 0.19375 0.05
54 0.7421875 0.4078125 0.0609375 0.0875
61 0.78828125 0.4453125 0.171875 0.10625
11 0.61875 0.453125 0.1921875 0.0671875
10 0.3984375 0.46328125 0.265625 0.0875
