52 0.73984375 0.475 0.228125 0.059375
50 0.7375 0.58046875 0.1125 0.146875
43 0.325 0.57734375 0.1390625 0.1265625
7 0.45 0.59921875 0.15625 0.1046875
1 0.621875 0.61171875 0.2 0.0875
16 0.74609375 0.62578125 0.08125 0.0703125
54 0.325 0.83671875 0.059375 0.1015625
29 0.54609375 0.890625 0.1421875 0.0828125
4 0.721875 0.91640625 0.15625 0.09375
60 0.371875 0.9328125 0.2375 0.103125
36 0.634375 0.96484375 0.18125 0.0671875
38 0.5328125 0.1625 0.1171875 0.1875
50 0.3859375 0.17734375 0.128125 0.1328125
9 0.7015625 0.225 0.18125 0.065625
10 0.55703125 0.4546875 0.1484375 0.084375
53 0.35703125 0.45234375 0.096875 0.0578125
