61 0.5828125 0.46875 0.29375 0.0671875
55 0.7265625 0.59375 0.215625 0.0984375
9 0.53671875 0.60625 0.1640625 0.08125
36 0.39765625 0.60859375 0.1234375 0.040625
38 0.6578125 0.82109375 0.090625 0.165625
16 0.3515625 0.86640625 0.0734375 0.06875
50 0.5765625 0.87890625 0.121875 0.1484375
54 0.36953125 0.8890625 0.0609375 0.109375
53 0.725 0.21484375 0.0890625 0.0484375
43 0.38671875 0.415625 0.1453125 0.1515625
10 0.78984375 0.45703125 0.1296875 0.071875
10 0.67890625 0.45703125 0.0765625 0.0453125
