43 0.3375 0.575 0.1171875 0.121875
6 0.72265625 0.6015625 0.146875 0.0890625
17 0.4609375 0.59140625 0.1375 0.0984375
39 0.6703125 0.834375 0.1546875 0.0953125
52 0.36171875 0.8796875 0.1921875 0.103125
11 0.74296875 0.9140625 0.203125 0.1171875
27 0.52734375 0.90625 0.271875 0.15625
50 0.609375 0.18984375 0.1234375 0.128125
55 0.765625 0.21953125 0.2125 0.0859375
53 0.4015625 0.2015625 0.153125 0.0671875
54 0.35625 0.41328125 0.059375 0.1015625
10 0.54375 0.45234375 0.215625 0.0875
52 0.76015625 0.47734375 0.225 0.0703125
36 0.3421875 0.45703125 0.1171875 0.040625
