61 0.6453125 0.55234375 0.253125 0.084375
17 0.3140625 0.58671875 0.1484375 0.084375
60 0.465625 0.59921875 0.175 0.0921875
27 0.63203125 0.59921875 0.246875 0.0859375
29 0.44921875 0.871875 0.134375 0.065625
7 0.2859375 0.87265625 0.115625 0.096875
52 0.67109375 0.8765625 0.1953125 0.10625
54 0.4375 0.19140625 0.05625 0.10625
29 0.29375 0.2015625 0.159375 0.08125
6 0.5453125 0.21171875 0.165625 0.0734375
1 0.67734375 0.21328125 0.1515625 0.0546875
55 0.3265625 0.41640625 0.209375 0.084375
39 0.68984375 0.4484375 0.203125 0.090625
36 0.4875 0.46015625 0.125 0.034375
