28 0.1 0.55703125 0.0625 0.05703125
28 0.0921875 0.478125 0.00390625 0.03359375
28 0.121875 0.66015625 0.0625 0.053125
28 0.1703125 0.53359375 0.0546875 0.053125
28 0.8625 0.95859375 0.05078125 0.05703125
28 0.48828125 0.4484375 0.2 0.3265625
28 0.16875 0.3546875 0.25078125 0.2734375
28 0.77421875 0.7265625 0.3609375 0.1796875
28 0.953125 0.8046875 0.078125 0.28359375
28 0.3234375 0.6015625 0.1140625 0.3703125
28 0.64140625 0.4703125 0.3765625 0.153125
28 0.31171875 0.23203125 0.1609375 0.296875
