59 0.61796875 0.03984375 0.19140625 0.07890625
59 0.93828125 0.4140625 0.1234375 0.103125
59 0.80390625 0.4625 0.18046875 0.11640625
59 0.60625 0.47734375 0.178125 0.1296875
59 0.42890625 0.48046875 0.18125 0.11640625
59 0.4484375 0.053125 0.16015625 0.10625
59 0.925 0.52890625 0.15 0.09765625
59 0.728125 0.5734375 0.1828125 0.1171875
59 0.54765625 0.5828125 0.16484375 0.11015625
59 0.43828125 0.64296875 0.15859375 0.1203125
59 0.871875 0.6484375 0.1578125 0.10859375
59 0.71328125 0.6984375 0.15859375 0.12578125
59 0.5515625 0.72734375 0.14765625 0.1171875
59 0.91484375 0.0953125 0.1703125 0.128125
59 0.7296875 0.12109375 0.17578125 0.13828125
59 0.5390625 0.13828125 0.19609375 0.12578125
59 0.3859375 0.1609375 0.15859375 0.11875
59 0.85625 0.2046875 0.16640625 0.11328125
59 0.68046875 0.240625 0.2015625 0.121875
59 0.49609375 0.246875 0.16484375 0.11484375
59 0.9203125 0.30078125 0.159375 0.12109375
59 0.80546875 0.03515625 0.159375 0.0703125
59 0.78515625 0.3453125 0.16796875 0.1265625
59 0.415625 0.34609375 0.16328125 0.11875
59 0.59609375 0.35234375 0.18125 0.12421875
