59 0.3953125 0.55390625 0.190625 0.26171875
59 0.5859375 0.59921875 0.19140625 0.2640625
59 0.11640625 0.6953125 0.17578125 0.27265625
59 0.9234375 0.7015625 0.153125 0.25390625
59 0.78671875 0.76796875 0.203125 0.2734375
59 0.30078125 0.78671875 0.1734375 0.2609375
59 0.471875 0.82890625 0.196875 0.2828125
59 0.63203125 0.846875 0.15625 0.23046875
59 0.603125 0.29921875 0.16328125 0.23046875
59 0.79296875 0.30390625 0.14921875 0.20546875
59 0.18984375 0.32265625 0.18828125 0.2265625
59 0.478125 0.40078125 0.1703125 0.21953125
59 0.91484375 0.46171875 0.1703125 0.234375
59 0.7359375 0.46484375 0.16875 0.22109375
59 0.10546875 0.49140625 0.1484375 0.19609375
59 0.246875 0.49765625 0.1484375 0.2421875
