59 0.68125 0.61015625 0.19140625 0.296875
59 0.90234375 0.62578125 0.1953125 0.29375
59 0.46171875 0.640625 0.20234375 0.25859375
59 0.075 0.64609375 0.15 0.28203125
59 0.25 0.65234375 0.178125 0.25703125
59 0.91015625 0.084375 0.17890625 0.16875
59 0.6828125 0.0859375 0.20546875 0.171875
59 0.4578125 0.0875 0.19609375 0.175
59 0.06796875 0.08828125 0.13515625 0.1765625
59 0.6921875 0.8890625 0.19765625 0.221875
59 0.07890625 0.890625 0.1578125 0.21875
59 0.90390625 0.890625 0.19140625 0.21875
59 0.25 0.8953125 0.190625 0.209375
59 0.48515625 0.9015625 0.19140625 0.19609375
59 0.2421875 0.0984375 0.17109375 0.196875
59 0.66015625 0.3171875 0.20390625 0.26796875
59 0.06875 0.33359375 0.1375 0.2734375
59 0.4421875 0.346875 0.221875 0.26796875
59 0.89375 0.34921875 0.20859375 0.26015625
59 0.23828125 0.36171875 0.19140625 0.2671875
