59 0.3828125 0.48359375 0.18984375 0.18515625
59 0.80859375 0.5390625 0.1796875 0.19140625
59 0.22109375 0.5484375 0.1953125 0.17578125
59 0.57265625 0.5671875 0.18984375 0.17890625
59 0.490625 0.678125 0.19375 0.18125
59 0.33359375 0.69765625 0.153125 0.16328125
59 0.61875 0.8109375 0.18984375 0.17734375
59 0.45390625 0.85703125 0.20234375 0.18046875
59 0.63359375 0.27109375 0.21640625 0.16484375
59 0.4625 0.32890625 0.171875 0.17421875
59 0.28984375 0.35859375 0.18828125 0.1859375
59 0.60078125 0.3921875 0.18515625 0.19375
