59 0.1296875 0.50859375 0.259375 0.2203125
59 0.48671875 0.5140625 0.3953125 0.209375
59 0.8328125 0.528125 0.334375 0.215625
59 0.87109375 0.72109375 0.2578125 0.2296875
59 0.1390625 0.728125 0.278125 0.25
59 0.521875 0.7390625 0.415625 0.24921875
59 0.49921875 0.178125 0.3703125 0.1859375
59 0.1609375 0.184375 0.321875 0.175
59 0.85078125 0.18828125 0.2984375 0.17578125
59 0.1390625 0.32734375 0.278125 0.18984375
59 0.459375 0.34140625 0.35078125 0.18515625
59 0.84375 0.34453125 0.3125 0.1953125
