11 0.43359375 0.5078125 0.24375 0.10859375
9 0.21796875 0.53125 0.18359375 0.128125
74 0.4875 0.565625 0.9390625 0.2640625
7 0.38046875 0.58671875 0.19375 0.1078125
74 0.48046875 0.7140625 0.96015625 0.4453125
77 0.3640625 0.2 0.18046875 0.1546875
7 0.503125 0.25703125 0.1171875 0.09765625
8 0.46171875 0.34453125 0.13125 0.10625
9 0.65859375 0.3515625 0.14140625 0.09140625
9 0.56796875 0.36328125 0.09609375 0.06328125
11 0.34140625 0.38671875 0.2328125 0.2015625
9 0.7046875 0.459375 0.103125 0.084375
77 0.55859375 0.4671875 0.23125 0.1890625
