11 0.8390625 0.496875 0.23203125 0.08203125
11 0.18828125 0.51875 0.1671875 0.140625
77 0.42265625 0.53203125 0.24609375 0.2109375
74 0.4734375 0.55234375 0.9390625 0.2296875
9 0.59375 0.60703125 0.1875 0.12578125
7 0.3734375 0.33515625 0.1171875 0.07578125
8 0.5765625 0.34140625 0.1234375 0.06875
77 0.24375 0.36171875 0.1640625 0.12578125
9 0.45390625 0.3875 0.121875 0.0734375
9 0.5671875 0.3890625 0.153125 0.05703125
74 0.4453125 0.41875 0.81796875 0.09140625
7 0.221875 0.4203125 0.165625 0.1046875
9 0.7046875 0.4390625 0.134375 0.06328125
