9 0.70703125 0.534375 0.15625 0.13203125
74 0.45390625 0.55859375 0.56796875 0.6546875
9 0.259375 0.63515625 0.25703125 0.1359375
11 0.7546875 0.68515625 0.48984375 0.140625
77 0.4703125 0.2328125 0.1703125 0.16640625
7 0.68359375 0.25234375 0.1578125 0.115625
7 0.3359375 0.29921875 0.14609375 0.12578125
9 0.6109375 0.3515625 0.159375 0.084375
8 0.79140625 0.35703125 0.17578125 0.12421875
11 0.1953125 0.36875 0.275 0.08203125
11 0.41328125 0.39609375 0.2296875 0.04609375
9 0.70703125 0.4015625 0.2046875 0.08671875
74 0.61640625 0.44296875 0.69140625 0.48984375
77 0.22421875 0.46484375 0.271875 0.23203125
