74 0.16953125 0.52265625 0.3125 0.62109375
77 0.36328125 0.53515625 0.25390625 0.2078125
9 0.72578125 0.55546875 0.15859375 0.11328125
74 0.56875 0.62578125 0.61171875 0.690625
74 0.5921875 0.1859375 0.76640625 0.18671875
74 0.59296875 0.2953125 0.8140625 0.184375
9 0.3734375 0.3046875 0.1171875 0.1171875
9 0.5265625 0.31875 0.16875 0.08671875
8 0.66484375 0.353125 0.140625 0.10625
7 0.4328125 0.3734375 0.15078125 0.0890625
77 0.275 0.38828125 0.196875 0.15234375
9 0.60078125 0.42421875 0.11015625 0.11484375
7 0.446875 0.45078125 0.18671875 0.10390625
