7 0.74609375 0.49140625 0.16953125 0.11953125
77 0.54453125 0.50078125 0.209375 0.1796875
9 0.38046875 0.5296875 0.1609375 0.0890625
7 0.184375 0.54453125 0.13984375 0.115625
9 0.328125 0.61171875 0.17421875 0.1328125
8 0.453125 0.3 0.14609375 0.09609375
9 0.5671875 0.3046875 0.1171875 0.08046875
11 0.6984375 0.33984375 0.20234375 0.190625
9 0.57109375 0.37421875 0.13828125 0.090625
77 0.41640625 0.3953125 0.21953125 0.17421875
11 0.1328125 0.409375 0.22265625 0.1046875
11 0.2203125 0.43359375 0.2109375 0.128125
74 0.646875 0.43359375 0.21484375 0.49765625
74 0.878125 0.44765625 0.20625 0.53125
