7 0.8546875 0.49609375 0.14296875 0.13203125
11 0.734375 0.50078125 0.065625 0.16953125
8 0.4765625 0.54296875 0.17734375 0.10859375
7 0.2640625 0.5734375 0.13359375 0.10859375
9 0.80703125 0.6359375 0.15859375 0.140625
77 0.46015625 0.28046875 0.1640625 0.1453125
74 0.38359375 0.38125 0.7671875 0.39765625
9 0.32421875 0.39453125 0.11015625 0.11953125
77 0.628125 0.415625 0.19375 0.16328125
11 0.08515625 0.421875 0.1234375 0.17109375
11 0.17890625 0.43515625 0.0859375 0.15390625
9 0.43125 0.46328125 0.1578125 0.078125
74 0.8578125 0.4765625 0.284375 0.56875
