62 1 0.0333333328125 0.9487500000000001 0.031666667187500004 0.9275 0.04 0.89875 0.0366666671875 0.8775000000000001 0.045 0.8625 0.038333332812499996 0.8462500000000001 0.038333332812499996 0.8375 0.045 0.79875 0.0416666671875 0.7849999999999999 0.05 0.76125 0.04 0.73125 0.048333332812500004 0.7112499999999999 0.0366666671875 0.68125 0.0416666671875 0.65125 0.0366666671875 0.63125 0.0633333328125 0.64 0.11000000000000001 0.63875 0.1433333328125 0.6325000000000001 0.1616666671875 0.63625 0.1983333328125 0.6537499999999999 0.20833333281250002 0.9075 0.20833333281250002 1 0.2 1 0.0333333328125
62 1 0.2966666671875 0.82125 0.2883333328125 0.635 0.29333333281249996 0.6224999999999999 0.3266666671875 0.62625 0.37 0.615 0.41166666718749995 0.6174999999999999 0.44166666718750003 0.6325000000000001 0.4516666671875 0.67375 0.45499999999999996 0.9099999999999999 0.4566666671875 0.9800000000000001 0.45499999999999996 1 0.44333333281250004 1 0.2966666671875
62 1 0.5599999999999999 0.9737500000000001 0.5650000000000001 0.8324999999999999 0.5583333328125 0.8262499999999999 0.5416666671875 0.80625 0.54 0.7837500000000001 0.5583333328125 0.70625 0.5533333328125 0.6799999999999999 0.5599999999999999 0.65625 0.5533333328125 0.6475 0.5633333328125001 0.62 0.5666666671875 0.61375 0.5816666671874999 0.6075 0.6833333328125 0.6212500000000001 0.6950000000000001 0.6837500000000001 0.6966666671875 0.97 0.6916666671875 0.9962500000000001 0.6833333328125 1 0.625 0.9925 0.6166666671875001 1 0.6066666671875 1 0.5599999999999999
62 1 0.7683333328125 0.975 0.765 0.9637499999999999 0.755 0.9574999999999999 0.765 0.9275 0.7566666671875 0.86625 0.765 0.8375 0.765 0.835 0.76 0.83375 0.7666666671875 0.7975 0.765 0.7849999999999999 0.7733333328125 0.7737499999999999 0.7733333328125 0.76875 0.765 0.74875 0.765 0.73625 0.775 0.705 0.7633333328125 0.6975 0.7783333328125 0.67875 0.7666666671875 0.665 0.7666666671875 0.64125 0.7816666671875 0.63625 0.78 0.6325000000000001 0.7666666671875 0.6224999999999999 0.765 0.61875 0.7833333328125 0.63 0.8083333328125001 0.63125 0.825 0.645 0.8300000000000001 0.6525000000000001 0.8466666671875 0.65625 0.8716666671875 0.6537499999999999 0.9516666671875 0.71875 0.9583333328125001 0.8862500000000001 0.9583333328125001 0.9112500000000001 0.9550000000000001 0.91625 0.9366666671875 0.9400000000000001 0.9550000000000001 0.9550000000000001 0.9550000000000001 0.9550000000000001 0.885 0.9637499999999999 0.8433333328125 0.96875 0.8316666671874999 0.9887499999999999 0.8283333328125 1 0.8150000000000001 1 0.7683333328125
62 0.57625 0.0366666671875 0.55625 0.034999999999999996 0.5525 0.04 0.55 0.09 0.5425 0.12 0.54125 0.1916666671875 0.5575 0.2133333328125 0.61625 0.21000000000000002 0.63125 0.1966666671875 0.63375 0.11333333281249999 0.6275000000000001 0.1 0.6212500000000001 0.04 0.60625 0.0333333328125 0.59875 0.0366666671875 0.5825 0.0633333328125 0.57625 0.0366666671875
62 0.5237499999999999 0.37666666718749997 0.52625 0.45 0.54 0.47000000000000003 0.6075 0.4683333328125 0.61375 0.45 0.615 0.3633333328125 0.60625 0.32 0.60625 0.29 0.59375 0.27999999999999997 0.54125 0.27999999999999997 0.5337500000000001 0.2883333328125 0.5325 0.32999999999999996 0.5237499999999999 0.37666666718749997
62 0.51375 0.5916666671875 0.51 0.6716666671875 0.515 0.7 0.5275000000000001 0.7116666671874999 0.5962500000000001 0.71 0.605 0.6916666671875 0.60375 0.6083333328125 0.5925 0.5316666671875 0.5725 0.52 0.5337500000000001 0.5166666671875 0.525 0.525 0.5225 0.5683333328125 0.51375 0.5916666671875
62 0.5275000000000001 0.8266666671875 0.51625 0.885 0.515 0.95 0.52 0.9566666671874999 0.56875 0.9583333328125001 0.595 0.9550000000000001 0.60625 0.9466666671875 0.61125 0.8783333328125 0.6012500000000001 0.82 0.6 0.775 0.595 0.7666666671875 0.57875 0.7633333328125 0.5387500000000001 0.7683333328125 0.5287499999999999 0.7783333328125 0.5275000000000001 0.8266666671875
62 0.44375 0.0983333328125 0.445 0.2033333328125 0.45499999999999996 0.22000000000000003 0.5287499999999999 0.215 0.53625 0.195 0.5375 0.10166666718749999 0.5237499999999999 0.0783333328125 0.52125 0.04 0.5025000000000001 0.031666667187500004 0.46875 0.03 0.45375 0.04 0.4525 0.0816666671875 0.44375 0.0983333328125
62 0.43875000000000003 0.33999999999999997 0.44125 0.44166666718750003 0.45375 0.4516666671875 0.51625 0.45 0.5225 0.44166666718750003 0.53 0.33166666718750004 0.525 0.3016666671875 0.5287499999999999 0.2883333328125 0.51375 0.27999999999999997 0.47750000000000004 0.2783333328125 0.4575 0.2816666671875 0.44625000000000004 0.2916666671875 0.43875000000000003 0.33999999999999997
62 0.43499999999999994 0.5833333328125 0.43499999999999994 0.6966666671875 0.445 0.71 0.50625 0.7066666671874999 0.51375 0.6866666671874999 0.515 0.635 0.51125 0.6116666671875 0.51375 0.5733333328125 0.505 0.5333333328125 0.495 0.5183333328125 0.45125000000000004 0.5166666671875 0.44125 0.5216666671875 0.44125 0.5683333328125 0.43499999999999994 0.5833333328125
62 0.43125 0.8983333328124999 0.43499999999999994 0.95 0.44375 0.9566666671874999 0.50625 0.9550000000000001 0.5125 0.9483333328124999 0.5175 0.8400000000000001 0.5125 0.7733333328125 0.50625 0.765 0.45375 0.765 0.44000000000000006 0.7716666671875 0.43375 0.7966666671875 0.43125 0.8983333328124999
62 0.315 0.0883333328125 0.31 0.1933333328125 0.32625000000000004 0.2033333328125 0.4375 0.2 0.4425 0.1916666671875 0.44375 0.14666666718750002 0.43 0.09 0.4 0.08 0.38875000000000004 0.065 0.385 0.034999999999999996 0.3675 0.03 0.32625000000000004 0.0366666671875 0.32875 0.0666666671875 0.315 0.0883333328125
62 0.325 0.3083333328125 0.31375000000000003 0.33999999999999997 0.3125 0.44166666718750003 0.31875 0.44666666718750003 0.4375 0.445 0.4425 0.43666666718749997 0.4425 0.3966666671875 0.43499999999999994 0.3283333328125 0.42625 0.29333333281249996 0.41500000000000004 0.29 0.40374999999999994 0.2983333328125 0.38875000000000004 0.28500000000000003 0.3725 0.28500000000000003 0.32999999999999996 0.2866666671875 0.325 0.2916666671875 0.325 0.3083333328125
62 0.31375000000000003 0.5833333328125 0.31 0.6733333328125 0.315 0.7 0.32125 0.705 0.365 0.705 0.4325 0.6900000000000001 0.4375 0.675 0.4375 0.635 0.42625 0.605 0.42125 0.5716666671875 0.41624999999999995 0.5650000000000001 0.39249999999999996 0.5716666671875 0.3825 0.5616666671874999 0.365 0.5616666671874999 0.35625 0.5733333328125 0.3275 0.5716666671875 0.31375000000000003 0.5833333328125
62 0.3025 0.85 0.305 0.9400000000000001 0.315 0.9516666671875 0.42750000000000005 0.9483333328124999 0.4325 0.9383333328125 0.43499999999999994 0.8966666671875 0.4225 0.8183333328125 0.4125 0.7933333328125001 0.39625 0.7733333328125 0.36375 0.7816666671875 0.33999999999999997 0.7566666671875 0.3175 0.78 0.31375000000000003 0.825 0.3025 0.85
62 0.185 0.6066666671875 0.18625 0.6766666671875 0.19125 0.6983333328125 0.2925 0.7066666671874999 0.30874999999999997 0.7016666671875 0.31124999999999997 0.5599999999999999 0.29874999999999996 0.5383333328125001 0.27875 0.5283333328125 0.26375000000000004 0.5283333328125 0.2225 0.5316666671875 0.2 0.5433333328125001 0.185 0.6066666671875
62 0.18875 0.44666666718750003 0.19624999999999998 0.4683333328125 0.24 0.4683333328125 0.255 0.45 0.3175 0.44333333281250004 0.31375000000000003 0.31 0.3025 0.2966666671875 0.20125 0.3066666671875 0.1875 0.3633333328125 0.18875 0.44666666718750003
62 0.19375 0.0783333328125 0.18 0.11499999999999999 0.1775 0.1933333328125 0.19 0.20166666718749998 0.2125 0.2033333328125 0.23625 0.1966666671875 0.29500000000000004 0.2 0.30375 0.20833333281250002 0.30874999999999997 0.19 0.3075 0.0966666671875 0.3125 0.0633333328125 0.2925 0.048333332812500004 0.23500000000000001 0.048333332812500004 0.205 0.0533333328125 0.18875 0.0633333328125 0.19375 0.0783333328125
62 0.10625 0.595 0.1125 0.6116666671875 0.09875 0.645 0.0975 0.67 0.0625 0.6799999999999999 0.061250000000000006 0.6866666671874999 0.06999999999999999 0.6966666671875 0.08625000000000001 0.7 0.17875000000000002 0.7033333328125 0.185 0.6866666671874999 0.18625 0.5683333328125 0.1825 0.545 0.17375000000000002 0.5383333328125001 0.15 0.545 0.12375 0.5366666671875 0.11374999999999999 0.545 0.10874999999999999 0.5683333328125 0.10625 0.595
62 0.09375 0.3566666671875 0.10874999999999999 0.3783333328125 0.0975 0.45499999999999996 0.11875 0.47000000000000003 0.18 0.4716666671875 0.1875 0.45999999999999996 0.19 0.3166666671875 0.18375 0.30333333281249997 0.17625 0.3 0.12125 0.2983333328125 0.09 0.3166666671875 0.1025 0.3366666671875 0.09375 0.3566666671875
62 0.07625 0.0866666671875 0.10124999999999999 0.1233333328125 0.095 0.1516666671875 0.09625 0.1933333328125 0.1 0.1983333328125 0.13625 0.2066666671875 0.1675 0.2033333328125 0.17625 0.1916666671875 0.18 0.0733333328125 0.17250000000000001 0.06 0.16 0.0533333328125 0.11499999999999999 0.0533333328125 0.06625 0.06833333281250001 0.05500000000000001 0.08 0.07625 0.0866666671875
62 0.2225 0.8033333328125 0.21125 0.85 0.2225 0.95 0.23374999999999999 0.9566666671874999 0.28875 0.96 0.3 0.95 0.2975 0.8633333328124999 0.30625 0.8150000000000001 0.28625 0.7866666671875 0.27625 0.76 0.25625 0.7583333328124999 0.22625 0.765 0.21625 0.7733333328125 0.2225 0.8033333328125
62 0.1375 0.7983333328125 0.13999999999999999 0.8083333328125001 0.11625 0.8366666671875 0.11499999999999999 0.8916666671875 0.12 0.9083333328125001 0.12125 0.95 0.185 0.9550000000000001 0.19875 0.9483333328124999 0.20249999999999999 0.8366666671875 0.19 0.8033333328125 0.19624999999999998 0.7849999999999999 0.175 0.7683333328125 0.16375 0.7833333328125 0.14125000000000001 0.7916666671875 0.1375 0.7983333328125
62 0.03 0.825 0.0225 0.8466666671875 0.03 0.9383333328125 0.0375 0.9516666671875 0.0925 0.9533333328125 0.10375000000000001 0.9366666671875 0.10625 0.8733333328124999 0.11499999999999999 0.8300000000000001 0.1 0.8 0.09625 0.7683333328125 0.08875 0.76 0.075 0.76 0.04625 0.775 0.04375 0.8066666671875 0.03 0.825
