9 0.19453125 0.0640625 0.2140625 0.128125
25 0.54609375 0.68125 0.90703125 0.43984375
9 0.0640625 0.08515625 0.128125 0.1140625
6 0.3140625 0.2296875 0.23203125 0.1234375
77 0.921875 0.259375 0.15546875 0.2671875
78 0.68828125 0.27421875 0.56953125 0.46640625
6 0.35078125 0.2953125 0.2609375 0.2
6 0.17109375 0.35703125 0.228125 0.16953125
6 0.30546875 0.48984375 0.2578125 0.1640625
25 0.60546875 0.5546875 0.7890625 0.3515625
17 0.609375 0.5671875 0.221875 0.18125
17 0.115625 0.5828125 0.23046875 0.18359375
17 0.38125 0.590625 0.29375 0.23671875
