8 0.8115942031250001 0.4258241765625 0.8079710140625 0.3543956046875 0.8007246374999999 0.3324175828125 0.7771739125 0.29670329687499997 0.7590579703125 0.2802197796875 0.737318840625 0.26923076875 0.690217390625 0.26923076875 0.6684782609375 0.2802197796875 0.648550725 0.3049450546875 0.6413043484375 0.3269230765625 0.6413043484375 0.37087912031250003 0.637681159375 0.3763736265625 0.6413043484375 0.458791209375 0.6576086953125 0.49450549375 0.6938405796875 0.527472528125 0.7083333328125 0.5329670328125 0.7463768109375 0.5302197796875 0.7590579703125 0.527472528125 0.784420290625 0.50549450625 0.8007246374999999 0.48076923125000004 0.8115942031250001 0.4258241765625
8 0.648550725 0.5576923078125 0.6521739125 0.5521978015625 0.648550725 0.5082417578125 0.6304347828125 0.45329670312500003 0.610507246875 0.4230769234375 0.5923913046875 0.4120879125 0.559782609375 0.4120879125 0.5271739125 0.428571428125 0.5 0.4697802203125 0.489130434375 0.5082417578125 0.489130434375 0.5851648359375 0.5072463765624999 0.640109890625 0.5271739125 0.6648351640625 0.5706521734375001 0.6868131875000001 0.601449275 0.684065934375 0.6231884062499999 0.6620879125 0.6268115937500001 0.640109890625 0.648550725 0.6071428578125 0.648550725 0.5576923078125
8 0.46376811562500003 0.524725275 0.46376811562500003 0.458791209375 0.4492753625 0.4148351640625 0.4257246375 0.390109890625 0.4039855078125 0.37912087968749997 0.34963768125 0.37912087968749997 0.3242753625 0.40109890156250005 0.3007246375 0.4478021984375 0.28985507187500004 0.4917582421875 0.28985507187500004 0.5357142859375 0.3007246375 0.5741758234375001 0.32065217343749997 0.6043956046875001 0.360507246875 0.63186813125 0.3949275359375 0.634615384375 0.40760869531250005 0.63186813125 0.4257246375 0.615384615625 0.45289855 0.5631868124999999 0.46376811562500003 0.524725275
8 0.32246376875 0.3983516484375 0.32246376875 0.3763736265625 0.3188405796875 0.359890109375 0.29891304375 0.3296703296875 0.2771739125 0.31868131875 0.23007246406249998 0.31868131875 0.2192028984375 0.3296703296875 0.211956521875 0.3296703296875 0.19565217343750002 0.3543956046875 0.188405796875 0.3763736265625 0.184782609375 0.43681318750000003 0.19565217343750002 0.48076923125000004 0.20833333281250002 0.50549450625 0.22282608750000002 0.5164835171875 0.260869565625 0.5137362640625 0.2771739125 0.50549450625 0.28623188437499997 0.4917582421875 0.29710145 0.45329670312500003 0.32246376875 0.3983516484375
8 0.5688405796875 0.271978021875 0.565217390625 0.23901098906249998 0.5525362312500001 0.21978022031250002 0.5271739125 0.203296703125 0.4945652171875 0.203296703125 0.46557970937500004 0.21978022031250002 0.438405796875 0.25549450625 0.42753623125000006 0.29945055 0.4311594203125 0.315934065625 0.4311594203125 0.3489010984375 0.438405796875 0.37087912031250003 0.45108695625 0.390109890625 0.4818840578125 0.3928571421875 0.49818840625 0.390109890625 0.5163043484375 0.37912087968749997 0.5507246375 0.3324175828125 0.5688405796875 0.271978021875
8 0.438405796875 0.25549450625 0.438405796875 0.22252747187500002 0.4311594203125 0.1950549453125 0.40760869531250005 0.1648351640625 0.385869565625 0.153846153125 0.3423913046875 0.153846153125 0.32789855 0.1648351640625 0.3079710140625 0.1950549453125 0.30434782656250003 0.20604395625 0.30434782656250003 0.23351648281249998 0.3007246375 0.23901098906249998 0.3007246375 0.2664835171875 0.3079710140625 0.29395604375 0.32789855 0.3241758234375 0.360507246875 0.3516483515625 0.3804347828125 0.3489010984375 0.40036231874999995 0.340659340625 0.40942029062499996 0.3269230765625 0.4166666671875 0.29395604375 0.438405796875 0.25549450625
8 0.590579709375 0.1236263734375 0.590579709375 0.0851648359375 0.5742753625 0.054945054687499995 0.54891304375 0.0384615390625 0.5090579703125 0.0384615390625 0.5054347828125 0.04395604375 0.49818840625 0.04395604375 0.47463768125000005 0.0741758234375 0.47463768125000005 0.0851648359375 0.46739130468749995 0.096153846875 0.46739130468749995 0.10714285781249999 0.46014492812499996 0.1291208796875 0.46014492812499996 0.16208791250000001 0.4800724640625 0.1978021984375 0.48731884062499997 0.1978021984375 0.4909420296875 0.203296703125 0.539855071875 0.20054945000000002 0.5525362312500001 0.1923076921875 0.5833333328125 0.1510989015625 0.5833333328125 0.140109890625 0.590579709375 0.1236263734375
8 0.6811594203125 0.26098901093750004 0.6811594203125 0.22252747187500002 0.6775362312500001 0.21703296718749998 0.6775362312500001 0.20054945000000002 0.6666666671875 0.1675824171875 0.6539855078125 0.153846153125 0.639492753125 0.1428571421875 0.6032608703125 0.1428571421875 0.585144928125 0.159340659375 0.565217390625 0.1950549453125 0.5615942031250001 0.228021978125 0.5688405796875 0.25 0.5688405796875 0.271978021875 0.57608695625 0.29945055 0.5815217390625 0.3076923078125 0.6032608703125 0.3241758234375 0.6340579703125 0.32142857187499996 0.639492753125 0.31868131875 0.6576086953125 0.28571428593750003 0.6775362312500001 0.271978021875 0.6811594203125 0.26098901093750004
8 0.6811594203125 0.06868131875 0.6775362312500001 0.057692307812499996 0.661231884375 0.032967032812500005 0.6467391296875 0.027472528125 0.6431159421875 0.021978021875 0.6177536234375001 0.021978021875 0.614130434375 0.027472528125 0.59963768125 0.032967032812500005 0.586956521875 0.0521978015625 0.586956521875 0.0741758234375 0.5942028984375 0.096153846875 0.590579709375 0.11813186875 0.5960144921875 0.13186813125000002 0.6032608703125 0.1373626375 0.6286231890625 0.1373626375 0.6322463765624999 0.1428571421875 0.659420290625 0.140109890625 0.664855071875 0.1373626375 0.67391304375 0.1236263734375 0.6811594203125 0.1016483515625 0.6811594203125 0.06868131875
8 0.47463768125000005 0.06868131875 0.46739130468749995 0.046703296875 0.45108695625 0.021978021875 0.4438405796875 0.021978021875 0.440217390625 0.016483517187499998 0.41485507187500004 0.016483517187499998 0.41123188437499997 0.021978021875 0.4039855078125 0.021978021875 0.3804347828125 0.0631868125 0.37681159375 0.0851648359375 0.37318840625 0.090659340625 0.37318840625 0.10714285781249999 0.3804347828125 0.1291208796875 0.389492753125 0.1428571421875 0.4039855078125 0.153846153125 0.438405796875 0.1510989015625 0.45108695625 0.1428571421875 0.45652173906250004 0.134615384375 0.46014492812499996 0.1126373625 0.47463768125000005 0.06868131875
