25 0.1688888890625 0.3514009640625 0.17333333281250002 0.29806763125 0.1666666671875 0.2914009640625 0.1488888890625 0.2869565203125 0.055555556250000006 0.2869565203125 0.04444444375 0.3069565203125 0.04444444375 0.3469565203125 0.0488888890625 0.3514009640625 0.0533333328125 0.4447342984375 0.062222221875 0.4669565203125 0.1 0.49584540937500005 0.1311111109375 0.5047342984375 0.17333333281250002 0.5069565203125 0.18222222187499998 0.49806763125 0.17333333281250002 0.4714009640625 0.17333333281250002 0.355845409375 0.1688888890625 0.3514009640625
25 0.1488888890625 0.51555555625 0.142222221875 0.522222221875 0.142222221875 0.5533333328125 0.137777778125 0.557777778125 0.137777778125 0.57555555625 0.142222221875 0.58 0.142222221875 0.6733333328125 0.14666666718750002 0.6777777781250001 0.14666666718750002 0.70444444375 0.1533333328125 0.7111111109375 0.22000000000000003 0.7111111109375 0.22444444375 0.71555555625 0.2666666671875 0.7133333328125 0.2711111109375 0.7 0.2711111109375 0.522222221875 0.26 0.51555555625 0.1488888890625 0.51555555625
25 0.477777778125 0.4888888890625 0.3933333328125 0.4933333328125 0.377777778125 0.50444444375 0.377777778125 0.6733333328125 0.37333333281250003 0.6777777781250001 0.377777778125 0.6866666671874999 0.377777778125 0.722222221875 0.3933333328125 0.7333333328125 0.4888888890625 0.7311111109375 0.5111111109375 0.722222221875 0.497777778125 0.6599999999999999 0.4933333328125 0.49555555625 0.477777778125 0.4888888890625
25 0.8888888890625 0.6333333328124999 0.8933333328125 0.6288888890625 0.9066666671875 0.4911111109375 0.8288888890624999 0.4888888890625 0.81555555625 0.502222221875 0.7933333328125001 0.5066666671875 0.7866666671875 0.5133333328125 0.7866666671875 0.5933333328125 0.7911111109375 0.597777778125 0.7866666671875 0.602222221875 0.782222221875 0.7133333328125 0.8066666671875 0.7244444437500001 0.8422222218750001 0.7244444437500001 0.86 0.7333333328125 0.8755555562499999 0.7311111109375 0.88444444375 0.7133333328125 0.88444444375 0.6733333328125 0.8888888890625 0.6688888890625 0.8888888890625 0.6333333328124999
25 0.6311111109375 0.33999999999999997 0.63555555625 0.33555555625 0.63555555625 0.29111111093750003 0.64 0.2866666671875 0.63555555625 0.282222221875 0.64 0.27777777812500004 0.6244444437500001 0.2666666671875 0.57555555625 0.2666666671875 0.5711111109375 0.262222221875 0.54 0.262222221875 0.5355555562500001 0.257777778125 0.5177777781249999 0.262222221875 0.5066666671875 0.2733333328125 0.5266666671875 0.27999999999999997 0.5377777781249999 0.29111111093750003 0.5377777781249999 0.442222221875 0.542222221875 0.44666666718750003 0.542222221875 0.4733333328125 0.5488888890625 0.48 0.622222221875 0.477777778125 0.6266666671875 0.4688888890625 0.6266666671875 0.43777777812499996 0.6311111109375 0.43333333281249997 0.6311111109375 0.33999999999999997
25 0.5377777781249999 0.44666666718750003 0.5377777781249999 0.3311111109375 0.5333333328125 0.3266666671875 0.5333333328125 0.29111111093750003 0.50444444375 0.2711111109375 0.442222221875 0.2711111109375 0.43333333281249997 0.27555555625 0.4266666671875 0.2866666671875 0.4266666671875 0.37555555625000003 0.4311111109375 0.38 0.4266666671875 0.38444444375 0.4266666671875 0.42444444375 0.4311111109375 0.42888888906249995 0.4311111109375 0.477777778125 0.43777777812499996 0.48444444375 0.4711111109375 0.482222221875 0.5311111109375 0.48 0.542222221875 0.4733333328125 0.542222221875 0.4511111109375 0.5377777781249999 0.44666666718750003
25 0.36222222187500003 0.257777778125 0.357777778125 0.262222221875 0.3266666671875 0.262222221875 0.322222221875 0.257777778125 0.30444444375 0.262222221875 0.297777778125 0.26888888906249997 0.31555555625 0.27777777812500004 0.31555555625 0.397777778125 0.32 0.40222222187499995 0.32444444375 0.48666666718749996 0.40888888906250004 0.48666666718749996 0.4266666671875 0.482222221875 0.4266666671875 0.26888888906249997 0.397777778125 0.257777778125 0.36222222187500003 0.257777778125
25 0.31555555625 0.43333333281249997 0.31555555625 0.2866666671875 0.3088888890625 0.27555555625 0.29111111093750003 0.2666666671875 0.21555555625 0.2711111109375 0.18222222187499998 0.2866666671875 0.1911111109375 0.30444444375 0.1911111109375 0.36666666718749996 0.19555555625 0.3711111109375 0.19555555625 0.40222222187499995 0.20888888906249997 0.46444444375 0.20888888906249997 0.49555555625 0.21555555625 0.5066666671875 0.262222221875 0.50444444375 0.3088888890625 0.497777778125 0.32444444375 0.482222221875 0.32 0.43777777812499996 0.31555555625 0.43333333281249997
25 0.3266666671875 0.4933333328125 0.3133333328125 0.502222221875 0.27777777812500004 0.5066666671875 0.2711111109375 0.5133333328125 0.27555555625 0.522222221875 0.27555555625 0.5666666671875 0.2711111109375 0.5711111109375 0.27555555625 0.58444444375 0.27555555625 0.7 0.2711111109375 0.7133333328125 0.2866666671875 0.7288888890624999 0.3088888890625 0.7288888890624999 0.3133333328125 0.7333333328125 0.36 0.7311111109375 0.37333333281250003 0.717777778125 0.37333333281250003 0.5 0.36222222187500003 0.4933333328125 0.3266666671875 0.4933333328125
25 0.5911111109375 0.4911111109375 0.58444444375 0.48444444375 0.5 0.48444444375 0.4933333328125 0.4911111109375 0.4933333328125 0.5 0.497777778125 0.50444444375 0.502222221875 0.6688888890625 0.51555555625 0.69555555625 0.51555555625 0.7088888890625 0.522222221875 0.71555555625 0.577777778125 0.7266666671875 0.6 0.70444444375 0.6 0.597777778125 0.59555555625 0.5933333328125 0.5911111109375 0.4911111109375
25 0.6933333328125 0.6066666671875 0.6888888890625 0.602222221875 0.6933333328125 0.5133333328125 0.6688888890625 0.4933333328125 0.6333333328124999 0.4888888890625 0.6288888890625 0.48444444375 0.6066666671875 0.48444444375 0.59555555625 0.4911111109375 0.6 0.49555555625 0.59555555625 0.5 0.6 0.5133333328125 0.59555555625 0.5177777781249999 0.6 0.5266666671875 0.59555555625 0.5355555562500001 0.6 0.54 0.6 0.70444444375 0.6066666671875 0.71555555625 0.68444444375 0.7133333328125 0.6888888890625 0.7088888890625 0.6888888890625 0.682222221875 0.6933333328125 0.6777777781250001 0.6933333328125 0.6066666671875
25 0.7288888890624999 0.442222221875 0.7288888890624999 0.357777778125 0.7244444437500001 0.3533333328125 0.7288888890624999 0.2866666671875 0.717777778125 0.27555555625 0.70444444375 0.27555555625 0.7 0.2711111109375 0.6911111109375 0.27555555625 0.6866666671874999 0.2711111109375 0.682222221875 0.27555555625 0.642222221875 0.27555555625 0.64 0.3 0.63555555625 0.30444444375 0.6266666671875 0.477777778125 0.642222221875 0.48444444375 0.6799999999999999 0.48666666718749996 0.717777778125 0.48 0.7333333328125 0.45999999999999996 0.7333333328125 0.44666666718750003 0.7288888890624999 0.442222221875
