22 0.1859375 0.178125 0.23359375 0.153125
22 0.4109375 0.1453125 0.2609375 0.08359375
4 0.6890625 0.41796875 0.13359375 0.05703125
4 0.7359375 0.38828125 0.078125 0.05703125
4 0.653125 0.38203125 0.09453125 0.04296875
10 0.75859375 0.553125 0.19453125 0.096875
11 0.7140625 0.6265625 0.2890625 0.09296875
5 0.69140625 0.85 0.11640625 0.04296875
5 0.75859375 0.878125 0.08359375 0.06015625
5 0.85859375 0.88671875 0.08359375 0.06328125
5 0.6609375 0.903125 0.078125 0.06640625
5 0.7359375 0.94296875 0.071875 0.08671875
5 0.828125 0.9453125 0.0890625 0.08671875
