24 0.72578125 0.59453125 0.2171875 0.0984375
8 0.5375 0.60703125 0.159375 0.0734375
16 0.39453125 0.60859375 0.1171875 0.0578125
17 0.6578125 0.82109375 0.096875 0.1640625
12 0.35078125 0.8671875 0.071875 0.071875
20 0.57734375 0.878125 0.1125 0.15
23 0.3703125 0.8890625 0.0609375 0.109375
20 0.41328125 0.1765625 0.109375 0.134375
22 0.7265625 0.2140625 0.0859375 0.040625
9 0.69140625 0.45 0.0671875 0.046875
9 0.796875 0.45546875 0.11875 0.0796875
15 0.39375 0.45078125 0.146875 0.08125
30 0.58671875 0.4625 0.253125 0.06875
