20 0.75234375 0.5515625 0.1125 0.1375
19 0.35 0.590625 0.1328125 0.1125
16 0.61015625 0.609375 0.128125 0.0546875
17 0.659375 0.803125 0.103125 0.1546875
23 0.346875 0.8515625 0.0578125 0.103125
21 0.61875 0.896875 0.2640625 0.0921875
8 0.3890625 0.9265625 0.171875 0.1203125
19 0.315625 0.1828125 0.15625 0.15625
18 0.4796875 0.2046875 0.196875 0.090625
5 0.7171875 0.2015625 0.2015625 0.08125
15 0.38046875 0.4515625 0.146875 0.0828125
3 0.690625 0.44453125 0.1953125 0.05
10 0.53828125 0.45703125 0.2015625 0.0734375
