15 0.61953125 0.48046875 0.153125 0.0515625
19 0.40703125 0.55546875 0.1734375 0.11875
24 0.7546875 0.61796875 0.2 0.1015625
13 0.36875 0.6015625 0.1796875 0.1078125
10 0.546875 0.61640625 0.228125 0.0828125
1 0.7640625 0.89453125 0.1734375 0.13125
29 0.39140625 0.903125 0.1859375 0.0984375
12 0.61171875 0.92265625 0.0921875 0.084375
15 0.3765625 0.19453125 0.1390625 0.09375
22 0.60703125 0.21796875 0.103125 0.05625
16 0.79375 0.2453125 0.1265625 0.0296875
22 0.675 0.45 0.10625 0.0375
5 0.559375 0.44609375 0.153125 0.0828125
3 0.7328125 0.46953125 0.2046875 0.0625
21 0.3875 0.45625 0.1953125 0.0640625
