20 0.740625 0.56328125 0.1125 0.134375
19 0.340625 0.58671875 0.1265625 0.1203125
13 0.4625 0.5890625 0.1453125 0.0984375
5 0.6109375 0.6078125 0.153125 0.08125
12 0.753125 0.61328125 0.08125 0.0671875
18 0.690625 0.82734375 0.15625 0.103125
1 0.565625 0.8765625 0.1765625 0.103125
21 0.38515625 0.88984375 0.1859375 0.1
10 0.7625 0.89609375 0.20625 0.1171875
17 0.515625 0.15859375 0.1125 0.1796875
20 0.36953125 0.18203125 0.121875 0.128125
6 0.6703125 0.18984375 0.18125 0.1046875
9 0.515625 0.4484375 0.21875 0.0796875
8 0.73671875 0.45 0.159375 0.075
22 0.3546875 0.46015625 0.096875 0.0546875
