21 0.5734375 0.47421875 0.21875 0.059375
19 0.5734375 0.59140625 0.1671875 0.1171875
5 0.725 0.59921875 0.1453125 0.078125
14 0.39296875 0.60390625 0.2625 0.0828125
22 0.6890625 0.89453125 0.121875 0.075
16 0.41484375 0.8875 0.128125 0.0625
20 0.34921875 0.16953125 0.1265625 0.140625
20 0.60078125 0.184375 0.11875 0.125
10 0.64140625 0.21484375 0.3 0.0765625
0 0.4625 0.2140625 0.1515625 0.065625
12 0.7875 0.22734375 0.084375 0.05625
13 0.7015625 0.44296875 0.203125 0.0875
24 0.35859375 0.4453125 0.1921875 0.09375
