20 0.76796875 0.5703125 0.1140625 0.134375
13 0.4140625 0.58203125 0.146875 0.090625
18 0.58828125 0.5875 0.1640625 0.0953125
17 0.6578125 0.81015625 0.0984375 0.1421875
12 0.35078125 0.8671875 0.0734375 0.06875
23 0.36953125 0.8890625 0.059375 0.109375
24 0.640625 0.925 0.2265625 0.125
22 0.725 0.2140625 0.09375 0.053125
15 0.5140625 0.2234375 0.1453125 0.0375
19 0.39375 0.42109375 0.16875 0.1390625
15 0.55234375 0.44765625 0.1375 0.08125
9 0.7921875 0.45703125 0.1171875 0.0734375
9 0.68125 0.4578125 0.075 0.059375
