1 0.43125 0.5875 0.1578125 0.0953125
24 0.7453125 0.60703125 0.203125 0.0984375
5 0.56015625 0.60859375 0.1515625 0.0875
12 0.3359375 0.6140625 0.0875 0.071875
8 0.4171875 0.85859375 0.2328125 0.0609375
6 0.74140625 0.86640625 0.13125 0.1359375
15 0.365625 0.91953125 0.1796875 0.121875
29 0.58984375 0.953125 0.2171875 0.090625
22 0.54609375 0.209375 0.08125 0.0546875
22 0.70625 0.21875 0.10625 0.053125
3 0.79921875 0.22734375 0.1328125 0.0390625
16 0.36953125 0.2265625 0.1375 0.0375
23 0.74609375 0.41953125 0.0671875 0.0796875
20 0.55234375 0.41953125 0.115625 0.128125
14 0.42109375 0.44375 0.25 0.0953125
30 0.77421875 0.45078125 0.1984375 0.090625
9 0.609375 0.46640625 0.10625 0.0609375
