20 0.74140625 0.56953125 0.1171875 0.134375
19 0.3375 0.5828125 0.1265625 0.109375
6 0.45859375 0.60078125 0.1546875 0.103125
5 0.61171875 0.6109375 0.15 0.0890625
12 0.7515625 0.62265625 0.08125 0.0671875
18 0.6828125 0.8328125 0.1546875 0.1015625
1 0.5546875 0.8796875 0.1765625 0.1
21 0.37421875 0.88515625 0.1859375 0.0984375
10 0.75546875 0.90546875 0.2171875 0.1125
17 0.534375 0.16015625 0.1078125 0.18125
20 0.3828125 0.17734375 0.128125 0.1265625
15 0.7453125 0.22734375 0.1546875 0.04375
9 0.51796875 0.45 0.2109375 0.0765625
8 0.73671875 0.45703125 0.165625 0.0734375
22 0.35703125 0.45703125 0.09375 0.05625
