20 0.74921875 0.56953125 0.1140625 0.134375
19 0.3421875 0.59296875 0.1265625 0.14375
16 0.603125 0.61640625 0.1234375 0.0484375
17 0.63671875 0.81171875 0.103125 0.146875
23 0.321875 0.8421875 0.0546875 0.1046875
21 0.590625 0.90546875 0.265625 0.084375
8 0.35703125 0.92109375 0.175 0.125
19 0.33515625 0.1765625 0.1640625 0.1640625
18 0.4984375 0.20390625 0.19375 0.0796875
0 0.625 0.21484375 0.284375 0.075
5 0.7921875 0.2234375 0.1015625 0.05625
15 0.38984375 0.44453125 0.15 0.0859375
3 0.6984375 0.459375 0.203125 0.05
10 0.54296875 0.46015625 0.196875 0.071875
