20 0.7375 0.57578125 0.115625 0.1359375
19 0.3359375 0.578125 0.128125 0.125
13 0.4578125 0.58671875 0.146875 0.1
5 0.60546875 0.61328125 0.15625 0.0828125
12 0.746875 0.6265625 0.08125 0.06875
18 0.6734375 0.83671875 0.15625 0.1046875
1 0.54609375 0.87890625 0.178125 0.1046875
21 0.36484375 0.8828125 0.1875 0.103125
10 0.74140625 0.909375 0.2078125 0.1203125
17 0.53359375 0.159375 0.1140625 0.18125
20 0.3859375 0.17578125 0.125 0.1296875
6 0.68671875 0.19921875 0.1828125 0.1078125
9 0.51796875 0.44921875 0.21875 0.084375
8 0.7390625 0.4625 0.1609375 0.0765625
22 0.35703125 0.453125 0.096875 0.05625
