16 0.3390625 0.4625 0.13125 0.04375
20 0.69296875 0.57265625 0.1140625 0.1359375
19 0.3265625 0.58515625 0.128125 0.1265625
13 0.45078125 0.59140625 0.140625 0.1
5 0.60234375 0.61171875 0.159375 0.0921875
18 0.67578125 0.83125 0.159375 0.09375
21 0.3703125 0.884375 0.203125 0.10625
14 0.52734375 0.89296875 0.278125 0.1484375
10 0.74296875 0.909375 0.1984375 0.1140625
20 0.60078125 0.1875 0.1203125 0.1265625
24 0.7609375 0.215625 0.209375 0.084375
15 0.3828125 0.2046875 0.171875 0.084375
23 0.3546875 0.4171875 0.059375 0.1046875
9 0.515625 0.45078125 0.2125 0.08125
8 0.734375 0.4625 0.16875 0.0765625
