24 0.7484375 0.61171875 0.2109375 0.1
5 0.55625 0.6078125 0.1640625 0.0984375
15 0.3671875 0.615625 0.125 0.0453125
14 0.7734375 0.86015625 0.165625 0.228125
13 0.64921875 0.8703125 0.1546875 0.1
29 0.3953125 0.90546875 0.1828125 0.084375
22 0.59140625 0.2140625 0.0859375 0.053125
22 0.7234375 0.22265625 0.10625 0.0484375
3 0.81484375 0.234375 0.128125 0.0484375
23 0.7453125 0.41953125 0.0640625 0.075
18 0.39921875 0.4234375 0.1890625 0.0796875
30 0.78125 0.45625 0.19375 0.0984375
10 0.61953125 0.4609375 0.190625 0.0671875
9 0.39765625 0.45625 0.259375 0.090625
