21 0.571875 0.4703125 0.21875 0.0546875
19 0.578125 0.5875 0.165625 0.1140625
5 0.7296875 0.5875 0.14375 0.075
14 0.3984375 0.609375 0.2609375 0.078125
22 0.709375 0.88359375 0.11875 0.0734375
16 0.43515625 0.8921875 0.128125 0.0609375
20 0.33203125 0.178125 0.125 0.1375
20 0.584375 0.1796875 0.11875 0.1234375
10 0.62578125 0.2078125 0.2984375 0.071875
0 0.44765625 0.21640625 0.15 0.0640625
12 0.7734375 0.2125 0.084375 0.05625
13 0.6984375 0.4328125 0.203125 0.084375
24 0.35625 0.45234375 0.190625 0.090625
