5 0.72734375 0.5859375 0.1421875 0.084375
19 0.58125 0.58984375 0.16875 0.10625
14 0.40234375 0.609375 0.2609375 0.0875
18 0.69296875 0.82578125 0.1515625 0.1046875
21 0.38671875 0.88984375 0.1859375 0.1
10 0.7703125 0.89921875 0.196875 0.1125
20 0.584375 0.18125 0.1203125 0.125
22 0.37890625 0.21015625 0.1578125 0.05625
24 0.75 0.20390625 0.2125 0.0859375
23 0.35 0.42421875 0.059375 0.103125
13 0.71015625 0.434375 0.1984375 0.090625
9 0.54296875 0.4484375 0.2234375 0.096875
12 0.75234375 0.45703125 0.0796875 0.0640625
16 0.33671875 0.46796875 0.1359375 0.040625
