31 0.503125 0.59375 0.1015625 0.075
8 0.93359375 0.584375 0.0703125 0.175
6 0.096875 0.6421875 0.109375 0.0984375
0 0.03515625 0.0390625 0.0703125 0.0359375
4 0.3375 0.05234375 0.071875 0.0171875
1 0.253125 0.0328125 0.04375 0.0421875
21 0.040625 0.2375 0.08125 0.05625
15 0.0734375 0.384375 0.0828125 0.109375
18 0.35 0.29453125 0.0703125 0.0390625
10 0.8640625 0.27890625 0.0921875 0.0625
22 0.66015625 0.765625 0.0703125 0.0609375
24 0.071875 0.79375 0.065625 0.0578125
24 0.596875 0.890625 0.040625 0.053125
27 0.9328125 0.76328125 0.1078125 0.0515625
12 0.36328125 0.24609375 0.06875 0.025
23 0.03515625 0.14140625 0.0609375 0.05625
11 0.27421875 0.47734375 0.0734375 0.0421875
19 0.7328125 0.33046875 0.05 0.05625
7 0.54296875 0.38828125 0.0515625 0.040625
22 0.6484375 0.4625 0.0890625 0.0484375
22 0.34609375 0.81328125 0.059375 0.0375
30 0.38125 0.4828125 0.0640625 0.034375
31 0.934375 0.05546875 0.065625 0.0515625
21 0.81015625 0.0375 0.0578125 0.06875
29 0.6578125 0.12578125 0.0421875 0.0296875
23 0.43984375 0.1703125 0.084375 0.0640625
3 0.33125 0.9671875 0.0578125 0.0421875
17 0.3875 0.7671875 0.03125 0.0359375
13 0.25 0.33984375 0.0359375 0.021875
6 0.96640625 0.14609375 0.0359375 0.0375
2 0.95078125 0.2171875 0.04375 0.04375
8 0.78828125 0.375 0.03125 0.0546875
8 0.86328125 0.21875 0.05625 0.028125
6 0.2578125 0.39375 0.040625 0.0390625
16 0.5359375 0.32109375 0.0515625 0.0234375
14 0.121875 0.853125 0.0703125 0.040625
15 0.7890625 0.78203125 0.06875 0.0390625
20 0.46796875 0.83671875 0.053125 0.034375
9 0.334375 0.88828125 0.0359375 0.046875
5 0.3109375 0.63515625 0.0296875 0.0234375
