28 0.13203125 0.5296875 0.1265625 0.171875
28 0.25859375 0.5359375 0.140625 0.17734375
28 0.34921875 0.64609375 0.1625 0.1796875
28 0.184375 0.6671875 0.16328125 0.20859375
28 0.38125 0.18359375 0.12109375 0.1578125
28 0.1734375 0.27734375 0.1375 0.17265625
28 0.3046875 0.30625 0.128125 0.165625
28 0.44453125 0.31015625 0.128125 0.16953125
28 0.55234375 0.3109375 0.1171875 0.17109375
28 0.21328125 0.41015625 0.153125 0.1796875
28 0.5078125 0.43359375 0.14765625 0.16953125
28 0.35859375 0.4375 0.14140625 0.17421875
28 0.44140625 0.52578125 0.13515625 0.1703125
