28 0.3375 0.41328125 0.2015625 0.13125
28 0.15078125 0.41640625 0.190625 0.11953125
28 0.55390625 0.43671875 0.20234375 0.13515625
28 0.75390625 0.43828125 0.2140625 0.1140625
28 0.425 0.509375 0.21640625 0.140625
28 0.2078125 0.515625 0.22578125 0.13984375
28 0.66015625 0.53359375 0.215625 0.11953125
28 0.884375 0.5578125 0.23125 0.1421875
28 0.2828125 0.6125 0.2515625 0.1421875
28 0.52734375 0.62421875 0.2375 0.159375
28 0.76171875 0.6578125 0.2109375 0.159375
28 0.34453125 0.740625 0.26015625 0.1734375
28 0.234375 0.3125 0.228125 0.125
28 0.4390625 0.3375 0.20625 0.11796875
28 0.64453125 0.34375 0.21484375 0.1234375
