28 0.59609375 0.521875 0.17734375 0.1640625
28 0.74296875 0.52265625 0.175 0.16875
28 0.19609375 0.540625 0.15625 0.13515625
28 0.3453125 0.54765625 0.16953125 0.18203125
28 0.80078125 0.62421875 0.19453125 0.15703125
28 0.4328125 0.63984375 0.17421875 0.165625
28 0.584375 0.65625 0.16875 0.1875
28 0.2953125 0.73515625 0.18984375 0.221875
28 0.75234375 0.7390625 0.2 0.1734375
28 0.49296875 0.796875 0.1875 0.16796875
28 0.64609375 0.83828125 0.18125 0.1578125
28 0.5609375 0.34609375 0.14921875 0.1640625
28 0.37734375 0.35546875 0.16953125 0.15234375
28 0.70859375 0.4078125 0.18515625 0.15390625
28 0.4859375 0.43515625 0.1703125 0.1609375
28 0.2671875 0.453125 0.16484375 0.1640625
