23 0.465608465625 0.4904513890625 0.46825396875 0.5584077375 0.47073412656249997 0.5605158734375 0.48065476250000005 0.5615079359374999 0.497519840625 0.5612599203124999 0.5051256609375 0.562251984375 0.559689153125 0.5639880953125 0.62549603125 0.5644841265625 0.6317790999999999 0.56299603125 0.6339285718750001 0.5601438484375 0.63723545 0.5380704359374999 0.6428571421875 0.5221974203124999 0.6653439156250001 0.416542659375 0.66832010625 0.40811011875 0.671957671875 0.388516865625 0.677910053125 0.3726438484375 0.6802248671875 0.35825892812500004 0.6762566140625 0.3401537703125 0.6703042328125 0.32899305624999997 0.6607142859375 0.317832340625 0.650132275 0.310391865625 0.6547619046875 0.272693453125 0.653769840625 0.2620287703125 0.6483134921875 0.256200396875 0.62450396875 0.2462797625 0.596395503125 0.24181547656250002 0.5768849203124999 0.2408234125 0.5477843921875001 0.24131944375 0.5378637562499999 0.24255952343749998 0.5196759265625001 0.2477678578125 0.5119047625 0.25334821406249997 0.5066137562499999 0.26227678593750003 0.5023148140625 0.2997271828125 0.50016534375 0.3015873015625 0.483961640625 0.3072916671875 0.4751984125 0.3121279765625 0.46924603125 0.326016865625 0.46660052968750004 0.341641865625 0.46660052968750004 0.3580109125 0.46891534375 0.37686011875 0.4672619046875 0.3880208328125 0.465608465625 0.4904513890625
23 0.2397486765625 0.3929811515625 0.24173280468749997 0.41009424531249994 0.24966931250000002 0.45498511875 0.2619047625 0.5633680562500001 0.26471560781250003 0.564980159375 0.26901454999999996 0.56572420625 0.28819444375000003 0.565228175 0.2921626984375 0.5664682546875001 0.3146494703125 0.5667162703125 0.3824404765625 0.5662202375 0.40195105781249996 0.5647321421875 0.42245370312499997 0.565228175 0.4297288359375 0.563244046875 0.43187830624999995 0.560887896875 0.4371693125 0.5306299609375 0.44113756562499995 0.479042659375 0.44179894218750004 0.448288690625 0.4484126984375 0.388516865625 0.4477513234375 0.3763640875 0.44940476250000005 0.3726438484375 0.44940476250000005 0.3607390875 0.45105820156250004 0.3567708328125 0.4513888890625 0.336681546875 0.4484126984375 0.3257688484375 0.4424603171875 0.3156001984375 0.43369709062500006 0.30927579375 0.41931216875 0.301959325 0.41997354531250003 0.2875744046875 0.41798941875000006 0.2625248015625 0.41335978906250004 0.25334821406249997 0.40029761875 0.24503968281250002 0.3930224875 0.2423115078125 0.37053571406249997 0.23958333281250002 0.36326058125 0.23759920625 0.31927910000000004 0.23759920625 0.2885251328125 0.24181547656250002 0.2789351859375 0.2445436515625 0.2698412703125 0.2498759921875 0.265542328125 0.2590525796875 0.266203703125 0.2826140875 0.26752645468749997 0.289806546875 0.26653439218749997 0.301711309375 0.2551256609375 0.3072916671875 0.24735449687500002 0.3128720234375 0.2374338625 0.3280009921875 0.234457671875 0.3376736109375 0.2331349203125 0.3495783734375 0.23710317500000003 0.373387896875 0.2397486765625 0.379836309375 0.2397486765625 0.3929811515625
23 0.7298280421875 0.36123511875 0.721891534375 0.4001736109375 0.7179232796874999 0.44332837343750003 0.7139550265625 0.45870535781250005 0.7132936515625 0.4718501984375 0.7109788359375 0.48251488125 0.712632275 0.49268353125 0.7195767203125001 0.49937996093750003 0.722222221875 0.5055803578125 0.721560846875 0.5130208328125 0.7195767203125001 0.5184771828125 0.7298280421875 0.5373263890625 0.7321428578125 0.5492311515625 0.734457671875 0.553943453125 0.7418981484375 0.560019840625 0.7551256609375 0.565228175 0.76901455 0.5689484125 0.7822420640625001 0.5709325390625 0.8070436515624999 0.5726686515625 0.8305224875 0.5704365078125 0.8417658734375 0.5677083328125 0.8477182546875 0.5639880953125 0.8523478843750001 0.562748015625 0.8617724875 0.5527033734375 0.8680555562500001 0.538814484375 0.872354496875 0.532862103125 0.8763227515625 0.529637896875 0.878306878125 0.52393353125 0.8865740734375 0.5093005953125 0.8888888890625 0.502108134375 0.8928571421875 0.4986359125 0.8981481484374999 0.485987103125 0.9017857140625001 0.48251488125 0.903769840625 0.4778025796875 0.9074074078125 0.4748263890625 0.909722221875 0.46788194375 0.9166666671874999 0.454737103125 0.9242724875 0.4438244046875 0.9302248671875001 0.43043154687499996 0.9378306875 0.4195188484375 0.9391534390625 0.41480654687499996 0.9424603171875001 0.41183035781250005 0.9477513234374999 0.4033978171875 0.9510582015625 0.39248511875 0.958664021875 0.3845486109375 0.9646164015625001 0.3815724203125 0.9742063484375001 0.3714037703125 0.9854497359375 0.364459325 0.9910714281249999 0.354538690625 0.9914021156249999 0.3493303578125 0.990079365625 0.3443700390625 0.97437169375 0.3296130953125 0.9548611109375 0.3206845234375 0.943617725 0.3179563484375 0.9360119046875001 0.3137400796875 0.9270833328125001 0.312251984375 0.9178240734375 0.31200396874999997 0.90062830625 0.30580357187499996 0.8788029093749999 0.30381944375000003 0.8728505296875 0.3018353171875 0.8523478843750001 0.2988591265625 0.8364748671875001 0.29786706406249996 0.815310846875 0.297619046875 0.8017526453125001 0.29637896874999997 0.766369046875 0.297619046875 0.753141534375 0.3008432546875 0.7329695765625 0.3033234125 0.7265211640625 0.3118799609375 0.721560846875 0.3160962296875 0.7195767203125001 0.321056546875 0.71891534375 0.3294890875 0.71924603125 0.3337053578125 0.7255290999999999 0.3438740078125 0.7298280421875 0.3567708328125 0.7298280421875 0.36123511875
23 0.61193783125 0.8792162703124999 0.6331018515625 0.88467261875 0.6493055562500001 0.8854166671874999 0.659226190625 0.884424603125 0.6694775125 0.8816964281249999 0.6836970906250001 0.875 0.6957671953125 0.8654513890625 0.7083333328125 0.84833829375 0.712632275 0.8312251984374999 0.7242063484375 0.7965029765625 0.7265211640625 0.7843501984375 0.734457671875 0.76103670625 0.7410714281249999 0.747891865625 0.7457010578125 0.732762896875 0.7483465609375 0.71416170625 0.747023809375 0.698040675 0.7418981484375 0.6956845234375 0.7184193125 0.6941964281249999 0.6645171953125 0.6939484125 0.63740079375 0.6924603171875 0.6175595234375 0.693700396875 0.6010251328125 0.69345238125 0.5954034390625 0.6946924609375 0.5925925921874999 0.69853670625 0.5882936515625 0.7201140875 0.5882936515625 0.7302827375 0.590939153125 0.741443453125 0.5859788359375 0.745163690625 0.5866402109375 0.7498759921875 0.5853174609375 0.752108134375 0.583994709375 0.7655009921875 0.5750661375 0.792038690625 0.571759259375 0.8151041671874999 0.5714285718750001 0.8359375 0.577380953125 0.851314484375 0.590277778125 0.8659474203125 0.61193783125 0.8792162703124999
23 0.73148148125 0.8909970234375001 0.7412367718749999 0.8985615078125001 0.7571097890625 0.906498015625 0.784226190625 0.911954365625 0.8010912703124999 0.9126984125 0.809689153125 0.9117063484375001 0.8209325390625001 0.9084821421875 0.8291997359375 0.9050099203125 0.83746693125 0.8998015875 0.8475529093749999 0.8905009921874999 0.8578042328125 0.8748759921874999 0.8617724875 0.864211309375 0.865740740625 0.8587549609374999 0.8763227515625 0.8379216265625 0.8796296296874999 0.8344494046875001 0.8882275125 0.8158482140625001 0.89318783125 0.8091517859374999 0.896164021875 0.80146329375 0.8998015875 0.7972470234375 0.9011243390624999 0.7927827375 0.9077380953124999 0.782862103125 0.909391534375 0.77666170625 0.9126984125 0.7717013890625 0.9206349203125 0.7496279765625 0.921957671875 0.7406994046875 0.921626984375 0.7163938484375 0.91832010625 0.7000248015625 0.9059193125 0.6981646828125 0.8956679890625001 0.6979166671875 0.877810846875 0.6989087296875 0.8420965609375 0.69717261875 0.7984457671875 0.6966765875 0.768353175 0.697420634375 0.76223545 0.7022569437499999 0.753637565625 0.7176339281249999 0.749338625 0.7337549609375 0.747023809375 0.7374751984375 0.7453703703125 0.7493799609375 0.7430555562500001 0.7555803578125 0.7394179890625 0.760788690625 0.7390873015625 0.7650049609375 0.7334656078124999 0.776413690625 0.728835978125 0.7960069437499999 0.7261904765625 0.7999751984375 0.7232142859375 0.8113839281249999 0.7202380953125 0.8156001984374999 0.715608465625 0.8431299609374999 0.7109788359375 0.8468501984374999 0.7106481484375 0.855034721875 0.7119709000000001 0.8627232140625001 0.721230159375 0.8810763890625 0.73148148125 0.8909970234375001
23 0.3607804234375 0.760788690625 0.365079365625 0.77666170625 0.3710317453125 0.786086309375 0.3821097890625 0.7958829359374999 0.39169973593749996 0.8010912703124999 0.403604496875 0.8048115078125001 0.41286375625 0.8060515875 0.43039021093749996 0.806299603125 0.44460978906250004 0.8045634921874999 0.45023148125 0.803075396875 0.46511243437500005 0.79637896875 0.4761904765625 0.7880704359374999 0.48148148125 0.7816220234375 0.48644179843749996 0.772693453125 0.4890873015625 0.764012896875 0.4920634921875 0.7317708328125 0.49140211562499997 0.7216021828125 0.49272486718749997 0.7183779765625 0.49371693125 0.6938244046875 0.4923941796875 0.6915922625 0.48065476250000005 0.689980159375 0.4700727515625 0.69072420625 0.46015211562499997 0.6887400796875001 0.4231150796875 0.6889880953125 0.3946759265625 0.68799603125 0.38177910000000004 0.6887400796875001 0.365906084375 0.688244046875 0.359126984375 0.6903521828125 0.3607804234375 0.7161458328125 0.3607804234375 0.7337549609375 0.359457671875 0.7367311515625 0.3607804234375 0.760788690625
23 0.4986772484375 0.7652529765625 0.5019841265625 0.7721974203124999 0.5076058203125 0.77938988125 0.5180224875 0.7879464281249999 0.53720238125 0.796130953125 0.5534060843749999 0.7991071421875 0.5702711640625 0.7988591265625 0.572420634375 0.7965029765625 0.5737433859375 0.791790675 0.5740740734374999 0.7806299609375 0.578373015625 0.77666170625 0.58068783125 0.761284721875 0.5869709000000001 0.7367311515625 0.5869709000000001 0.7201140875 0.591269840625 0.7017609125 0.5916005296875 0.6943204359374999 0.53720238125 0.690972221875 0.5071097890625 0.69072420625 0.5046296296875 0.692584325 0.503306878125 0.696056546875 0.49933862500000004 0.7216021828125 0.4986772484375 0.7337549609375 0.49636243437500005 0.7444196421875 0.49636243437500005 0.7560763890625 0.4986772484375 0.7652529765625
23 0.0072751328125 0.898685515625 0.016203703125 0.9061259921874999 0.0171957671875 0.90811011875 0.0236441796875 0.9129464281249999 0.0355489421875 0.919146825 0.047453703125 0.9233630953124999 0.0577050265625 0.924851190625 0.090443121875 0.921875 0.1102843921875 0.9136904765624999 0.12516534375 0.906001984375 0.1329365078125 0.9006696421875 0.14781746093749998 0.8872767859374999 0.1554232796875 0.8743799609374999 0.15839947031249998 0.8654513890625 0.159060846875 0.854042659375 0.1570767203125 0.8413938484375001 0.14550264531249998 0.80419146875 0.14550264531249998 0.8002232140625001 0.1428571421875 0.7960069437499999 0.14087301562500001 0.7853422625 0.1359126984375 0.7754216265625 0.134589946875 0.764012896875 0.1299603171875 0.7560763890625 0.1269841265625 0.7347470234375 0.1240079359375 0.7245783734375 0.11078042343750001 0.7002728171875 0.1041666671875 0.69481646875 0.0978835984375 0.6876240078125 0.09341931249999999 0.6852678578125 0.0772156078125 0.6837797625 0.016038359375 0.6835317453124999 0.0044642859375000005 0.684771825 0.0016534390625 0.6866319437499999 0.0003306875 0.6901041671875 0 0.876612103125 0.0023148140625 0.888516865625 0.006944443749999999 0.8942212296875001 0.0072751328125 0.898685515625
23 0.1832010578125 0.7652529765625 0.19361772500000002 0.7743055562500001 0.209490740625 0.781001984375 0.21908068749999998 0.7827380953125 0.2366071421875 0.7832341265625 0.2511574078125 0.781498015625 0.256117725 0.780505953125 0.27463624375 0.7730654765625 0.28571428593750003 0.7657490078125 0.29332010625 0.758060515625 0.2982804234375 0.7513640875 0.30026454999999996 0.7464037703125 0.302579365625 0.730034721875 0.3022486765625 0.7193700390625 0.2986111109375 0.6968005953125 0.29728835937500003 0.6903521828125 0.2951388890625 0.6887400796875001 0.27794312187500003 0.687251984375 0.271990740625 0.68799603125 0.26173941875 0.6857638890625 0.25446428593750003 0.68700396875 0.2513227515625 0.6913442453124999 0.2476851859375 0.6933283734375 0.241402115625 0.7022569437499999 0.2367724875 0.7064732140625 0.2357804234375 0.7096974203124999 0.22619047656250002 0.7220982140625 0.2199074078125 0.7330109125 0.21445105781249998 0.7385912703125 0.2123015875 0.7357390875 0.2119709 0.7287946421875 0.209656084375 0.7216021828125 0.209986771875 0.7059771828125 0.20800264531249998 0.7025049609375 0.209325396875 0.6943204359374999 0.20800264531249998 0.6863839281249999 0.16253306875 0.6862599203124999 0.159391534375 0.689608134375 0.16071428593749998 0.7020089281249999 0.1626984125 0.7054811515625 0.1755952375 0.7535962296875 0.1832010578125 0.7652529765625
23 0.1425264546875 0.223586309375 0.14947090000000002 0.2287946421875 0.1742724875 0.3034474203125 0.18088624375 0.31708829375 0.18799603125 0.32118055624999997 0.20353835937500003 0.3258928578125 0.22470238125000003 0.32911706406249996 0.23495370312500002 0.328373015625 0.24834656093750002 0.310391865625 0.252480159375 0.3072916671875 0.26306216875 0.302579365625 0.266203703125 0.2982390875 0.26521164062499997 0.25682043593750004 0.26917989375 0.24937996093749998 0.271660053125 0.24727182499999997 0.28125 0.24305555625 0.29778439218749997 0.2385912703125 0.303406084375 0.2380952375 0.3045634921875 0.2367311515625 0.30820105781249996 0.2228422625 0.3075396828125 0.20597718281250002 0.3121693125 0.1965525796875 0.3111772484375 0.19456845312499998 0.3050595234375 0.18824404687500002 0.297123015625 0.18675595312499998 0.2554563484375 0.1825396828125 0.22437169375 0.181795634375 0.1929563484375 0.1835317453125 0.184358465625 0.1860119046875 0.1608796296875 0.18824404687500002 0.1387235453125 0.1956845234375 0.134259259375 0.198288690625 0.13260582031249998 0.20052083281250002 0.13194444375 0.2064732140625 0.1332671953125 0.2119295640625 0.13955026406249998 0.21763392812500001 0.1425264546875 0.223586309375
23 0.1421957671875 0.22383432499999997 0.15178571406250002 0.23226686562499999 0.1640211640625 0.27294146874999997 0.174603175 0.3034474203125 0.18088624375 0.31708829375 0.18700396875 0.3206845234375 0.2041997359375 0.3261408734375 0.221726190625 0.328869046875 0.2352843921875 0.328373015625 0.24735449687500002 0.31138392812500004 0.25347222187499996 0.306795634375 0.26306216875 0.30282738125 0.266203703125 0.298487103125 0.264880953125 0.26103670625 0.265542328125 0.254836309375 0.2678571421875 0.2503720234375 0.2709986765625 0.24751984062500001 0.2762896828125 0.24503968281250002 0.2852182546875 0.24181547656250002 0.303075396875 0.2383432546875 0.30588624375 0.235987103125 0.3078703703125 0.2243303578125 0.3075396828125 0.20399305625 0.313161375 0.1965525796875 0.309854496875 0.19084821406250002 0.303406084375 0.1862599203125 0.27695105781249996 0.18303571406250002 0.234292328125 0.181299603125 0.20486111093749998 0.1822916671875 0.190641534375 0.1835317453125 0.18402777812499999 0.1852678578125 0.17013888906250002 0.18650793593749998 0.1565806875 0.1889880953125 0.140046296875 0.19469246093749998 0.1322751328125 0.1992807546875 0.13095238125 0.2017609125 0.13062169375 0.207961309375 0.13260582031249998 0.2121775796875 0.1385582015625 0.2163938484375 0.1421957671875 0.22383432499999997
23 0.0580357140625 0.2242063484375 0.06299603125 0.22197420625 0.0762235453125 0.218501984375 0.0826719578125 0.21366567500000003 0.084325396875 0.21019345312499998 0.08333333281250001 0.17993551562500001 0.08134920625 0.17621527812499999 0.0790343921875 0.15290178593749998 0.07572751250000001 0.1419890875 0.07605820156250001 0.13306051562500001 0.0638227515625 0.0432787703125 0.062003968750000006 0.0419146828125 0.0577050265625 0.0414186515625 0.047453703125 0.0416666671875 0.0262896828125 0.040178571875 0.009755290625 0.0404265875 0.0044642859375000005 0.0394345234375 0.00016534375 0.04092261875 0 0.2287946421875 0.0107473546875 0.22941468281250002 0.0262896828125 0.22867063437500001 0.0580357140625 0.2242063484375
23 0.040509259375 0.372271825 0.059689153125000005 0.365079365625 0.066302909375 0.3611111109375 0.06944444375 0.357762896875 0.0707671953125 0.3530505953125 0.06911375625 0.33643353125000003 0.065806878125 0.3245287703125 0.0611772484375 0.2905505953125 0.0572089953125 0.2751736109375 0.056216931250000005 0.2625248015625 0.0611772484375 0.255084325 0.06283068750000001 0.24293154687500002 0.0707671953125 0.23549107187499999 0.0636574078125 0.230902778125 0.053406084374999996 0.2266865078125 0.02430555625 0.2304067453125 0.00016534375 0.2304067453125 0 0.3788442453125 0.0057870375 0.3799603171875 0.02430555625 0.3767361109375 0.040509259375 0.372271825
23 0.0625 0.24813988125000003 0.0615079359375 0.2563244046875 0.058862434374999995 0.2642609125 0.061838625 0.2905505953125 0.0674603171875 0.30815972187499996 0.078538359375 0.3105158734375 0.0980489421875 0.3075396828125 0.11061507968749999 0.3075396828125 0.12748015937499999 0.3023313484375 0.1322751328125 0.298487103125 0.13624338593750002 0.2907986109375 0.13095238125 0.248387896875 0.1289682546875 0.2444196421875 0.1263227515625 0.2287946421875 0.1263227515625 0.21763392812500001 0.128637565625 0.20895337343749998 0.128637565625 0.2007688484375 0.1329365078125 0.19580853125 0.133928571875 0.192584325 0.133597884375 0.18812003906250002 0.13194444375 0.1861359125 0.121858465625 0.18030753906250002 0.11061507968749999 0.1768353171875 0.09375 0.1760912703125 0.08713624375 0.1770833328125 0.0853174609375 0.17919146875 0.084656084375 0.1836557546875 0.0859788359375 0.1910962296875 0.0856481484375 0.20424107187499999 0.08697089999999999 0.207465278125 0.08630952343750001 0.21143353125000003 0.0791997359375 0.2175099203125 0.0633267203125 0.2234623015625 0.0615079359375 0.2275545640625 0.0730820109375 0.23549107187499999 0.07506613749999999 0.239211309375 0.06828703750000001 0.24305555625 0.0625 0.24813988125000003
