23 0.3661458328125 0.4574074078125 0.36770833281250004 0.48425925937500003 0.3703125 0.502777778125 0.3739583328125 0.5101851859375001 0.3848958328125 0.5175925921875 0.3984375 0.5175925921875 0.4078125 0.5111111109375 0.41302083281249996 0.502777778125 0.41614583281249995 0.49351851875 0.41822916718750003 0.45370370312499997 0.4234375 0.43518518593750005 0.4234375 0.43148148124999997 0.4213541671875 0.43240740781250003 0.4125 0.447222221875 0.4078125 0.4509259265625 0.3942708328125 0.45277777812500003 0.3869791671875 0.45 0.38125 0.44259259218749997 0.375 0.427777778125 0.371875 0.396296296875 0.3671875 0.396296296875 0.3619791671875 0.40555555625000006 0.3604166671875 0.41111111093749997 0.35989583281250004 0.4370370375 0.3661458328125 0.4574074078125
23 0.6651041671875 0 0.6578125 0.0509259265625 0.6557291671875001 0.0574074078125 0.6536458328125 0.0824074078125 0.646875 0.1296296296875 0.646875 0.1490740734375 0.6484375 0.15648148125 0.6541666671875 0.16944444375 0.6666666671875 0.1824074078125 0.68125 0.1888888890625 0.6958333328124999 0.1888888890625 0.7026041671875001 0.1851851859375 0.7083333328125 0.178703703125 0.7135416671875 0.165740740625 0.7171875 0.1518518515625 0.7421875 0.019444443750000002 0.7447916671875 0 0.6651041671875 0
23 0.4973958328125 0 0.49010416718750005 0.1361111109375 0.4895833328125 0.1601851859375 0.4916666671875 0.178703703125 0.49635416718750003 0.1916666671875 0.5046875 0.20277777812500003 0.5177083328125 0.2101851859375 0.5338541671875 0.21296296250000002 0.5447916671875 0.2101851859375 0.55 0.20648148125 0.5546875 0.2009259265625 0.5588541671875 0.1925925921875 0.5614583328125 0.1833333328125 0.5645833328125 0.165740740625 0.5744791671875 0.065740740625 0.5765625 0.034259259375000004 0.5765625 0 0.4973958328125 0
23 0.41979166718750005 0 0.41875 0.021296296875000002 0.4166666671875 0.12592592656249998 0.41822916718750003 0.140740740625 0.4213541671875 0.1518518515625 0.425 0.1583333328125 0.43385416718750003 0.16851851874999998 0.4380208328125 0.172222221875 0.4458333328125 0.1759259265625 0.4614583328125 0.1768518515625 0.47291666718750003 0.171296296875 0.478125 0.1666666671875 0.4869791671875 0.1518518515625 0.48854166718750003 0.1416666671875 0.49427083281249995 0.04351851875 0.4953125 0 0.41979166718750005 0
23 0.175 0 0.1755208328125 0.0120370375 0.1828125 0.0666666671875 0.1838541671875 0.0898148140625 0.1859375 0.10648148125000001 0.1885416671875 0.11944444375 0.1921875 0.13055555624999998 0.2010416671875 0.146296296875 0.20416666718749998 0.1481481484375 0.2078125 0.1481481484375 0.2130208328125 0.15277777812499999 0.21770833281250002 0.1546296296875 0.22395833281250002 0.1546296296875 0.22760416718749998 0.15092592656249998 0.23541666718749998 0.1518518515625 0.24375 0.146296296875 0.2484375 0.13888888906250002 0.2515625 0.1379629625 0.2552083328125 0.13055555624999998 0.25833333281250004 0.11574074062499999 0.259375 0.097222221875 0.2552083328125 0.055555556250000006 0.253125 0.04444444375 0.2510416671875 0 0.175 0
23 0.18020833281249998 0.4138888890625 0.1822916671875 0.42314814843750004 0.1885416671875 0.43518518593750005 0.19375 0.44166666718750003 0.20833333281250002 0.497222221875 0.2109375 0.5101851859375001 0.21979166718749998 0.5324074078125001 0.225 0.5379629625 0.23125 0.5398148140625 0.23958333281250002 0.5398148140625 0.24479166718749998 0.5379629625 0.253125 0.5324074078125001 0.2609375 0.5203703703125 0.2635416671875 0.5083333328124999 0.2635416671875 0.49351851875 0.2604166671875 0.4501018515625 0.25973437499999996 0.447777778125 0.2598958328125 0.4450648140625 0.2567708328125 0.4148148140625 0.2604166671875 0.3990740734375 0.2598958328125 0.3796296296875 0.25729166718749996 0.36851851875 0.2515625 0.35648148125 0.2442708328125 0.3490740734375 0.2322916671875 0.34351851875 0.21614583281250002 0.34444444375 0.20989583281250002 0.34722222187499996 0.1989583328125 0.35555555625 0.1901041671875 0.36666666718749996 0.1838541671875 0.3796296296875 0.18020833281249998 0.39444444375 0.1826927078125 0.3961111109375 0.1799479171875 0.40092592656250003 0.1796875 0.4074074078125 0.18020833281249998 0.4138888890625
23 0.5807291671875 0 0.5796875 0.0175925921875 0.5765625 0.046296296875 0.5755208328125 0.06851851875000001 0.571875 0.097222221875 0.5713541671875 0.1166666671875 0.5739583328125 0.1203703703125 0.5828125 0.1268518515625 0.5921875 0.1296296296875 0.6 0.1296296296875 0.6104166671875 0.12592592656249998 0.6177083328124999 0.1175925921875 0.6213541671875 0.109259259375 0.6255208328124999 0.0925925921875 0.6333333328124999 0.0259259265625 0.6348958328125 0 0.5807291671875 0
23 0.2625 0.4361111109375 0.26510416718749996 0.440740740625 0.2666666671875 0.44166666718750003 0.2692708328125 0.4481481484375 0.27395833281250004 0.4824074078125 0.2802083328125 0.5120370375000001 0.2859375 0.5287037031249999 0.2921875 0.5398148140625 0.3005208328125 0.5453703703125 0.3109375 0.5453703703125 0.32083333281250004 0.5379629625 0.3270833328125 0.5268518515625 0.3302083328125 0.5148148140625 0.3317708328125 0.5046296296875 0.3307291671875 0.43240740781250003 0.3348958328125 0.41111111093749997 0.33541666718749996 0.39074074062499997 0.334375 0.384259259375 0.33125 0.3740740734375 0.3234375 0.3620370375 0.3171875 0.35555555625 0.30625 0.3509259265625 0.2932291671875 0.3509259265625 0.28177083281250004 0.35555555625 0.2755208328125 0.3601851859375 0.2666666671875 0.371296296875 0.2619791671875 0.38055555625 0.2609375 0.3861111109375 0.2604166671875 0.4018518515625 0.25833333281250004 0.41111111093749997 0.2588541671875 0.42222222187499997 0.2625 0.4361111109375
23 0.4302083328125 0.5870370375 0.43385416718750003 0.6009259265625 0.4380208328125 0.6083333328125 0.44322916718750005 0.6138888890625 0.4479166671875 0.6166666671875001 0.45989583281249996 0.615740740625 0.4635416671875 0.6138888890625 0.4760416671875 0.602777778125 0.47864583281249995 0.5981481484375 0.48072916718750003 0.5898148140624999 0.48333333281249996 0.5694444437499999 0.4848958328125 0.5629629625 0.4859375 0.559259259375 0.4890625 0.5555555562500001 0.490625 0.5490740734374999 0.49322916718750004 0.5296296296875 0.49322916718750004 0.5175925921875 0.48802083281249997 0.4990740734375 0.484375 0.4916666671875 0.4796875 0.48518518593750004 0.46875 0.4768518515625 0.45885416718750005 0.47407407343749997 0.4526041671875 0.47407407343749997 0.44375 0.4768518515625 0.434375 0.48425925937500003 0.428125 0.4953703703125 0.42552083281249997 0.503703703125 0.42395833281249995 0.5138888890625 0.4234375 0.525 0.4244791671875 0.534259259375 0.4296875 0.5527777781250001 0.4302083328125 0.5870370375
23 0.5552083328124999 0.577777778125 0.5552083328124999 0.5935185187500001 0.559375 0.6083333328125 0.5666666671875 0.61851851875 0.575 0.6259259265625 0.5796875 0.627777778125 0.5921875 0.6268518515625 0.6005208328125 0.61944444375 0.6041666671875 0.6129629624999999 0.6078125 0.6009259265625 0.6109375 0.58055555625 0.61875 0.571296296875 0.6208333328125 0.5675925921875 0.6234375 0.559259259375 0.6239583328125 0.5398148140625 0.621875 0.5231481484375 0.6192708328125 0.5148148140625 0.6114583328125 0.5009259265625 0.6078125 0.5 0.5994791671875 0.4888888890625 0.5911458328125 0.4861111109375 0.58125 0.48518518593750004 0.571875 0.4888888890625 0.5640625 0.49629629687500004 0.5583333328125 0.50648148125 0.5557291671875 0.5166666671875 0.5552083328124999 0.5361111109375 0.5572916671875 0.5509259265625001 0.5572916671875 0.5583333328125 0.5552083328124999 0.577777778125
23 0.6833333328125 0.5962962968750001 0.6864583328125 0.6101851859375 0.6953125 0.621296296875 0.7109375 0.6296296296875 0.7166666671875 0.63055555625 0.725 0.6268518515625 0.7302083328125 0.6175925921875 0.7369791671875 0.5981481484375 0.7395833328125 0.5870370375 0.7421875 0.5824074078125 0.7473958328125 0.577777778125 0.7526041671875 0.5666666671875 0.7546875 0.5425925921875 0.753125 0.5287037031249999 0.7515625 0.5231481484375 0.7442708328125 0.5083333328124999 0.7375 0.4990740734375 0.7291666671875 0.49259259218749996 0.7192708328124999 0.4879629625 0.7041666671875 0.48981481406249994 0.696875 0.4953703703125 0.6911458328125 0.502777778125 0.6869791671875001 0.5175925921875 0.6864583328125 0.5333333328125 0.6880208328124999 0.55 0.6828125 0.58148148125 0.6833333328125 0.5962962968750001
23 0.7484375 0.578703703125 0.7489583328125 0.5861111109375 0.7541666671875 0.6046296296875 0.7625 0.61944444375 0.7682291671875 0.6259259265625 0.7770833328125 0.63055555625 0.7869791671875 0.6296296296875 0.7942708328125 0.622222221875 0.8 0.6111111109375 0.8052083328125 0.6083333328125 0.8140625 0.5990740734375 0.8171875 0.5935185187500001 0.821875 0.5796296296875 0.8239583328125001 0.5675925921875 0.8239583328125001 0.55648148125 0.8197916671875 0.534259259375 0.8161458328125001 0.5240740734375 0.8114583328125 0.515740740625 0.803125 0.50555555625 0.7984375 0.5018518515625 0.790625 0.4990740734375 0.7791666671875 0.4981481484375 0.7744791671875 0.5018518515625 0.7666666671875 0.5046296296875 0.7609375 0.5120370375000001 0.7567708328125 0.521296296875 0.7546875 0.5314814812499999 0.7546875 0.5509259265625001 0.7536458328125 0.5638888890625 0.7526041671875 0.5703703703125 0.7484375 0.578703703125
23 0.7322916671875 0.490740740625 0.7390625 0.4990740734375 0.7489583328125 0.5148148140625 0.7526041671875 0.5240740734375 0.7546875 0.5259259265625 0.7557291671875 0.525 0.7588541671875 0.515740740625 0.7651041671875001 0.5046296296875 0.7671875 0.502777778125 0.7765625 0.4981481484375 0.7947916671875 0.4990740734375 0.7979166671875 0.497222221875 0.8005208328125001 0.49351851875 0.803125 0.48703703750000005 0.8057291671875 0.47407407343749997 0.80625 0.465740740625 0.8052083328125 0.4546296296875 0.8020833328125001 0.43981481406249995 0.7989583328125 0.43055555625 0.7927083328125 0.4203703703125 0.7869791671875 0.4138888890625 0.778125 0.4074074078125 0.771875 0.40555555625000006 0.7635416671875 0.40555555625000006 0.7541666671875 0.41018518593750003 0.7510416671875 0.4129629625 0.7458333328125 0.42222222187499997 0.7395833328125 0.43981481406249995 0.740625 0.4703703703125 0.7375 0.48055555625 0.7322916671875 0.4888888890625 0.7322916671875 0.490740740625
23 0.6848958328125 0.5324074078125001 0.6859375 0.5287037031249999 0.6869791671875001 0.515740740625 0.6890625 0.50648148125 0.6927083328125 0.4990740734375 0.6984375 0.49259259218749996 0.709375 0.4861111109375 0.7197916671875 0.4861111109375 0.725 0.48981481406249994 0.7286458328125 0.48981481406249994 0.7338541671875001 0.48333333281249996 0.7380208328125 0.47592592656250005 0.7401041671875 0.465740740625 0.7401041671875 0.4574074078125 0.7385416671875 0.44907407343749994 0.7375 0.434259259375 0.7296875 0.41944444374999995 0.7182291671875001 0.40833333281249995 0.7078125 0.403703703125 0.6932291671875 0.403703703125 0.6895833328125 0.40555555625000006 0.684375 0.41018518593750003 0.6807291671875 0.4166666671875 0.678125 0.4240740734375 0.6776041671875 0.465740740625 0.6723958328124999 0.4824074078125 0.671875 0.48703703750000005 0.671875 0.5046296296875 0.6744791671875 0.525 0.6760416671875 0.527777778125 0.6848958328125 0.5324074078125001
23 0.6119791671875 0.4861111109375 0.6119791671875 0.4953703703125 0.6130208328125 0.5009259265625 0.6239583328125 0.5240740734375 0.6302083328125 0.5296296296875 0.6359375 0.5324074078125001 0.6421875 0.5333333328125 0.6458333328125 0.5324074078125001 0.6526041671875 0.527777778125 0.6552083328125 0.5240740734375 0.6572916671875 0.51851851875 0.6682291671875 0.4824074078125 0.6713541671875001 0.4796296296875 0.6765625 0.46851851875 0.6776041671875 0.46296296249999996 0.6765625 0.4379629625 0.6755208328125 0.43055555625 0.6734375 0.425 0.6671875 0.4148148140625 0.6552083328125 0.40277777812500004 0.6484375 0.3990740734375 0.6369791671875 0.3981481484375 0.6307291671875 0.4 0.6223958328125 0.40648148125 0.6166666671875001 0.415740740625 0.6135416671875 0.42870370312499995 0.6135416671875 0.4370370375 0.6151041671875 0.4481481484375 0.6151041671875 0.4583333328125 0.6119791671875 0.4861111109375
23 0.5505208328125 0.5009259265625 0.5510416671875 0.5046296296875 0.5536458328125 0.5111111109375 0.55625 0.5120370375000001 0.5630208328124999 0.497222221875 0.5723958328125 0.4879629625 0.5817708328125 0.48518518593750004 0.6026041671875 0.4879629625 0.6052083328125 0.48148148125 0.6072916671875 0.4796296296875 0.6104166671875 0.4796296296875 0.6125 0.47407407343749997 0.6145833328125 0.4546296296875 0.6125 0.4268518515625 0.6057291671875 0.4129629625 0.6015625 0.40648148125 0.5958333328125 0.40092592656250003 0.5869791671875 0.396296296875 0.5833333328125 0.397222221875 0.5739583328125 0.3953703703125 0.5671875 0.397222221875 0.5583333328125 0.403703703125 0.553125 0.4129629625 0.55 0.42222222187499997 0.5494791671875 0.440740740625 0.5520833328125 0.4611111109375 0.5505208328125 0.48148148125 0.5505208328125 0.5009259265625
23 0.5453125 0.3925925921875 0.5447916671875 0.4148148140625 0.546875 0.42314814843750004 0.5489583328125 0.4240740734375 0.5520833328125 0.4148148140625 0.5578125 0.403703703125 0.5671875 0.396296296875 0.5723958328125 0.39444444375 0.5796875 0.39444444375 0.5875 0.3953703703125 0.5963541671875 0.4 0.5989583328125 0.40277777812500004 0.6 0.40277777812500004 0.6015625 0.4 0.6026041671875 0.39351851875 0.6026041671875 0.38333333281250004 0.6057291671875 0.36759259218749996 0.6057291671875 0.3583333328125 0.6046875 0.3481481484375 0.603125 0.3416666671875 0.596875 0.33055555625 0.5838541671875 0.32777777812500003 0.5510416671875 0.32592592656249997 0.5484375 0.328703703125 0.5442708328125 0.3425925921875 0.54375 0.35555555625 0.546875 0.371296296875 0.546875 0.378703703125 0.5453125 0.3925925921875
23 0.603125 0.403703703125 0.6067708328125 0.4129629625 0.6119791671875 0.42129629687500003 0.6140625 0.42129629687500003 0.6161458328125 0.415740740625 0.6239583328125 0.403703703125 0.63125 0.3990740734375 0.6432291671875 0.397222221875 0.6583333328125 0.4018518515625 0.6619791671875 0.39444444375 0.6661458328125 0.378703703125 0.6661458328125 0.365740740625 0.6645833328124999 0.3425925921875 0.6630208328125 0.33888888906250003 0.6614583328125 0.3379629625 0.6557291671875001 0.3361111109375 0.6114583328125 0.33148148125 0.6083333328125 0.3351851859375 0.60625 0.3425925921875 0.6057291671875 0.3490740734375 0.6078125 0.3703703703125 0.6072916671875 0.38240740781250004 0.6036458328125 0.396296296875 0.603125 0.403703703125
23 0.6635416671875001 0.40648148125 0.6645833328124999 0.409259259375 0.6682291671875 0.4129629625 0.6744791671875 0.425 0.6765625 0.4268518515625 0.6807291671875 0.415740740625 0.6838541671875 0.41018518593750003 0.6890625 0.40555555625000006 0.696875 0.40277777812500004 0.7046875 0.40277777812500004 0.7098958328125 0.4046296296875 0.715625 0.403703703125 0.7208333328125 0.3953703703125 0.7260416671875001 0.38055555625 0.7244791671875 0.35555555625 0.7208333328125 0.3453703703125 0.7171875 0.3416666671875 0.7057291671875 0.33888888906250003 0.7005208328125 0.3398148140625 0.690625 0.3379629625 0.66875 0.3379629625 0.6661458328125 0.3416666671875 0.665625 0.34629629687499996 0.665625 0.3574074078125 0.6671875 0.375 0.6651041671875 0.3879629625 0.6635416671875001 0.40648148125
23 0.7192708328124999 0.40648148125 0.7296875 0.41851851875 0.7395833328125 0.4361111109375 0.7494791671875001 0.4148148140625 0.7588541671875 0.40648148125 0.7765625 0.4046296296875 0.7838541671875 0.39444444375 0.7864583328125 0.3861111109375 0.7869791671875 0.3740740734375 0.7859375 0.36666666718749996 0.7838541671875 0.3574074078125 0.7791666671875 0.3490740734375 0.7479166671875 0.34351851875 0.7328125 0.3425925921875 0.728125 0.3425925921875 0.7260416671875001 0.34629629687499996 0.7260416671875001 0.38333333281250004 0.7239583328125 0.38703703749999996 0.7197916671875 0.4 0.7192708328124999 0.40648148125
23 0.8854166671874999 0.4018518515625 0.8848958328125001 0.4074074078125 0.8880208328125001 0.41111111093749997 0.8921875 0.4129629625 0.8989583328125 0.41944444374999995 0.9078125 0.43148148124999997 0.915625 0.4453703703125 0.925 0.44351851875000003 0.9291666671875 0.43981481406249995 0.934375 0.43055555625 0.9369791671875 0.42314814843750004 0.9385416671875 0.42129629687500003 0.9427083328125001 0.42222222187499997 0.9473958328125001 0.4138888890625 0.9494791671874999 0.4074074078125 0.9546875 0.3990740734375 0.9598958328125 0.3851851859375 0.9572916671874999 0.372222221875 0.953125 0.36759259218749996 0.9411458328125001 0.36851851875 0.9307291671875 0.3648148140625 0.9125 0.36296296250000004 0.8958333328125001 0.3638888890625 0.8953125 0.38148148125 0.8942708328125001 0.38703703749999996 0.8916666671875 0.39351851875 0.8854166671874999 0.4018518515625
23 0.8682291671875 0.47222222187499996 0.8713541671874999 0.47592592656250005 0.88125 0.477777778125 0.89375 0.4824074078125 0.9 0.48703703750000005 0.9036458328125001 0.48703703750000005 0.90625 0.48981481406249994 0.9083333328125001 0.49444444374999996 0.9119791671874999 0.49444444374999996 0.9145833328125 0.4916666671875 0.9208333328125 0.477777778125 0.9203125 0.46296296249999996 0.9135416671875 0.44259259218749997 0.903125 0.42592592656250006 0.8979166671875 0.41944444374999995 0.8890625 0.41203703750000004 0.8729166671874999 0.40555555625000006 0.8651041671874999 0.40648148125 0.8567708328125001 0.41203703750000004 0.8536458328125001 0.4166666671875 0.8510416671875 0.42314814843750004 0.8510416671875 0.434259259375 0.859375 0.44629629687500005 0.8630208328125001 0.4546296296875 0.8682291671875 0.47222222187499996
23 0.8328125 0.41944444374999995 0.840625 0.4268518515625 0.8447916671875 0.4296296296875 0.8489583328125001 0.4296296296875 0.8526041671875 0.41851851875 0.8588541671875 0.409259259375 0.8682291671875 0.4046296296875 0.8802083328125001 0.40555555625000006 0.8880208328125001 0.3981481484375 0.8932291671874999 0.3888888890625 0.8942708328125001 0.3851851859375 0.8953125 0.378703703125 0.8953125 0.3703703703125 0.8942708328125001 0.3638888890625 0.8911458328125 0.3611111109375 0.8546875 0.35555555625 0.8296875 0.3546296296875 0.8276041671875 0.35555555625 0.8260416671874999 0.3583333328125 0.8208333328125 0.38055555625 0.8208333328125 0.39444444375 0.8229166671874999 0.4018518515625 0.8270833328125 0.41111111093749997 0.8328125 0.41944444374999995
23 0.9927083328125 0.058333332812500006 0.9932291671875 0.0675925921875 0.9921875 0.075 0.9973958328125001 0.08425925937499999 0.9994791671875 0.08425925937499999 0.9994791671875 0.019444443750000002 0.9901041671874999 0.022222221875 0.9848958328125 0.0296296296875 0.9848958328125 0.037037037499999995 0.9927083328125 0.058333332812500006
23 0.9578125 0.6175925921875 0.9619791671875 0.6175925921875 0.9682291671875 0.6138888890625 0.9744791671874999 0.6009259265625 0.9744791671874999 0.5981481484375 0.9713541671874999 0.5953703703125 0.9526041671875 0.5898148140624999 0.9354166671874999 0.5888888890625 0.93125 0.5925925921874999 0.9333333328125001 0.6 0.9380208328125 0.6083333328125 0.9442708328125 0.6129629624999999 0.9578125 0.6175925921875
23 0.24479166718749998 0.34722222187499996 0.2515625 0.3546296296875 0.25729166718749996 0.3648148140625 0.2598958328125 0.375 0.2630208328125 0.375 0.2723958328125 0.3611111109375 0.2875 0.3509259265625 0.28958333281250004 0.34722222187499996 0.2859375 0.322222221875 0.2864583328125 0.315740740625 0.28958333281250004 0.30740740781250003 0.2890625 0.302777778125 0.2875 0.3009259265625 0.2390625 0.29722222187499997 0.2166666671875 0.29351851875 0.2104166671875 0.302777778125 0.2078125 0.3111111109375 0.2078125 0.31851851875000003 0.2104166671875 0.3240740734375 0.2270833328125 0.33888888906250003 0.24479166718749998 0.34722222187499996
23 0.2953125 0.3490740734375 0.30520833281250004 0.3490740734375 0.3182291671875 0.3546296296875 0.3270833328125 0.3648148140625 0.3317708328125 0.3731481484375 0.33541666718749996 0.384259259375 0.33645833281250004 0.40277777812500004 0.33125 0.4370370375 0.3317708328125 0.45370370312499997 0.3333333328125 0.4611111109375 0.34375 0.4574074078125 0.3494791671875 0.45277777812500003 0.3557291671875 0.440740740625 0.3578125 0.42870370312499995 0.3572916671875 0.371296296875 0.3557291671875 0.3416666671875 0.359375 0.32777777812500003 0.3609375 0.3148148140625 0.3604166671875 0.309259259375 0.3583333328125 0.30740740781250003 0.303125 0.3018518515625 0.2979166671875 0.3046296296875 0.2953125 0.302777778125 0.2932291671875 0.303703703125 0.2875 0.3166666671875 0.28854166718749996 0.33055555625 0.2916666671875 0.3453703703125 0.2953125 0.3490740734375
23 0.43177083281249995 0.48333333281249996 0.440625 0.4768518515625 0.4515625 0.47222222187499996 0.46770833281249996 0.47407407343749997 0.4734375 0.4768518515625 0.4791666671875 0.48333333281249996 0.4828125 0.48425925937500003 0.4838541671875 0.4824074078125 0.484375 0.47407407343749997 0.4875 0.46851851875 0.4875 0.4620370375 0.4927083328125 0.447222221875 0.4916666671875 0.4240740734375 0.48645833281249995 0.4074074078125 0.484375 0.41018518593750003 0.47760416718750004 0.434259259375 0.46875 0.44907407343749994 0.46302083281249995 0.45370370312499997 0.4546875 0.45555555625000005 0.4479166671875 0.45277777812500003 0.43854166718750004 0.44351851875000003 0.4348958328125 0.42129629687500003 0.4359375 0.403703703125 0.434375 0.40277777812500004 0.43125 0.40648148125 0.4270833328125 0.41851851875 0.4265625 0.4361111109375 0.43177083281249995 0.4546296296875 0.43177083281249995 0.48333333281249996
23 0.43125 0.31759259218749997 0.43125 0.325 0.4348958328125 0.340740740625 0.434375 0.40277777812500004 0.4328125 0.4129629625 0.4348958328125 0.41851851875 0.4375 0.43333333281249997 0.44114583281249997 0.44351851875000003 0.44895833281249997 0.4509259265625 0.459375 0.4546296296875 0.46666666718750005 0.4509259265625 0.47552083281249996 0.4370370375 0.4859375 0.4046296296875 0.490625 0.3583333328125 0.5 0.3351851859375 0.5010416671875 0.3296296296875 0.5010416671875 0.322222221875 0.5 0.3203703703125 0.4890625 0.31759259218749997 0.45 0.3148148140625 0.4322916671875 0.315740740625 0.43125 0.31759259218749997
23 0.3729166671875 0.3990740734375 0.3796875 0.4370370375 0.3838541671875 0.4453703703125 0.3927083328125 0.4509259265625 0.40520833281249996 0.45 0.4088541671875 0.4453703703125 0.41510416718750004 0.44166666718750003 0.42291666718750004 0.4296296296875 0.42395833281249995 0.42222222187499997 0.4234375 0.377777778125 0.4244791671875 0.3361111109375 0.428125 0.3240740734375 0.42864583281249996 0.315740740625 0.41614583281249995 0.3120370375 0.3640625 0.309259259375 0.3614583328125 0.31759259218749997 0.3604166671875 0.33055555625 0.36770833281250004 0.34351851875 0.3729166671875 0.3990740734375
23 0.2614583328125 0.51944444375 0.2526041671875 0.5324074078125001 0.23697916718749998 0.5398148140625 0.2244791671875 0.5361111109375 0.22135416718749998 0.5333333328125 0.2114583328125 0.5129629625 0.2078125 0.4981481484375 0.20572916718749998 0.497222221875 0.20416666718749998 0.5009259265625 0.2015625 0.515740740625 0.2026041671875 0.5314814812499999 0.20729166718749997 0.5453703703125 0.21458333281250003 0.5574074078125 0.2208333328125 0.5870370375 0.225 0.5944444437499999 0.23177083281250002 0.6018518515625 0.240625 0.60555555625 0.2479166671875 0.60555555625 0.25625 0.6018518515625 0.2666666671875 0.5898148140624999 0.27395833281250004 0.5722222218749999 0.275 0.55648148125 0.2723958328125 0.5398148140625 0.2723958328125 0.5314814812499999 0.2755208328125 0.5175925921875 0.2760416671875 0.50648148125 0.271875 0.47407407343749997 0.2682291671875 0.4620370375 0.2666666671875 0.4620370375 0.2635416671875 0.4675925921875 0.2645833328125 0.5046296296875 0.2614583328125 0.51944444375
23 0.3291666671875 0.51851851875 0.32083333281250004 0.5370370375 0.3140625 0.54351851875 0.3072916671875 0.546296296875 0.3005208328125 0.5453703703125 0.2921875 0.5379629625 0.2901041671875 0.5314814812499999 0.2869791671875 0.5287037031249999 0.2802083328125 0.5148148140625 0.2786458328125 0.5148148140625 0.2765625 0.522222221875 0.2776041671875 0.540740740625 0.2854166671875 0.559259259375 0.290625 0.5870370375 0.2942708328125 0.5962962968750001 0.303125 0.60648148125 0.31197916718749996 0.6101851859375 0.3265625 0.609259259375 0.3348958328125 0.602777778125 0.340625 0.5916666671875 0.3427083328125 0.5731481484375001 0.3416666671875 0.559259259375 0.3421875 0.54351851875 0.3463541671875 0.525 0.346875 0.50555555625 0.34375 0.4916666671875 0.334375 0.478703703125 0.3317708328125 0.48148148125 0.3307291671875 0.49259259218749996 0.33125 0.5111111109375 0.3291666671875 0.51851851875
23 0.6364583328125 0 0.628125 0.078703703125 0.628125 0.09074074062500001 0.63125 0.09629629687499999 0.6442708328125 0.1046296296875 0.6484375 0.1046296296875 0.6494791671875 0.102777778125 0.6520833328125 0.0861111109375 0.6541666671875 0.052777778124999994 0.6578125 0.037037037499999995 0.6625 0 0.6364583328125 0
