23 0.9365079359375 0.39351851875 0.9337797625 0.4011243390625 0.9325396828124999 0.40277777812500004 0.9273313484375001 0.40641534375 0.921875 0.4113756609375 0.92137896875 0.41335978906250004 0.92137896875 0.41964285781250005 0.9196428578125 0.42559523749999995 0.9169146828124999 0.4298941796875 0.9129464281249999 0.43419312187500003 0.90625 0.43981481406249995 0.9052579359375 0.44378306875 0.905505953125 0.4451058203125 0.91592261875 0.453373015625 0.9270833328125001 0.45634920625 0.9332837296875001 0.46031746093750003 0.940476190625 0.46825396875 0.9429563484375001 0.4735449734375 0.9441964281249999 0.4738756609375 0.9466765875 0.47288359843750005 0.9541170640625 0.4606481484375 0.9583333328125001 0.4500661375 0.962549603125 0.4361772484375 0.9667658734375 0.4298941796875 0.9709821421875 0.42757936562500004 0.9756944437499999 0.422288359375 0.9771825390625001 0.41931216875 0.97842261875 0.4143518515625 0.978174603125 0.40707672031250003 0.9764384921874999 0.4011243390625 0.9737103171875001 0.3955026453125 0.971230159375 0.3921957671875 0.966269840625 0.3875661375 0.95907738125 0.38392857187499996 0.9511408734375 0.3829365078125 0.9466765875 0.38392857187499996 0.9417162703124999 0.3865740734375 0.9365079359375 0.39351851875
23 0.9796626984374999 0.5423280421875 0.9697420640625 0.5456349203124999 0.96825396875 0.547288359375 0.968005953125 0.5499338625 0.9699900796875 0.5552248671875 0.9709821421875 0.5644841265625 0.9697420640625 0.5707671953125 0.9642857140625001 0.5796957671875 0.9647817453125 0.58134920625 0.9670138890625 0.5823412703125 0.97470238125 0.5820105812499999 0.9799107140625001 0.58068783125 0.9885912703124999 0.5767195765625 0.996527778125 0.5750661375 0.999751984375 0.5750661375 0.999751984375 0.5231481484375 0.9977678578125 0.5234788359375 0.9930555562500001 0.5271164015625 0.98387896875 0.5400132281250001 0.9796626984374999 0.5423280421875
23 0.9025297625 0.3921957671875 0.9022817453125 0.4047619046875 0.8983134921874999 0.41832010625000005 0.89112103125 0.42757936562500004 0.887896825 0.43022486718749997 0.8864087296875001 0.4325396828125 0.8836805562500001 0.43419312187500003 0.8836805562500001 0.43518518593750005 0.893105159375 0.4375 0.900049603125 0.44113756562499995 0.9040178578125 0.44146825468750006 0.906001984375 0.4388227515625 0.912450396875 0.43419312187500003 0.918898809375 0.42625661406250004 0.9208829359375 0.41997354531250003 0.9203869046875001 0.4110449734375 0.9179067453125 0.40410052968750004 0.9131944437499999 0.39748677187500003 0.9099702375 0.39451058125 0.9047619046875001 0.39153439218749997 0.9025297625 0.3921957671875
23 0.9464285718750001 0.5300925921874999 0.9414682546875 0.5297619046875 0.9352678578125 0.53108465625 0.9308035718750001 0.533730159375 0.9265873015625001 0.5390211640625 0.924851190625 0.54398148125 0.924355159375 0.5499338625 0.9233630953124999 0.5542328046875 0.921626984375 0.5572089953125 0.9109623015625001 0.565145503125 0.8864087296875001 0.5859788359375 0.88467261875 0.590277778125 0.887896825 0.5919312171875 0.8985615078125001 0.5919312171875 0.908730159375 0.590939153125 0.9164186515624999 0.5889550265625 0.922619046875 0.5853174609375 0.9255952375 0.584325396875 0.9394841265625 0.58167989375 0.9605654765624999 0.58101851875 0.963045634375 0.5796957671875 0.965277778125 0.577380953125 0.968501984375 0.5727513234375 0.9697420640625 0.5697751328125 0.9704861109375 0.5644841265625 0.9699900796875 0.5555555562500001 0.9672619046875001 0.547619046875 0.9608134921874999 0.5383597890625 0.955853175 0.534391534375 0.9464285718750001 0.5300925921874999
23 0.9320436515624999 0.48048941875000006 0.93427579375 0.4890873015625 0.9352678578125 0.503306878125 0.9362599203125 0.503637565625 0.9387400796875 0.5019841265625 0.9422123015625001 0.49768518593750005 0.9439484125 0.49404761875 0.9451884921874999 0.4890873015625 0.9451884921874999 0.48082010625000005 0.943700396875 0.4751984125 0.94072420625 0.46924603125 0.93700396875 0.46428571406249997 0.9322916671874999 0.459656084375 0.925347221875 0.45568783125 0.9206349203125 0.4546957671875 0.91865079375 0.45502645468749997 0.918402778125 0.45634920625 0.92137896875 0.459325396875 0.927579365625 0.4699074078125 0.9320436515624999 0.48048941875000006
23 0.9169146828124999 0.33167989375 0.9131944437499999 0.340939153125 0.9077380953124999 0.347552909375 0.9010416671874999 0.352843915625 0.8985615078125001 0.35648148125 0.8960813484375001 0.362103175 0.893105159375 0.366402115625 0.893105159375 0.36805555624999997 0.894097221875 0.37070105781249996 0.8998015875 0.38161375625 0.9020337296875001 0.3885582015625 0.903273809375 0.39021164062499997 0.9084821421875 0.3928571421875 0.9141865078125001 0.3981481484375 0.9171626984374999 0.40211640156249995 0.9203869046875001 0.40839947031249996 0.924355159375 0.4080687828125 0.9293154765624999 0.403769840625 0.9330357140625001 0.39947089999999996 0.9387400796875 0.3829365078125 0.940228175 0.37599206406249996 0.9427083328125001 0.3697089953125 0.9446924609374999 0.3670634921875 0.94990079375 0.3634259265625 0.9546130953124999 0.35681216875 0.956597221875 0.3515211640625 0.9568452375 0.3449074078125 0.955605159375 0.339947090625 0.953869046875 0.3366402109375 0.94717261875 0.32771164062499997 0.939980159375 0.3230820109375 0.931299603125 0.32142857187499996 0.9273313484375001 0.321759259375 0.921626984375 0.325396825 0.9169146828124999 0.33167989375
23 0.8816964281249999 0.35648148125 0.8888888890625 0.3644179890625 0.8916170640625 0.365740740625 0.8928571421875 0.365410053125 0.8950892859374999 0.3624338625 0.8978174609374999 0.35747354531250003 0.8985615078125001 0.35482804218749997 0.8988095234375001 0.35052910000000004 0.8980654765624999 0.346560846875 0.8955853171875001 0.339947090625 0.88740079375 0.3293650796875 0.8829365078125001 0.32705026406250004 0.8797123015625001 0.3267195765625 0.8767361109375 0.328042328125 0.86904761875 0.33697089999999996 0.86259920625 0.3419312171875 0.8630952375 0.3455687828125 0.8678075390625001 0.34722222187499996 0.8769841265625 0.352843915625 0.8816964281249999 0.35648148125
23 0.514880953125 0.66865079375 0.490575396875 0.672288359375 0.486855159375 0.6736111109375 0.4858630953125 0.67526455 0.486855159375 0.6802248671875 0.4895833328125 0.6858465609375 0.4925595234375 0.6960978843750001 0.497271825 0.7040343921875001 0.503472221875 0.7076719578125 0.5071924609375 0.7119709000000001 0.5091765875 0.7132936515625 0.512896825 0.7132936515625 0.5178571421875 0.709325396875 0.525049603125 0.70634920625 0.5260416671875 0.7050264546875 0.5272817453124999 0.7010582015625 0.5386904765625 0.6865079359374999 0.5419146828125 0.6789021156249999 0.5416666671875 0.6646825390625 0.5404265875 0.6630290999999999 0.5381944437499999 0.662367725 0.5292658734375 0.6626984125 0.514880953125 0.66865079375
23 0.27008928593750003 0.6147486765625 0.26661706406249996 0.615410053125 0.250744046875 0.615740740625 0.24925595312499998 0.6170634921875 0.25049603125000003 0.6203703703125 0.25446428593750003 0.6259920640625001 0.266369046875 0.6335978843750001 0.26884920625 0.6382275125 0.27455357187499996 0.6445105812499999 0.2792658734375 0.6478174609375 0.2894345234375 0.6504629625 0.2948908734375 0.653769840625 0.2991071421875 0.653769840625 0.3018353171875 0.652777778125 0.3053075390625 0.646494709375 0.313244046875 0.640542328125 0.31919642812500004 0.6316137562499999 0.3206845234375 0.628306878125 0.3216765875 0.6233465609375 0.32142857187499996 0.615740740625 0.31919642812500004 0.6137566140625 0.30580357187499996 0.6134259265625001 0.27008928593750003 0.6147486765625
23 0.3489583328125 0.6130952375 0.341021825 0.6140873015625 0.3387896828125 0.6160714281249999 0.3390376984375 0.6173941796875 0.3420138890625 0.622023809375 0.34424603125000003 0.627976190625 0.3489583328125 0.634589946875 0.359375 0.640542328125 0.3616071421875 0.64384920625 0.3764880953125 0.6421957671875 0.3792162703125 0.640542328125 0.3826884921875 0.6359126984375 0.3859126984375 0.6332671953125 0.3891369046875 0.6292989421875 0.3926091265625 0.6226851859375 0.393105159375 0.61871693125 0.3921130953125 0.6130952375 0.39012896874999997 0.612103175 0.374751984375 0.6117724875 0.3489583328125 0.6130952375
23 0.5952380953125 0.6329365078125 0.599950396875 0.634589946875 0.603670634375 0.634259259375 0.6051587296875 0.6332671953125 0.608630953125 0.627645503125 0.612847221875 0.6226851859375 0.6160714281249999 0.615740740625 0.6232638890625 0.6071428578125 0.6259920640625001 0.6018518515625 0.62549603125 0.6008597890625 0.6237599203124999 0.6001984125 0.606894840625 0.6001984125 0.5900297625 0.6015211640625 0.57762896875 0.6008597890625 0.575644840625 0.5992063484375 0.574652778125 0.596560846875 0.575148809375 0.590277778125 0.5741567453124999 0.5863095234375 0.5726686515625 0.583994709375 0.5716765875 0.583664021875 0.568700396875 0.5859788359375 0.56299603125 0.6044973546875 0.56299603125 0.6117724875 0.5664682546875001 0.628637565625 0.568700396875 0.6316137562499999 0.57217261875 0.6322751328125 0.5952380953125 0.6329365078125
23 0.6550099203124999 0.5995370375 0.6393849203124999 0.6015211640625 0.6383928578125 0.6021825390625 0.637896825 0.60582010625 0.6416170640625001 0.6130952375 0.6450892859375 0.6173941796875 0.6493055562500001 0.6210317453124999 0.6579861109375 0.6263227515625001 0.6609623015625 0.6292989421875 0.6674107140625 0.6296296296875 0.6731150796875001 0.6289682546875001 0.6770833328125 0.627645503125 0.6852678578125 0.61871693125 0.690972221875 0.610119046875 0.7016369046875 0.6044973546875 0.7053571421875 0.6008597890625 0.7053571421875 0.5995370375 0.703869046875 0.5975529093749999 0.6959325390625 0.597222221875 0.665674603125 0.5995370375 0.6550099203124999 0.5995370375
23 0.7445436515625 0.596560846875 0.7306547625 0.596230159375 0.718998015625 0.5975529093749999 0.7175099203124999 0.5992063484375 0.7170138890625 0.6008597890625 0.7197420640625001 0.6071428578125 0.7239583328125 0.6130952375 0.73387896875 0.61904761875 0.737351190625 0.6226851859375 0.743799603125 0.6230158734375 0.7512400796875001 0.622023809375 0.7539682546875001 0.6207010578125 0.766369046875 0.6054894187500001 0.777777778125 0.6005290999999999 0.781498015625 0.5975529093749999 0.7824900796875001 0.5955687828125 0.78075396875 0.59424603125 0.7740575390625 0.59391534375 0.74950396875 0.5955687828125 0.7445436515625 0.596560846875
23 0.8045634921874999 0.615740740625 0.8033234125 0.6173941796875 0.7986111109375 0.6177248671875 0.79737103125 0.6207010578125 0.7981150796875001 0.6226851859375 0.8147321421875 0.6253306875 0.821924603125 0.6207010578125 0.830605159375 0.609126984375 0.8373015875 0.6044973546875 0.841021825 0.6005290999999999 0.8516865078125001 0.5916005296875 0.849454365625 0.590939153125 0.8105158734375 0.590939153125 0.803075396875 0.5929232796874999 0.79092261875 0.59424603125 0.7894345234375 0.5955687828125 0.7894345234375 0.596891534375 0.7956349203124999 0.6048280421875 0.8040674609374999 0.6104497359375001 0.8053075390625001 0.6124338625 0.8045634921874999 0.615740740625
23 0.491071428125 0.325396825 0.49007936562500004 0.3263888890625 0.49131944375 0.334325396875 0.4918154765625 0.3495370375 0.49305555625 0.35681216875 0.49280753906249997 0.3624338625 0.4935515875 0.3640873015625 0.4985119046875 0.3630952375 0.5054563484375 0.35846560781250003 0.5109126984375 0.35615079375 0.5198412703125 0.35482804218749997 0.5300099203124999 0.3544973546875 0.5456349203124999 0.359126984375 0.5488591265625 0.352843915625 0.55009920625 0.3458994703125 0.5515873015625 0.341269840625 0.5560515875 0.334656084375 0.559027778125 0.328703703125 0.5602678578125 0.3250661375 0.5607638890625 0.32076719531250003 0.559027778125 0.31944444375000003 0.5538194437499999 0.31944444375000003 0.49578372968749995 0.3244047625 0.491071428125 0.325396825
23 0.406001984375 0.3330026453125 0.40550595312500004 0.3366402109375 0.40699404687499996 0.34027777812500004 0.412946428125 0.347552909375 0.41493055625 0.3544973546875 0.4164186515625 0.366402115625 0.41790674531249994 0.36904761875 0.4201388890625 0.36937830625 0.424355159375 0.36607142812500004 0.4310515875 0.3630952375 0.43824404687499996 0.3617724875 0.44890872968749995 0.3617724875 0.4546130953125 0.36276454999999996 0.4605654765625 0.3647486765625 0.466269840625 0.36805555624999997 0.468998015625 0.36805555624999997 0.4704861109375 0.36673280468749997 0.471230159375 0.3640873015625 0.47321428593750003 0.3515211640625 0.4734623015625 0.346560846875 0.4791666671875 0.33267195781250003 0.4796626984375 0.32903439218749997 0.4779265875 0.3267195765625 0.471478175 0.3267195765625 0.40823412656249997 0.33167989375 0.406001984375 0.3330026453125
23 0.3921130953125 0.33697089999999996 0.3918650796875 0.334325396875 0.39012896874999997 0.33267195781250003 0.38740079375 0.3323412703125 0.359623015625 0.3356481484375 0.330853175 0.3373015875 0.325644840625 0.3382936515625 0.32366071406249997 0.34027777812500004 0.32366071406249997 0.3416005296875 0.3301091265625 0.3515211640625 0.33159722187499996 0.3581349203125 0.3335813484375 0.3634259265625 0.33506944375000003 0.365079365625 0.3382936515625 0.365410053125 0.34275793593750004 0.3634259265625 0.3519345234375 0.3611111109375 0.35887896874999997 0.3607804234375 0.3658234125 0.3614417984375 0.375744046875 0.3647486765625 0.387896825 0.3733465609375 0.3888888890625 0.3733465609375 0.38963293593750004 0.372023809375 0.389880953125 0.365410053125 0.39161706406249996 0.35350529062499997 0.39161706406249996 0.3396164015625 0.3921130953125 0.33697089999999996
23 0.310019840625 0.3521825390625 0.311755953125 0.3416005296875 0.3112599203125 0.34027777812500004 0.309771825 0.33928571406249997 0.30282738125 0.3389550265625 0.262648809375 0.3416005296875 0.24801587343749998 0.34325396874999997 0.2457837296875 0.34391534375 0.2445436515625 0.3452380953125 0.24479166718749998 0.346891534375 0.24727182499999997 0.3501984125 0.250248015625 0.3521825390625 0.2522321421875 0.35482804218749997 0.2542162703125 0.3634259265625 0.2554563484375 0.365410053125 0.2601686515625 0.365410053125 0.26612103125000003 0.3640873015625 0.2797619046875 0.3640873015625 0.2859623015625 0.365079365625 0.29340277812500004 0.36838624375 0.3005952375 0.3746693125 0.306795634375 0.3826058203125 0.309771825 0.3822751328125 0.31150793593750004 0.3796296296875 0.312748015625 0.3703703703125 0.312748015625 0.36607142812500004 0.3110119046875 0.35978835937500003 0.310019840625 0.3521825390625
23 0.5711805562500001 0.4169973546875 0.5726686515625 0.4236111109375 0.5726686515625 0.42592592656250006 0.5711805562500001 0.434854496875 0.5709325390625 0.4384920640625 0.5714285718750001 0.4513888890625 0.575396825 0.459986771875 0.580605159375 0.465939153125 0.5830853171875 0.4675925921875 0.5845734125 0.4672619046875 0.5917658734375 0.459986771875 0.6006944437499999 0.4543650796875 0.606646825 0.4517195765625 0.612351190625 0.45105820156250004 0.631200396875 0.45105820156250004 0.6326884921875 0.44907407343749994 0.6339285718750001 0.44444444375 0.6354166671875 0.44080687812499997 0.64384920625 0.4298941796875 0.6475694437499999 0.4242724875 0.6495535718750001 0.4166666671875 0.650545634375 0.409060846875 0.6507936515625 0.40244709062500006 0.6493055562500001 0.3918650796875 0.6473214281249999 0.3855820109375 0.6428571421875 0.377645503125 0.637648809375 0.3710317453125 0.6324404765625 0.365740740625 0.6297123015625 0.3640873015625 0.6262400796875001 0.3611111109375 0.6205357140625 0.35846560781250003 0.6113591265625 0.35681216875 0.6054067453124999 0.35648148125 0.5959821421875 0.3578042328125 0.5897817453124999 0.36044973593749996 0.581597221875 0.366402115625 0.5739087296875 0.3753306875 0.5701884921875 0.38326719531250003 0.5689484125 0.38723545000000004 0.568204365625 0.39252645468749997 0.5677083328125 0.397156084375 0.5679563484375 0.4047619046875 0.568700396875 0.409060846875 0.5711805562500001 0.4169973546875
23 0.21155753906250002 0.5350529093749999 0.2147817453125 0.541005290625 0.21949404687500002 0.547288359375 0.2224702375 0.55026455 0.224950396875 0.5535714281249999 0.22743055625 0.55621693125 0.23363095312499998 0.5601851859375 0.2356150796875 0.5628306875 0.24255952343749998 0.5757275125 0.24677579375 0.58134920625 0.24751984062500001 0.5830026453125 0.24925595312499998 0.5846560843749999 0.2514880953125 0.5856481484375 0.26215277812500004 0.5882936515625 0.265625 0.5899470906250001 0.268105159375 0.5919312171875 0.271825396875 0.59391534375 0.2772817453125 0.59391534375 0.28224206406249996 0.590608465625 0.2832341265625 0.5849867718749999 0.28472222187499996 0.5820105812499999 0.2926587296875 0.5763888890625 0.29637896874999997 0.572420634375 0.2986111109375 0.5707671953125 0.3015873015625 0.565476190625 0.30357142812500004 0.559523809375 0.3040674609375 0.5552248671875 0.3040674609375 0.5486111109375 0.303075396875 0.5390211640625 0.3010912703125 0.5274470906250001 0.30009920625 0.5241402109375 0.30009920625 0.51884920625 0.30133928593750003 0.5079365078125 0.30133928593750003 0.4990079359375 0.30009920625 0.491071428125 0.2983630953125 0.48511904687499996 0.2951388890625 0.477843915625 0.2886904765625 0.46957672031250003 0.28125 0.4632936515625 0.278521825 0.46164021093749996 0.2708333328125 0.459656084375 0.2517361109375 0.459656084375 0.24181547656250002 0.462632275 0.23263888906250002 0.46858465625 0.22073412656250002 0.47982804218749997 0.2172619046875 0.48511904687499996 0.21130952343749998 0.49603174531249994 0.21031746093749998 0.49933862500000004 0.20982142812500001 0.502976190625 0.20882936562499999 0.5165343921875001 0.20882936562499999 0.5234788359375 0.2095734125 0.5291005296875 0.21155753906250002 0.5350529093749999
23 0.3172123015625 0.5353835984375 0.32217261875 0.5423280421875 0.3241567453125 0.54398148125 0.3266369046875 0.5482804234375 0.32762896874999997 0.5492724875 0.328869046875 0.5542328046875 0.3296130953125 0.559854496875 0.330605159375 0.5628306875 0.3333333328125 0.5648148140625 0.33506944375000003 0.5671296296875 0.3390376984375 0.57473545 0.341269840625 0.5767195765625 0.343501984375 0.5803571421875 0.349454365625 0.5849867718749999 0.353670634375 0.5859788359375 0.35987103125000003 0.5856481484375 0.365079365625 0.5849867718749999 0.3685515875 0.583664021875 0.37400793593750004 0.5793650796875001 0.3769841265625 0.577711640625 0.3804563484375 0.5744047625 0.384920634375 0.5697751328125 0.3918650796875 0.559523809375 0.3945932546875 0.540674603125 0.3948412703125 0.527777778125 0.3978174609375 0.51917989375 0.3985615078125 0.5145502640624999 0.3990575390625 0.503306878125 0.3988095234375 0.4920634921875 0.3978174609375 0.4861111109375 0.39384920625 0.4765211640625 0.39161706406249996 0.47222222187499996 0.3856646828125 0.46494709062500006 0.3814484125 0.4613095234375 0.3769841265625 0.459656084375 0.372023809375 0.45634920625 0.3630952375 0.4543650796875 0.34821428593750003 0.4543650796875 0.3457341265625 0.45502645468749997 0.33482142812500004 0.46031746093750003 0.32911706406249996 0.46461640156249995 0.3244047625 0.46924603125 0.318700396875 0.47288359843750005 0.3167162703125 0.4751984125 0.31597222187499996 0.4768518515625 0.3147321421875 0.48214285781250005 0.312251984375 0.4947089953125 0.309771825 0.5039682546875001 0.3087797625 0.509259259375 0.3085317453125 0.5145502640624999 0.309771825 0.51917989375 0.31200396874999997 0.5231481484375 0.3172123015625 0.5353835984375
23 0.408730159375 0.537367725 0.41046627031250005 0.5419973546875 0.4136904765625 0.5486111109375 0.4169146828125 0.5601851859375 0.41964285781250005 0.565806878125 0.4231150796875 0.5704365078125 0.4295634921875 0.5763888890625 0.43328372968749995 0.578042328125 0.43824404687499996 0.58167989375 0.43948412656249997 0.5820105812499999 0.4476686515625 0.58167989375 0.4548611109375 0.5803571421875 0.4640376984375 0.5744047625 0.468501984375 0.5707671953125 0.47197420625 0.5667989421875 0.474950396875 0.5611772484374999 0.4764384921875 0.55654761875 0.478174603125 0.5486111109375 0.478174603125 0.534060846875 0.4791666671875 0.5291005296875 0.481398809375 0.5241402109375 0.48487103125 0.5132275125 0.4858630953125 0.5052910046875 0.4858630953125 0.4986772484375 0.4853670640625 0.4917328046875 0.4826388890625 0.48115079375 0.47718253906249997 0.471230159375 0.4739583328125 0.466269840625 0.47073412656249997 0.4623015875 0.4632936515625 0.45701058124999994 0.4578373015625 0.4546957671875 0.45238095312500004 0.45370370312499997 0.4449404765625 0.4540343921875 0.44171627031250005 0.4546957671875 0.4310515875 0.4543650796875 0.424851190625 0.45701058124999994 0.4201388890625 0.4606481484375 0.41468253906249997 0.4639550265625 0.412450396875 0.465939153125 0.408730159375 0.47089947031249996 0.40699404687499996 0.4751984125 0.4045138890625 0.47850529062499997 0.403521825 0.48082010625000005 0.40203372968749995 0.487103175 0.3998015875 0.5023148140625 0.3998015875 0.5145502640624999 0.4007936515625 0.5195105812499999 0.403273809375 0.5264550265625 0.408730159375 0.537367725
23 0.49925595312500004 0.5228174609375 0.500248015625 0.527777778125 0.5 0.5304232796874999 0.4985119046875 0.533730159375 0.4982638890625 0.541335978125 0.49950396875 0.5482804234375 0.5012400796875001 0.5542328046875 0.5042162703125 0.5605158734375 0.5076884921875 0.565806878125 0.5136408734375 0.5714285718750001 0.518601190625 0.57473545 0.52157738125 0.578703703125 0.5245535718750001 0.58068783125 0.5262896828125 0.58068783125 0.528521825 0.5793650796875001 0.530505953125 0.57473545 0.5327380953125 0.572089946875 0.533978175 0.5714285718750001 0.540674603125 0.5697751328125 0.5570436515625 0.5674603171875 0.559771825 0.566137565625 0.5625 0.5605158734375 0.5637400796875001 0.5542328046875 0.5679563484375 0.5393518515625 0.5731646828125 0.5304232796874999 0.57490079375 0.5257936515625 0.5763888890625 0.5234788359375 0.578869046875 0.5178571421875 0.5801091265625 0.5085978843750001 0.5801091265625 0.5003306875 0.5793650796875001 0.490410053125 0.577876984375 0.48379629687500003 0.5768849203124999 0.48115079375 0.5711805562500001 0.4702380953125 0.5679563484375 0.465939153125 0.563244046875 0.46164021093749996 0.5602678578125 0.45767195781250003 0.55654761875 0.45535714218749995 0.553075396875 0.4540343921875 0.5424107140625 0.4517195765625 0.53075396875 0.4513888890625 0.5245535718750001 0.452711640625 0.516369046875 0.45634920625 0.5089285718750001 0.46164021093749996 0.50322420625 0.46792327968749997 0.497271825 0.4791666671875 0.4952876984375 0.4861111109375 0.49429563437499996 0.4920634921875 0.49404761875 0.5023148140625 0.4947916671875 0.5082671953125 0.49677579375 0.515873015625 0.49925595312500004 0.5228174609375
23 0.5791170640625001 0.5274470906250001 0.5791170640625001 0.5294312171875 0.5798611109375 0.5330687828125 0.5825892859375 0.5644841265625 0.5833333328125 0.566137565625 0.5850694437499999 0.5671296296875 0.588045634375 0.5677910046875 0.5915178578125 0.5677910046875 0.593501984375 0.56878306875 0.59970238125 0.5701058203125 0.6163194437499999 0.572420634375 0.622023809375 0.5760582015625 0.6232638890625 0.5763888890625 0.6262400796875001 0.57473545 0.6292162703125 0.5694444437499999 0.63467261875 0.5648148140625 0.638144840625 0.559854496875 0.639880953125 0.55654761875 0.643601190625 0.547288359375 0.6448412703125 0.5456349203124999 0.6475694437499999 0.54398148125 0.6552579359374999 0.5360449734375 0.658730159375 0.53108465625 0.66220238125 0.5224867718749999 0.6644345234375 0.512896825 0.6649305562500001 0.50628306875 0.6646825390625 0.49669312187500003 0.6641865078125 0.49404761875 0.6626984125 0.48809523749999995 0.65947420625 0.48015872968749995 0.65625 0.4742063484375 0.6507936515625 0.466269840625 0.646825396875 0.4623015875 0.6428571421875 0.459656084375 0.640873015625 0.45899470937500003 0.6361607140625 0.45535714218749995 0.6299603171875 0.452711640625 0.6232638890625 0.4517195765625 0.606894840625 0.45238095312500004 0.6014384921875 0.4546957671875 0.5984623015625 0.45734127031250005 0.591021825 0.4623015875 0.5873015875 0.465939153125 0.58407738125 0.4702380953125 0.5818452375 0.47585978906250004 0.5798611109375 0.48247354531250003 0.5793650796875001 0.4861111109375 0.58134920625 0.5009920640625001 0.58134920625 0.50562169375 0.5803571421875 0.5198412703125 0.5791170640625001 0.5274470906250001
23 0.674603175 0.5605158734375 0.6783234125 0.5628306875 0.68154761875 0.565806878125 0.685019840625 0.5677910046875 0.690228175 0.5697751328125 0.69990079375 0.5704365078125 0.7048611109375 0.5697751328125 0.709325396875 0.56845238125 0.7132936515625 0.566137565625 0.718998015625 0.5601851859375 0.722222221875 0.5555555562500001 0.7232142859375 0.552910053125 0.7264384921875 0.5489417984375 0.734126984375 0.5453042328125 0.7418154765625 0.5396825390625 0.7452876984375 0.5360449734375 0.74950396875 0.5304232796874999 0.752976190625 0.5221560843749999 0.7549603171875 0.5138888890625 0.7554563484375 0.5085978843750001 0.7554563484375 0.5 0.7544642859375 0.4923941796875 0.7517361109375 0.4834656078125 0.7447916671875 0.4705687828125 0.7410714281249999 0.46494709062500006 0.7366071421875 0.46031746093750003 0.7326388890625 0.45701058124999994 0.7279265875 0.4540343921875 0.721230159375 0.45105820156250004 0.7100694437499999 0.4477513234375 0.700148809375 0.4477513234375 0.6961805562500001 0.4484126984375 0.6865079359374999 0.453042328125 0.6820436515625 0.45634920625 0.6763392859375 0.4632936515625 0.67137896875 0.471891534375 0.669146825 0.48015872968749995 0.668402778125 0.4857804234375 0.6676587296875 0.509259259375 0.6654265875 0.5138888890625 0.6631944437499999 0.5231481484375 0.662450396875 0.5297619046875 0.662450396875 0.5376984125 0.6654265875 0.547619046875 0.6701388890625 0.5552248671875 0.674603175 0.5605158734375
23 0.750248015625 0.5333994703125 0.750248015625 0.5350529093749999 0.7517361109375 0.5380290999999999 0.752480159375 0.54398148125 0.7547123015625 0.5499338625 0.7566964281249999 0.553240740625 0.763144840625 0.5601851859375 0.7705853171875 0.5644841265625 0.7735615078125 0.565476190625 0.778521825 0.56812169375 0.781994046875 0.56878306875 0.7916666671875 0.56845238125 0.7951388890625 0.5671296296875 0.803075396875 0.5601851859375 0.81299603125 0.546957671875 0.815476190625 0.5446428578125 0.8174603171875001 0.54332010625 0.821924603125 0.5423280421875 0.8271329359375 0.5396825390625 0.831101190625 0.5370370375 0.8360615078125001 0.5320767203125001 0.84052579375 0.5244709000000001 0.843998015625 0.515873015625 0.8452380953124999 0.5089285718750001 0.8449900796875 0.49669312187500003 0.843005953125 0.48511904687499996 0.8397817453125 0.477513228125 0.8355654765624999 0.46891534375 0.828869046875 0.4606481484375 0.8226686515624999 0.4546957671875 0.8142361109375 0.44874338593749996 0.8072916671874999 0.44609788437500003 0.7953869046875 0.44312169375000005 0.7867063484375 0.44411375625 0.7829861109375 0.4457671953125 0.77802579375 0.447089946875 0.7740575390625 0.44940476250000005 0.7723214281249999 0.4513888890625 0.768353175 0.4543650796875 0.762648809375 0.4619709 0.7604166671875 0.4669312171875 0.7584325390625 0.4742063484375 0.7576884921875 0.48015872968749995 0.7571924609375 0.5082671953125 0.7549603171875 0.51884920625 0.750248015625 0.5333994703125
23 0.8454861109375 0.512896825 0.843005953125 0.521164021875 0.838045634375 0.53141534375 0.8348214281249999 0.5357142859375 0.83407738125 0.5376984125 0.83407738125 0.5396825390625 0.8360615078125001 0.54365079375 0.838045634375 0.546296296875 0.8387896828124999 0.546626984375 0.841269840625 0.55026455 0.8487103171875001 0.55687830625 0.853174603125 0.559854496875 0.8556547625 0.5608465609375 0.8578869046875001 0.5638227515625001 0.862351190625 0.5638227515625001 0.8643353171875001 0.5628306875 0.8658234125 0.5628306875 0.868799603125 0.5641534390625 0.8710317453125 0.5628306875 0.8804563484375001 0.559523809375 0.884424603125 0.5575396828125 0.887648809375 0.5548941796875 0.894097221875 0.547619046875 0.8973214281249999 0.5449735453125 0.8993055562500001 0.5423280421875 0.9017857140625001 0.5400132281250001 0.9052579359375 0.5380290999999999 0.9151785718750001 0.5353835984375 0.92137896875 0.53174603125 0.9290674609374999 0.521825396875 0.9325396828124999 0.5142195765625 0.934523809375 0.503637565625 0.934523809375 0.4983465609375 0.9337797625 0.49007936562500004 0.9320436515624999 0.48247354531250003 0.9258432546875 0.4675925921875 0.92137896875 0.459986771875 0.9179067453125 0.45601851875 0.915674603125 0.4546957671875 0.909722221875 0.44940476250000005 0.90575396875 0.447089946875 0.9025297625 0.44411375625 0.8993055562500001 0.4421296296875 0.8950892859374999 0.440476190625 0.8923611109375 0.4384920640625 0.8866567453125 0.4371693125 0.87450396875 0.4375 0.8685515875 0.4391534390625 0.8635912703124999 0.44146825468750006 0.8606150796875 0.44345238125 0.853174603125 0.45105820156250004 0.8511904765624999 0.4543650796875 0.8484623015625001 0.46031746093750003 0.8457341265625 0.47089947031249996 0.8454861109375 0.48809523749999995 0.846230159375 0.497354496875 0.846230159375 0.5072751328125 0.8454861109375 0.512896825
23 0.815476190625 0.4480820109375 0.8231646828124999 0.45370370312499997 0.8293650796875 0.459325396875 0.833829365625 0.46527777812500004 0.837549603125 0.4675925921875 0.843005953125 0.4672619046875 0.844494046875 0.465608465625 0.846230159375 0.4623015875 0.849454365625 0.4546957671875 0.8519345234375001 0.4500661375 0.853670634375 0.4477513234375 0.859623015625 0.4421296296875 0.8668154765624999 0.4384920640625 0.872519840625 0.4371693125 0.877480159375 0.43518518593750005 0.8836805562500001 0.43353174531249994 0.8891369046875001 0.4295634921875 0.8975694437499999 0.41964285781250005 0.8993055562500001 0.415674603125 0.9020337296875001 0.40410052968750004 0.9022817453125 0.3958333328125 0.9007936515624999 0.3869047625 0.896825396875 0.3766534390625 0.89012896875 0.366402115625 0.8851686515624999 0.3614417984375 0.8819444437499999 0.35747354531250003 0.8735119046875001 0.3511904765625 0.8695436515624999 0.349867725 0.8645833328125001 0.34722222187499996 0.856894840625 0.3449074078125 0.8457341265625 0.3449074078125 0.8420138890625 0.3458994703125 0.8368055562500001 0.34821428593750003 0.83134920625 0.3515211640625 0.825644840625 0.3578042328125 0.8241567453125 0.360119046875 0.8201884921874999 0.36871693125 0.8194444437499999 0.372354496875 0.818700396875 0.38161375625 0.8199404765624999 0.39417989375 0.8199404765624999 0.40211640156249995 0.8189484125 0.41038359843750005 0.8179563484375001 0.4136904765625 0.8147321421875 0.4203042328125 0.8082837296875001 0.4292328046875 0.8077876984374999 0.43055555625 0.8072916671874999 0.4358465609375 0.8077876984374999 0.43948412656249997 0.809523809375 0.44477513281250003 0.815476190625 0.4480820109375
23 0.7323908734375 0.41600529062499997 0.7301587296875 0.422288359375 0.7279265875 0.42559523749999995 0.7261904765625 0.4298941796875 0.7261904765625 0.43551587343750003 0.728174603125 0.44973545000000004 0.7304067453124999 0.453373015625 0.734375 0.45667989374999995 0.7408234125 0.4613095234375 0.7447916671875 0.4632936515625 0.7480158734375 0.466269840625 0.7547123015625 0.46924603125 0.756200396875 0.46957672031250003 0.7581845234375 0.46858465625 0.7591765875 0.4672619046875 0.762648809375 0.459656084375 0.7666170640625001 0.4540343921875 0.771329365625 0.4507275125 0.7738095234375 0.4480820109375 0.7757936515625 0.446759259375 0.781498015625 0.44444444375 0.7926587296875 0.44146825468750006 0.7951388890625 0.4384920640625 0.797619046875 0.43683862500000004 0.7986111109375 0.43551587343750003 0.8018353171875001 0.43353174531249994 0.8087797625 0.4272486765625 0.8142361109375 0.41997354531250003 0.815228175 0.41798941875000006 0.8172123015625001 0.4130291 0.8191964281249999 0.4044312171875 0.8191964281249999 0.3958333328125 0.8177083328125001 0.3865740734375 0.814980159375 0.37830687812499997 0.8085317453125 0.3677248671875 0.7991071421875 0.3578042328125 0.79637896875 0.35615079375 0.793898809375 0.353835978125 0.7904265875 0.3518518515625 0.784226190625 0.3501984125 0.78125 0.3485449734375 0.7767857140625 0.3478835984375 0.7636408734375 0.3478835984375 0.7576884921875 0.3492063484375 0.7522321421875 0.3511904765625 0.7452876984375 0.3571428578125 0.7433035718750001 0.359457671875 0.7395833328125 0.366402115625 0.7358630953125 0.377976190625 0.735119046875 0.3869047625 0.7358630953125 0.39384920625 0.7358630953125 0.39947089999999996 0.7323908734375 0.41600529062499997
23 0.6512896828125 0.4242724875 0.650545634375 0.43419312187500003 0.650545634375 0.44113756562499995 0.6510416671875 0.44609788437500003 0.6522817453124999 0.4513888890625 0.6540178578125 0.45568783125 0.65625 0.459325396875 0.6582341265625 0.4619709 0.6631944437499999 0.4669312171875 0.669146825 0.4705687828125 0.6701388890625 0.4705687828125 0.671626984375 0.46924603125 0.6768353171875 0.4606481484375 0.6795634921875 0.45734127031250005 0.684771825 0.452711640625 0.68799603125 0.4507275125 0.697420634375 0.44742063437499996 0.708829365625 0.446759259375 0.7110615078125 0.4457671953125 0.7118055562500001 0.44477513281250003 0.7137896828125 0.4391534390625 0.715277778125 0.4371693125 0.721478175 0.4322089953125 0.724950396875 0.428240740625 0.7274305562500001 0.424603175 0.7304067453124999 0.41931216875 0.7328869046875 0.41038359843750005 0.733630953125 0.4047619046875 0.7333829359374999 0.39252645468749997 0.7306547625 0.383597884375 0.7276785718750001 0.3769841265625 0.7239583328125 0.371362434375 0.7170138890625 0.36375661406250004 0.715277778125 0.36276454999999996 0.7120535718750001 0.359457671875 0.7095734125 0.3578042328125 0.70362103125 0.3551587296875 0.700644840625 0.353174603125 0.6917162703125 0.3515211640625 0.68154761875 0.3515211640625 0.6758432546875001 0.352843915625 0.6736111109375 0.353835978125 0.668898809375 0.3571428578125 0.6654265875 0.35846560781250003 0.6626984125 0.3614417984375 0.6545138890625 0.3733465609375 0.6522817453124999 0.378637565625 0.6512896828125 0.3859126984375 0.6512896828125 0.3958333328125 0.652777778125 0.40839947031249996 0.652777778125 0.4166666671875 0.6512896828125 0.4242724875
23 0.4853670640625 0.41898148125 0.48809523749999995 0.424603175 0.49305555625 0.4391534390625 0.497271825 0.46031746093750003 0.4987599203125 0.4639550265625 0.500248015625 0.466269840625 0.5009920640625001 0.4669312171875 0.5022321421875 0.4669312171875 0.50967261875 0.459656084375 0.519097221875 0.4540343921875 0.5245535718750001 0.4520502640625 0.53174603125 0.450396825 0.5386904765625 0.450396825 0.5535714281249999 0.453042328125 0.5558035718750001 0.452711640625 0.5570436515625 0.4513888890625 0.556299603125 0.43088624375 0.55654761875 0.41865079375 0.562251984375 0.40046296249999996 0.5625 0.39748677187500003 0.561755953125 0.3875661375 0.5610119046875 0.3829365078125 0.5580357140625 0.3753306875 0.5550595234375 0.37070105781249996 0.549603175 0.3647486765625 0.546626984375 0.36276454999999996 0.5453869046875 0.3611111109375 0.541170634375 0.35846560781250003 0.5290178578125 0.3551587296875 0.5176091265625 0.3551587296875 0.5136408734375 0.35681216875 0.509920634375 0.3571428578125 0.4952876984375 0.36607142812500004 0.48660714218749995 0.3766534390625 0.48363095312500004 0.3855820109375 0.4831349203125 0.38723545000000004 0.4831349203125 0.390873015625 0.48511904687499996 0.40972222187499996 0.4853670640625 0.41898148125
23 0.403273809375 0.4269179890625 0.406498015625 0.43088624375 0.41046627031250005 0.43683862500000004 0.4117063484375 0.43981481406249995 0.41319444375 0.4517195765625 0.41493055625 0.4606481484375 0.4166666671875 0.4606481484375 0.41815476250000005 0.459656084375 0.4206349203125 0.45899470937500003 0.424851190625 0.45667989374999995 0.42633928593750003 0.45535714218749995 0.4295634921875 0.4540343921875 0.434771825 0.453373015625 0.439980159375 0.4540343921875 0.44196428593750003 0.453373015625 0.4481646828125 0.452711640625 0.45386904687499996 0.453042328125 0.459821428125 0.45502645468749997 0.46825396875 0.459656084375 0.4702380953125 0.4613095234375 0.47222222187499996 0.4609788359375 0.4737103171875 0.459325396875 0.474950396875 0.45370370312499997 0.4764384921875 0.4361772484375 0.47842261875 0.43121693125 0.48040674531249994 0.427910053125 0.4833829359375 0.41832010625000005 0.48387896875 0.4140211640625 0.4833829359375 0.3988095234375 0.4826388890625 0.39351851875 0.48115079375 0.38723545000000004 0.48040674531249994 0.3855820109375 0.4739583328125 0.3766534390625 0.46825396875 0.3703703703125 0.4583333328125 0.365079365625 0.450396825 0.3630952375 0.4384920640625 0.36276454999999996 0.43526785781250005 0.3640873015625 0.430803571875 0.3644179890625 0.42757936562500004 0.365410053125 0.4231150796875 0.36871693125 0.41790674531249994 0.371362434375 0.41021825468750006 0.3796296296875 0.406498015625 0.3859126984375 0.4047619046875 0.389880953125 0.403273809375 0.39417989375 0.40203372968749995 0.3998015875 0.4007936515625 0.4080687828125 0.4010416671875 0.415013228125 0.40203372968749995 0.4232804234375 0.403273809375 0.4269179890625
23 0.3229166671875 0.4457671953125 0.327876984375 0.44940476250000005 0.331101190625 0.45370370312499997 0.3330853171875 0.4583333328125 0.33482142812500004 0.4583333328125 0.341021825 0.45568783125 0.34970238125 0.453373015625 0.365575396875 0.453373015625 0.37599206406249996 0.45701058124999994 0.3789682546875 0.459325396875 0.381200396875 0.46031746093750003 0.38392857187499996 0.46296296249999996 0.3864087296875 0.46428571406249997 0.387896825 0.465939153125 0.3891369046875 0.465939153125 0.38963293593750004 0.46527777812500004 0.390625 0.4619709 0.3921130953125 0.440145503125 0.3923611109375 0.4292328046875 0.3970734125 0.4136904765625 0.3978174609375 0.40674603125 0.3978174609375 0.4014550265625 0.396825396875 0.39517195781250003 0.3945932546875 0.3882275125 0.393105159375 0.384259259375 0.390625 0.38062169375 0.3886408734375 0.3763227515625 0.3854166671875 0.372354496875 0.377976190625 0.36673280468749997 0.3727678578125 0.3640873015625 0.36805555624999997 0.36276454999999996 0.362351190625 0.3617724875 0.3551587296875 0.3617724875 0.3454861109375 0.3634259265625 0.341269840625 0.3647486765625 0.33705357187499996 0.3670634921875 0.33506944375000003 0.36904761875 0.3298611109375 0.372354496875 0.328125 0.375 0.3258928578125 0.3766534390625 0.3226686515625 0.38062169375 0.31845238125 0.3865740734375 0.3162202375 0.3921957671875 0.3137400796875 0.4007936515625 0.3128298609375 0.41115409999999997 0.31299603125000003 0.415674603125 0.3139880953125 0.41997354531250003 0.3209325390625 0.44312169375000005 0.3229166671875 0.4457671953125
23 0.2279265875 0.45105820156250004 0.2321428578125 0.45502645468749997 0.2390873015625 0.45634920625 0.24404761874999997 0.45601851875 0.247023809375 0.4580026453125 0.265625 0.4580026453125 0.275049603125 0.45899470937500003 0.2800099203125 0.46164021093749996 0.28794642812500004 0.4675925921875 0.2919146828125 0.47222222187499996 0.2953869046875 0.47718253906249997 0.29786706406249996 0.47883597812499995 0.2991071421875 0.47883597812499995 0.3023313484375 0.4761904765625 0.3075396828125 0.46891534375 0.309523809375 0.4669312171875 0.3105158734375 0.46494709062500006 0.311755953125 0.4583333328125 0.31200396874999997 0.4543650796875 0.31150793593750004 0.4454365078125 0.30902777812500004 0.4322089953125 0.30902777812500004 0.4249338625 0.3112599203125 0.4136904765625 0.3112599203125 0.3978174609375 0.3082837296875 0.3865740734375 0.3045634921875 0.3799603171875 0.297619046875 0.372354496875 0.2931547625 0.36904761875 0.2894345234375 0.3677248671875 0.286954365625 0.36607142812500004 0.2832341265625 0.365079365625 0.268105159375 0.3644179890625 0.263144840625 0.365079365625 0.25868055624999997 0.366402115625 0.24751984062500001 0.3726851859375 0.24280753906250002 0.3763227515625 0.2366071421875 0.3822751328125 0.2331349203125 0.3869047625 0.22867063437500001 0.39451058125 0.22594246093749998 0.403108465625 0.22470238125000003 0.4117063484375 0.22445436562499999 0.43981481406249995 0.2251984125 0.44609788437500003 0.22619047656250002 0.44874338593749996 0.2279265875 0.45105820156250004
23 0.8035714281249999 0.36044973593749996 0.8053075390625001 0.36276454999999996 0.8082837296875001 0.365410053125 0.809771825 0.36805555624999997 0.812748015625 0.371362434375 0.814980159375 0.375661375 0.8177083328125001 0.3766534390625 0.818700396875 0.3733465609375 0.8196924609374999 0.3670634921875 0.8211805562500001 0.36375661406250004 0.8236607140625001 0.359126984375 0.82762896875 0.3541666671875 0.8303571421875 0.3515211640625 0.8387896828124999 0.346560846875 0.8420138890625 0.3452380953125 0.8484623015625001 0.34424603125000003 0.8546626984374999 0.34424603125000003 0.859126984375 0.34325396874999997 0.861855159375 0.340939153125 0.865575396875 0.3389550265625 0.8700396828124999 0.3356481484375 0.8737599203125 0.33068783125 0.875248015625 0.3296957671875 0.8769841265625 0.327380953125 0.8787202375 0.3234126984375 0.8802083328125001 0.316137565625 0.8804563484375001 0.3075396828125 0.8787202375 0.2986111109375 0.877480159375 0.296296296875 0.87549603125 0.2953042328125 0.8670634921874999 0.2953042328125 0.8539186515624999 0.296626984375 0.8492063484375001 0.296626984375 0.8420138890625 0.29794973593749996 0.8328373015625001 0.29794973593749996 0.8239087296875001 0.2986111109375 0.8139880953124999 0.30026454999999996 0.8112599203125 0.30026454999999996 0.8060515875 0.3015873015625 0.8043154765624999 0.303902115625 0.8040674609374999 0.31679894218750004 0.8033234125 0.32076719531250003 0.8005952375 0.327380953125 0.796130953125 0.33498677187500003 0.794146825 0.3416005296875 0.79365079375 0.3485449734375 0.793898809375 0.3518518515625 0.796875 0.3551587296875 0.8035714281249999 0.36044973593749996
23 0.731398809375 0.37830687812499997 0.7328869046875 0.378637565625 0.7356150796875001 0.3753306875 0.7388392859375 0.366402115625 0.7430555562500001 0.358796296875 0.7455357140625 0.35582010625 0.7512400796875001 0.3515211640625 0.7544642859375 0.349867725 0.7636408734375 0.34722222187499996 0.7757936515625 0.346891534375 0.7795138890625 0.347552909375 0.781994046875 0.346891534375 0.7854662703125 0.3425925921875 0.793898809375 0.3363095234375 0.7991071421875 0.32903439218749997 0.8018353171875001 0.3234126984375 0.8035714281249999 0.3164682546875 0.8035714281249999 0.3128306875 0.803075396875 0.309523809375 0.8018353171875001 0.3072089953125 0.7986111109375 0.3048941796875 0.7914186515625 0.30621693125 0.78174603125 0.30555555624999997 0.775545634375 0.30588624375 0.7728174609375 0.30654761875 0.747271825 0.30654761875 0.73759920625 0.3075396828125 0.731894840625 0.3075396828125 0.728174603125 0.30820105781249996 0.7266865078125 0.309854496875 0.7264384921875 0.3108465609375 0.7256944437499999 0.321097884375 0.7239583328125 0.325396825 0.722222221875 0.33267195781250003 0.718998015625 0.3416005296875 0.718501984375 0.3449074078125 0.71829613125 0.3540013234375 0.71825396875 0.3614417984375 0.71875 0.3624338625 0.7289186515625 0.37599206406249996 0.731398809375 0.37830687812499997
23 0.6428571421875 0.3422619046875 0.6391369046875 0.3508597890625 0.6396329359374999 0.362103175 0.6418650796875001 0.36805555624999997 0.643353175 0.37070105781249996 0.6498015875 0.37830687812499997 0.6507936515625 0.37830687812499997 0.652777778125 0.37599206406249996 0.656994046875 0.3673941796875 0.65947420625 0.3647486765625 0.6634424609375 0.359126984375 0.6676587296875 0.35582010625 0.6731150796875001 0.353174603125 0.6810515875 0.3511904765625 0.6894841265625 0.3508597890625 0.6939484125 0.3511904765625 0.6976686515625 0.3521825390625 0.7011408734375 0.3515211640625 0.703373015625 0.3455687828125 0.7048611109375 0.34358465625 0.7110615078125 0.3382936515625 0.715277778125 0.33267195781250003 0.7175099203124999 0.328373015625 0.7197420640625001 0.32076719531250003 0.7202380953125 0.3101851859375 0.719494046875 0.30919312187500003 0.718501984375 0.308862434375 0.7073412703125 0.308862434375 0.6991567453124999 0.309854496875 0.688244046875 0.309523809375 0.675347221875 0.3101851859375 0.66865079375 0.3111772484375 0.6547619046875 0.31150793593750004 0.650545634375 0.3121693125 0.6460813484375 0.3121693125 0.6445932546875001 0.313161375 0.64384920625 0.3141534390625 0.643601190625 0.315476190625 0.6445932546875001 0.3244047625 0.6448412703125 0.33134920625 0.643353175 0.3366402109375 0.6428571421875 0.3422619046875
23 0.5667162703125 0.3386243390625 0.565972221875 0.365740740625 0.5664682546875001 0.3677248671875 0.568204365625 0.3710317453125 0.5714285718750001 0.3746693125 0.5726686515625 0.3746693125 0.575396825 0.372354496875 0.580853175 0.36607142812500004 0.5863095234375 0.36276454999999996 0.5897817453124999 0.35978835937500003 0.594494046875 0.3578042328125 0.599454365625 0.35648148125 0.60615079375 0.35582010625 0.6138392859375 0.35648148125 0.619295634375 0.3581349203125 0.622519840625 0.3578042328125 0.6232638890625 0.35681216875 0.625 0.3521825390625 0.6264880953125 0.3455687828125 0.628472221875 0.3416005296875 0.6321924609375 0.3373015875 0.6351686515625 0.3323412703125 0.6391369046875 0.321097884375 0.6393849203124999 0.315476190625 0.6383928578125 0.3138227515625 0.634424603125 0.313161375 0.627728175 0.3138227515625 0.6205357140625 0.3138227515625 0.6076388890625 0.315476190625 0.6021825390625 0.315145503125 0.596726190625 0.316137565625 0.57490079375 0.3174603171875 0.5679563484375 0.31845238125 0.5662202375 0.31944444375000003 0.56572420625 0.32076719531250003 0.56572420625 0.3230820109375 0.5667162703125 0.3303571421875 0.5667162703125 0.3386243390625
23 0.7363591265625 0.6964285718750001 0.7393353171875 0.7000661375 0.7430555562500001 0.703373015625 0.7460317453124999 0.7050264546875 0.7477678578125 0.7073412703125 0.7487599203124999 0.7076719578125 0.750248015625 0.7070105812499999 0.7564484125 0.7070105812499999 0.7666170640625001 0.7053571421875 0.7723214281249999 0.7050264546875 0.77529761875 0.7040343921875001 0.778273809375 0.7020502640624999 0.7797619046875 0.69973545 0.78125 0.6957671953125 0.7829861109375 0.6944444437499999 0.7867063484375 0.69345238125 0.794146825 0.6822089953125 0.797123015625 0.674603175 0.7981150796875001 0.66832010625 0.7983630953125 0.6630290999999999 0.7978670640625001 0.658730159375 0.79737103125 0.6574074078125001 0.7956349203124999 0.65608465625 0.7931547625 0.65608465625 0.7859623015625 0.6570767203125001 0.78125 0.6583994703125 0.750744046875 0.6613756609375 0.7435515875 0.6630290999999999 0.74032738125 0.6626984125 0.7366071421875 0.6646825390625 0.7353670640625001 0.6673280421875 0.734623015625 0.674603175 0.7323908734375 0.6851851859375 0.7331349203124999 0.690806878125 0.7363591265625 0.6964285718750001
23 0.6832837296875 0.7116402109375 0.6894841265625 0.7149470906250001 0.69717261875 0.7149470906250001 0.69990079375 0.7142857140625 0.703869046875 0.712632275 0.705853175 0.7096560843749999 0.709325396875 0.7073412703125 0.7137896828125 0.703042328125 0.7227182546875001 0.6980820109375 0.72470238125 0.6964285718750001 0.7276785718750001 0.6924603171875 0.7299107140625 0.6891534390625 0.7328869046875 0.68121693125 0.734126984375 0.6729497359375001 0.734126984375 0.6676587296875 0.7331349203124999 0.665674603125 0.730902778125 0.6653439156250001 0.728670634375 0.666005290625 0.72470238125 0.666005290625 0.7204861109375 0.6669973546875 0.7165178578125 0.6669973546875 0.7123015875 0.6679894187500001 0.7075892859375 0.66832010625 0.6927083328125 0.671626984375 0.68154761875 0.671957671875 0.67782738125 0.6729497359375001 0.6733630953125 0.6759259265625001 0.672123015625 0.6762566140625 0.6703869046875 0.677910053125 0.669146825 0.6858465609375 0.668402778125 0.6944444437499999 0.66865079375 0.6960978843750001 0.677579365625 0.70667989375 0.6832837296875 0.7116402109375
23 0.6140873015625 0.7139550265625 0.6183035718750001 0.7175925921874999 0.6227678578125 0.7202380953125 0.6299603171875 0.7228835984375 0.6354166671875 0.7228835984375 0.6391369046875 0.721560846875 0.641369046875 0.7199074078125001 0.6495535718750001 0.7113095234375 0.65575396875 0.7073412703125 0.6602182546875001 0.703373015625 0.6644345234375 0.6977513234375 0.6676587296875 0.6891534390625 0.668898809375 0.6835317453124999 0.669146825 0.677910053125 0.6681547625 0.6755952375 0.6654265875 0.6749338625 0.65302579375 0.6769179890625 0.64384920625 0.677579365625 0.627976190625 0.6808862437500001 0.6195436515625 0.68187830625 0.615575396875 0.6828703703125 0.60987103125 0.6828703703125 0.6081349203124999 0.6835317453124999 0.6071428578125 0.684854496875 0.6071428578125 0.69378306875 0.609623015625 0.70568783125 0.612103175 0.7116402109375 0.6140873015625 0.7139550265625
23 0.547123015625 0.70667989375 0.5486111109375 0.7106481484375 0.5513392859375 0.715277778125 0.553075396875 0.7199074078125001 0.5553075390625 0.7238756609375 0.5577876984375 0.7268518515625 0.55927579375 0.7278439156250001 0.565476190625 0.7301587296875 0.5699404765625 0.73115079375 0.5761408734375 0.73115079375 0.5801091265625 0.7294973546875 0.59052579375 0.7139550265625 0.596230159375 0.708994709375 0.5984623015625 0.70601851875 0.6009424609375 0.7020502640624999 0.6049107140625 0.69345238125 0.6056547625 0.690145503125 0.6056547625 0.6851851859375 0.6049107140625 0.684193121875 0.603174603125 0.6835317453124999 0.5989583328125 0.6835317453124999 0.5669642859375 0.6865079359374999 0.5610119046875 0.6875 0.5572916671875 0.6888227515625001 0.5553075390625 0.6888227515625001 0.5538194437499999 0.688161375 0.553075396875 0.6875 0.5523313484375 0.6855158734375 0.5513392859375 0.67526455 0.5491071421875 0.6633597890625 0.5483630953125 0.662367725 0.54737103125 0.662367725 0.5451388890625 0.6626984125 0.543402778125 0.6640211640625 0.543402778125 0.6798941796875 0.5451388890625 0.6894841265625 0.547123015625 0.6957671953125 0.547123015625 0.70667989375
23 0.42881944375 0.7000661375 0.43353174531249994 0.708994709375 0.4357638890625 0.7119709000000001 0.43948412656249997 0.715939153125 0.4454365078125 0.7199074078125001 0.4476686515625 0.722222221875 0.4548611109375 0.721891534375 0.4605654765625 0.7205687828125 0.4637896828125 0.716269840625 0.4670138890625 0.7136243390625 0.4702380953125 0.7099867718749999 0.47247023749999995 0.70568783125 0.47470238125 0.69973545 0.48015872968749995 0.6894841265625 0.4831349203125 0.6808862437500001 0.4831349203125 0.6772486765625 0.48214285781250005 0.67526455 0.47718253906249997 0.6755952375 0.475446428125 0.6762566140625 0.4704861109375 0.6765873015625 0.462549603125 0.678240740625 0.455853175 0.6789021156249999 0.4543650796875 0.6795634921875 0.4476686515625 0.6802248671875 0.4325396828125 0.6835317453124999 0.42633928593750003 0.684193121875 0.42261904687499996 0.6855158734375 0.42261904687499996 0.690806878125 0.42410714218749995 0.6924603171875 0.4270833328125 0.6980820109375 0.42881944375 0.7000661375
23 0.36607142812500004 0.7136243390625 0.3675595234375 0.7169312171875 0.37152777812500004 0.7235449734375 0.3735119046875 0.7255290999999999 0.37847222187499996 0.7278439156250001 0.3814484125 0.7304894187500001 0.3841765875 0.73181216875 0.3854166671875 0.73181216875 0.3883928578125 0.73082010625 0.393353175 0.7301587296875 0.39657738125 0.728835978125 0.3990575390625 0.724867725 0.40228174531249994 0.722222221875 0.4072420640625 0.7166005296875 0.41220238125 0.70568783125 0.412450396875 0.6994047625 0.4144345234375 0.6914682546875001 0.4144345234375 0.6884920640625001 0.4139384921875 0.6871693125 0.4126984125 0.6861772484374999 0.41071428593750003 0.6861772484374999 0.4045138890625 0.6878306875 0.393353175 0.6891534390625 0.3886408734375 0.690476190625 0.38467261875 0.690806878125 0.3665674609375 0.6951058203125 0.35887896874999997 0.6957671953125 0.356398809375 0.6964285718750001 0.3554067453125 0.697089946875 0.35491071406249997 0.6980820109375 0.3546626984375 0.700396825 0.35615079375 0.703373015625 0.3613591265625 0.7073412703125 0.36607142812500004 0.7136243390625
23 0.35044642812500004 0.7008928578125 0.349082340625 0.6977513234375 0.3007192453125 0.7050264546875 0.2942708328125 0.7053571421875 0.2905505953125 0.700396825 0.28794642812500004 0.7018849203124999 0.28720238125 0.70651455 0.2889384921875 0.7111441796875 0.2999751984375 0.7258597890625 0.3069196421875 0.728174603125 0.314112103125 0.735119046875 0.3255208328125 0.7394179890625 0.3298611109375 0.7395833328125 0.333209325 0.7380952375 0.3454861109375 0.7227182546875001 0.3479662703125 0.7164351859375 0.35044642812500004 0.7008928578125
